LAT,LONG,NUM_CASES
40.3,-79.65,1
40.3,-79.65,1
40.3,-79.65,1
40.3,-79.65,1
40.3,-79.65,1
40.3,-79.65,1
40.3,-79.65,1
40.3,-79.65,1
40.3,-79.65,1
40.3,-79.65,1
40.3,-79.65,1
40.3,-79.65,1
40.3,-79.65,1
40.3,-79.65,1
40.3,-79.65,1
40.3,-79.65,1
40.3,-79.65,1
40.3,-79.65,1
40.3,-79.65,1
40.3,-79.65,1
40.3,-79.65,1
40.3,-79.65,1
40.3,-79.65,1
40.3,-79.65,1
40.3,-79.65,1
40.3,-79.65,1
40.3,-79.65,1
40.3,-79.65,1
40.3,-79.65,1
40.3,-79.65,1
40.3,-79.65,1
40.3,-79.65,1
40.3,-79.65,1
40.3,-79.65,1
40.3,-79.65,1
40.3,-79.65,1
40.3,-79.65,1
40.3,-79.65,1
40.3,-79.65,1
40.3,-79.65,1
40.3,-79.65,1
40.3,-79.65,1
40.3,-79.65,1
40.3,-79.65,1
40.3,-79.65,1
40.3,-79.65,1
40.3,-79.65,1
40.3,-79.65,1
40.3,-79.65,1
40.3,-79.65,1
40.3,-79.65,1
40.3,-79.65,1
40.3,-79.65,1
40.3,-79.65,1
40.3,-79.65,1
40.3,-79.65,1
40.3,-79.65,1
40.3,-79.65,1
40.3,-79.65,1
40.3,-79.65,1
40.3,-79.65,1
40.3,-79.65,1
40.3,-79.65,1
40.3,-79.65,1
40.3,-79.65,1
40.3,-79.65,1
40.3,-79.65,1
40.3,-79.65,1
40.3,-79.65,1
40.3,-79.65,1
40.3,-79.65,1
40.3,-79.65,1
40.3,-79.65,1
40.3,-79.65,1
40.3,-79.65,1
40.3,-79.65,1
40.3,-79.65,1
40.3,-79.65,1
40.3,-79.65,1
40.3,-79.65,1
40.3,-79.65,1
40.3,-79.65,1
40.3,-79.65,1
40.3,-79.65,1
40.3,-79.65,1
40.3,-79.65,1
40.3,-79.65,1
40.3,-79.65,1
40.3,-79.65,1
40.3,-79.65,1
40.3,-79.65,1
40.3,-79.65,1
40.3,-79.65,1
40.3,-79.65,1
40.3,-79.65,1
40.3,-79.65,1
40.3,-79.65,1
40.3,-79.65,1
40.3,-79.65,1
40.3,-79.65,1
40.3,-79.65,1
40.3,-79.65,1
40.3,-79.65,1
40.3,-79.65,1
40.3,-79.65,1
40.3,-79.65,1
40.3,-79.65,1
40.3,-79.65,1
40.3,-79.65,1
40.3,-79.65,1
40.3,-79.65,1
40.3,-79.65,1
40.3,-79.65,1
40.3,-79.65,1
40.3,-79.65,1
40.3,-79.65,1
40.3,-79.65,1
40.3,-79.65,1
40.3,-79.65,1
40.3,-79.65,1
40.3,-79.65,1
40.3,-79.65,1
40.3,-79.65,1
40.3,-79.65,1
40.3,-79.65,1
40.3,-79.65,1
40.3,-79.65,1
40.3,-79.65,1
40.3,-79.65,1
40.3,-79.65,1
40.3,-79.65,1
40.3,-79.65,1
40.3,-79.65,1
40.3,-79.65,1
40.3,-79.65,1
40.3,-79.65,1
40.3,-79.65,1
40.3,-79.65,1
40.3,-79.65,1
40.3,-79.65,1
40.3,-79.65,1
40.3,-79.65,1
40.3,-79.65,1
40.3,-79.65,1
40.3,-79.65,1
40.3,-79.65,1
40.3,-79.65,1
40.3,-79.65,1
40.3,-79.65,1
40.3,-79.65,1
40.3,-79.65,1
40.3,-79.65,1
40.3,-79.65,1
40.3,-79.65,1
40.3,-79.65,1
40.3,-79.65,1
40.3,-79.65,1
40.3,-79.65,1
40.3,-79.65,1
40.3,-79.65,1
40.3,-79.65,1
40.3,-79.65,1
40.3,-79.65,1
40.3,-79.65,1
40.3,-79.65,1
40.3,-79.65,1
40.3,-79.65,1
40.3,-79.65,1
40.3,-79.65,1
40.3,-79.65,1
40.3,-79.65,1
40.3,-79.65,1
40.3,-79.65,1
40.3,-79.65,1
40.3,-79.65,1
40.3,-79.65,1
40.3,-79.65,1
40.3,-79.65,1
40.3,-79.65,1
40.3,-79.65,1
40.3,-79.65,1
40.3,-79.65,1
40.3,-79.65,1
40.3,-79.65,1
40.3,-79.65,1
40.3,-79.65,1
40.3,-79.65,1
40.3,-79.65,1
40.3,-79.65,1
40.3,-79.65,1
40.3,-79.65,1
40.3,-79.65,1
40.3,-79.65,1
40.3,-79.65,1
40.3,-79.65,1
40.3,-79.65,1
40.3,-79.65,1
39.87,-75.43,1
39.87,-75.43,1
39.87,-75.43,1
39.87,-75.43,1
39.87,-75.43,1
39.87,-75.43,1
39.87,-75.43,1
39.87,-75.43,1
39.87,-75.43,1
39.87,-75.43,1
39.87,-75.43,1
39.87,-75.43,1
39.87,-75.43,1
39.87,-75.43,1
39.87,-75.43,1
39.87,-75.43,1
39.87,-75.43,1
39.87,-75.43,1
39.87,-75.43,1
39.87,-75.43,1
39.87,-75.43,1
39.87,-75.43,1
39.87,-75.43,1
39.87,-75.43,1
39.87,-75.43,1
39.87,-75.43,1
39.87,-75.43,1
39.87,-75.43,1
39.87,-75.43,1
39.87,-75.43,1
39.87,-75.43,1
39.87,-75.43,1
39.87,-75.43,1
39.87,-75.43,1
39.87,-75.43,1
39.87,-75.43,1
39.87,-75.43,1
39.87,-75.43,1
39.87,-75.43,1
39.87,-75.43,1
39.87,-75.43,1
39.87,-75.43,1
39.87,-75.43,1
39.87,-75.43,1
39.87,-75.43,1
39.87,-75.43,1
39.87,-75.43,1
39.87,-75.43,1
39.87,-75.43,1
39.87,-75.43,1
39.87,-75.43,1
39.87,-75.43,1
39.87,-75.43,1
39.87,-75.43,1
39.87,-75.43,1
39.87,-75.43,1
39.87,-75.43,1
39.87,-75.43,1
40.68,-80.37,1
40.68,-80.37,1
40.68,-80.37,1
40.68,-80.37,1
40.68,-80.37,1
40.68,-80.37,1
40.68,-80.37,1
40.68,-80.37,1
40.68,-80.37,1
40.68,-80.37,1
40.68,-80.37,1
40.68,-80.37,1
40.68,-80.37,1
40.68,-80.37,1
40.68,-80.37,1
40.68,-80.37,1
40.68,-80.37,1
40.68,-80.37,1
40.68,-80.37,1
40.68,-80.37,1
40.68,-80.37,1
40.68,-80.37,1
40.68,-80.37,1
40.68,-80.37,1
40.68,-80.37,1
40.68,-80.37,1
40.68,-80.37,1
40.68,-80.37,1
40.68,-80.37,1
40.68,-80.37,1
40.68,-80.37,1
40.68,-80.37,1
40.68,-80.37,1
40.68,-80.37,1
40.68,-80.37,1
40.68,-80.37,1
40.68,-80.37,1
40.68,-80.37,1
40.68,-80.37,1
40.68,-80.37,1
40.68,-80.37,1
40.68,-80.37,1
40.68,-80.37,1
40.68,-80.37,1
40.68,-80.37,1
40.68,-80.37,1
40.68,-80.37,1
40.68,-80.37,1
40.68,-80.37,1
40.68,-80.37,1
40.68,-80.37,1
40.68,-80.37,1
40.68,-80.37,1
40.68,-80.37,1
40.68,-80.37,1
40.68,-80.37,1
40.68,-80.37,1
40.68,-80.37,1
40.68,-80.37,1
40.68,-80.37,1
40.68,-80.37,1
40.68,-80.37,1
40.68,-80.37,1
40.68,-80.37,1
40.68,-80.37,1
40.68,-80.37,1
40.68,-80.37,1
40.68,-80.37,1
40.68,-80.37,1
40.68,-80.37,1
40.68,-80.37,1
40.68,-80.37,1
40.68,-80.37,1
40.68,-80.37,1
40.68,-80.37,1
40.68,-80.37,1
40.68,-80.37,1
40.68,-80.37,1
40.68,-80.37,1
40.68,-80.37,1
40.68,-80.37,1
40.68,-80.37,1
40.68,-80.37,1
40.68,-80.37,1
40.68,-80.37,1
40.68,-80.37,1
40.68,-80.37,1
40.68,-80.37,1
40.68,-80.37,1
40.68,-80.37,1
40.68,-80.37,1
40.68,-80.37,1
40.68,-80.37,1
40.68,-80.37,1
40.68,-80.37,1
40.68,-80.37,1
40.68,-80.37,1
40.68,-80.37,1
40.68,-80.37,1
40.68,-80.37,1
40.68,-80.37,1
40.68,-80.37,1
40.68,-80.37,1
40.68,-80.37,1
40.68,-80.37,1
40.68,-80.37,1
40.68,-80.37,1
40.68,-80.37,1
40.68,-80.37,1
40.68,-80.37,1
40.68,-80.37,1
40.68,-80.37,1
40.68,-80.37,1
40.68,-80.37,1
40.68,-80.37,1
40.68,-80.37,1
40.68,-80.37,1
40.68,-80.37,1
40.68,-80.37,1
40.68,-80.37,1
40.68,-80.37,1
40.68,-80.37,1
40.68,-80.37,1
40.68,-80.37,1
40.68,-80.37,1
40.68,-80.37,1
40.68,-80.37,1
40.68,-80.37,1
40.68,-80.37,1
40.68,-80.37,1
40.68,-80.37,1
40.68,-80.37,1
40.68,-80.37,1
40.68,-80.37,1
40.68,-80.37,1
40.68,-80.37,1
40.68,-80.37,1
40.68,-80.37,1
40.68,-80.37,1
40.68,-80.37,1
40.68,-80.37,1
40.68,-80.37,1
40.68,-80.37,1
40.68,-80.37,1
40.68,-80.37,1
40.68,-80.37,1
40.68,-80.37,1
40.68,-80.37,1
40.68,-80.37,1
40.68,-80.37,1
40.68,-80.37,1
40.68,-80.37,1
40.68,-80.37,1
40.68,-80.37,1
40.68,-80.37,1
40.68,-80.37,1
40.68,-80.37,1
40.68,-80.37,1
40.68,-80.37,1
40.68,-80.37,1
40.68,-80.37,1
40.68,-80.37,1
40.68,-80.37,1
40.68,-80.37,1
40.68,-80.37,1
40.68,-80.37,1
40.68,-80.37,1
40.68,-80.37,1
40.68,-80.37,1
40.68,-80.37,1
40.68,-80.37,1
40.68,-80.37,1
40.68,-80.37,1
40.68,-80.37,1
40.68,-80.37,1
40.68,-80.37,1
40.68,-80.37,1
40.68,-80.37,1
40.68,-80.37,1
40.68,-80.37,1
40.68,-80.37,1
40.68,-80.37,1
40.68,-80.37,1
40.68,-80.37,1
40.68,-80.37,1
40.68,-80.37,1
40.68,-80.37,1
40.68,-80.37,1
40.68,-80.37,1
40.68,-80.37,1
40.68,-80.37,1
40.68,-80.37,1
40.68,-80.37,1
40.68,-80.37,1
40.68,-80.37,1
40.68,-80.37,1
40.68,-80.37,1
40.68,-80.37,1
40.68,-80.37,1
40.68,-80.37,1
40.68,-80.37,1
40.68,-80.37,1
40.68,-80.37,1
40.68,-80.37,1
40.68,-80.37,1
40.68,-80.37,1
40.68,-80.37,1
40.68,-80.37,1
40.68,-80.37,1
40.68,-80.37,1
40.68,-80.37,1
40.68,-80.37,1
40.68,-80.37,1
40.68,-80.37,1
40.68,-80.37,1
40.68,-80.37,1
40.68,-80.37,1
40.68,-80.37,1
40.68,-80.37,1
40.68,-80.37,1
40.68,-80.37,1
40.68,-80.37,1
40.68,-80.37,1
40.68,-80.37,1
40.68,-80.37,1
40.68,-80.37,1
40.68,-80.37,1
40.68,-80.37,1
40.68,-80.37,1
40.68,-80.37,1
40.68,-80.37,1
40.68,-80.37,1
40.68,-80.37,1
40.68,-80.37,1
40.68,-80.37,1
40.68,-80.37,1
40.68,-80.37,1
40.68,-80.37,1
40.68,-80.37,1
40.68,-80.37,1
40.68,-80.37,1
40.68,-80.37,1
40.68,-80.37,1
40.68,-80.37,1
40.68,-80.37,1
40.68,-80.37,1
40.68,-80.37,1
40.68,-80.37,1
40.68,-80.37,1
40.68,-80.37,1
40.68,-80.37,1
40.68,-80.37,1
40.68,-80.37,1
40.68,-80.37,1
40.68,-80.37,1
40.68,-80.37,1
40.68,-80.37,1
40.68,-80.37,1
40.68,-80.37,1
40.68,-80.37,1
40.68,-80.37,1
40.68,-80.37,1
40.68,-80.37,1
40.68,-80.37,1
40.68,-80.37,1
40.68,-80.37,1
40.68,-80.37,1
40.68,-80.37,1
40.68,-80.37,1
40.68,-80.37,1
40.68,-80.37,1
40.68,-80.37,1
40.68,-80.37,1
40.68,-80.37,1
40.68,-80.37,1
40.68,-80.37,1
40.68,-80.37,1
40.68,-80.37,1
40.68,-80.37,1
40.68,-80.37,1
40.68,-80.37,1
40.68,-80.37,1
40.68,-80.37,1
40.68,-80.37,1
40.68,-80.37,1
40.68,-80.37,1
40.68,-80.37,1
40.68,-80.37,1
40.68,-80.37,1
40.68,-80.37,1
40.68,-80.37,1
40.68,-80.37,1
40.68,-80.37,1
40.68,-80.37,1
40.68,-80.37,1
40.68,-80.37,1
40.68,-80.37,1
40.68,-80.37,1
40.68,-80.37,1
40.68,-80.37,1
40.68,-80.37,1
40.68,-80.37,1
40.68,-80.37,1
40.68,-80.37,1
40.68,-80.37,1
40.68,-80.37,1
40.68,-80.37,1
40.68,-80.37,1
40.68,-80.37,1
40.68,-80.37,1
40.68,-80.37,1
40.68,-80.37,1
40.68,-80.37,1
40.68,-80.37,1
40.68,-80.37,1
40.68,-80.37,1
40.68,-80.37,1
40.68,-80.37,1
40.68,-80.37,1
40.68,-80.37,1
40.68,-80.37,1
40.68,-80.37,1
40.68,-80.37,1
40.68,-80.37,1
40.68,-80.37,1
40.68,-80.37,1
40.68,-80.37,1
40.68,-80.37,1
40.68,-80.37,1
40.68,-80.37,1
40.68,-80.37,1
40.68,-80.37,1
40.68,-80.37,1
40.68,-80.37,1
40.68,-80.37,1
40.68,-80.37,1
40.68,-80.37,1
40.68,-80.37,1
40.68,-80.37,1
40.68,-80.37,1
40.68,-80.37,1
40.68,-80.37,1
40.68,-80.37,1
40.68,-80.37,1
40.68,-80.37,1
40.68,-80.37,1
40.68,-80.37,1
40.68,-80.37,1
40.68,-80.37,1
40.68,-80.37,1
40.68,-80.37,1
40.68,-80.37,1
40.68,-80.37,1
40.68,-80.37,1
40.68,-80.37,1
40.68,-80.37,1
40.68,-80.37,1
40.68,-80.37,1
40.68,-80.37,1
40.68,-80.37,1
40.68,-80.37,1
40.68,-80.37,1
40.68,-80.37,1
40.68,-80.37,1
40.68,-80.37,1
40.68,-80.37,1
40.68,-80.37,1
40.68,-80.37,1
40.68,-80.37,1
40.68,-80.37,1
40.68,-80.37,1
40.68,-80.37,1
40.68,-80.37,1
40.68,-80.37,1
40.68,-80.37,1
40.68,-80.37,1
40.68,-80.37,1
40.68,-80.37,1
40.68,-80.37,1
40.68,-80.37,1
40.68,-80.37,1
40.68,-80.37,1
40.68,-80.37,1
40.68,-80.37,1
40.68,-80.37,1
40.68,-80.37,1
40.68,-80.37,1
40.68,-80.37,1
40.68,-80.37,1
40.68,-80.37,1
40.68,-80.37,1
40.68,-80.37,1
40.68,-80.37,1
40.68,-80.37,1
40.68,-80.37,1
40.68,-80.37,1
40.68,-80.37,1
40.68,-80.37,1
40.68,-80.37,1
40.68,-80.37,1
40.68,-80.37,1
40.68,-80.37,1
40.68,-80.37,1
40.68,-80.37,1
40.68,-80.37,1
40.68,-80.37,1
40.68,-80.37,1
40.68,-80.37,1
40.68,-80.37,1
40.68,-80.37,1
40.68,-80.37,1
40.68,-80.37,1
40.68,-80.37,1
40.68,-80.37,1
40.68,-80.37,1
40.68,-80.37,1
40.68,-80.37,1
40.68,-80.37,1
40.68,-80.37,1
40.68,-80.37,1
40.68,-80.37,1
40.68,-80.37,1
40.68,-80.37,1
40.68,-80.37,1
40.68,-80.37,1
40.68,-80.37,1
40.68,-80.37,1
40.68,-80.37,1
40.68,-80.37,1
40.68,-80.37,1
40.68,-80.37,1
40.68,-80.37,1
40.68,-80.37,1
40.68,-80.37,1
40.68,-80.37,1
40.68,-80.37,1
40.68,-80.37,1
40.68,-80.37,1
40.68,-80.37,1
40.68,-80.37,1
40.68,-80.37,1
40.68,-80.37,1
40.68,-80.37,1
40.68,-80.37,1
40.68,-80.37,1
40.68,-80.37,1
40.68,-80.37,1
40.68,-80.37,1
40.68,-80.37,1
40.68,-80.37,1
40.68,-80.37,1
40.68,-80.37,1
40.68,-80.37,1
40.68,-80.37,1
40.68,-80.37,1
40.68,-80.37,1
40.68,-80.37,1
40.68,-80.37,1
40.68,-80.37,1
40.68,-80.37,1
40.68,-80.37,1
40.68,-80.37,1
40.68,-80.37,1
40.68,-80.37,1
40.68,-80.37,1
40.68,-80.37,1
40.68,-80.37,1
40.68,-80.37,1
40.68,-80.37,1
40.68,-80.37,1
40.68,-80.37,1
40.68,-80.37,1
40.68,-80.37,1
40.68,-80.37,1
40.68,-80.37,1
40.68,-80.37,1
40.68,-80.37,1
40.68,-80.37,1
40.68,-80.37,1
40.68,-80.37,1
40.68,-80.37,1
40.68,-80.37,1
40.68,-80.37,1
40.68,-80.37,1
40.68,-80.37,1
40.68,-80.37,1
40.68,-80.37,1
40.68,-80.37,1
40.68,-80.37,1
40.68,-80.37,1
40.68,-80.37,1
40.68,-80.37,1
40.68,-80.37,1
40.68,-80.37,1
40.68,-80.37,1
40.68,-80.37,1
40.68,-80.37,1
40.68,-80.37,1
40.68,-80.37,1
40.68,-80.37,1
40.68,-80.37,1
40.68,-80.37,1
40.68,-80.37,1
40.68,-80.37,1
40.68,-80.37,1
40.68,-80.37,1
40.68,-80.37,1
40.68,-80.37,1
40.68,-80.37,1
40.68,-80.37,1
40.68,-80.37,1
40.68,-80.37,1
40.68,-80.37,1
40.68,-80.37,1
40.68,-80.37,1
40.68,-80.37,1
40.68,-80.37,1
40.68,-80.37,1
40.68,-80.37,1
40.68,-80.37,1
40.68,-80.37,1
40.68,-80.37,1
40.68,-80.37,1
40.68,-80.37,1
40.68,-80.37,1
40.68,-80.37,1
40.68,-80.37,1
40.68,-80.37,1
40.68,-80.37,1
40.68,-80.37,1
40.68,-80.37,1
40.68,-80.37,1
40.68,-80.37,1
40.68,-80.37,1
40.68,-80.37,1
40.68,-80.37,1
40.68,-80.37,1
40.68,-80.37,1
40.68,-80.37,1
39.9,-78.6,1
39.9,-78.6,1
39.9,-78.6,1
39.9,-78.6,1
39.9,-78.6,1
39.9,-78.6,1
39.9,-78.6,1
39.9,-78.6,1
39.9,-78.6,1
39.9,-78.6,1
39.9,-78.6,1
39.9,-78.6,1
39.9,-78.6,1
39.9,-78.6,1
39.9,-78.6,1
39.9,-78.6,1
39.9,-78.6,1
39.9,-78.6,1
39.9,-78.6,1
39.9,-78.6,1
39.9,-78.6,1
39.9,-78.6,1
39.9,-78.6,1
39.9,-78.6,1
39.9,-78.6,1
39.9,-78.6,1
39.9,-78.6,1
39.9,-78.6,1
39.9,-78.6,1
39.9,-78.6,1
39.9,-78.6,1
39.9,-78.6,1
40.2,-77.8,1
40.2,-77.8,1
40.2,-77.8,1
40.2,-77.8,1
40.2,-77.8,1
40.2,-77.8,1
40.2,-77.8,1
40.2,-77.8,1
40.2,-77.8,1
40.2,-77.8,1
40.2,-77.8,1
40.2,-77.8,1
40.2,-77.8,1
40.2,-77.8,1
40.2,-77.8,1
40.2,-77.8,1
40.2,-77.8,1
40.2,-77.8,1
40.2,-77.8,1
40.2,-77.8,1
40.2,-77.8,1
40.2,-77.8,1
40.2,-77.8,1
40.2,-77.8,1
40.2,-77.8,1
40.2,-77.8,1
40.2,-77.8,1
40.2,-77.8,1
40.2,-77.8,1
40.2,-77.8,1
40.2,-77.8,1
40.2,-77.8,1
40.2,-77.8,1
40.2,-77.8,1
40.2,-77.8,1
40.2,-77.8,1
40.2,-77.8,1
40.2,-77.8,1
40.2,-77.8,1
41.9,-78.7,1
41.9,-78.7,1
41.9,-78.7,1
41.9,-78.7,1
41.9,-78.7,1
41.9,-78.7,1
41.9,-78.7,1
41.9,-78.7,1
41.9,-78.7,1
41.9,-78.7,1
41.9,-78.7,1
41.9,-78.7,1
41.9,-78.7,1
41.9,-78.7,1
41.9,-78.7,1
41.9,-78.7,1
41.9,-78.7,1
41.9,-78.7,1
41.9,-78.7,1
41.9,-78.7,1
41.9,-78.7,1
41.9,-78.7,1
41.9,-78.7,1
41.9,-78.7,1
41.9,-78.7,1
41.9,-78.7,1
41.9,-78.7,1
41.9,-78.7,1
41.9,-78.7,1
41.9,-78.7,1
41.9,-78.7,1
41.9,-78.7,1
41.9,-78.7,1
41.9,-78.7,1
41.9,-78.7,1
41.9,-78.7,1
41.9,-78.7,1
41.9,-78.7,1
41.9,-78.7,1
41.9,-78.7,1
41.9,-78.7,1
40.71,-76.69,1
40.71,-76.69,1
40.71,-76.69,1
40.71,-76.69,1
40.71,-76.69,1
40.71,-76.69,1
40.71,-76.69,1
40.71,-76.69,1
40.71,-76.69,1
40.71,-76.69,1
40.71,-76.69,1
40.71,-76.69,1
40.71,-76.69,1
40.71,-76.69,1
40.71,-76.69,1
40.71,-76.69,1
40.71,-76.69,1
40.71,-76.69,1
40.71,-76.69,1
40.71,-76.69,1
40.71,-76.69,1
40.71,-76.69,1
40.71,-76.69,1
40.71,-76.69,1
40.71,-76.69,1
40.71,-76.69,1
40.71,-76.69,1
40.71,-76.69,1
40.71,-76.69,1
40.71,-76.69,1
40.71,-76.69,1
40.71,-76.69,1
40.71,-76.69,1
40.71,-76.69,1
40.71,-76.69,1
40.71,-76.69,1
40.71,-76.69,1
40.71,-76.69,1
40.71,-76.69,1
40.71,-76.69,1
40.71,-76.69,1
40.71,-76.69,1
40.71,-76.69,1
40.71,-76.69,1
40.71,-76.69,1
40.71,-76.69,1
40.71,-76.69,1
40.71,-76.69,1
40.71,-76.69,1
40.71,-76.69,1
40.71,-76.69,1
40.71,-76.69,1
40.71,-76.69,1
40.71,-76.69,1
40.71,-76.69,1
40.71,-76.69,1
40.71,-76.69,1
40.71,-76.69,1
40.71,-76.69,1
40.71,-76.69,1
40.71,-76.69,1
40.71,-76.69,1
40.71,-76.69,1
40.71,-76.69,1
40.71,-76.69,1
40.71,-76.69,1
40.71,-76.69,1
40.71,-76.69,1
40.71,-76.69,1
40.71,-76.69,1
40.71,-76.69,1
40.71,-76.69,1
40.71,-76.69,1
40.71,-76.69,1
40.71,-76.69,1
40.71,-76.69,1
40.71,-76.69,1
40.71,-76.69,1
40.71,-76.69,1
40.71,-76.69,1
40.71,-76.69,1
40.71,-76.69,1
40.71,-76.69,1
40.71,-76.69,1
40.71,-76.69,1
40.71,-76.69,1
40.71,-76.69,1
40.71,-76.69,1
40.71,-76.69,1
40.71,-76.69,1
40.71,-76.69,1
40.71,-76.69,1
40.71,-76.69,1
40.71,-76.69,1
40.71,-76.69,1
40.71,-76.69,1
40.71,-76.69,1
40.71,-76.69,1
40.71,-76.69,1
40.71,-76.69,1
40.71,-76.69,1
40.71,-76.69,1
40.71,-76.69,1
40.71,-76.69,1
40.71,-76.69,1
40.71,-76.69,1
40.71,-76.69,1
40.71,-76.69,1
40.71,-76.69,1
40.71,-76.69,1
40.71,-76.69,1
40.71,-76.69,1
40.71,-76.69,1
40.71,-76.69,1
40.71,-76.69,1
40.71,-76.69,1
40.71,-76.69,1
40.71,-76.69,1
40.71,-76.69,1
40.71,-76.69,1
40.71,-76.69,1
40.71,-76.69,1
40.71,-76.69,1
40.71,-76.69,1
40.71,-76.69,1
40.71,-76.69,1
40.71,-76.69,1
40.71,-76.69,1
40.71,-76.69,1
40.71,-76.69,1
40.71,-76.69,1
40.71,-76.69,1
40.71,-76.69,1
40.71,-76.69,1
40.71,-76.69,1
40.71,-76.69,1
40.71,-76.69,1
40.71,-76.69,1
40.71,-76.69,1
40.71,-76.69,1
40.71,-76.69,1
40.71,-76.69,1
40.71,-76.69,1
40.71,-76.69,1
40.71,-76.69,1
40.71,-76.69,1
40.71,-76.69,1
40.71,-76.69,1
40.71,-76.69,1
40.71,-76.69,1
40.71,-76.69,1
40.71,-76.69,1
40.71,-76.69,1
40.71,-76.69,1
40.71,-76.69,1
40.71,-76.69,1
40.71,-76.69,1
40.71,-76.69,1
40.71,-76.69,1
40.71,-76.69,1
40.71,-76.69,1
40.71,-76.69,1
40.71,-76.69,1
40.71,-76.69,1
40.71,-76.69,1
40.71,-76.69,1
40.71,-76.69,1
40.71,-76.69,1
40.71,-76.69,1
40.71,-76.69,1
40.71,-76.69,1
40.71,-76.69,1
40.71,-76.69,1
40.71,-76.69,1
40.71,-76.69,1
40.71,-76.69,1
40.71,-76.69,1
40.71,-76.69,1
40.71,-76.69,1
40.71,-76.69,1
40.71,-76.69,1
40.71,-76.69,1
40.71,-76.69,1
40.71,-76.69,1
40.71,-76.69,1
40.71,-76.69,1
40.71,-76.69,1
40.71,-76.69,1
40.71,-76.69,1
40.71,-76.69,1
40.71,-76.69,1
40.71,-76.69,1
40.71,-76.69,1
40.71,-76.69,1
40.71,-76.69,1
40.71,-76.69,1
40.71,-76.69,1
40.71,-76.69,1
40.71,-76.69,1
40.71,-76.69,1
40.71,-76.69,1
40.71,-76.69,1
40.71,-76.69,1
40.71,-76.69,1
40.71,-76.69,1
40.71,-76.69,1
40.71,-76.69,1
40.71,-76.69,1
40.71,-76.69,1
40.71,-76.69,1
40.71,-76.69,1
40.71,-76.69,1
40.71,-76.69,1
40.71,-76.69,1
40.71,-76.69,1
40.71,-76.69,1
40.71,-76.69,1
40.71,-76.69,1
40.71,-76.69,1
40.71,-76.69,1
40.71,-76.69,1
40.71,-76.69,1
40.71,-76.69,1
40.71,-76.69,1
40.71,-76.69,1
40.71,-76.69,1
40.71,-76.69,1
40.71,-76.69,1
40.71,-76.69,1
40.71,-76.69,1
40.71,-76.69,1
40.71,-76.69,1
40.71,-76.69,1
40.71,-76.69,1
40.71,-76.69,1
40.71,-76.69,1
40.71,-76.69,1
40.71,-76.69,1
40.71,-76.69,1
40.71,-76.69,1
40.71,-76.69,1
40.71,-76.69,1
40.71,-76.69,1
40.71,-76.69,1
40.71,-76.69,1
40.71,-76.69,1
40.71,-76.69,1
40.71,-76.69,1
40.71,-76.69,1
40.71,-76.69,1
40.71,-76.69,1
40.71,-76.69,1
40.71,-76.69,1
40.71,-76.69,1
40.71,-76.69,1
40.71,-76.69,1
40.71,-76.69,1
40.71,-76.69,1
40.71,-76.69,1
40.71,-76.69,1
40.71,-76.69,1
40.71,-76.69,1
40.71,-76.69,1
40.71,-76.69,1
40.71,-76.69,1
40.71,-76.69,1
40.71,-76.69,1
40.71,-76.69,1
40.71,-76.69,1
40.71,-76.69,1
40.71,-76.69,1
40.71,-76.69,1
40.71,-76.69,1
40.71,-76.69,1
40.71,-76.69,1
40.71,-76.69,1
40.71,-76.69,1
40.71,-76.69,1
40.71,-76.69,1
40.71,-76.69,1
40.71,-76.69,1
40.71,-76.69,1
40.71,-76.69,1
40.71,-76.69,1
40.71,-76.69,1
40.71,-76.69,1
40.71,-76.69,1
40.71,-76.69,1
40.71,-76.69,1
40.71,-76.69,1
40.71,-76.69,1
40.71,-76.69,1
40.71,-76.69,1
40.71,-76.69,1
40.71,-76.69,1
40.71,-76.69,1
40.71,-76.69,1
40.71,-76.69,1
40.71,-76.69,1
40.71,-76.69,1
40.71,-76.69,1
40.71,-76.69,1
40.71,-76.69,1
40.71,-76.69,1
40.71,-76.69,1
40.71,-76.69,1
40.71,-76.69,1
40.71,-76.69,1
40.71,-76.69,1
40.71,-76.69,1
40.71,-76.69,1
40.71,-76.69,1
40.71,-76.69,1
40.71,-76.69,1
40.71,-76.69,1
40.71,-76.69,1
40.71,-76.69,1
40.71,-76.69,1
40.71,-76.69,1
40.71,-76.69,1
40.71,-76.69,1
40.71,-76.69,1
40.71,-76.69,1
40.71,-76.69,1
40.71,-76.69,1
40.71,-76.69,1
40.71,-76.69,1
40.71,-76.69,1
40.71,-76.69,1
40.71,-76.69,1
40.71,-76.69,1
40.71,-76.69,1
40.71,-76.69,1
40.71,-76.69,1
40.71,-76.69,1
40.71,-76.69,1
40.71,-76.69,1
40.71,-76.69,1
40.71,-76.69,1
40.71,-76.69,1
40.71,-76.69,1
40.71,-76.69,1
40.71,-76.69,1
40.71,-76.69,1
40.71,-76.69,1
40.71,-76.69,1
40.71,-76.69,1
40.71,-76.69,1
40.71,-76.69,1
40.71,-76.69,1
40.71,-76.69,1
40.71,-76.69,1
40.71,-76.69,1
40.71,-76.69,1
40.71,-76.69,1
40.71,-76.69,1
40.71,-76.69,1
40.71,-76.69,1
40.71,-76.69,1
40.71,-76.69,1
40.71,-76.69,1
40.71,-76.69,1
40.71,-76.69,1
40.71,-76.69,1
40.71,-76.69,1
40.71,-76.69,1
40.71,-76.69,1
40.71,-76.69,1
40.71,-76.69,1
40.71,-76.69,1
40.71,-76.69,1
40.71,-76.69,1
40.71,-76.69,1
40.71,-76.69,1
40.71,-76.69,1
40.71,-76.69,1
40.71,-76.69,1
40.71,-76.69,1
40.71,-76.69,1
40.71,-76.69,1
40.71,-76.69,1
40.71,-76.69,1
40.71,-76.69,1
40.71,-76.69,1
40.71,-76.69,1
40.71,-76.69,1
40.71,-76.69,1
40.71,-76.69,1
40.71,-76.69,1
40.71,-76.69,1
40.71,-76.69,1
40.71,-76.69,1
40.71,-76.69,1
40.71,-76.69,1
40.71,-76.69,1
40.71,-76.69,1
40.71,-76.69,1
40.71,-76.69,1
40.71,-76.69,1
40.71,-76.69,1
40.71,-76.69,1
40.71,-76.69,1
40.71,-76.69,1
40.71,-76.69,1
40.71,-76.69,1
40.71,-76.69,1
40.71,-76.69,1
40.71,-76.69,1
40.71,-76.69,1
40.71,-76.69,1
40.71,-76.69,1
40.71,-76.69,1
40.71,-76.69,1
40.71,-76.69,1
40.71,-76.69,1
40.71,-76.69,1
40.71,-76.69,1
40.71,-76.69,1
40.71,-76.69,1
40.71,-76.69,1
40.71,-76.69,1
40.71,-76.69,1
40.71,-76.69,1
40.71,-76.69,1
40.71,-76.69,1
40.71,-76.69,1
40.71,-76.69,1
40.71,-76.69,1
40.71,-76.69,1
40.71,-76.69,1
40.71,-76.69,1
40.71,-76.69,1
40.71,-76.69,1
40.71,-76.69,1
40.71,-76.69,1
40.71,-76.69,1
40.71,-76.69,1
40.71,-76.69,1
40.71,-76.69,1
40.71,-76.69,1
40.71,-76.69,1
40.71,-76.69,1
40.71,-76.69,1
40.71,-76.69,1
40.71,-76.69,1
40.71,-76.69,1
40.71,-76.69,1
40.71,-76.69,1
40.71,-76.69,1
40.71,-76.69,1
40.71,-76.69,1
40.71,-76.69,1
40.71,-76.69,1
40.71,-76.69,1
40.71,-76.69,1
40.71,-76.69,1
40.71,-76.69,1
40.71,-76.69,1
40.71,-76.69,1
40.71,-76.69,1
40.71,-76.69,1
40.71,-76.69,1
40.71,-76.69,1
40.71,-76.69,1
40.71,-76.69,1
40.71,-76.69,1
40.71,-76.69,1
40.71,-76.69,1
40.71,-76.69,1
40.71,-76.69,1
40.71,-76.69,1
40.71,-76.69,1
40.71,-76.69,1
40.71,-76.69,1
40.71,-76.69,1
40.71,-76.69,1
40.71,-76.69,1
40.71,-76.69,1
40.71,-76.69,1
40.71,-76.69,1
40.71,-76.69,1
40.71,-76.69,1
40.71,-76.69,1
40.71,-76.69,1
40.71,-76.69,1
40.71,-76.69,1
40.71,-76.69,1
40.71,-76.69,1
40.71,-76.69,1
40.71,-76.69,1
40.71,-76.69,1
40.71,-76.69,1
40.71,-76.69,1
40.71,-76.69,1
40.71,-76.69,1
40.71,-76.69,1
40.71,-76.69,1
40.71,-76.69,1
40.71,-76.69,1
40.71,-76.69,1
40.71,-76.69,1
40.71,-76.69,1
40.71,-76.69,1
40.71,-76.69,1
40.71,-76.69,1
40.71,-76.69,1
40.71,-76.69,1
40.71,-76.69,1
40.71,-76.69,1
40.71,-76.69,1
40.71,-76.69,1
40.71,-76.69,1
40.71,-76.69,1
40.71,-76.69,1
40.71,-76.69,1
40.71,-76.69,1
40.71,-76.69,1
40.71,-76.69,1
40.71,-76.69,1
40.71,-76.69,1
40.71,-76.69,1
40.71,-76.69,1
40.71,-76.69,1
40.71,-76.69,1
40.71,-76.69,1
40.71,-76.69,1
40.71,-76.69,1
40.71,-76.69,1
40.71,-76.69,1
40.71,-76.69,1
40.71,-76.69,1
40.71,-76.69,1
40.71,-76.69,1
40.71,-76.69,1
40.71,-76.69,1
40.71,-76.69,1
40.71,-76.69,1
40.71,-76.69,1
40.71,-76.69,1
40.71,-76.69,1
40.71,-76.69,1
40.71,-76.69,1
40.71,-76.69,1
40.71,-76.69,1
40.71,-76.69,1
40.71,-76.69,1
40.71,-76.69,1
40.71,-76.69,1
40.71,-76.69,1
40.71,-76.69,1
40.71,-76.69,1
40.71,-76.69,1
40.71,-76.69,1
40.71,-76.69,1
40.71,-76.69,1
40.71,-76.69,1
40.71,-76.69,1
40.71,-76.69,1
40.71,-76.69,1
40.71,-76.69,1
40.71,-76.69,1
40.71,-76.69,1
40.71,-76.69,1
40.71,-76.69,1
40.71,-76.69,1
40.71,-76.69,1
40.71,-76.69,1
40.71,-76.69,1
40.71,-76.69,1
40.71,-76.69,1
40.71,-76.69,1
40.71,-76.69,1
40.71,-76.69,1
40.71,-76.69,1
40.71,-76.69,1
40.71,-76.69,1
40.71,-76.69,1
40.71,-76.69,1
40.71,-76.69,1
40.71,-76.69,1
40.71,-76.69,1
40.71,-76.69,1
40.71,-76.69,1
40.71,-76.69,1
40.71,-76.69,1
40.71,-76.69,1
40.71,-76.69,1
40.71,-76.69,1
40.71,-76.69,1
40.71,-76.69,1
40.71,-76.69,1
40.71,-76.69,1
40.71,-76.69,1
40.71,-76.69,1
40.71,-76.69,1
40.71,-76.69,1
40.71,-76.69,1
40.71,-76.69,1
40.71,-76.69,1
40.71,-76.69,1
40.71,-76.69,1
40.71,-76.69,1
40.71,-76.69,1
40.71,-76.69,1
40.71,-76.69,1
40.71,-76.69,1
40.71,-76.69,1
40.71,-76.69,1
40.71,-76.69,1
40.71,-76.69,1
40.71,-76.69,1
40.71,-76.69,1
40.71,-76.69,1
40.71,-76.69,1
40.71,-76.69,1
40.71,-76.69,1
40.71,-76.69,1
40.71,-76.69,1
40.71,-76.69,1
40.71,-76.69,1
40.71,-76.69,1
40.71,-76.69,1
40.71,-76.69,1
40.71,-76.69,1
40.71,-76.69,1
40.71,-76.69,1
40.71,-76.69,1
40.71,-76.69,1
40.71,-76.69,1
40.71,-76.69,1
40.71,-76.69,1
40.71,-76.69,1
40.71,-76.69,1
40.71,-76.69,1
40.71,-76.69,1
40.71,-76.69,1
40.71,-76.69,1
40.71,-76.69,1
40.71,-76.69,1
40.71,-76.69,1
40.71,-76.69,1
40.71,-76.69,1
40.71,-76.69,1
40.71,-76.69,1
40.71,-76.69,1
40.71,-76.69,1
40.71,-76.69,1
40.71,-76.69,1
40.71,-76.69,1
40.71,-76.69,1
40.71,-76.69,1
40.71,-76.69,1
40.71,-76.69,1
40.71,-76.69,1
40.71,-76.69,1
40.71,-76.69,1
40.71,-76.69,1
40.71,-76.69,1
40.71,-76.69,1
40.71,-76.69,1
40.71,-76.69,1
40.71,-76.69,1
40.71,-76.69,1
40.71,-76.69,1
40.71,-76.69,1
40.71,-76.69,1
40.71,-76.69,1
40.71,-76.69,1
40.71,-76.69,1
40.71,-76.69,1
40.71,-76.69,1
40.71,-76.69,1
40.71,-76.69,1
40.71,-76.69,1
40.71,-76.69,1
40.71,-76.69,1
40.71,-76.69,1
40.71,-76.69,1
40.71,-76.69,1
40.71,-76.69,1
40.71,-76.69,1
40.71,-76.69,1
40.71,-76.69,1
40.71,-76.69,1
40.71,-76.69,1
40.71,-76.69,1
40.71,-76.69,1
40.71,-76.69,1
40.71,-76.69,1
40.71,-76.69,1
40.71,-76.69,1
40.71,-76.69,1
40.71,-76.69,1
40.71,-76.69,1
40.71,-76.69,1
40.71,-76.69,1
40.71,-76.69,1
40.71,-76.69,1
40.71,-76.69,1
40.71,-76.69,1
40.71,-76.69,1
40.71,-76.69,1
40.71,-76.69,1
40.71,-76.69,1
40.71,-76.69,1
40.71,-76.69,1
40.71,-76.69,1
40.71,-76.69,1
40.71,-76.69,1
40.71,-76.69,1
40.71,-76.69,1
40.71,-76.69,1
40.71,-76.69,1
40.71,-76.69,1
40.71,-76.69,1
40.71,-76.69,1
40.71,-76.69,1
40.71,-76.69,1
40.71,-76.69,1
40.71,-76.69,1
40.71,-76.69,1
40.71,-76.69,1
40.71,-76.69,1
40.71,-76.69,1
40.71,-76.69,1
40.71,-76.69,1
40.71,-76.69,1
40.71,-76.69,1
40.71,-76.69,1
40.71,-76.69,1
40.71,-76.69,1
40.71,-76.69,1
40.71,-76.69,1
40.71,-76.69,1
40.71,-76.69,1
40.71,-76.69,1
40.71,-76.69,1
40.71,-76.69,1
40.71,-76.69,1
40.71,-76.69,1
40.71,-76.69,1
40.71,-76.69,1
40.71,-76.69,1
40.71,-76.69,1
40.71,-76.69,1
40.71,-76.69,1
40.71,-76.69,1
40.71,-76.69,1
40.71,-76.69,1
40.71,-76.69,1
40.71,-76.69,1
40.71,-76.69,1
40.71,-76.69,1
40.71,-76.69,1
40.71,-76.69,1
40.71,-76.69,1
40.71,-76.69,1
40.71,-76.69,1
40.71,-76.69,1
40.71,-76.69,1
40.71,-76.69,1
40.71,-76.69,1
40.71,-76.69,1
40.71,-76.69,1
40.71,-76.69,1
40.71,-76.69,1
40.71,-76.69,1
40.71,-76.69,1
40.71,-76.69,1
40.71,-76.69,1
40.71,-76.69,1
40.71,-76.69,1
40.71,-76.69,1
40.71,-76.69,1
40.71,-76.69,1
40.71,-76.69,1
40.71,-76.69,1
40.71,-76.69,1
40.71,-76.69,1
40.71,-76.69,1
40.71,-76.69,1
40.71,-76.69,1
40.71,-76.69,1
40.71,-76.69,1
40.71,-76.69,1
40.71,-76.69,1
40.71,-76.69,1
40.71,-76.69,1
40.71,-76.69,1
40.71,-76.69,1
40.71,-76.69,1
40.71,-76.69,1
40.71,-76.69,1
40.71,-76.69,1
40.71,-76.69,1
40.71,-76.69,1
40.71,-76.69,1
40.71,-76.69,1
40.71,-76.69,1
40.71,-76.69,1
40.71,-76.69,1
40.71,-76.69,1
40.71,-76.69,1
40.71,-76.69,1
40.71,-76.69,1
40.71,-76.69,1
40.71,-76.69,1
40.71,-76.69,1
40.71,-76.69,1
40.71,-76.69,1
40.71,-76.69,1
40.71,-76.69,1
40.71,-76.69,1
40.71,-76.69,1
40.71,-76.69,1
40.71,-76.69,1
40.71,-76.69,1
40.71,-76.69,1
40.71,-76.69,1
40.71,-76.69,1
40.71,-76.69,1
40.71,-76.69,1
40.71,-76.69,1
40.71,-76.69,1
40.71,-76.69,1
40.71,-76.69,1
40.71,-76.69,1
40.71,-76.69,1
40.71,-76.69,1
40.71,-76.69,1
40.71,-76.69,1
40.71,-76.69,1
40.71,-76.69,1
40.71,-76.69,1
40.71,-76.69,1
40.71,-76.69,1
40.71,-76.69,1
40.71,-76.69,1
40.71,-76.69,1
40.71,-76.69,1
40.71,-76.69,1
40.71,-76.69,1
40.71,-76.69,1
40.71,-76.69,1
40.71,-76.69,1
40.71,-76.69,1
40.71,-76.69,1
40.71,-76.69,1
40.71,-76.69,1
40.71,-76.69,1
40.71,-76.69,1
40.71,-76.69,1
40.71,-76.69,1
40.71,-76.69,1
40.71,-76.69,1
40.71,-76.69,1
40.71,-76.69,1
40.71,-76.69,1
40.71,-76.69,1
40.71,-76.69,1
40.71,-76.69,1
40.71,-76.69,1
40.71,-76.69,1
40.71,-76.69,1
40.71,-76.69,1
40.71,-76.69,1
40.71,-76.69,1
40.71,-76.69,1
40.71,-76.69,1
40.71,-76.69,1
40.71,-76.69,1
40.71,-76.69,1
40.71,-76.69,1
40.71,-76.69,1
40.71,-76.69,1
40.71,-76.69,1
40.71,-76.69,1
40.71,-76.69,1
40.71,-76.69,1
40.71,-76.69,1
40.71,-76.69,1
40.71,-76.69,1
40.71,-76.69,1
40.71,-76.69,1
40.71,-76.69,1
40.71,-76.69,1
40.71,-76.69,1
40.71,-76.69,1
40.71,-76.69,1
40.71,-76.69,1
40.71,-76.69,1
40.71,-76.69,1
40.71,-76.69,1
40.71,-76.69,1
40.71,-76.69,1
40.71,-76.69,1
40.71,-76.69,1
40.71,-76.69,1
40.71,-76.69,1
40.71,-76.69,1
40.71,-76.69,1
40.71,-76.69,1
40.71,-76.69,1
40.71,-76.69,1
40.71,-76.69,1
40.71,-76.69,1
40.71,-76.69,1
40.71,-76.69,1
40.71,-76.69,1
40.71,-76.69,1
40.71,-76.69,1
40.71,-76.69,1
40.71,-76.69,1
40.71,-76.69,1
40.71,-76.69,1
40.71,-76.69,1
40.71,-76.69,1
40.71,-76.69,1
40.71,-76.69,1
40.71,-76.69,1
40.71,-76.69,1
40.71,-76.69,1
40.71,-76.69,1
40.71,-76.69,1
40.71,-76.69,1
40.71,-76.69,1
40.71,-76.69,1
40.71,-76.69,1
40.71,-76.69,1
40.71,-76.69,1
40.71,-76.69,1
40.71,-76.69,1
40.71,-76.69,1
40.71,-76.69,1
40.71,-76.69,1
40.71,-76.69,1
40.71,-76.69,1
40.71,-76.69,1
40.71,-76.69,1
40.71,-76.69,1
40.71,-76.69,1
40.71,-76.69,1
40.71,-76.69,1
40.71,-76.69,1
40.71,-76.69,1
40.71,-76.69,1
40.71,-76.69,1
40.71,-76.69,1
40.71,-76.69,1
40.71,-76.69,1
40.71,-76.69,1
40.71,-76.69,1
40.71,-76.69,1
40.71,-76.69,1
40.71,-76.69,1
40.71,-76.69,1
40.71,-76.69,1
40.71,-76.69,1
40.71,-76.69,1
40.71,-76.69,1
40.71,-76.69,1
40.71,-76.69,1
40.71,-76.69,1
40.71,-76.69,1
40.71,-76.69,1
40.71,-76.69,1
40.71,-76.69,1
40.71,-76.69,1
40.71,-76.69,1
40.71,-76.69,1
40.71,-76.69,1
40.71,-76.69,1
40.71,-76.69,1
40.71,-76.69,1
40.71,-76.69,1
40.71,-76.69,1
40.71,-76.69,1
40.71,-76.69,1
40.71,-76.69,1
40.71,-76.69,1
40.71,-76.69,1
40.71,-76.69,1
40.71,-76.69,1
40.71,-76.69,1
40.71,-76.69,1
40.71,-76.69,1
40.71,-76.69,1
40.71,-76.69,1
40.71,-76.69,1
40.71,-76.69,1
40.71,-76.69,1
40.71,-76.69,1
40.71,-76.69,1
40.71,-76.69,1
40.71,-76.69,1
40.71,-76.69,1
40.71,-76.69,1
40.71,-76.69,1
40.71,-76.69,1
40.71,-76.69,1
40.71,-76.69,1
40.71,-76.69,1
40.71,-76.69,1
40.71,-76.69,1
40.71,-76.69,1
40.71,-76.69,1
40.71,-76.69,1
40.71,-76.69,1
40.71,-76.69,1
40.71,-76.69,1
40.71,-76.69,1
40.71,-76.69,1
40.71,-76.69,1
40.71,-76.69,1
40.71,-76.69,1
40.71,-76.69,1
40.71,-76.69,1
40.71,-76.69,1
40.71,-76.69,1
40.71,-76.69,1
40.71,-76.69,1
40.71,-76.69,1
40.71,-76.69,1
40.71,-76.69,1
40.71,-76.69,1
40.71,-76.69,1
40.71,-76.69,1
40.71,-76.69,1
40.71,-76.69,1
40.71,-76.69,1
40.71,-76.69,1
40.71,-76.69,1
40.71,-76.69,1
40.71,-76.69,1
40.71,-76.69,1
40.71,-76.69,1
40.71,-76.69,1
40.71,-76.69,1
40.71,-76.69,1
40.71,-76.69,1
40.71,-76.69,1
40.71,-76.69,1
40.71,-76.69,1
40.71,-76.69,1
40.71,-76.69,1
40.71,-76.69,1
40.71,-76.69,1
40.71,-76.69,1
40.71,-76.69,1
40.71,-76.69,1
40.71,-76.69,1
40.71,-76.69,1
40.71,-76.69,1
40.71,-76.69,1
40.71,-76.69,1
40.71,-76.69,1
40.71,-76.69,1
40.71,-76.69,1
40.71,-76.69,1
40.71,-76.69,1
40.71,-76.69,1
40.71,-76.69,1
40.71,-76.69,1
40.71,-76.69,1
40.71,-76.69,1
40.71,-76.69,1
40.71,-76.69,1
40.71,-76.69,1
40.71,-76.69,1
40.71,-76.69,1
40.71,-76.69,1
40.71,-76.69,1
40.71,-76.69,1
40.71,-76.69,1
40.71,-76.69,1
40.71,-76.69,1
40.71,-76.69,1
40.71,-76.69,1
40.71,-76.69,1
40.71,-76.69,1
40.71,-76.69,1
40.71,-76.69,1
40.71,-76.69,1
40.71,-76.69,1
40.71,-76.69,1
40.71,-76.69,1
40.71,-76.69,1
40.71,-76.69,1
40.71,-76.69,1
40.71,-76.69,1
40.71,-76.69,1
40.71,-76.69,1
40.71,-76.69,1
40.71,-76.69,1
40.71,-76.69,1
40.71,-76.69,1
40.71,-76.69,1
40.71,-76.69,1
40.71,-76.69,1
40.71,-76.69,1
40.71,-76.69,1
40.71,-76.69,1
40.71,-76.69,1
40.71,-76.69,1
40.71,-76.69,1
40.71,-76.69,1
40.71,-76.69,1
40.71,-76.69,1
40.71,-76.69,1
40.71,-76.69,1
40.71,-76.69,1
40.71,-76.69,1
40.71,-76.69,1
40.71,-76.69,1
40.71,-76.69,1
40.71,-76.69,1
40.71,-76.69,1
40.71,-76.69,1
40.71,-76.69,1
40.71,-76.69,1
40.71,-76.69,1
40.71,-76.69,1
40.71,-76.69,1
40.71,-76.69,1
40.71,-76.69,1
40.71,-76.69,1
40.71,-76.69,1
40.71,-76.69,1
40.71,-76.69,1
40.71,-76.69,1
40.71,-76.69,1
40.71,-76.69,1
40.71,-76.69,1
40.71,-76.69,1
40.71,-76.69,1
40.71,-76.69,1
40.71,-76.69,1
40.71,-76.69,1
40.71,-76.69,1
40.71,-76.69,1
40.71,-76.69,1
40.71,-76.69,1
40.71,-76.69,1
40.71,-76.69,1
40.71,-76.69,1
40.71,-76.69,1
40.71,-76.69,1
40.71,-76.69,1
40.71,-76.69,1
40.71,-76.69,1
40.71,-76.69,1
40.71,-76.69,1
40.71,-76.69,1
40.71,-76.69,1
40.71,-76.69,1
40.71,-76.69,1
40.71,-76.69,1
40.71,-76.69,1
40.71,-76.69,1
40.71,-76.69,1
40.71,-76.69,1
40.71,-76.69,1
40.71,-76.69,1
40.71,-76.69,1
40.71,-76.69,1
40.71,-76.69,1
40.71,-76.69,1
40.71,-76.69,1
40.71,-76.69,1
40.71,-76.69,1
40.71,-76.69,1
40.71,-76.69,1
40.71,-76.69,1
40.71,-76.69,1
40.71,-76.69,1
40.71,-76.69,1
40.71,-76.69,1
40.71,-76.69,1
40.71,-76.69,1
40.71,-76.69,1
40.71,-76.69,1
40.71,-76.69,1
40.71,-76.69,1
40.71,-76.69,1
40.71,-76.69,1
40.71,-76.69,1
40.71,-76.69,1
40.71,-76.69,1
40.71,-76.69,1
40.71,-76.69,1
40.71,-76.69,1
40.71,-76.69,1
40.71,-76.69,1
40.71,-76.69,1
40.71,-76.69,1
40.71,-76.69,1
40.71,-76.69,1
40.71,-76.69,1
40.71,-76.69,1
40.71,-76.69,1
40.71,-76.69,1
40.71,-76.69,1
40.71,-76.69,1
40.71,-76.69,1
40.71,-76.69,1
40.71,-76.69,1
40.71,-76.69,1
40.71,-76.69,1
40.71,-76.69,1
40.71,-76.69,1
40.71,-76.69,1
40.71,-76.69,1
40.71,-76.69,1
40.71,-76.69,1
40.71,-76.69,1
40.71,-76.69,1
40.71,-76.69,1
40.71,-76.69,1
40.71,-76.69,1
40.71,-76.69,1
40.71,-76.69,1
40.71,-76.69,1
40.71,-76.69,1
40.71,-76.69,1
40.71,-76.69,1
40.71,-76.69,1
40.71,-76.69,1
40.71,-76.69,1
40.71,-76.69,1
40.71,-76.69,1
40.71,-76.69,1
40.71,-76.69,1
40.71,-76.69,1
40.71,-76.69,1
40.71,-76.69,1
40.71,-76.69,1
40.71,-76.69,1
40.71,-76.69,1
40.71,-76.69,1
40.71,-76.69,1
40.71,-76.69,1
40.71,-76.69,1
40.71,-76.69,1
40.71,-76.69,1
40.71,-76.69,1
40.71,-76.69,1
40.71,-76.69,1
40.71,-76.69,1
40.71,-76.69,1
40.71,-76.69,1
40.71,-76.69,1
40.71,-76.69,1
40.71,-76.69,1
40.71,-76.69,1
40.71,-76.69,1
40.71,-76.69,1
40.71,-76.69,1
40.71,-76.69,1
40.71,-76.69,1
40.71,-76.69,1
40.71,-76.69,1
40.71,-76.69,1
40.71,-76.69,1
40.71,-76.69,1
40.71,-76.69,1
40.71,-76.69,1
40.71,-76.69,1
40.71,-76.69,1
40.71,-76.69,1
40.71,-76.69,1
40.71,-76.69,1
40.71,-76.69,1
40.71,-76.69,1
40.71,-76.69,1
40.71,-76.69,1
40.71,-76.69,1
40.71,-76.69,1
40.71,-76.69,1
40.71,-76.69,1
40.71,-76.69,1
40.71,-76.69,1
40.71,-76.69,1
40.71,-76.69,1
40.71,-76.69,1
40.71,-76.69,1
40.71,-76.69,1
40.71,-76.69,1
40.71,-76.69,1
40.71,-76.69,1
40.71,-76.69,1
40.71,-76.69,1
40.71,-76.69,1
40.71,-76.69,1
40.71,-76.69,1
40.71,-76.69,1
40.71,-76.69,1
40.71,-76.69,1
40.71,-76.69,1
40.71,-76.69,1
40.71,-76.69,1
40.71,-76.69,1
40.71,-76.69,1
40.71,-76.69,1
40.71,-76.69,1
40.71,-76.69,1
40.71,-76.69,1
40.71,-76.69,1
40.71,-76.69,1
40.71,-76.69,1
40.71,-76.69,1
40.71,-76.69,1
40.71,-76.69,1
40.71,-76.69,1
40.71,-76.69,1
40.71,-76.69,1
40.71,-76.69,1
40.71,-76.69,1
40.71,-76.69,1
40.71,-76.69,1
40.71,-76.69,1
40.71,-76.69,1
40.71,-76.69,1
40.71,-76.69,1
40.71,-76.69,1
40.71,-76.69,1
40.71,-76.69,1
40.71,-76.69,1
40.71,-76.69,1
40.71,-76.69,1
40.71,-76.69,1
40.71,-76.69,1
40.71,-76.69,1
40.71,-76.69,1
40.71,-76.69,1
40.71,-76.69,1
40.71,-76.69,1
40.71,-76.69,1
40.71,-76.69,1
40.71,-76.69,1
40.71,-76.69,1
40.71,-76.69,1
40.71,-76.69,1
40.71,-76.69,1
40.71,-76.69,1
40.71,-76.69,1
40.71,-76.69,1
40.71,-76.69,1
40.71,-76.69,1
40.71,-76.69,1
40.71,-76.69,1
40.71,-76.69,1
40.71,-76.69,1
40.71,-76.69,1
40.71,-76.69,1
40.71,-76.69,1
40.71,-76.69,1
40.71,-76.69,1
40.71,-76.69,1
40.71,-76.69,1
40.71,-76.69,1
40.71,-76.69,1
40.71,-76.69,1
40.71,-76.69,1
40.71,-76.69,1
40.71,-76.69,1
40.71,-76.69,1
40.71,-76.69,1
40.71,-76.69,1
40.71,-76.69,1
40.71,-76.69,1
40.71,-76.69,1
40.71,-76.69,1
40.71,-76.69,1
40.71,-76.69,1
40.71,-76.69,1
40.71,-76.69,1
40.71,-76.69,1
40.71,-76.69,1
40.71,-76.69,1
40.71,-76.69,1
40.71,-76.69,1
40.71,-76.69,1
40.71,-76.69,1
40.71,-76.69,1
40.71,-76.69,1
40.71,-76.69,1
40.71,-76.69,1
40.71,-76.69,1
40.71,-76.69,1
40.71,-76.69,1
40.71,-76.69,1
40.71,-76.69,1
40.71,-76.69,1
40.71,-76.69,1
40.71,-76.69,1
40.71,-76.69,1
40.71,-76.69,1
40.71,-76.69,1
40.71,-76.69,1
40.71,-76.69,1
40.71,-76.69,1
40.71,-76.69,1
40.71,-76.69,1
40.71,-76.69,1
40.71,-76.69,1
40.71,-76.69,1
40.71,-76.69,1
40.71,-76.69,1
40.71,-76.69,1
40.71,-76.69,1
40.71,-76.69,1
40.71,-76.69,1
40.71,-76.69,1
40.71,-76.69,1
40.71,-76.69,1
40.71,-76.69,1
40.71,-76.69,1
40.71,-76.69,1
40.71,-76.69,1
40.71,-76.69,1
40.71,-76.69,1
40.71,-76.69,1
40.71,-76.69,1
40.71,-76.69,1
40.71,-76.69,1
40.71,-76.69,1
40.71,-76.69,1
40.71,-76.69,1
40.71,-76.69,1
40.71,-76.69,1
40.71,-76.69,1
40.71,-76.69,1
40.71,-76.69,1
40.71,-76.69,1
40.71,-76.69,1
40.71,-76.69,1
40.71,-76.69,1
40.71,-76.69,1
40.71,-76.69,1
40.71,-76.69,1
40.71,-76.69,1
40.71,-76.69,1
40.71,-76.69,1
40.71,-76.69,1
40.71,-76.69,1
40.71,-76.69,1
40.71,-76.69,1
40.71,-76.69,1
40.71,-76.69,1
40.71,-76.69,1
40.71,-76.69,1
40.71,-76.69,1
40.71,-76.69,1
40.71,-76.69,1
40.71,-76.69,1
40.71,-76.69,1
40.71,-76.69,1
40.71,-76.69,1
40.71,-76.69,1
40.71,-76.69,1
40.71,-76.69,1
40.71,-76.69,1
40.71,-76.69,1
40.71,-76.69,1
40.71,-76.69,1
40.71,-76.69,1
40.71,-76.69,1
40.71,-76.69,1
40.71,-76.69,1
40.71,-76.69,1
40.71,-76.69,1
40.71,-76.69,1
40.71,-76.69,1
40.71,-76.69,1
40.71,-76.69,1
40.71,-76.69,1
40.71,-76.69,1
40.71,-76.69,1
40.71,-76.69,1
40.71,-76.69,1
40.71,-76.69,1
40.71,-76.69,1
40.71,-76.69,1
40.71,-76.69,1
40.71,-76.69,1
40.71,-76.69,1
40.71,-76.69,1
40.71,-76.69,1
40.71,-76.69,1
40.71,-76.69,1
40.71,-76.69,1
40.71,-76.69,1
40.71,-76.69,1
40.71,-76.69,1
40.71,-76.69,1
40.71,-76.69,1
40.71,-76.69,1
40.71,-76.69,1
40.71,-76.69,1
40.71,-76.69,1
40.71,-76.69,1
40.71,-76.69,1
40.71,-76.69,1
40.71,-76.69,1
40.71,-76.69,1
40.71,-76.69,1
40.71,-76.69,1
40.71,-76.69,1
40.71,-76.69,1
40.71,-76.69,1
40.71,-76.69,1
40.71,-76.69,1
40.71,-76.69,1
40.71,-76.69,1
40.71,-76.69,1
40.71,-76.69,1
40.71,-76.69,1
40.71,-76.69,1
40.71,-76.69,1
40.71,-76.69,1
40.71,-76.69,1
40.71,-76.69,1
40.71,-76.69,1
40.71,-76.69,1
40.71,-76.69,1
40.71,-76.69,1
40.71,-76.69,1
40.71,-76.69,1
40.71,-76.69,1
40.71,-76.69,1
40.71,-76.69,1
40.71,-76.69,1
40.71,-76.69,1
40.71,-76.69,1
40.71,-76.69,1
40.71,-76.69,1
40.71,-76.69,1
40.71,-76.69,1
40.71,-76.69,1
40.71,-76.69,1
40.71,-76.69,1
40.71,-76.69,1
40.71,-76.69,1
40.71,-76.69,1
40.71,-76.69,1
40.71,-76.69,1
40.71,-76.69,1
40.71,-76.69,1
40.71,-76.69,1
40.71,-76.69,1
40.71,-76.69,1
40.71,-76.69,1
40.71,-76.69,1
40.71,-76.69,1
40.71,-76.69,1
40.71,-76.69,1
40.71,-76.69,1
40.71,-76.69,1
40.71,-76.69,1
40.71,-76.69,1
40.71,-76.69,1
40.71,-76.69,1
40.71,-76.69,1
40.71,-76.69,1
40.71,-76.69,1
40.71,-76.69,1
40.71,-76.69,1
40.71,-76.69,1
40.71,-76.69,1
40.71,-76.69,1
40.71,-76.69,1
40.71,-76.69,1
40.71,-76.69,1
40.71,-76.69,1
40.71,-76.69,1
40.71,-76.69,1
40.71,-76.69,1
40.71,-76.69,1
40.71,-76.69,1
40.71,-76.69,1
40.71,-76.69,1
40.71,-76.69,1
40.71,-76.69,1
40.71,-76.69,1
40.71,-76.69,1
40.71,-76.69,1
40.71,-76.69,1
40.71,-76.69,1
40.71,-76.69,1
40.71,-76.69,1
40.71,-76.69,1
40.71,-76.69,1
40.71,-76.69,1
40.71,-76.69,1
40.71,-76.69,1
40.71,-76.69,1
40.71,-76.69,1
40.71,-76.69,1
40.71,-76.69,1
40.71,-76.69,1
40.71,-76.69,1
40.71,-76.69,1
40.71,-76.69,1
40.71,-76.69,1
40.71,-76.69,1
40.71,-76.69,1
40.71,-76.69,1
40.71,-76.69,1
40.71,-76.69,1
40.71,-76.69,1
40.71,-76.69,1
40.71,-76.69,1
40.71,-76.69,1
40.71,-76.69,1
40.71,-76.69,1
40.71,-76.69,1
40.71,-76.69,1
40.71,-76.69,1
40.71,-76.69,1
40.71,-76.69,1
40.71,-76.69,1
40.71,-76.69,1
40.71,-76.69,1
40.71,-76.69,1
40.71,-76.69,1
40.71,-76.69,1
40.71,-76.69,1
40.71,-76.69,1
40.71,-76.69,1
40.71,-76.69,1
40.71,-76.69,1
40.71,-76.69,1
40.71,-76.69,1
40.71,-76.69,1
40.71,-76.69,1
40.71,-76.69,1
40.71,-76.69,1
40.71,-76.69,1
40.71,-76.69,1
40.71,-76.69,1
40.71,-76.69,1
40.71,-76.69,1
40.71,-76.69,1
40.71,-76.69,1
40.71,-76.69,1
40.71,-76.69,1
40.71,-76.69,1
40.71,-76.69,1
40.71,-76.69,1
40.71,-76.69,1
40.71,-76.69,1
40.71,-76.69,1
40.71,-76.69,1
40.71,-76.69,1
40.71,-76.69,1
40.71,-76.69,1
40.71,-76.69,1
40.71,-76.69,1
40.71,-76.69,1
40.71,-76.69,1
40.71,-76.69,1
40.71,-76.69,1
40.71,-76.69,1
40.71,-76.69,1
40.71,-76.69,1
40.71,-76.69,1
40.71,-76.69,1
40.71,-76.69,1
40.71,-76.69,1
40.71,-76.69,1
40.71,-76.69,1
40.71,-76.69,1
40.71,-76.69,1
40.71,-76.69,1
40.71,-76.69,1
40.71,-76.69,1
40.71,-76.69,1
40.71,-76.69,1
40.71,-76.69,1
40.71,-76.69,1
40.71,-76.69,1
40.71,-76.69,1
40.71,-76.69,1
40.71,-76.69,1
40.71,-76.69,1
40.71,-76.69,1
40.71,-76.69,1
40.71,-76.69,1
40.71,-76.69,1
40.71,-76.69,1
40.71,-76.69,1
40.71,-76.69,1
40.71,-76.69,1
40.71,-76.69,1
40.71,-76.69,1
40.71,-76.69,1
40.71,-76.69,1
40.71,-76.69,1
40.71,-76.69,1
40.71,-76.69,1
40.71,-76.69,1
40.71,-76.69,1
40.71,-76.69,1
40.71,-76.69,1
40.71,-76.69,1
40.71,-76.69,1
40.71,-76.69,1
40.71,-76.69,1
40.71,-76.69,1
40.71,-76.69,1
40.71,-76.69,1
40.71,-76.69,1
40.71,-76.69,1
40.71,-76.69,1
40.71,-76.69,1
40.71,-76.69,1
40.71,-76.69,1
40.71,-76.69,1
40.71,-76.69,1
40.71,-76.69,1
40.71,-76.69,1
40.71,-76.69,1
40.71,-76.69,1
40.71,-76.69,1
40.71,-76.69,1
40.71,-76.69,1
40.71,-76.69,1
40.71,-76.69,1
40.71,-76.69,1
40.71,-76.69,1
40.71,-76.69,1
40.71,-76.69,1
40.71,-76.69,1
40.71,-76.69,1
40.71,-76.69,1
40.71,-76.69,1
40.71,-76.69,1
40.71,-76.69,1
40.71,-76.69,1
40.71,-76.69,1
40.71,-76.69,1
40.71,-76.69,1
40.71,-76.69,1
40.71,-76.69,1
40.71,-76.69,1
40.71,-76.69,1
40.71,-76.69,1
40.71,-76.69,1
40.71,-76.69,1
40.71,-76.69,1
40.71,-76.69,1
40.71,-76.69,1
40.71,-76.69,1
40.71,-76.69,1
40.71,-76.69,1
40.71,-76.69,1
40.71,-76.69,1
40.71,-76.69,1
40.71,-76.69,1
40.71,-76.69,1
40.71,-76.69,1
40.71,-76.69,1
40.71,-76.69,1
40.71,-76.69,1
40.71,-76.69,1
40.71,-76.69,1
40.71,-76.69,1
40.71,-76.69,1
40.71,-76.69,1
40.71,-76.69,1
40.71,-76.69,1
40.71,-76.69,1
40.71,-76.69,1
40.71,-76.69,1
40.71,-76.69,1
40.71,-76.69,1
40.71,-76.69,1
40.71,-76.69,1
40.71,-76.69,1
40.71,-76.69,1
40.71,-76.69,1
40.71,-76.69,1
40.71,-76.69,1
40.71,-76.69,1
40.71,-76.69,1
40.71,-76.69,1
40.71,-76.69,1
40.71,-76.69,1
40.71,-76.69,1
40.71,-76.69,1
40.71,-76.69,1
40.71,-76.69,1
40.71,-76.69,1
40.71,-76.69,1
40.71,-76.69,1
40.71,-76.69,1
40.71,-76.69,1
40.71,-76.69,1
40.71,-76.69,1
40.71,-76.69,1
40.71,-76.69,1
40.71,-76.69,1
40.71,-76.69,1
40.71,-76.69,1
40.71,-76.69,1
40.71,-76.69,1
40.71,-76.69,1
40.71,-76.69,1
40.71,-76.69,1
40.71,-76.69,1
40.71,-76.69,1
40.71,-76.69,1
40.71,-76.69,1
40.71,-76.69,1
40.71,-76.69,1
40.71,-76.69,1
40.71,-76.69,1
40.71,-76.69,1
40.71,-76.69,1
40.71,-76.69,1
40.71,-76.69,1
40.71,-76.69,1
40.71,-76.69,1
40.71,-76.69,1
40.71,-76.69,1
40.71,-76.69,1
40.71,-76.69,1
40.71,-76.69,1
40.71,-76.69,1
40.71,-76.69,1
40.71,-76.69,1
40.71,-76.69,1
40.71,-76.69,1
40.71,-76.69,1
40.71,-76.69,1
40.71,-76.69,1
40.71,-76.69,1
40.71,-76.69,1
40.71,-76.69,1
40.71,-76.69,1
40.71,-76.69,1
40.71,-76.69,1
40.71,-76.69,1
40.71,-76.69,1
40.71,-76.69,1
40.71,-76.69,1
40.71,-76.69,1
40.71,-76.69,1
40.71,-76.69,1
40.71,-76.69,1
40.71,-76.69,1
40.71,-76.69,1
40.71,-76.69,1
40.71,-76.69,1
40.71,-76.69,1
40.71,-76.69,1
40.71,-76.69,1
40.71,-76.69,1
40.71,-76.69,1
40.71,-76.69,1
40.71,-76.69,1
40.71,-76.69,1
40.71,-76.69,1
40.71,-76.69,1
40.71,-76.69,1
40.71,-76.69,1
40.71,-76.69,1
40.71,-76.69,1
40.71,-76.69,1
40.71,-76.69,1
40.71,-76.69,1
40.71,-76.69,1
40.71,-76.69,1
40.71,-76.69,1
40.71,-76.69,1
40.71,-76.69,1
40.71,-76.69,1
40.71,-76.69,1
40.71,-76.69,1
40.71,-76.69,1
40.71,-76.69,1
40.71,-76.69,1
40.71,-76.69,1
40.71,-76.69,1
40.71,-76.69,1
40.71,-76.69,1
40.71,-76.69,1
40.71,-76.69,1
40.71,-76.69,1
40.71,-76.69,1
40.71,-76.69,1
40.71,-76.69,1
40.71,-76.69,1
40.71,-76.69,1
40.71,-76.69,1
40.71,-76.69,1
40.71,-76.69,1
40.71,-76.69,1
40.71,-76.69,1
40.71,-76.69,1
40.71,-76.69,1
40.71,-76.69,1
40.71,-76.69,1
40.71,-76.69,1
40.71,-76.69,1
40.71,-76.69,1
40.71,-76.69,1
40.71,-76.69,1
40.71,-76.69,1
40.71,-76.69,1
40.71,-76.69,1
40.71,-76.69,1
40.71,-76.69,1
40.71,-76.69,1
40.71,-76.69,1
40.71,-76.69,1
40.71,-76.69,1
40.71,-76.69,1
40.71,-76.69,1
40.71,-76.69,1
40.71,-76.69,1
40.71,-76.69,1
40.71,-76.69,1
40.71,-76.69,1
40.71,-76.69,1
40.71,-76.69,1
40.71,-76.69,1
40.71,-76.69,1
40.71,-76.69,1
40.71,-76.69,1
40.71,-76.69,1
40.71,-76.69,1
40.71,-76.69,1
40.71,-76.69,1
40.71,-76.69,1
40.71,-76.69,1
40.71,-76.69,1
40.71,-76.69,1
40.71,-76.69,1
40.71,-76.69,1
40.71,-76.69,1
40.71,-76.69,1
40.71,-76.69,1
40.71,-76.69,1
40.71,-76.69,1
40.71,-76.69,1
40.71,-76.69,1
40.71,-76.69,1
40.71,-76.69,1
40.71,-76.69,1
40.71,-76.69,1
40.71,-76.69,1
40.71,-76.69,1
40.71,-76.69,1
40.71,-76.69,1
40.71,-76.69,1
40.71,-76.69,1
40.71,-76.69,1
40.71,-76.69,1
40.71,-76.69,1
40.71,-76.69,1
40.71,-76.69,1
40.71,-76.69,1
40.71,-76.69,1
40.71,-76.69,1
40.71,-76.69,1
40.71,-76.69,1
40.71,-76.69,1
40.71,-76.69,1
40.71,-76.69,1
40.71,-76.69,1
40.71,-76.69,1
40.71,-76.69,1
40.71,-76.69,1
40.71,-76.69,1
40.71,-76.69,1
40.71,-76.69,1
40.71,-76.69,1
40.71,-76.69,1
40.71,-76.69,1
40.71,-76.69,1
40.71,-76.69,1
40.71,-76.69,1
40.71,-76.69,1
40.71,-76.69,1
40.71,-76.69,1
40.71,-76.69,1
40.71,-76.69,1
40.71,-76.69,1
40.71,-76.69,1
40.71,-76.69,1
40.71,-76.69,1
40.71,-76.69,1
40.71,-76.69,1
40.71,-76.69,1
40.71,-76.69,1
40.71,-76.69,1
40.71,-76.69,1
40.71,-76.69,1
40.71,-76.69,1
40.71,-76.69,1
40.71,-76.69,1
40.71,-76.69,1
40.71,-76.69,1
40.71,-76.69,1
40.71,-76.69,1
40.71,-76.69,1
40.71,-76.69,1
40.71,-76.69,1
40.71,-76.69,1
40.71,-76.69,1
40.71,-76.69,1
40.71,-76.69,1
40.71,-76.69,1
40.71,-76.69,1
40.71,-76.69,1
40.71,-76.69,1
40.71,-76.69,1
40.71,-76.69,1
40.71,-76.69,1
40.71,-76.69,1
40.71,-76.69,1
40.71,-76.69,1
40.71,-76.69,1
40.71,-76.69,1
40.71,-76.69,1
40.71,-76.69,1
40.71,-76.69,1
40.71,-76.69,1
40.71,-76.69,1
40.71,-76.69,1
40.71,-76.69,1
40.71,-76.69,1
40.71,-76.69,1
40.71,-76.69,1
40.71,-76.69,1
40.71,-76.69,1
40.71,-76.69,1
40.71,-76.69,1
40.71,-76.69,1
40.71,-76.69,1
40.71,-76.69,1
40.71,-76.69,1
40.71,-76.69,1
40.71,-76.69,1
40.71,-76.69,1
40.71,-76.69,1
40.71,-76.69,1
40.71,-76.69,1
40.71,-76.69,1
40.71,-76.69,1
40.71,-76.69,1
40.71,-76.69,1
40.71,-76.69,1
40.71,-76.69,1
40.71,-76.69,1
40.71,-76.69,1
40.71,-76.69,1
40.71,-76.69,1
40.71,-76.69,1
40.71,-76.69,1
40.71,-76.69,1
40.71,-76.69,1
40.71,-76.69,1
40.71,-76.69,1
40.71,-76.69,1
40.71,-76.69,1
40.71,-76.69,1
40.71,-76.69,1
40.71,-76.69,1
40.71,-76.69,1
40.71,-76.69,1
40.71,-76.69,1
40.71,-76.69,1
40.71,-76.69,1
40.71,-76.69,1
40.71,-76.69,1
40.71,-76.69,1
40.71,-76.69,1
40.71,-76.69,1
40.71,-76.69,1
40.71,-76.69,1
40.71,-76.69,1
40.71,-76.69,1
40.71,-76.69,1
40.71,-76.69,1
40.71,-76.69,1
40.71,-76.69,1
40.71,-76.69,1
40.71,-76.69,1
40.71,-76.69,1
40.71,-76.69,1
40.71,-76.69,1
40.71,-76.69,1
40.71,-76.69,1
40.71,-76.69,1
40.71,-76.69,1
40.71,-76.69,1
40.71,-76.69,1
40.71,-76.69,1
40.71,-76.69,1
40.71,-76.69,1
40.71,-76.69,1
40.71,-76.69,1
40.71,-76.69,1
40.71,-76.69,1
40.71,-76.69,1
40.71,-76.69,1
40.71,-76.69,1
40.71,-76.69,1
40.71,-76.69,1
40.71,-76.69,1
40.71,-76.69,1
40.71,-76.69,1
40.71,-76.69,1
40.71,-76.69,1
40.71,-76.69,1
40.71,-76.69,1
40.71,-76.69,1
40.71,-76.69,1
40.71,-76.69,1
40.71,-76.69,1
40.71,-76.69,1
40.71,-76.69,1
40.71,-76.69,1
40.71,-76.69,1
40.71,-76.69,1
40.71,-76.69,1
40.71,-76.69,1
40.71,-76.69,1
40.71,-76.69,1
40.71,-76.69,1
40.71,-76.69,1
40.71,-76.69,1
40.71,-76.69,1
40.71,-76.69,1
40.71,-76.69,1
40.71,-76.69,1
40.71,-76.69,1
40.71,-76.69,1
40.71,-76.69,1
40.71,-76.69,1
40.71,-76.69,1
40.71,-76.69,1
40.71,-76.69,1
40.71,-76.69,1
40.71,-76.69,1
40.71,-76.69,1
40.71,-76.69,1
40.71,-76.69,1
40.71,-76.69,1
40.71,-76.69,1
40.71,-76.69,1
40.71,-76.69,1
40.71,-76.69,1
40.71,-76.69,1
40.71,-76.69,1
40.71,-76.69,1
40.71,-76.69,1
40.71,-76.69,1
40.71,-76.69,1
40.71,-76.69,1
40.71,-76.69,1
40.71,-76.69,1
40.71,-76.69,1
40.71,-76.69,1
40.71,-76.69,1
40.71,-76.69,1
40.71,-76.69,1
40.71,-76.69,1
40.71,-76.69,1
40.71,-76.69,1
40.71,-76.69,1
40.71,-76.69,1
40.71,-76.69,1
40.71,-76.69,1
40.71,-76.69,1
40.71,-76.69,1
40.71,-76.69,1
40.71,-76.69,1
40.71,-76.69,1
40.71,-76.69,1
40.71,-76.69,1
40.71,-76.69,1
40.71,-76.69,1
40.71,-76.69,1
40.71,-76.69,1
40.71,-76.69,1
40.71,-76.69,1
40.71,-76.69,1
40.71,-76.69,1
40.71,-76.69,1
40.71,-76.69,1
40.71,-76.69,1
40.71,-76.69,1
40.71,-76.69,1
40.71,-76.69,1
40.71,-76.69,1
40.71,-76.69,1
40.71,-76.69,1
40.71,-76.69,1
40.71,-76.69,1
40.71,-76.69,1
40.71,-76.69,1
40.71,-76.69,1
40.71,-76.69,1
40.71,-76.69,1
40.71,-76.69,1
40.71,-76.69,1
40.71,-76.69,1
40.71,-76.69,1
40.71,-76.69,1
40.71,-76.69,1
40.71,-76.69,1
40.71,-76.69,1
40.71,-76.69,1
40.71,-76.69,1
40.71,-76.69,1
40.71,-76.69,1
40.71,-76.69,1
40.71,-76.69,1
40.71,-76.69,1
40.71,-76.69,1
40.71,-76.69,1
40.71,-76.69,1
40.71,-76.69,1
40.71,-76.69,1
40.71,-76.69,1
40.71,-76.69,1
40.71,-76.69,1
40.71,-76.69,1
40.71,-76.69,1
40.71,-76.69,1
40.71,-76.69,1
40.71,-76.69,1
40.71,-76.69,1
40.71,-76.69,1
40.71,-76.69,1
40.71,-76.69,1
40.71,-76.69,1
40.71,-76.69,1
40.71,-76.69,1
40.71,-76.69,1
40.71,-76.69,1
40.71,-76.69,1
40.71,-76.69,1
40.71,-76.69,1
40.71,-76.69,1
40.71,-76.69,1
40.71,-76.69,1
40.71,-76.69,1
40.71,-76.69,1
40.71,-76.69,1
40.71,-76.69,1
40.71,-76.69,1
40.71,-76.69,1
40.71,-76.69,1
40.71,-76.69,1
40.71,-76.69,1
40.71,-76.69,1
40.71,-76.69,1
40.71,-76.69,1
40.71,-76.69,1
40.71,-76.69,1
40.71,-76.69,1
40.71,-76.69,1
40.71,-76.69,1
40.71,-76.69,1
40.71,-76.69,1
40.71,-76.69,1
40.71,-76.69,1
40.71,-76.69,1
40.71,-76.69,1
40.71,-76.69,1
40.71,-76.69,1
40.71,-76.69,1
40.71,-76.69,1
40.71,-76.69,1
40.71,-76.69,1
40.71,-76.69,1
40.71,-76.69,1
40.71,-76.69,1
40.71,-76.69,1
40.71,-76.69,1
40.71,-76.69,1
40.71,-76.69,1
40.71,-76.69,1
40.71,-76.69,1
40.71,-76.69,1
40.71,-76.69,1
40.71,-76.69,1
40.71,-76.69,1
40.71,-76.69,1
40.71,-76.69,1
40.71,-76.69,1
40.71,-76.69,1
40.71,-76.69,1
40.71,-76.69,1
40.71,-76.69,1
40.71,-76.69,1
40.71,-76.69,1
40.71,-76.69,1
40.71,-76.69,1
40.71,-76.69,1
40.71,-76.69,1
40.71,-76.69,1
40.71,-76.69,1
40.71,-76.69,1
40.71,-76.69,1
40.71,-76.69,1
40.71,-76.69,1
40.71,-76.69,1
40.71,-76.69,1
40.71,-76.69,1
40.71,-76.69,1
40.71,-76.69,1
40.71,-76.69,1
40.71,-76.69,1
40.71,-76.69,1
40.71,-76.69,1
40.71,-76.69,1
40.71,-76.69,1
40.71,-76.69,1
40.71,-76.69,1
40.71,-76.69,1
40.71,-76.69,1
40.71,-76.69,1
40.71,-76.69,1
40.71,-76.69,1
40.71,-76.69,1
40.71,-76.69,1
40.71,-76.69,1
40.71,-76.69,1
40.71,-76.69,1
40.71,-76.69,1
40.71,-76.69,1
40.71,-76.69,1
40.71,-76.69,1
40.71,-76.69,1
40.71,-76.69,1
40.71,-76.69,1
40.71,-76.69,1
40.71,-76.69,1
40.71,-76.69,1
40.71,-76.69,1
40.71,-76.69,1
40.71,-76.69,1
40.71,-76.69,1
40.71,-76.69,1
40.71,-76.69,1
40.71,-76.69,1
40.71,-76.69,1
40.71,-76.69,1
40.71,-76.69,1
40.71,-76.69,1
40.71,-76.69,1
40.71,-76.69,1
40.71,-76.69,1
40.71,-76.69,1
40.71,-76.69,1
40.71,-76.69,1
40.71,-76.69,1
40.71,-76.69,1
40.71,-76.69,1
40.71,-76.69,1
40.71,-76.69,1
40.71,-76.69,1
40.71,-76.69,1
40.71,-76.69,1
40.71,-76.69,1
40.71,-76.69,1
40.71,-76.69,1
40.71,-76.69,1
40.71,-76.69,1
40.71,-76.69,1
40.71,-76.69,1
40.71,-76.69,1
40.71,-76.69,1
40.71,-76.69,1
40.71,-76.69,1
40.71,-76.69,1
40.71,-76.69,1
40.71,-76.69,1
40.71,-76.69,1
40.71,-76.69,1
40.71,-76.69,1
40.71,-76.69,1
40.71,-76.69,1
40.71,-76.69,1
40.71,-76.69,1
40.71,-76.69,1
40.71,-76.69,1
40.71,-76.69,1
40.71,-76.69,1
40.71,-76.69,1
40.71,-76.69,1
40.71,-76.69,1
40.71,-76.69,1
40.71,-76.69,1
40.71,-76.69,1
40.71,-76.69,1
40.71,-76.69,1
40.71,-76.69,1
40.71,-76.69,1
40.71,-76.69,1
40.71,-76.69,1
40.71,-76.69,1
40.71,-76.69,1
40.71,-76.69,1
40.71,-76.69,1
40.71,-76.69,1
40.71,-76.69,1
40.71,-76.69,1
40.71,-76.69,1
40.71,-76.69,1
40.71,-76.69,1
40.71,-76.69,1
40.71,-76.69,1
40.71,-76.69,1
40.71,-76.69,1
40.71,-76.69,1
40.71,-76.69,1
40.71,-76.69,1
40.71,-76.69,1
40.71,-76.69,1
40.71,-76.69,1
40.71,-76.69,1
40.71,-76.69,1
40.71,-76.69,1
40.71,-76.69,1
40.71,-76.69,1
40.71,-76.69,1
40.71,-76.69,1
40.71,-76.69,1
40.71,-76.69,1
40.71,-76.69,1
40.71,-76.69,1
40.71,-76.69,1
40.71,-76.69,1
40.71,-76.69,1
40.71,-76.69,1
40.71,-76.69,1
40.71,-76.69,1
40.71,-76.69,1
40.71,-76.69,1
40.71,-76.69,1
40.71,-76.69,1
40.71,-76.69,1
40.71,-76.69,1
40.71,-76.69,1
40.71,-76.69,1
40.71,-76.69,1
40.71,-76.69,1
40.71,-76.69,1
40.71,-76.69,1
40.71,-76.69,1
40.71,-76.69,1
40.71,-76.69,1
40.71,-76.69,1
40.71,-76.69,1
40.71,-76.69,1
40.71,-76.69,1
40.71,-76.69,1
40.71,-76.69,1
40.71,-76.69,1
40.71,-76.69,1
40.71,-76.69,1
40.71,-76.69,1
40.71,-76.69,1
40.71,-76.69,1
40.71,-76.69,1
40.71,-76.69,1
40.71,-76.69,1
40.71,-76.69,1
40.71,-76.69,1
40.71,-76.69,1
40.71,-76.69,1
40.71,-76.69,1
40.71,-76.69,1
40.71,-76.69,1
40.71,-76.69,1
40.71,-76.69,1
40.71,-76.69,1
40.71,-76.69,1
40.71,-76.69,1
40.71,-76.69,1
40.71,-76.69,1
40.71,-76.69,1
40.71,-76.69,1
40.71,-76.69,1
40.71,-76.69,1
40.71,-76.69,1
40.71,-76.69,1
40.71,-76.69,1
40.71,-76.69,1
40.71,-76.69,1
40.71,-76.69,1
40.71,-76.69,1
40.71,-76.69,1
40.71,-76.69,1
40.71,-76.69,1
40.71,-76.69,1
40.71,-76.69,1
40.71,-76.69,1
40.71,-76.69,1
40.71,-76.69,1
40.71,-76.69,1
40.71,-76.69,1
40.71,-76.69,1
40.71,-76.69,1
40.71,-76.69,1
40.71,-76.69,1
40.71,-76.69,1
40.71,-76.69,1
40.71,-76.69,1
40.71,-76.69,1
40.71,-76.69,1
40.71,-76.69,1
40.71,-76.69,1
40.71,-76.69,1
40.71,-76.69,1
40.71,-76.69,1
40.71,-76.69,1
40.71,-76.69,1
40.71,-76.69,1
40.71,-76.69,1
40.71,-76.69,1
40.71,-76.69,1
40.71,-76.69,1
40.71,-76.69,1
40.71,-76.69,1
40.71,-76.69,1
40.71,-76.69,1
40.71,-76.69,1
40.71,-76.69,1
40.71,-76.69,1
40.71,-76.69,1
40.71,-76.69,1
40.71,-76.69,1
40.71,-76.69,1
40.71,-76.69,1
40.71,-76.69,1
40.71,-76.69,1
40.71,-76.69,1
40.71,-76.69,1
40.71,-76.69,1
40.71,-76.69,1
40.71,-76.69,1
40.71,-76.69,1
40.71,-76.69,1
40.71,-76.69,1
40.71,-76.69,1
40.71,-76.69,1
40.71,-76.69,1
40.71,-76.69,1
40.71,-76.69,1
40.71,-76.69,1
40.71,-76.69,1
40.71,-76.69,1
40.71,-76.69,1
40.71,-76.69,1
40.71,-76.69,1
40.71,-76.69,1
40.71,-76.69,1
40.71,-76.69,1
40.71,-76.69,1
40.71,-76.69,1
40.71,-76.69,1
40.71,-76.69,1
40.71,-76.69,1
40.71,-76.69,1
40.71,-76.69,1
40.71,-76.69,1
40.71,-76.69,1
40.71,-76.69,1
40.71,-76.69,1
40.71,-76.69,1
40.71,-76.69,1
40.71,-76.69,1
40.71,-76.69,1
40.71,-76.69,1
40.71,-76.69,1
40.71,-76.69,1
40.71,-76.69,1
40.71,-76.69,1
40.71,-76.69,1
40.71,-76.69,1
40.71,-76.69,1
40.71,-76.69,1
40.71,-76.69,1
40.71,-76.69,1
40.71,-76.69,1
40.71,-76.69,1
40.71,-76.69,1
40.71,-76.69,1
40.71,-76.69,1
40.71,-76.69,1
40.71,-76.69,1
40.71,-76.69,1
40.71,-76.69,1
40.71,-76.69,1
40.71,-76.69,1
40.71,-76.69,1
40.71,-76.69,1
40.71,-76.69,1
40.71,-76.69,1
40.71,-76.69,1
40.71,-76.69,1
40.71,-76.69,1
40.71,-76.69,1
40.71,-76.69,1
40.71,-76.69,1
40.71,-76.69,1
40.71,-76.69,1
40.71,-76.69,1
40.71,-76.69,1
40.71,-76.69,1
40.71,-76.69,1
40.71,-76.69,1
40.71,-76.69,1
40.71,-76.69,1
40.71,-76.69,1
40.71,-76.69,1
40.71,-76.69,1
40.71,-76.69,1
40.71,-76.69,1
40.71,-76.69,1
40.71,-76.69,1
40.71,-76.69,1
40.71,-76.69,1
40.71,-76.69,1
40.71,-76.69,1
40.71,-76.69,1
40.71,-76.69,1
40.71,-76.69,1
40.71,-76.69,1
40.71,-76.69,1
40.71,-76.69,1
40.71,-76.69,1
40.71,-76.69,1
40.71,-76.69,1
40.71,-76.69,1
40.71,-76.69,1
40.71,-76.69,1
40.71,-76.69,1
40.71,-76.69,1
40.71,-76.69,1
40.71,-76.69,1
40.71,-76.69,1
40.71,-76.69,1
40.71,-76.69,1
40.71,-76.69,1
40.71,-76.69,1
40.71,-76.69,1
40.71,-76.69,1
40.71,-76.69,1
40.71,-76.69,1
40.71,-76.69,1
40.71,-76.69,1
40.71,-76.69,1
40.71,-76.69,1
40.71,-76.69,1
40.71,-76.69,1
40.71,-76.69,1
40.71,-76.69,1
40.71,-76.69,1
40.71,-76.69,1
40.71,-76.69,1
40.71,-76.69,1
40.71,-76.69,1
40.71,-76.69,1
40.71,-76.69,1
40.71,-76.69,1
40.71,-76.69,1
40.71,-76.69,1
40.71,-76.69,1
40.71,-76.69,1
40.71,-76.69,1
40.71,-76.69,1
40.71,-76.69,1
40.71,-76.69,1
40.71,-76.69,1
40.71,-76.69,1
40.71,-76.69,1
40.71,-76.69,1
40.71,-76.69,1
40.71,-76.69,1
40.71,-76.69,1
40.71,-76.69,1
40.71,-76.69,1
40.71,-76.69,1
40.71,-76.69,1
40.71,-76.69,1
40.71,-76.69,1
40.71,-76.69,1
40.71,-76.69,1
40.71,-76.69,1
40.71,-76.69,1
40.71,-76.69,1
40.71,-76.69,1
40.71,-76.69,1
40.71,-76.69,1
40.71,-76.69,1
40.71,-76.69,1
40.71,-76.69,1
40.71,-76.69,1
40.71,-76.69,1
40.71,-76.69,1
40.71,-76.69,1
40.71,-76.69,1
40.71,-76.69,1
40.71,-76.69,1
40.71,-76.69,1
40.71,-76.69,1
40.71,-76.69,1
40.71,-76.69,1
40.71,-76.69,1
40.71,-76.69,1
40.71,-76.69,1
40.71,-76.69,1
40.71,-76.69,1
40.71,-76.69,1
40.71,-76.69,1
40.71,-76.69,1
40.71,-76.69,1
40.71,-76.69,1
40.71,-76.69,1
40.71,-76.69,1
40.71,-76.69,1
40.71,-76.69,1
40.71,-76.69,1
40.71,-76.69,1
40.71,-76.69,1
40.71,-76.69,1
40.71,-76.69,1
40.71,-76.69,1
40.71,-76.69,1
40.71,-76.69,1
40.71,-76.69,1
40.71,-76.69,1
40.71,-76.69,1
40.71,-76.69,1
40.71,-76.69,1
40.71,-76.69,1
40.71,-76.69,1
40.71,-76.69,1
40.71,-76.69,1
40.71,-76.69,1
40.71,-76.69,1
40.71,-76.69,1
40.71,-76.69,1
40.71,-76.69,1
40.71,-76.69,1
40.71,-76.69,1
40.71,-76.69,1
40.71,-76.69,1
40.71,-76.69,1
40.71,-76.69,1
40.71,-76.69,1
40.71,-76.69,1
40.71,-76.69,1
40.71,-76.69,1
40.71,-76.69,1
40.71,-76.69,1
40.71,-76.69,1
40.71,-76.69,1
40.71,-76.69,1
40.71,-76.69,1
40.71,-76.69,1
40.71,-76.69,1
40.71,-76.69,1
40.71,-76.69,1
40.71,-76.69,1
40.71,-76.69,1
40.71,-76.69,1
40.71,-76.69,1
40.71,-76.69,1
40.71,-76.69,1
40.71,-76.69,1
40.71,-76.69,1
40.71,-76.69,1
40.71,-76.69,1
40.71,-76.69,1
40.71,-76.69,1
40.71,-76.69,1
40.71,-76.69,1
40.71,-76.69,1
40.71,-76.69,1
40.71,-76.69,1
40.71,-76.69,1
40.71,-76.69,1
40.71,-76.69,1
40.71,-76.69,1
40.71,-76.69,1
40.71,-76.69,1
40.71,-76.69,1
40.71,-76.69,1
40.71,-76.69,1
40.71,-76.69,1
40.71,-76.69,1
40.71,-76.69,1
40.71,-76.69,1
40.71,-76.69,1
40.71,-76.69,1
40.71,-76.69,1
40.71,-76.69,1
40.71,-76.69,1
40.71,-76.69,1
40.71,-76.69,1
40.71,-76.69,1
40.71,-76.69,1
40.71,-76.69,1
40.71,-76.69,1
40.71,-76.69,1
40.71,-76.69,1
40.71,-76.69,1
40.71,-76.69,1
40.71,-76.69,1
40.71,-76.69,1
40.71,-76.69,1
40.71,-76.69,1
40.71,-76.69,1
40.71,-76.69,1
40.71,-76.69,1
40.71,-76.69,1
40.71,-76.69,1
40.71,-76.69,1
40.71,-76.69,1
40.71,-76.69,1
40.71,-76.69,1
40.71,-76.69,1
40.71,-76.69,1
40.71,-76.69,1
40.71,-76.69,1
40.71,-76.69,1
40.71,-76.69,1
40.71,-76.69,1
40.71,-76.69,1
40.71,-76.69,1
40.71,-76.69,1
40.71,-76.69,1
40.71,-76.69,1
40.71,-76.69,1
40.71,-76.69,1
40.71,-76.69,1
40.71,-76.69,1
40.71,-76.69,1
40.71,-76.69,1
40.71,-76.69,1
40.71,-76.69,1
40.71,-76.69,1
40.71,-76.69,1
40.71,-76.69,1
40.71,-76.69,1
40.71,-76.69,1
40.71,-76.69,1
40.71,-76.69,1
40.71,-76.69,1
40.71,-76.69,1
40.71,-76.69,1
40.71,-76.69,1
40.71,-76.69,1
40.71,-76.69,1
40.71,-76.69,1
40.71,-76.69,1
40.71,-76.69,1
40.71,-76.69,1
40.71,-76.69,1
40.71,-76.69,1
40.71,-76.69,1
40.71,-76.69,1
40.71,-76.69,1
40.71,-76.69,1
40.71,-76.69,1
40.71,-76.69,1
40.71,-76.69,1
40.71,-76.69,1
40.71,-76.69,1
40.71,-76.69,1
40.71,-76.69,1
40.71,-76.69,1
40.71,-76.69,1
40.71,-76.69,1
40.71,-76.69,1
40.71,-76.69,1
40.71,-76.69,1
40.71,-76.69,1
40.71,-76.69,1
40.71,-76.69,1
40.71,-76.69,1
40.71,-76.69,1
40.71,-76.69,1
40.71,-76.69,1
40.71,-76.69,1
40.71,-76.69,1
40.71,-76.69,1
40.71,-76.69,1
40.71,-76.69,1
40.71,-76.69,1
40.71,-76.69,1
40.71,-76.69,1
40.71,-76.69,1
40.71,-76.69,1
40.71,-76.69,1
40.71,-76.69,1
40.71,-76.69,1
40.71,-76.69,1
40.71,-76.69,1
40.71,-76.69,1
40.71,-76.69,1
40.71,-76.69,1
40.71,-76.69,1
40.71,-76.69,1
40.71,-76.69,1
40.71,-76.69,1
40.71,-76.69,1
40.71,-76.69,1
40.71,-76.69,1
40.71,-76.69,1
40.71,-76.69,1
40.71,-76.69,1
40.71,-76.69,1
40.71,-76.69,1
40.71,-76.69,1
40.71,-76.69,1
40.71,-76.69,1
40.71,-76.69,1
40.71,-76.69,1
40.71,-76.69,1
40.71,-76.69,1
40.71,-76.69,1
40.71,-76.69,1
40.71,-76.69,1
40.71,-76.69,1
40.71,-76.69,1
40.71,-76.69,1
40.71,-76.69,1
40.71,-76.69,1
40.71,-76.69,1
40.71,-76.69,1
40.71,-76.69,1
40.71,-76.69,1
40.71,-76.69,1
40.71,-76.69,1
40.71,-76.69,1
40.71,-76.69,1
40.71,-76.69,1
40.71,-76.69,1
40.71,-76.69,1
40.71,-76.69,1
40.71,-76.69,1
40.71,-76.69,1
40.71,-76.69,1
40.71,-76.69,1
40.71,-76.69,1
40.71,-76.69,1
40.71,-76.69,1
40.71,-76.69,1
40.71,-76.69,1
40.71,-76.69,1
40.71,-76.69,1
40.71,-76.69,1
40.71,-76.69,1
40.71,-76.69,1
40.71,-76.69,1
40.71,-76.69,1
40.71,-76.69,1
40.71,-76.69,1
40.71,-76.69,1
40.71,-76.69,1
40.71,-76.69,1
40.71,-76.69,1
40.71,-76.69,1
40.71,-76.69,1
40.71,-76.69,1
40.71,-76.69,1
40.71,-76.69,1
40.71,-76.69,1
40.71,-76.69,1
40.71,-76.69,1
40.71,-76.69,1
40.71,-76.69,1
40.71,-76.69,1
40.71,-76.69,1
40.71,-76.69,1
40.71,-76.69,1
40.71,-76.69,1
40.71,-76.69,1
40.71,-76.69,1
40.71,-76.69,1
40.71,-76.69,1
40.71,-76.69,1
40.71,-76.69,1
40.71,-76.69,1
40.71,-76.69,1
40.71,-76.69,1
40.71,-76.69,1
40.71,-76.69,1
40.71,-76.69,1
40.71,-76.69,1
40.71,-76.69,1
40.71,-76.69,1
40.71,-76.69,1
40.71,-76.69,1
40.71,-76.69,1
40.71,-76.69,1
40.71,-76.69,1
40.71,-76.69,1
40.71,-76.69,1
40.71,-76.69,1
40.71,-76.69,1
40.71,-76.69,1
40.71,-76.69,1
40.71,-76.69,1
40.71,-76.69,1
40.71,-76.69,1
40.71,-76.69,1
40.71,-76.69,1
40.71,-76.69,1
40.71,-76.69,1
40.71,-76.69,1
40.71,-76.69,1
40.71,-76.69,1
40.71,-76.69,1
40.71,-76.69,1
40.71,-76.69,1
40.71,-76.69,1
40.71,-76.69,1
40.71,-76.69,1
40.71,-76.69,1
40.71,-76.69,1
40.71,-76.69,1
40.71,-76.69,1
40.71,-76.69,1
40.71,-76.69,1
40.71,-76.69,1
40.71,-76.69,1
40.71,-76.69,1
40.71,-76.69,1
40.71,-76.69,1
40.71,-76.69,1
40.71,-76.69,1
40.71,-76.69,1
40.71,-76.69,1
40.71,-76.69,1
40.71,-76.69,1
40.71,-76.69,1
40.71,-76.69,1
40.71,-76.69,1
40.71,-76.69,1
40.71,-76.69,1
40.71,-76.69,1
40.71,-76.69,1
40.71,-76.69,1
40.71,-76.69,1
40.71,-76.69,1
40.71,-76.69,1
40.71,-76.69,1
40.71,-76.69,1
40.71,-76.69,1
40.71,-76.69,1
40.71,-76.69,1
40.71,-76.69,1
40.71,-76.69,1
40.71,-76.69,1
40.71,-76.69,1
40.71,-76.69,1
40.71,-76.69,1
40.71,-76.69,1
40.71,-76.69,1
40.71,-76.69,1
40.71,-76.69,1
40.71,-76.69,1
40.71,-76.69,1
40.71,-76.69,1
40.71,-76.69,1
40.71,-76.69,1
40.71,-76.69,1
40.71,-76.69,1
40.71,-76.69,1
40.71,-76.69,1
40.71,-76.69,1
40.71,-76.69,1
40.71,-76.69,1
40.71,-76.69,1
40.71,-76.69,1
40.71,-76.69,1
40.71,-76.69,1
40.71,-76.69,1
40.71,-76.69,1
40.71,-76.69,1
40.71,-76.69,1
40.71,-76.69,1
40.71,-76.69,1
40.71,-76.69,1
40.71,-76.69,1
40.71,-76.69,1
40.71,-76.69,1
40.71,-76.69,1
40.71,-76.69,1
40.71,-76.69,1
40.71,-76.69,1
40.71,-76.69,1
40.71,-76.69,1
40.71,-76.69,1
40.71,-76.69,1
40.71,-76.69,1
40.71,-76.69,1
40.71,-76.69,1
40.71,-76.69,1
40.71,-76.69,1
40.71,-76.69,1
40.71,-76.69,1
40.71,-76.69,1
40.71,-76.69,1
40.71,-76.69,1
40.71,-76.69,1
40.71,-76.69,1
40.71,-76.69,1
40.71,-76.69,1
40.71,-76.69,1
40.71,-76.69,1
40.71,-76.69,1
40.71,-76.69,1
40.71,-76.69,1
40.71,-76.69,1
40.71,-76.69,1
40.71,-76.69,1
40.71,-76.69,1
40.71,-76.69,1
40.71,-76.69,1
40.71,-76.69,1
40.71,-76.69,1
40.71,-76.69,1
40.71,-76.69,1
40.71,-76.69,1
40.71,-76.69,1
40.71,-76.69,1
40.71,-76.69,1
40.71,-76.69,1
40.71,-76.69,1
40.71,-76.69,1
40.71,-76.69,1
40.71,-76.69,1
40.71,-76.69,1
40.71,-76.69,1
40.71,-76.69,1
40.71,-76.69,1
40.71,-76.69,1
40.71,-76.69,1
40.71,-76.69,1
40.71,-76.69,1
40.71,-76.69,1
40.71,-76.69,1
40.71,-76.69,1
40.71,-76.69,1
40.71,-76.69,1
40.71,-76.69,1
40.71,-76.69,1
40.71,-76.69,1
40.71,-76.69,1
40.71,-76.69,1
40.71,-76.69,1
40.71,-76.69,1
40.71,-76.69,1
40.71,-76.69,1
40.71,-76.69,1
40.71,-76.69,1
40.71,-76.69,1
40.71,-76.69,1
40.71,-76.69,1
40.71,-76.69,1
40.71,-76.69,1
40.71,-76.69,1
40.71,-76.69,1
40.71,-76.69,1
40.71,-76.69,1
40.71,-76.69,1
40.71,-76.69,1
40.71,-76.69,1
40.71,-76.69,1
40.71,-76.69,1
40.71,-76.69,1
40.71,-76.69,1
40.71,-76.69,1
40.71,-76.69,1
40.71,-76.69,1
40.71,-76.69,1
40.71,-76.69,1
40.71,-76.69,1
40.71,-76.69,1
40.71,-76.69,1
40.71,-76.69,1
40.71,-76.69,1
40.71,-76.69,1
40.71,-76.69,1
40.71,-76.69,1
40.71,-76.69,1
40.71,-76.69,1
40.71,-76.69,1
40.71,-76.69,1
40.71,-76.69,1
40.71,-76.69,1
40.71,-76.69,1
40.71,-76.69,1
40.71,-76.69,1
40.71,-76.69,1
40.71,-76.69,1
40.71,-76.69,1
40.71,-76.69,1
40.71,-76.69,1
40.71,-76.69,1
40.71,-76.69,1
40.71,-76.69,1
40.71,-76.69,1
40.71,-76.69,1
40.71,-76.69,1
40.71,-76.69,1
40.71,-76.69,1
40.71,-76.69,1
40.71,-76.69,1
40.71,-76.69,1
40.71,-76.69,1
40.71,-76.69,1
40.71,-76.69,1
40.71,-76.69,1
40.71,-76.69,1
40.71,-76.69,1
40.71,-76.69,1
40.71,-76.69,1
40.71,-76.69,1
40.71,-76.69,1
40.71,-76.69,1
40.71,-76.69,1
40.71,-76.69,1
40.71,-76.69,1
40.71,-76.69,1
40.71,-76.69,1
40.71,-76.69,1
40.71,-76.69,1
40.71,-76.69,1
40.71,-76.69,1
40.71,-76.69,1
40.71,-76.69,1
40.71,-76.69,1
40.71,-76.69,1
40.71,-76.69,1
40.71,-76.69,1
40.71,-76.69,1
40.71,-76.69,1
40.71,-76.69,1
40.71,-76.69,1
40.71,-76.69,1
40.71,-76.69,1
40.71,-76.69,1
40.71,-76.69,1
40.71,-76.69,1
40.71,-76.69,1
40.71,-76.69,1
40.71,-76.69,1
40.71,-76.69,1
40.71,-76.69,1
40.71,-76.69,1
40.71,-76.69,1
40.71,-76.69,1
40.71,-76.69,1
40.71,-76.69,1
40.71,-76.69,1
40.71,-76.69,1
40.71,-76.69,1
40.71,-76.69,1
40.71,-76.69,1
40.71,-76.69,1
40.71,-76.69,1
40.71,-76.69,1
40.71,-76.69,1
40.71,-76.69,1
40.71,-76.69,1
40.71,-76.69,1
40.71,-76.69,1
40.71,-76.69,1
40.71,-76.69,1
40.71,-76.69,1
40.71,-76.69,1
40.71,-76.69,1
40.71,-76.69,1
40.71,-76.69,1
40.71,-76.69,1
40.71,-76.69,1
40.71,-76.69,1
40.71,-76.69,1
40.71,-76.69,1
40.71,-76.69,1
40.71,-76.69,1
40.71,-76.69,1
40.71,-76.69,1
40.71,-76.69,1
40.71,-76.69,1
40.71,-76.69,1
40.71,-76.69,1
40.71,-76.69,1
40.71,-76.69,1
40.71,-76.69,1
40.71,-76.69,1
40.71,-76.69,1
40.71,-76.69,1
40.71,-76.69,1
40.71,-76.69,1
40.71,-76.69,1
40.71,-76.69,1
40.71,-76.69,1
40.71,-76.69,1
40.71,-76.69,1
40.71,-76.69,1
40.71,-76.69,1
40.71,-76.69,1
40.71,-76.69,1
40.71,-76.69,1
40.71,-76.69,1
40.71,-76.69,1
40.71,-76.69,1
40.71,-76.69,1
40.71,-76.69,1
40.71,-76.69,1
40.71,-76.69,1
40.71,-76.69,1
40.71,-76.69,1
40.71,-76.69,1
40.71,-76.69,1
40.71,-76.69,1
40.71,-76.69,1
40.71,-76.69,1
40.71,-76.69,1
40.71,-76.69,1
40.71,-76.69,1
40.71,-76.69,1
40.71,-76.69,1
40.71,-76.69,1
40.71,-76.69,1
40.71,-76.69,1
40.71,-76.69,1
40.71,-76.69,1
40.71,-76.69,1
40.71,-76.69,1
40.71,-76.69,1
40.71,-76.69,1
40.71,-76.69,1
40.71,-76.69,1
40.71,-76.69,1
40.71,-76.69,1
40.71,-76.69,1
40.71,-76.69,1
40.71,-76.69,1
40.71,-76.69,1
40.71,-76.69,1
40.71,-76.69,1
40.71,-76.69,1
40.71,-76.69,1
40.71,-76.69,1
40.71,-76.69,1
40.71,-76.69,1
40.71,-76.69,1
40.71,-76.69,1
40.71,-76.69,1
40.71,-76.69,1
40.71,-76.69,1
40.71,-76.69,1
40.71,-76.69,1
40.71,-76.69,1
40.71,-76.69,1
40.71,-76.69,1
40.71,-76.69,1
40.71,-76.69,1
40.71,-76.69,1
40.71,-76.69,1
40.71,-76.69,1
40.71,-76.69,1
40.71,-76.69,1
40.71,-76.69,1
40.71,-76.69,1
40.71,-76.69,1
40.71,-76.69,1
40.71,-76.69,1
40.71,-76.69,1
40.71,-76.69,1
40.71,-76.69,1
40.71,-76.69,1
40.71,-76.69,1
40.71,-76.69,1
40.71,-76.69,1
40.71,-76.69,1
40.71,-76.69,1
40.71,-76.69,1
40.71,-76.69,1
40.71,-76.69,1
40.71,-76.69,1
40.71,-76.69,1
40.71,-76.69,1
40.71,-76.69,1
40.71,-76.69,1
40.71,-76.69,1
40.71,-76.69,1
40.71,-76.69,1
40.71,-76.69,1
40.71,-76.69,1
40.71,-76.69,1
40.71,-76.69,1
40.71,-76.69,1
40.71,-76.69,1
40.71,-76.69,1
40.71,-76.69,1
40.71,-76.69,1
40.71,-76.69,1
40.71,-76.69,1
40.71,-76.69,1
40.71,-76.69,1
40.71,-76.69,1
40.71,-76.69,1
40.71,-76.69,1
40.71,-76.69,1
40.71,-76.69,1
40.71,-76.69,1
40.71,-76.69,1
40.71,-76.69,1
40.71,-76.69,1
40.71,-76.69,1
40.71,-76.69,1
40.71,-76.69,1
40.71,-76.69,1
40.71,-76.69,1
40.71,-76.69,1
40.71,-76.69,1
40.71,-76.69,1
40.71,-76.69,1
40.71,-76.69,1
40.71,-76.69,1
40.71,-76.69,1
40.71,-76.69,1
40.71,-76.69,1
40.71,-76.69,1
40.71,-76.69,1
40.71,-76.69,1
40.71,-76.69,1
40.71,-76.69,1
40.71,-76.69,1
40.71,-76.69,1
40.71,-76.69,1
40.71,-76.69,1
40.71,-76.69,1
40.71,-76.69,1
40.71,-76.69,1
40.71,-76.69,1
40.71,-76.69,1
40.71,-76.69,1
40.71,-76.69,1
40.71,-76.69,1
40.71,-76.69,1
40.71,-76.69,1
40.71,-76.69,1
40.71,-76.69,1
40.71,-76.69,1
40.71,-76.69,1
40.71,-76.69,1
40.71,-76.69,1
40.71,-76.69,1
40.71,-76.69,1
40.71,-76.69,1
40.71,-76.69,1
40.71,-76.69,1
40.71,-76.69,1
40.71,-76.69,1
40.71,-76.69,1
40.71,-76.69,1
40.71,-76.69,1
40.71,-76.69,1
40.71,-76.69,1
40.71,-76.69,1
40.71,-76.69,1
40.71,-76.69,1
40.71,-76.69,1
40.71,-76.69,1
40.71,-76.69,1
40.71,-76.69,1
40.71,-76.69,1
40.71,-76.69,1
40.71,-76.69,1
40.71,-76.69,1
40.71,-76.69,1
40.71,-76.69,1
40.71,-76.69,1
40.71,-76.69,1
40.71,-76.69,1
40.71,-76.69,1
40.71,-76.69,1
40.71,-76.69,1
40.71,-76.69,1
40.71,-76.69,1
40.71,-76.69,1
40.71,-76.69,1
40.71,-76.69,1
40.71,-76.69,1
40.71,-76.69,1
40.71,-76.69,1
40.71,-76.69,1
40.71,-76.69,1
40.71,-76.69,1
40.71,-76.69,1
40.71,-76.69,1
40.71,-76.69,1
40.71,-76.69,1
40.71,-76.69,1
40.71,-76.69,1
40.71,-76.69,1
40.71,-76.69,1
40.71,-76.69,1
40.71,-76.69,1
40.71,-76.69,1
40.71,-76.69,1
40.71,-76.69,1
40.71,-76.69,1
40.71,-76.69,1
40.71,-76.69,1
40.71,-76.69,1
40.71,-76.69,1
40.71,-76.69,1
40.71,-76.69,1
40.71,-76.69,1
40.71,-76.69,1
40.71,-76.69,1
40.71,-76.69,1
40.71,-76.69,1
40.71,-76.69,1
40.71,-76.69,1
40.71,-76.69,1
40.71,-76.69,1
40.71,-76.69,1
40.71,-76.69,1
40.71,-76.69,1
40.71,-76.69,1
40.71,-76.69,1
40.71,-76.69,1
40.71,-76.69,1
40.71,-76.69,1
40.71,-76.69,1
40.71,-76.69,1
40.71,-76.69,1
40.71,-76.69,1
40.71,-76.69,1
40.71,-76.69,1
40.71,-76.69,1
40.71,-76.69,1
40.71,-76.69,1
40.71,-76.69,1
40.71,-76.69,1
40.71,-76.69,1
40.71,-76.69,1
40.71,-76.69,1
40.71,-76.69,1
40.71,-76.69,1
40.71,-76.69,1
40.71,-76.69,1
40.71,-76.69,1
40.71,-76.69,1
40.71,-76.69,1
40.71,-76.69,1
40.71,-76.69,1
40.71,-76.69,1
40.71,-76.69,1
40.71,-76.69,1
40.71,-76.69,1
40.71,-76.69,1
40.71,-76.69,1
40.71,-76.69,1
40.71,-76.69,1
40.71,-76.69,1
40.71,-76.69,1
40.71,-76.69,1
40.71,-76.69,1
40.71,-76.69,1
40.71,-76.69,1
40.71,-76.69,1
40.71,-76.69,1
40.71,-76.69,1
40.71,-76.69,1
40.71,-76.69,1
40.71,-76.69,1
40.71,-76.69,1
40.71,-76.69,1
40.71,-76.69,1
40.71,-76.69,1
40.71,-76.69,1
40.71,-76.69,1
40.71,-76.69,1
40.71,-76.69,1
40.71,-76.69,1
40.71,-76.69,1
40.71,-76.69,1
40.71,-76.69,1
40.71,-76.69,1
40.71,-76.69,1
40.71,-76.69,1
40.71,-76.69,1
40.71,-76.69,1
40.71,-76.69,1
40.71,-76.69,1
40.71,-76.69,1
40.71,-76.69,1
40.71,-76.69,1
40.71,-76.69,1
40.71,-76.69,1
40.71,-76.69,1
40.71,-76.69,1
40.71,-76.69,1
40.71,-76.69,1
40.71,-76.69,1
40.71,-76.69,1
40.71,-76.69,1
40.71,-76.69,1
40.71,-76.69,1
40.71,-76.69,1
40.71,-76.69,1
40.71,-76.69,1
40.71,-76.69,1
40.71,-76.69,1
40.71,-76.69,1
40.71,-76.69,1
40.71,-76.69,1
40.71,-76.69,1
40.71,-76.69,1
40.71,-76.69,1
40.71,-76.69,1
40.71,-76.69,1
40.71,-76.69,1
40.71,-76.69,1
40.71,-76.69,1
40.71,-76.69,1
40.71,-76.69,1
40.71,-76.69,1
40.71,-76.69,1
40.71,-76.69,1
40.71,-76.69,1
40.71,-76.69,1
40.71,-76.69,1
40.71,-76.69,1
40.71,-76.69,1
40.71,-76.69,1
40.71,-76.69,1
40.71,-76.69,1
40.71,-76.69,1
40.71,-76.69,1
40.71,-76.69,1
40.71,-76.69,1
40.71,-76.69,1
40.71,-76.69,1
40.71,-76.69,1
40.71,-76.69,1
40.71,-76.69,1
40.71,-76.69,1
40.71,-76.69,1
40.71,-76.69,1
40.71,-76.69,1
40.71,-76.69,1
40.71,-76.69,1
40.71,-76.69,1
40.71,-76.69,1
40.71,-76.69,1
40.71,-76.69,1
40.71,-76.69,1
40.71,-76.69,1
40.71,-76.69,1
40.71,-76.69,1
40.71,-76.69,1
40.71,-76.69,1
40.71,-76.69,1
40.71,-76.69,1
40.71,-76.69,1
40.71,-76.69,1
40.71,-76.69,1
40.71,-76.69,1
40.71,-76.69,1
40.71,-76.69,1
40.71,-76.69,1
40.71,-76.69,1
40.71,-76.69,1
40.71,-76.69,1
40.71,-76.69,1
40.71,-76.69,1
40.71,-76.69,1
40.71,-76.69,1
40.71,-76.69,1
40.71,-76.69,1
40.71,-76.69,1
40.71,-76.69,1
40.71,-76.69,1
40.71,-76.69,1
40.71,-76.69,1
40.71,-76.69,1
40.71,-76.69,1
40.71,-76.69,1
40.71,-76.69,1
40.71,-76.69,1
40.71,-76.69,1
40.71,-76.69,1
40.71,-76.69,1
40.71,-76.69,1
40.71,-76.69,1
40.71,-76.69,1
40.71,-76.69,1
40.71,-76.69,1
40.71,-76.69,1
40.71,-76.69,1
40.71,-76.69,1
40.71,-76.69,1
40.71,-76.69,1
40.71,-76.69,1
40.71,-76.69,1
40.71,-76.69,1
40.71,-76.69,1
40.71,-76.69,1
40.71,-76.69,1
40.71,-76.69,1
40.71,-76.69,1
40.71,-76.69,1
40.71,-76.69,1
40.71,-76.69,1
40.71,-76.69,1
40.71,-76.69,1
40.71,-76.69,1
40.71,-76.69,1
40.71,-76.69,1
40.71,-76.69,1
40.71,-76.69,1
40.71,-76.69,1
40.71,-76.69,1
40.71,-76.69,1
40.71,-76.69,1
40.71,-76.69,1
40.71,-76.69,1
40.71,-76.69,1
40.71,-76.69,1
40.71,-76.69,1
40.71,-76.69,1
40.71,-76.69,1
40.71,-76.69,1
40.71,-76.69,1
40.71,-76.69,1
40.71,-76.69,1
40.71,-76.69,1
40.71,-76.69,1
40.71,-76.69,1
40.71,-76.69,1
40.71,-76.69,1
40.71,-76.69,1
40.71,-76.69,1
40.71,-76.69,1
40.71,-76.69,1
40.71,-76.69,1
40.71,-76.69,1
40.71,-76.69,1
40.71,-76.69,1
40.71,-76.69,1
40.71,-76.69,1
40.71,-76.69,1
40.71,-76.69,1
40.71,-76.69,1
40.71,-76.69,1
40.71,-76.69,1
40.71,-76.69,1
40.71,-76.69,1
40.71,-76.69,1
40.71,-76.69,1
40.71,-76.69,1
40.71,-76.69,1
40.71,-76.69,1
40.71,-76.69,1
40.71,-76.69,1
40.71,-76.69,1
40.71,-76.69,1
40.71,-76.69,1
40.71,-76.69,1
40.71,-76.69,1
40.71,-76.69,1
40.71,-76.69,1
40.71,-76.69,1
40.71,-76.69,1
40.71,-76.69,1
40.71,-76.69,1
40.71,-76.69,1
40.71,-76.69,1
40.71,-76.69,1
40.71,-76.69,1
40.71,-76.69,1
40.71,-76.69,1
40.71,-76.69,1
40.71,-76.69,1
40.71,-76.69,1
40.71,-76.69,1
40.71,-76.69,1
40.71,-76.69,1
40.71,-76.69,1
40.71,-76.69,1
40.71,-76.69,1
40.71,-76.69,1
40.71,-76.69,1
40.71,-76.69,1
40.71,-76.69,1
40.71,-76.69,1
40.71,-76.69,1
40.71,-76.69,1
40.71,-76.69,1
40.71,-76.69,1
40.71,-76.69,1
40.71,-76.69,1
40.71,-76.69,1
40.71,-76.69,1
40.71,-76.69,1
40.71,-76.69,1
40.71,-76.69,1
40.71,-76.69,1
40.71,-76.69,1
40.71,-76.69,1
40.71,-76.69,1
40.71,-76.69,1
40.71,-76.69,1
40.71,-76.69,1
40.71,-76.69,1
40.71,-76.69,1
40.71,-76.69,1
40.71,-76.69,1
40.71,-76.69,1
40.71,-76.69,1
40.71,-76.69,1
40.71,-76.69,1
40.71,-76.69,1
40.71,-76.69,1
40.71,-76.69,1
40.71,-76.69,1
40.71,-76.69,1
40.71,-76.69,1
40.71,-76.69,1
40.71,-76.69,1
40.71,-76.69,1
40.71,-76.69,1
40.71,-76.69,1
40.71,-76.69,1
40.71,-76.69,1
40.71,-76.69,1
40.71,-76.69,1
40.71,-76.69,1
40.71,-76.69,1
40.71,-76.69,1
40.71,-76.69,1
40.71,-76.69,1
40.71,-76.69,1
40.71,-76.69,1
40.71,-76.69,1
40.71,-76.69,1
40.71,-76.69,1
40.71,-76.69,1
40.71,-76.69,1
40.71,-76.69,1
40.71,-76.69,1
40.71,-76.69,1
40.71,-76.69,1
40.71,-76.69,1
40.71,-76.69,1
40.71,-76.69,1
40.71,-76.69,1
40.71,-76.69,1
40.71,-76.69,1
40.71,-76.69,1
40.71,-76.69,1
40.71,-76.69,1
40.71,-76.69,1
40.71,-76.69,1
40.71,-76.69,1
40.71,-76.69,1
40.71,-76.69,1
40.71,-76.69,1
40.71,-76.69,1
40.71,-76.69,1
40.71,-76.69,1
40.71,-76.69,1
40.71,-76.69,1
40.71,-76.69,1
40.71,-76.69,1
40.71,-76.69,1
40.71,-76.69,1
40.71,-76.69,1
40.71,-76.69,1
40.71,-76.69,1
40.71,-76.69,1
40.71,-76.69,1
40.71,-76.69,1
40.71,-76.69,1
40.71,-76.69,1
40.71,-76.69,1
40.71,-76.69,1
40.71,-76.69,1
40.71,-76.69,1
40.71,-76.69,1
40.71,-76.69,1
40.71,-76.69,1
40.71,-76.69,1
40.71,-76.69,1
40.71,-76.69,1
40.71,-76.69,1
40.71,-76.69,1
40.71,-76.69,1
40.71,-76.69,1
40.71,-76.69,1
40.71,-76.69,1
40.71,-76.69,1
40.71,-76.69,1
40.71,-76.69,1
40.71,-76.69,1
40.71,-76.69,1
40.71,-76.69,1
40.71,-76.69,1
40.71,-76.69,1
40.71,-76.69,1
40.71,-76.69,1
40.71,-76.69,1
40.71,-76.69,1
40.71,-76.69,1
40.71,-76.69,1
40.71,-76.69,1
40.71,-76.69,1
40.71,-76.69,1
40.71,-76.69,1
40.71,-76.69,1
40.71,-76.69,1
40.71,-76.69,1
40.71,-76.69,1
40.71,-76.69,1
40.71,-76.69,1
40.71,-76.69,1
40.71,-76.69,1
40.71,-76.69,1
40.71,-76.69,1
40.71,-76.69,1
40.71,-76.69,1
40.71,-76.69,1
40.71,-76.69,1
40.71,-76.69,1
40.71,-76.69,1
40.71,-76.69,1
40.71,-76.69,1
40.71,-76.69,1
40.71,-76.69,1
40.71,-76.69,1
40.71,-76.69,1
40.71,-76.69,1
40.71,-76.69,1
40.71,-76.69,1
40.71,-76.69,1
40.71,-76.69,1
40.71,-76.69,1
40.71,-76.69,1
40.71,-76.69,1
40.71,-76.69,1
40.71,-76.69,1
40.71,-76.69,1
40.71,-76.69,1
40.71,-76.69,1
40.71,-76.69,1
40.71,-76.69,1
40.71,-76.69,1
40.71,-76.69,1
40.71,-76.69,1
40.71,-76.69,1
40.71,-76.69,1
40.71,-76.69,1
40.71,-76.69,1
40.71,-76.69,1
40.71,-76.69,1
40.71,-76.69,1
40.71,-76.69,1
40.71,-76.69,1
40.71,-76.69,1
40.71,-76.69,1
40.71,-76.69,1
40.71,-76.69,1
40.71,-76.69,1
40.71,-76.69,1
40.71,-76.69,1
40.71,-76.69,1
40.71,-76.69,1
40.71,-76.69,1
40.71,-76.69,1
40.71,-76.69,1
40.71,-76.69,1
40.71,-76.69,1
40.71,-76.69,1
40.71,-76.69,1
40.71,-76.69,1
40.71,-76.69,1
40.71,-76.69,1
40.71,-76.69,1
40.71,-76.69,1
40.71,-76.69,1
40.71,-76.69,1
40.71,-76.69,1
40.71,-76.69,1
40.71,-76.69,1
40.71,-76.69,1
40.71,-76.69,1
40.71,-76.69,1
40.71,-76.69,1
40.71,-76.69,1
40.71,-76.69,1
40.71,-76.69,1
40.71,-76.69,1
40.71,-76.69,1
40.71,-76.69,1
40.71,-76.69,1
40.71,-76.69,1
40.71,-76.69,1
40.71,-76.69,1
40.71,-76.69,1
40.71,-76.69,1
40.71,-76.69,1
40.71,-76.69,1
40.71,-76.69,1
40.71,-76.69,1
40.71,-76.69,1
40.71,-76.69,1
40.71,-76.69,1
40.71,-76.69,1
40.71,-76.69,1
40.71,-76.69,1
40.71,-76.69,1
40.71,-76.69,1
40.71,-76.69,1
40.71,-76.69,1
40.71,-76.69,1
40.71,-76.69,1
40.71,-76.69,1
40.71,-76.69,1
40.71,-76.69,1
40.71,-76.69,1
40.71,-76.69,1
40.71,-76.69,1
40.71,-76.69,1
40.71,-76.69,1
40.71,-76.69,1
40.71,-76.69,1
40.71,-76.69,1
40.71,-76.69,1
40.71,-76.69,1
40.71,-76.69,1
40.71,-76.69,1
40.71,-76.69,1
40.71,-76.69,1
40.71,-76.69,1
40.71,-76.69,1
40.71,-76.69,1
40.71,-76.69,1
40.71,-76.69,1
40.71,-76.69,1
40.71,-76.69,1
40.71,-76.69,1
40.71,-76.69,1
40.71,-76.69,1
40.71,-76.69,1
40.71,-76.69,1
40.71,-76.69,1
40.71,-76.69,1
40.71,-76.69,1
40.71,-76.69,1
40.71,-76.69,1
40.71,-76.69,1
40.71,-76.69,1
40.71,-76.69,1
40.71,-76.69,1
40.71,-76.69,1
40.71,-76.69,1
40.71,-76.69,1
40.71,-76.69,1
40.71,-76.69,1
40.71,-76.69,1
40.71,-76.69,1
40.71,-76.69,1
40.71,-76.69,1
40.71,-76.69,1
40.71,-76.69,1
40.71,-76.69,1
40.71,-76.69,1
40.71,-76.69,1
40.71,-76.69,1
40.71,-76.69,1
40.71,-76.69,1
40.71,-76.69,1
40.71,-76.69,1
40.71,-76.69,1
40.71,-76.69,1
40.71,-76.69,1
40.71,-76.69,1
40.71,-76.69,1
40.71,-76.69,1
40.71,-76.69,1
40.71,-76.69,1
40.71,-76.69,1
40.71,-76.69,1
40.71,-76.69,1
40.71,-76.69,1
40.71,-76.69,1
40.71,-76.69,1
40.71,-76.69,1
40.71,-76.69,1
40.71,-76.69,1
40.71,-76.69,1
40.71,-76.69,1
40.71,-76.69,1
40.71,-76.69,1
40.71,-76.69,1
40.71,-76.69,1
40.71,-76.69,1
40.71,-76.69,1
40.71,-76.69,1
40.71,-76.69,1
40.71,-76.69,1
40.71,-76.69,1
40.71,-76.69,1
40.71,-76.69,1
40.71,-76.69,1
40.71,-76.69,1
40.71,-76.69,1
40.71,-76.69,1
40.71,-76.69,1
40.71,-76.69,1
40.71,-76.69,1
40.71,-76.69,1
40.71,-76.69,1
40.71,-76.69,1
40.71,-76.69,1
40.71,-76.69,1
40.71,-76.69,1
40.71,-76.69,1
40.71,-76.69,1
40.71,-76.69,1
40.71,-76.69,1
40.71,-76.69,1
40.71,-76.69,1
40.71,-76.69,1
40.71,-76.69,1
40.71,-76.69,1
40.71,-76.69,1
40.71,-76.69,1
40.71,-76.69,1
40.71,-76.69,1
40.71,-76.69,1
40.71,-76.69,1
40.71,-76.69,1
40.71,-76.69,1
40.71,-76.69,1
40.71,-76.69,1
40.71,-76.69,1
40.71,-76.69,1
40.71,-76.69,1
40.71,-76.69,1
40.71,-76.69,1
40.71,-76.69,1
40.71,-76.69,1
40.71,-76.69,1
40.71,-76.69,1
40.71,-76.69,1
40.71,-76.69,1
40.71,-76.69,1
40.71,-76.69,1
40.71,-76.69,1
40.71,-76.69,1
40.71,-76.69,1
40.71,-76.69,1
40.71,-76.69,1
40.71,-76.69,1
40.71,-76.69,1
40.71,-76.69,1
40.71,-76.69,1
40.71,-76.69,1
40.71,-76.69,1
40.71,-76.69,1
40.71,-76.69,1
40.71,-76.69,1
40.71,-76.69,1
40.71,-76.69,1
40.71,-76.69,1
40.71,-76.69,1
40.71,-76.69,1
40.71,-76.69,1
40.71,-76.69,1
40.71,-76.69,1
40.71,-76.69,1
40.71,-76.69,1
40.71,-76.69,1
40.71,-76.69,1
40.71,-76.69,1
40.71,-76.69,1
40.71,-76.69,1
40.71,-76.69,1
40.71,-76.69,1
40.71,-76.69,1
40.71,-76.69,1
40.71,-76.69,1
40.71,-76.69,1
40.71,-76.69,1
40.71,-76.69,1
40.71,-76.69,1
40.71,-76.69,1
40.71,-76.69,1
40.71,-76.69,1
40.71,-76.69,1
40.71,-76.69,1
40.71,-76.69,1
40.71,-76.69,1
40.71,-76.69,1
40.71,-76.69,1
40.71,-76.69,1
40.71,-76.69,1
40.71,-76.69,1
40.71,-76.69,1
40.71,-76.69,1
40.71,-76.69,1
40.71,-76.69,1
40.71,-76.69,1
40.71,-76.69,1
40.71,-76.69,1
40.71,-76.69,1
40.71,-76.69,1
40.71,-76.69,1
40.71,-76.69,1
40.71,-76.69,1
40.71,-76.69,1
40.71,-76.69,1
40.71,-76.69,1
40.71,-76.69,1
40.71,-76.69,1
40.71,-76.69,1
40.71,-76.69,1
40.71,-76.69,1
40.71,-76.69,1
40.71,-76.69,1
40.71,-76.69,1
40.71,-76.69,1
40.71,-76.69,1
40.71,-76.69,1
40.71,-76.69,1
40.71,-76.69,1
40.71,-76.69,1
40.71,-76.69,1
40.71,-76.69,1
40.71,-76.69,1
40.71,-76.69,1
40.71,-76.69,1
40.71,-76.69,1
40.71,-76.69,1
40.71,-76.69,1
40.71,-76.69,1
40.71,-76.69,1
40.71,-76.69,1
40.71,-76.69,1
40.71,-76.69,1
40.71,-76.69,1
40.71,-76.69,1
40.71,-76.69,1
40.71,-76.69,1
40.71,-76.69,1
40.71,-76.69,1
40.71,-76.69,1
40.71,-76.69,1
40.71,-76.69,1
40.71,-76.69,1
40.71,-76.69,1
40.71,-76.69,1
40.71,-76.69,1
40.71,-76.69,1
40.71,-76.69,1
40.71,-76.69,1
40.71,-76.69,1
40.71,-76.69,1
40.71,-76.69,1
40.71,-76.69,1
40.71,-76.69,1
40.71,-76.69,1
40.71,-76.69,1
40.71,-76.69,1
40.71,-76.69,1
40.71,-76.69,1
40.71,-76.69,1
40.71,-76.69,1
40.71,-76.69,1
40.71,-76.69,1
40.71,-76.69,1
40.71,-76.69,1
40.71,-76.69,1
40.71,-76.69,1
40.71,-76.69,1
40.71,-76.69,1
40.71,-76.69,1
40.71,-76.69,1
40.71,-76.69,1
40.71,-76.69,1
40.71,-76.69,1
40.71,-76.69,1
40.71,-76.69,1
40.71,-76.69,1
40.71,-76.69,1
40.71,-76.69,1
40.71,-76.69,1
40.71,-76.69,1
40.71,-76.69,1
40.71,-76.69,1
40.71,-76.69,1
40.71,-76.69,1
40.71,-76.69,1
40.71,-76.69,1
40.71,-76.69,1
40.71,-76.69,1
40.71,-76.69,1
40.71,-76.69,1
40.71,-76.69,1
40.71,-76.69,1
40.71,-76.69,1
40.71,-76.69,1
40.71,-76.69,1
40.71,-76.69,1
40.71,-76.69,1
40.71,-76.69,1
40.71,-76.69,1
40.71,-76.69,1
40.71,-76.69,1
40.71,-76.69,1
40.71,-76.69,1
40.71,-76.69,1
40.71,-76.69,1
40.71,-76.69,1
40.71,-76.69,1
40.71,-76.69,1
40.71,-76.69,1
40.71,-76.69,1
40.71,-76.69,1
40.71,-76.69,1
40.71,-76.69,1
40.71,-76.69,1
40.71,-76.69,1
40.71,-76.69,1
40.71,-76.69,1
40.71,-76.69,1
40.71,-76.69,1
40.71,-76.69,1
40.71,-76.69,1
40.71,-76.69,1
40.71,-76.69,1
40.71,-76.69,1
40.71,-76.69,1
40.71,-76.69,1
40.71,-76.69,1
40.71,-76.69,1
40.71,-76.69,1
40.71,-76.69,1
40.71,-76.69,1
40.71,-76.69,1
40.71,-76.69,1
40.71,-76.69,1
40.71,-76.69,1
40.71,-76.69,1
40.71,-76.69,1
40.71,-76.69,1
40.71,-76.69,1
40.71,-76.69,1
40.71,-76.69,1
40.71,-76.69,1
40.71,-76.69,1
40.71,-76.69,1
40.71,-76.69,1
40.71,-76.69,1
40.71,-76.69,1
40.71,-76.69,1
40.71,-76.69,1
40.71,-76.69,1
40.71,-76.69,1
40.71,-76.69,1
40.71,-76.69,1
40.71,-76.69,1
40.71,-76.69,1
40.71,-76.69,1
40.71,-76.69,1
40.71,-76.69,1
40.71,-76.69,1
40.71,-76.69,1
40.71,-76.69,1
40.71,-76.69,1
40.71,-76.69,1
40.71,-76.69,1
40.71,-76.69,1
40.71,-76.69,1
40.71,-76.69,1
40.71,-76.69,1
40.71,-76.69,1
40.71,-76.69,1
40.71,-76.69,1
40.71,-76.69,1
40.71,-76.69,1
40.71,-76.69,1
40.71,-76.69,1
40.71,-76.69,1
40.71,-76.69,1
40.71,-76.69,1
40.71,-76.69,1
40.71,-76.69,1
40.71,-76.69,1
40.71,-76.69,1
40.71,-76.69,1
40.71,-76.69,1
40.71,-76.69,1
40.71,-76.69,1
40.71,-76.69,1
40.71,-76.69,1
40.71,-76.69,1
40.71,-76.69,1
40.71,-76.69,1
40.71,-76.69,1
40.71,-76.69,1
40.71,-76.69,1
40.71,-76.69,1
40.71,-76.69,1
40.71,-76.69,1
40.71,-76.69,1
40.71,-76.69,1
40.71,-76.69,1
40.71,-76.69,1
40.71,-76.69,1
40.71,-76.69,1
40.71,-76.69,1
40.71,-76.69,1
40.71,-76.69,1
40.71,-76.69,1
40.71,-76.69,1
40.71,-76.69,1
40.71,-76.69,1
40.71,-76.69,1
40.71,-76.69,1
40.71,-76.69,1
40.71,-76.69,1
40.71,-76.69,1
40.71,-76.69,1
40.71,-76.69,1
40.71,-76.69,1
40.71,-76.69,1
40.71,-76.69,1
40.71,-76.69,1
40.71,-76.69,1
40.71,-76.69,1
40.71,-76.69,1
40.71,-76.69,1
40.71,-76.69,1
40.71,-76.69,1
40.71,-76.69,1
40.71,-76.69,1
40.71,-76.69,1
40.71,-76.69,1
40.71,-76.69,1
40.71,-76.69,1
40.71,-76.69,1
40.71,-76.69,1
40.71,-76.69,1
40.71,-76.69,1
40.71,-76.69,1
40.71,-76.69,1
40.71,-76.69,1
40.71,-76.69,1
40.71,-76.69,1
40.71,-76.69,1
40.71,-76.69,1
40.71,-76.69,1
40.71,-76.69,1
40.71,-76.69,1
40.71,-76.69,1
40.71,-76.69,1
40.71,-76.69,1
40.71,-76.69,1
40.71,-76.69,1
40.71,-76.69,1
40.71,-76.69,1
40.71,-76.69,1
40.71,-76.69,1
40.71,-76.69,1
40.71,-76.69,1
40.71,-76.69,1
40.71,-76.69,1
40.71,-76.69,1
40.71,-76.69,1
40.71,-76.69,1
40.71,-76.69,1
40.71,-76.69,1
40.71,-76.69,1
40.71,-76.69,1
40.71,-76.69,1
40.71,-76.69,1
40.71,-76.69,1
40.71,-76.69,1
40.71,-76.69,1
40.71,-76.69,1
40.71,-76.69,1
40.71,-76.69,1
40.71,-76.69,1
40.71,-76.69,1
40.71,-76.69,1
40.71,-76.69,1
40.71,-76.69,1
40.71,-76.69,1
40.71,-76.69,1
40.71,-76.69,1
40.71,-76.69,1
40.71,-76.69,1
40.71,-76.69,1
40.71,-76.69,1
40.71,-76.69,1
40.71,-76.69,1
40.71,-76.69,1
40.71,-76.69,1
40.71,-76.69,1
40.71,-76.69,1
40.71,-76.69,1
40.71,-76.69,1
40.71,-76.69,1
40.71,-76.69,1
40.71,-76.69,1
40.71,-76.69,1
40.71,-76.69,1
40.71,-76.69,1
40.71,-76.69,1
40.71,-76.69,1
40.71,-76.69,1
40.71,-76.69,1
40.71,-76.69,1
40.71,-76.69,1
40.71,-76.69,1
40.71,-76.69,1
40.71,-76.69,1
40.71,-76.69,1
40.71,-76.69,1
40.71,-76.69,1
40.71,-76.69,1
40.71,-76.69,1
40.71,-76.69,1
40.71,-76.69,1
40.71,-76.69,1
40.71,-76.69,1
40.71,-76.69,1
40.71,-76.69,1
40.71,-76.69,1
40.71,-76.69,1
40.71,-76.69,1
40.71,-76.69,1
40.71,-76.69,1
40.71,-76.69,1
40.71,-76.69,1
40.71,-76.69,1
40.71,-76.69,1
40.71,-76.69,1
40.71,-76.69,1
40.71,-76.69,1
40.71,-76.69,1
40.71,-76.69,1
40.71,-76.69,1
40.71,-76.69,1
40.71,-76.69,1
40.71,-76.69,1
40.71,-76.69,1
40.71,-76.69,1
40.71,-76.69,1
40.71,-76.69,1
40.71,-76.69,1
40.71,-76.69,1
40.71,-76.69,1
40.71,-76.69,1
40.71,-76.69,1
40.71,-76.69,1
40.71,-76.69,1
40.71,-76.69,1
40.71,-76.69,1
40.71,-76.69,1
40.71,-76.69,1
40.71,-76.69,1
40.71,-76.69,1
40.71,-76.69,1
40.71,-76.69,1
40.71,-76.69,1
40.71,-76.69,1
40.71,-76.69,1
40.71,-76.69,1
40.71,-76.69,1
40.71,-76.69,1
40.71,-76.69,1
40.71,-76.69,1
40.71,-76.69,1
40.71,-76.69,1
40.71,-76.69,1
40.71,-76.69,1
40.71,-76.69,1
40.71,-76.69,1
40.71,-76.69,1
40.71,-76.69,1
40.71,-76.69,1
40.71,-76.69,1
40.71,-76.69,1
40.71,-76.69,1
40.71,-76.69,1
40.71,-76.69,1
40.71,-76.69,1
40.71,-76.69,1
40.71,-76.69,1
40.71,-76.69,1
40.71,-76.69,1
40.71,-76.69,1
40.71,-76.69,1
40.71,-76.69,1
40.71,-76.69,1
40.71,-76.69,1
40.71,-76.69,1
40.71,-76.69,1
40.71,-76.69,1
40.71,-76.69,1
40.71,-76.69,1
40.71,-76.69,1
40.71,-76.69,1
40.71,-76.69,1
40.71,-76.69,1
40.71,-76.69,1
40.71,-76.69,1
40.71,-76.69,1
40.71,-76.69,1
40.71,-76.69,1
40.71,-76.69,1
40.71,-76.69,1
40.71,-76.69,1
40.71,-76.69,1
40.71,-76.69,1
40.71,-76.69,1
40.71,-76.69,1
40.71,-76.69,1
40.71,-76.69,1
40.71,-76.69,1
40.71,-76.69,1
40.71,-76.69,1
40.71,-76.69,1
40.71,-76.69,1
40.71,-76.69,1
40.71,-76.69,1
40.71,-76.69,1
40.71,-76.69,1
40.71,-76.69,1
40.71,-76.69,1
40.71,-76.69,1
40.71,-76.69,1
40.71,-76.69,1
40.71,-76.69,1
40.71,-76.69,1
40.71,-76.69,1
40.71,-76.69,1
40.71,-76.69,1
40.9,-79.9,1
40.9,-79.9,1
40.9,-79.9,1
40.9,-79.9,1
40.9,-79.9,1
40.9,-79.9,1
40.9,-79.9,1
40.9,-79.9,1
40.9,-79.9,1
40.9,-79.9,1
40.9,-79.9,1
40.9,-79.9,1
40.9,-79.9,1
40.9,-79.9,1
40.9,-79.9,1
40.9,-79.9,1
40.9,-79.9,1
40.9,-79.9,1
40.9,-79.9,1
40.9,-79.9,1
40.9,-79.9,1
40.9,-79.9,1
40.9,-79.9,1
40.9,-79.9,1
40.9,-79.9,1
40.9,-79.9,1
40.9,-79.9,1
40.9,-79.9,1
40.9,-79.9,1
40.9,-79.9,1
40.9,-79.9,1
40.9,-79.9,1
40.9,-79.9,1
40.9,-79.9,1
40.9,-79.9,1
40.9,-79.9,1
40.9,-79.9,1
40.9,-79.9,1
40.9,-79.9,1
40.9,-79.9,1
40.9,-79.9,1
40.9,-79.9,1
40.9,-79.9,1
40.9,-79.9,1
40.9,-79.9,1
40.9,-79.9,1
40.9,-79.9,1
40.9,-79.9,1
40.9,-79.9,1
40.9,-79.9,1
40.9,-79.9,1
40.9,-79.9,1
40.9,-79.9,1
40.9,-79.9,1
40.9,-79.9,1
40.9,-79.9,1
40.9,-79.9,1
40.9,-79.9,1
40.9,-79.9,1
40.9,-79.9,1
40.9,-79.9,1
40.9,-79.9,1
40.9,-79.9,1
40.9,-79.9,1
40.9,-79.9,1
40.9,-79.9,1
40.9,-79.9,1
40.9,-79.9,1
40.9,-79.9,1
40.9,-79.9,1
40.9,-79.9,1
40.9,-79.9,1
40.9,-79.9,1
40.9,-79.9,1
40.9,-79.9,1
40.9,-79.9,1
40.9,-79.9,1
40.9,-79.9,1
40.9,-79.9,1
40.9,-79.9,1
40.9,-79.9,1
40.9,-79.9,1
40.9,-79.9,1
40.9,-79.9,1
40.9,-79.9,1
40.9,-79.9,1
40.9,-79.9,1
40.9,-79.9,1
40.9,-79.9,1
40.9,-79.9,1
40.9,-79.9,1
40.9,-79.9,1
40.9,-79.9,1
40.9,-79.9,1
40.9,-79.9,1
40.9,-79.9,1
40.9,-79.9,1
40.9,-79.9,1
40.9,-79.9,1
40.9,-79.9,1
40.9,-79.9,1
40.9,-79.9,1
40.9,-79.9,1
40.9,-79.9,1
40.9,-79.9,1
40.9,-79.9,1
40.9,-79.9,1
40.9,-79.9,1
40.9,-79.9,1
40.9,-79.9,1
40.9,-79.9,1
40.9,-79.9,1
40.9,-79.9,1
40.9,-79.9,1
40.9,-79.9,1
40.9,-79.9,1
40.9,-79.9,1
40.9,-79.9,1
40.9,-79.9,1
40.9,-79.9,1
40.9,-79.9,1
40.9,-79.9,1
40.9,-79.9,1
40.9,-79.9,1
40.9,-79.9,1
40.9,-79.9,1
40.9,-79.9,1
40.9,-79.9,1
40.9,-79.9,1
40.9,-79.9,1
40.9,-79.9,1
40.9,-79.9,1
40.9,-79.9,1
40.9,-79.9,1
40.9,-79.9,1
40.9,-79.9,1
40.9,-79.9,1
40.9,-79.9,1
40.9,-79.9,1
40.9,-79.9,1
40.9,-79.9,1
40.9,-79.9,1
40.9,-79.9,1
40.9,-79.9,1
40.9,-79.9,1
40.9,-79.9,1
40.9,-79.9,1
40.9,-79.9,1
40.9,-79.9,1
40.9,-79.9,1
40.9,-79.9,1
40.9,-79.9,1
40.9,-79.9,1
40.9,-79.9,1
40.9,-79.9,1
40.9,-79.9,1
40.9,-79.9,1
40.9,-79.9,1
40.9,-79.9,1
40.9,-79.9,1
40.9,-79.9,1
40.9,-79.9,1
40.9,-79.9,1
40.9,-79.9,1
40.9,-79.9,1
40.9,-79.9,1
40.9,-79.9,1
40.9,-79.9,1
40.9,-79.9,1
40.9,-79.9,1
40.9,-79.9,1
40.9,-79.9,1
40.9,-79.9,1
40.9,-79.9,1
40.9,-79.9,1
40.9,-79.9,1
40.9,-79.9,1
40.9,-79.9,1
40.9,-79.9,1
40.9,-79.9,1
40.9,-79.9,1
40.9,-79.9,1
40.9,-79.9,1
40.9,-79.9,1
40.9,-79.9,1
40.9,-79.9,1
40.9,-79.9,1
40.9,-79.9,1
40.9,-79.9,1
40.9,-79.9,1
40.9,-79.9,1
40.9,-79.9,1
40.9,-79.9,1
40.9,-79.9,1
40.9,-79.9,1
40.9,-79.9,1
40.9,-79.9,1
40.9,-79.9,1
40.9,-79.9,1
40.9,-79.9,1
40.9,-79.9,1
40.9,-79.9,1
40.9,-79.9,1
40.9,-79.9,1
40.9,-79.9,1
40.9,-79.9,1
40.9,-79.9,1
40.9,-79.9,1
41.6,-75.56,1
41.6,-75.56,1
41.6,-75.56,1
41.6,-75.56,1
41.6,-75.56,1
41.6,-75.56,1
41.6,-75.56,1
41.6,-75.56,1
41.6,-75.56,1
41.6,-75.56,1
41.6,-75.56,1
41.6,-75.56,1
41.6,-75.56,1
41.6,-75.56,1
41.6,-75.56,1
41.6,-75.56,1
41.6,-75.56,1
41.6,-75.56,1
41.6,-75.56,1
41.6,-75.56,1
41.6,-75.56,1
41.6,-75.56,1
41.6,-75.56,1
41.6,-75.56,1
41.6,-75.56,1
41.6,-75.56,1
41.6,-75.56,1
41.6,-75.56,1
41.6,-75.56,1
41.6,-75.56,1
41.6,-75.56,1
41.6,-75.56,1
41.6,-75.56,1
41.6,-75.56,1
41.6,-75.56,1
41.6,-75.56,1
41.6,-75.56,1
41.6,-75.56,1
41.6,-75.56,1
41.6,-75.56,1
41.6,-75.56,1
41.6,-75.56,1
41.6,-75.56,1
41.6,-75.56,1
41.6,-75.56,1
41.6,-75.56,1
41.6,-75.56,1
41.6,-75.56,1
41.6,-75.56,1
41.6,-75.56,1
41.6,-75.56,1
41.6,-75.56,1
41.6,-75.56,1
41.6,-75.56,1
41.6,-75.56,1
41.6,-75.56,1
41.6,-75.56,1
41.6,-75.56,1
41.6,-75.56,1
41.6,-75.56,1
41.6,-75.56,1
41.6,-75.56,1
41.6,-75.56,1
41.6,-75.56,1
41.6,-75.56,1
41.6,-75.56,1
41.6,-75.56,1
41.6,-75.56,1
41.6,-75.56,1
41.6,-75.56,1
41.6,-75.56,1
41.6,-75.56,1
41.6,-75.56,1
41.6,-75.56,1
41.6,-75.56,1
41.6,-75.56,1
41.6,-75.56,1
41.6,-75.56,1
41.6,-75.56,1
41.6,-75.56,1
41.6,-75.56,1
41.6,-75.56,1
41.6,-75.56,1
41.6,-75.56,1
41.6,-75.56,1
41.6,-75.56,1
41.6,-75.56,1
41.6,-75.56,1
41.6,-75.56,1
41.6,-75.56,1
41.6,-75.56,1
41.6,-75.56,1
41.6,-75.56,1
41.6,-75.56,1
41.6,-75.56,1
41.6,-75.56,1
41.6,-75.56,1
41.6,-75.56,1
41.6,-75.56,1
41.6,-75.56,1
41.6,-75.56,1
41.6,-75.56,1
41.6,-75.56,1
41.6,-75.56,1
41.6,-75.56,1
41.6,-75.56,1
41.6,-75.56,1
41.6,-75.56,1
41.6,-75.56,1
41.6,-75.56,1
41.6,-75.56,1
41.6,-75.56,1
41.6,-75.56,1
41.6,-75.56,1
41.6,-75.56,1
41.6,-75.56,1
41.6,-75.56,1
41.6,-75.56,1
41.6,-75.56,1
41.6,-75.56,1
41.6,-75.56,1
41.6,-75.56,1
41.6,-75.56,1
41.6,-75.56,1
41.6,-75.56,1
41.6,-75.56,1
41.6,-75.56,1
41.6,-75.56,1
41.6,-75.56,1
41.6,-75.56,1
41.6,-75.56,1
41.6,-75.56,1
41.6,-75.56,1
41.6,-75.56,1
41.6,-75.56,1
41.6,-75.56,1
41.6,-75.56,1
41.6,-75.56,1
41.6,-75.56,1
41.6,-75.56,1
41.6,-75.56,1
41.6,-75.56,1
41.6,-75.56,1
41.6,-75.56,1
41.6,-75.56,1
41.6,-75.56,1
41.6,-75.56,1
41.6,-75.56,1
41.6,-75.56,1
41.6,-75.56,1
41.6,-75.56,1
41.6,-75.56,1
41.6,-75.56,1
41.6,-75.56,1
41.6,-75.56,1
41.6,-75.56,1
41.6,-75.56,1
41.6,-75.56,1
41.6,-75.56,1
41.6,-75.56,1
41.6,-75.56,1
41.6,-75.56,1
41.6,-75.56,1
41.6,-75.56,1
41.6,-75.56,1
41.6,-75.56,1
41.6,-75.56,1
41.6,-75.56,1
41.6,-75.56,1
41.6,-75.56,1
41.6,-75.56,1
41.6,-75.56,1
41.6,-75.56,1
41.6,-75.56,1
41.6,-75.56,1
41.6,-75.56,1
41.6,-75.56,1
41.6,-75.56,1
41.6,-75.56,1
41.6,-75.56,1
41.6,-75.56,1
41.6,-75.56,1
41.6,-75.56,1
41.6,-75.56,1
41.6,-75.56,1
41.6,-75.56,1
41.6,-75.56,1
41.6,-75.56,1
41.6,-75.56,1
41.6,-75.56,1
41.6,-75.56,1
41.6,-75.56,1
41.6,-75.56,1
41.6,-75.56,1
41.6,-75.56,1
41.6,-75.56,1
41.6,-75.56,1
41.6,-75.56,1
41.6,-75.56,1
41.6,-75.56,1
41.6,-75.56,1
41.6,-75.56,1
41.6,-75.56,1
41.6,-75.56,1
41.6,-75.56,1
41.6,-75.56,1
41.6,-75.56,1
41.6,-75.56,1
41.6,-75.56,1
41.6,-75.56,1
41.6,-75.56,1
41.6,-75.56,1
41.6,-75.56,1
41.6,-75.56,1
41.6,-75.56,1
41.6,-75.56,1
41.6,-75.56,1
41.6,-75.56,1
41.6,-75.56,1
40.8,-77.7,1
40.8,-77.7,1
40.8,-77.7,1
40.8,-77.7,1
40.8,-77.7,1
40.8,-77.7,1
40.8,-77.7,1
40.8,-77.7,1
40.8,-77.7,1
40.8,-77.7,1
40.8,-77.7,1
40.8,-77.7,1
40.8,-77.7,1
40.8,-77.7,1
40.8,-77.7,1
40.8,-77.7,1
40.8,-77.7,1
40.8,-77.7,1
40.8,-77.7,1
40.8,-77.7,1
40.8,-77.7,1
40.8,-77.7,1
40.8,-77.7,1
40.8,-77.7,1
40.8,-77.7,1
40.8,-77.7,1
40.8,-77.7,1
40.8,-77.7,1
40.8,-77.7,1
40.8,-77.7,1
40.8,-77.7,1
40.8,-77.7,1
40.8,-77.7,1
40.8,-77.7,1
40.8,-77.7,1
40.8,-77.7,1
40.8,-77.7,1
40.8,-77.7,1
40.8,-77.7,1
40.8,-77.7,1
40.8,-77.7,1
40.8,-77.7,1
40.8,-77.7,1
40.8,-77.7,1
40.8,-77.7,1
40.8,-77.7,1
40.8,-77.7,1
40.8,-77.7,1
40.8,-77.7,1
40.8,-77.7,1
40.8,-77.7,1
40.8,-77.7,1
40.8,-77.7,1
40.8,-77.7,1
40.8,-77.7,1
40.8,-77.7,1
40.8,-77.7,1
40.8,-77.7,1
40.8,-77.7,1
40.8,-77.7,1
40.8,-77.7,1
40.8,-77.7,1
40.8,-77.7,1
40.8,-77.7,1
40.8,-77.7,1
40.8,-77.7,1
40.8,-77.7,1
40.8,-77.7,1
40.8,-77.7,1
40.8,-77.7,1
40.8,-77.7,1
40.8,-77.7,1
40.8,-77.7,1
40.8,-77.7,1
40.8,-77.7,1
40.8,-77.7,1
40.8,-77.7,1
40.8,-77.7,1
40.8,-77.7,1
40.8,-77.7,1
40.8,-77.7,1
40.8,-77.7,1
40.8,-77.7,1
40.8,-77.7,1
40.8,-77.7,1
40.8,-77.7,1
40.8,-77.7,1
40.8,-77.7,1
40.8,-77.7,1
40.8,-77.7,1
40.8,-77.7,1
40.8,-77.7,1
40.8,-77.7,1
40.8,-77.7,1
40.8,-77.7,1
40.8,-77.7,1
40.8,-77.7,1
40.8,-77.7,1
40.8,-77.7,1
40.8,-77.7,1
40.8,-77.7,1
40.8,-77.7,1
40.8,-77.7,1
40.8,-77.7,1
40.8,-77.7,1
40.8,-77.7,1
40.8,-77.7,1
40.8,-77.7,1
40.8,-77.7,1
40.8,-77.7,1
40.8,-77.7,1
40.8,-77.7,1
40.8,-77.7,1
40.8,-77.7,1
40.8,-77.7,1
40.8,-77.7,1
40.8,-77.7,1
40.8,-77.7,1
40.8,-77.7,1
40.8,-77.7,1
40.8,-77.7,1
40.8,-77.7,1
40.8,-77.7,1
40.8,-77.7,1
40.8,-77.7,1
40.8,-77.7,1
40.8,-77.7,1
40.8,-77.7,1
40.8,-77.7,1
40.8,-77.7,1
40.8,-77.7,1
40.8,-77.7,1
40.8,-77.7,1
39.85,-75.38,1
39.85,-75.38,1
39.85,-75.38,1
39.85,-75.38,1
39.85,-75.38,1
39.85,-75.38,1
39.85,-75.38,1
39.85,-75.38,1
39.85,-75.38,1
39.85,-75.38,1
39.85,-75.38,1
39.85,-75.38,1
39.85,-75.38,1
39.85,-75.38,1
39.85,-75.38,1
39.85,-75.38,1
39.85,-75.38,1
39.85,-75.38,1
39.85,-75.38,1
39.85,-75.38,1
39.85,-75.38,1
39.85,-75.38,1
39.85,-75.38,1
39.85,-75.38,1
39.85,-75.38,1
39.85,-75.38,1
39.85,-75.38,1
39.85,-75.38,1
39.85,-75.38,1
39.85,-75.38,1
39.85,-75.38,1
39.85,-75.38,1
39.85,-75.38,1
39.85,-75.38,1
39.85,-75.38,1
39.85,-75.38,1
39.85,-75.38,1
39.85,-75.38,1
39.85,-75.38,1
39.85,-75.38,1
39.85,-75.38,1
39.85,-75.38,1
39.85,-75.38,1
39.85,-75.38,1
39.85,-75.38,1
39.85,-75.38,1
39.85,-75.38,1
39.85,-75.38,1
39.85,-75.38,1
39.85,-75.38,1
39.85,-75.38,1
39.85,-75.38,1
39.85,-75.38,1
39.85,-75.38,1
39.85,-75.38,1
39.85,-75.38,1
39.85,-75.38,1
39.85,-75.38,1
39.85,-75.38,1
39.85,-75.38,1
39.85,-75.38,1
39.85,-75.38,1
39.85,-75.38,1
39.85,-75.38,1
39.85,-75.38,1
39.85,-75.38,1
39.85,-75.38,1
39.85,-75.38,1
39.85,-75.38,1
39.85,-75.38,1
39.85,-75.38,1
39.85,-75.38,1
39.85,-75.38,1
39.85,-75.38,1
39.85,-75.38,1
39.85,-75.38,1
39.85,-75.38,1
39.85,-75.38,1
39.85,-75.38,1
39.85,-75.38,1
39.85,-75.38,1
39.85,-75.38,1
39.85,-75.38,1
39.85,-75.38,1
39.85,-75.38,1
39.85,-75.38,1
39.85,-75.38,1
39.85,-75.38,1
39.85,-75.38,1
39.85,-75.38,1
39.85,-75.38,1
39.85,-75.38,1
39.85,-75.38,1
39.85,-75.38,1
39.85,-75.38,1
39.85,-75.38,1
39.85,-75.38,1
39.85,-75.38,1
39.85,-75.38,1
39.85,-75.38,1
39.85,-75.38,1
39.85,-75.38,1
39.85,-75.38,1
39.85,-75.38,1
39.85,-75.38,1
39.85,-75.38,1
39.85,-75.38,1
39.85,-75.38,1
39.85,-75.38,1
39.85,-75.38,1
39.85,-75.38,1
39.85,-75.38,1
39.85,-75.38,1
39.85,-75.38,1
39.85,-75.38,1
39.85,-75.38,1
39.85,-75.38,1
39.85,-75.38,1
39.85,-75.38,1
39.85,-75.38,1
39.85,-75.38,1
39.85,-75.38,1
39.85,-75.38,1
39.85,-75.38,1
39.85,-75.38,1
39.85,-75.38,1
39.85,-75.38,1
39.85,-75.38,1
39.85,-75.38,1
39.85,-75.38,1
39.85,-75.38,1
39.85,-75.38,1
39.85,-75.38,1
39.85,-75.38,1
39.85,-75.38,1
39.85,-75.38,1
39.85,-75.38,1
39.85,-75.38,1
39.85,-75.38,1
39.85,-75.38,1
39.85,-75.38,1
39.85,-75.38,1
39.85,-75.38,1
39.85,-75.38,1
39.85,-75.38,1
39.85,-75.38,1
39.85,-75.38,1
39.85,-75.38,1
39.85,-75.38,1
39.85,-75.38,1
39.85,-75.38,1
39.85,-75.38,1
39.85,-75.38,1
39.85,-75.38,1
39.85,-75.38,1
39.85,-75.38,1
39.85,-75.38,1
39.85,-75.38,1
39.85,-75.38,1
39.85,-75.38,1
39.85,-75.38,1
39.85,-75.38,1
39.85,-75.38,1
39.85,-75.38,1
39.85,-75.38,1
39.85,-75.38,1
39.85,-75.38,1
39.85,-75.38,1
39.85,-75.38,1
39.85,-75.38,1
39.85,-75.38,1
39.85,-75.38,1
39.85,-75.38,1
39.85,-75.38,1
39.85,-75.38,1
39.85,-75.38,1
39.85,-75.38,1
39.85,-75.38,1
39.85,-75.38,1
39.85,-75.38,1
39.85,-75.38,1
39.85,-75.38,1
39.85,-75.38,1
39.85,-75.38,1
39.85,-75.38,1
39.85,-75.38,1
39.85,-75.38,1
39.85,-75.38,1
39.85,-75.38,1
39.85,-75.38,1
39.85,-75.38,1
39.85,-75.38,1
39.85,-75.38,1
39.85,-75.38,1
39.85,-75.38,1
39.85,-75.38,1
39.85,-75.38,1
39.85,-75.38,1
39.85,-75.38,1
39.85,-75.38,1
39.85,-75.38,1
39.85,-75.38,1
39.85,-75.38,1
39.85,-75.38,1
39.85,-75.38,1
39.85,-75.38,1
39.85,-75.38,1
39.85,-75.38,1
39.85,-75.38,1
39.85,-75.38,1
39.85,-75.38,1
39.85,-75.38,1
39.85,-75.38,1
39.85,-75.38,1
39.85,-75.38,1
39.85,-75.38,1
39.85,-75.38,1
39.85,-75.38,1
39.85,-75.38,1
39.85,-75.38,1
39.85,-75.38,1
39.85,-75.38,1
39.85,-75.38,1
39.85,-75.38,1
39.85,-75.38,1
39.85,-75.38,1
39.85,-75.38,1
39.85,-75.38,1
39.85,-75.38,1
39.85,-75.38,1
39.85,-75.38,1
39.85,-75.38,1
39.85,-75.38,1
39.85,-75.38,1
39.85,-75.38,1
39.85,-75.38,1
39.85,-75.38,1
39.85,-75.38,1
39.85,-75.38,1
39.85,-75.38,1
39.85,-75.38,1
39.85,-75.38,1
39.85,-75.38,1
39.85,-75.38,1
39.85,-75.38,1
39.85,-75.38,1
39.85,-75.38,1
39.85,-75.38,1
39.85,-75.38,1
39.85,-75.38,1
39.85,-75.38,1
39.85,-75.38,1
39.85,-75.38,1
39.85,-75.38,1
39.85,-75.38,1
39.85,-75.38,1
39.85,-75.38,1
39.85,-75.38,1
39.85,-75.38,1
39.85,-75.38,1
39.85,-75.38,1
39.85,-75.38,1
39.85,-75.38,1
39.85,-75.38,1
39.85,-75.38,1
39.85,-75.38,1
39.85,-75.38,1
39.85,-75.38,1
39.85,-75.38,1
39.85,-75.38,1
39.85,-75.38,1
39.85,-75.38,1
39.85,-75.38,1
39.85,-75.38,1
39.85,-75.38,1
39.85,-75.38,1
39.85,-75.38,1
39.85,-75.38,1
39.85,-75.38,1
39.85,-75.38,1
39.85,-75.38,1
39.85,-75.38,1
39.85,-75.38,1
39.85,-75.38,1
39.85,-75.38,1
39.85,-75.38,1
39.85,-75.38,1
39.85,-75.38,1
39.85,-75.38,1
39.85,-75.38,1
39.85,-75.38,1
39.85,-75.38,1
39.85,-75.38,1
39.85,-75.38,1
39.85,-75.38,1
39.85,-75.38,1
39.85,-75.38,1
39.85,-75.38,1
39.85,-75.38,1
39.85,-75.38,1
39.85,-75.38,1
39.85,-75.38,1
39.85,-75.38,1
39.85,-75.38,1
39.85,-75.38,1
39.85,-75.38,1
39.85,-75.38,1
39.85,-75.38,1
39.85,-75.38,1
39.85,-75.38,1
39.85,-75.38,1
39.85,-75.38,1
39.85,-75.38,1
39.85,-75.38,1
39.85,-75.38,1
39.85,-75.38,1
39.85,-75.38,1
39.85,-75.38,1
39.85,-75.38,1
39.85,-75.38,1
39.85,-75.38,1
39.85,-75.38,1
39.85,-75.38,1
39.85,-75.38,1
39.85,-75.38,1
39.85,-75.38,1
39.85,-75.38,1
39.85,-75.38,1
39.85,-75.38,1
39.85,-75.38,1
39.85,-75.38,1
39.85,-75.38,1
39.85,-75.38,1
39.85,-75.38,1
39.85,-75.38,1
39.85,-75.38,1
39.85,-75.38,1
39.85,-75.38,1
39.85,-75.38,1
39.85,-75.38,1
39.85,-75.38,1
39.85,-75.38,1
39.85,-75.38,1
39.85,-75.38,1
39.85,-75.38,1
39.85,-75.38,1
39.85,-75.38,1
39.85,-75.38,1
39.85,-75.38,1
39.85,-75.38,1
39.85,-75.38,1
39.85,-75.38,1
39.85,-75.38,1
39.85,-75.38,1
39.85,-75.38,1
39.85,-75.38,1
39.85,-75.38,1
39.85,-75.38,1
39.85,-75.38,1
39.85,-75.38,1
39.85,-75.38,1
39.85,-75.38,1
39.85,-75.38,1
39.85,-75.38,1
39.85,-75.38,1
39.85,-75.38,1
39.85,-75.38,1
39.85,-75.38,1
39.85,-75.38,1
39.85,-75.38,1
39.85,-75.38,1
39.85,-75.38,1
39.85,-75.38,1
39.85,-75.38,1
39.85,-75.38,1
39.85,-75.38,1
39.85,-75.38,1
39.85,-75.38,1
39.85,-75.38,1
39.85,-75.38,1
39.85,-75.38,1
39.85,-75.38,1
39.85,-75.38,1
39.85,-75.38,1
39.85,-75.38,1
39.85,-75.38,1
39.85,-75.38,1
39.85,-75.38,1
39.85,-75.38,1
39.85,-75.38,1
39.85,-75.38,1
39.85,-75.38,1
39.85,-75.38,1
39.85,-75.38,1
39.85,-75.38,1
39.85,-75.38,1
39.85,-75.38,1
39.85,-75.38,1
39.85,-75.38,1
39.85,-75.38,1
39.85,-75.38,1
39.85,-75.38,1
39.85,-75.38,1
39.85,-75.38,1
39.85,-75.38,1
39.85,-75.38,1
39.85,-75.38,1
39.85,-75.38,1
39.85,-75.38,1
39.85,-75.38,1
39.85,-75.38,1
39.85,-75.38,1
39.85,-75.38,1
39.85,-75.38,1
39.85,-75.38,1
39.85,-75.38,1
39.85,-75.38,1
39.85,-75.38,1
39.85,-75.38,1
39.85,-75.38,1
39.85,-75.38,1
39.85,-75.38,1
39.85,-75.38,1
39.85,-75.38,1
39.85,-75.38,1
39.85,-75.38,1
39.85,-75.38,1
39.85,-75.38,1
39.85,-75.38,1
39.85,-75.38,1
39.85,-75.38,1
39.85,-75.38,1
39.85,-75.38,1
39.85,-75.38,1
39.85,-75.38,1
39.85,-75.38,1
39.85,-75.38,1
39.85,-75.38,1
39.85,-75.38,1
39.85,-75.38,1
39.85,-75.38,1
39.85,-75.38,1
39.85,-75.38,1
39.85,-75.38,1
39.85,-75.38,1
39.85,-75.38,1
39.85,-75.38,1
39.85,-75.38,1
39.85,-75.38,1
39.85,-75.38,1
39.85,-75.38,1
39.85,-75.38,1
39.85,-75.38,1
39.85,-75.38,1
39.85,-75.38,1
39.85,-75.38,1
39.85,-75.38,1
39.85,-75.38,1
39.85,-75.38,1
39.85,-75.38,1
39.85,-75.38,1
39.85,-75.38,1
39.85,-75.38,1
39.85,-75.38,1
39.85,-75.38,1
39.85,-75.38,1
39.85,-75.38,1
39.85,-75.38,1
39.85,-75.38,1
39.85,-75.38,1
39.85,-75.38,1
39.85,-75.38,1
39.85,-75.38,1
39.85,-75.38,1
39.85,-75.38,1
39.85,-75.38,1
39.85,-75.38,1
39.85,-75.38,1
39.85,-75.38,1
39.85,-75.38,1
39.85,-75.38,1
39.85,-75.38,1
39.85,-75.38,1
39.85,-75.38,1
39.85,-75.38,1
39.85,-75.38,1
39.85,-75.38,1
39.85,-75.38,1
39.85,-75.38,1
39.85,-75.38,1
39.85,-75.38,1
39.85,-75.38,1
39.85,-75.38,1
39.85,-75.38,1
39.85,-75.38,1
39.85,-75.38,1
39.85,-75.38,1
39.85,-75.38,1
39.85,-75.38,1
39.85,-75.38,1
39.85,-75.38,1
39.85,-75.38,1
39.85,-75.38,1
39.85,-75.38,1
39.85,-75.38,1
39.85,-75.38,1
39.85,-75.38,1
39.85,-75.38,1
39.85,-75.38,1
39.85,-75.38,1
39.85,-75.38,1
39.85,-75.38,1
39.85,-75.38,1
39.85,-75.38,1
39.85,-75.38,1
39.85,-75.38,1
39.85,-75.38,1
39.85,-75.38,1
39.85,-75.38,1
39.85,-75.38,1
39.85,-75.38,1
39.85,-75.38,1
39.85,-75.38,1
39.85,-75.38,1
39.85,-75.38,1
39.85,-75.38,1
39.85,-75.38,1
39.85,-75.38,1
39.85,-75.38,1
39.85,-75.38,1
39.85,-75.38,1
39.85,-75.38,1
39.85,-75.38,1
39.85,-75.38,1
39.85,-75.38,1
39.85,-75.38,1
39.85,-75.38,1
39.85,-75.38,1
39.85,-75.38,1
39.85,-75.38,1
39.85,-75.38,1
39.85,-75.38,1
39.85,-75.38,1
39.85,-75.38,1
39.85,-75.38,1
39.85,-75.38,1
39.85,-75.38,1
39.85,-75.38,1
39.85,-75.38,1
39.85,-75.38,1
39.85,-75.38,1
39.85,-75.38,1
39.85,-75.38,1
39.85,-75.38,1
39.85,-75.38,1
39.85,-75.38,1
39.85,-75.38,1
39.85,-75.38,1
39.85,-75.38,1
39.85,-75.38,1
39.85,-75.38,1
39.85,-75.38,1
39.85,-75.38,1
39.85,-75.38,1
39.85,-75.38,1
39.85,-75.38,1
39.85,-75.38,1
39.85,-75.38,1
39.85,-75.38,1
39.85,-75.38,1
39.85,-75.38,1
39.85,-75.38,1
39.85,-75.38,1
39.85,-75.38,1
39.85,-75.38,1
39.85,-75.38,1
39.85,-75.38,1
39.85,-75.38,1
39.85,-75.38,1
39.85,-75.38,1
39.85,-75.38,1
39.85,-75.38,1
39.85,-75.38,1
39.85,-75.38,1
39.85,-75.38,1
39.85,-75.38,1
39.85,-75.38,1
39.85,-75.38,1
39.85,-75.38,1
39.85,-75.38,1
39.85,-75.38,1
39.85,-75.38,1
39.85,-75.38,1
39.85,-75.38,1
39.85,-75.38,1
39.85,-75.38,1
39.85,-75.38,1
39.85,-75.38,1
39.85,-75.38,1
39.85,-75.38,1
39.85,-75.38,1
39.85,-75.38,1
39.85,-75.38,1
39.85,-75.38,1
39.85,-75.38,1
39.85,-75.38,1
39.85,-75.38,1
39.85,-75.38,1
39.85,-75.38,1
39.85,-75.38,1
39.85,-75.38,1
39.85,-75.38,1
39.85,-75.38,1
39.85,-75.38,1
39.85,-75.38,1
39.85,-75.38,1
39.85,-75.38,1
39.85,-75.38,1
39.85,-75.38,1
39.85,-75.38,1
39.85,-75.38,1
39.85,-75.38,1
39.85,-75.38,1
39.85,-75.38,1
39.85,-75.38,1
39.85,-75.38,1
39.85,-75.38,1
39.85,-75.38,1
39.85,-75.38,1
39.85,-75.38,1
39.85,-75.38,1
39.85,-75.38,1
39.85,-75.38,1
39.85,-75.38,1
39.85,-75.38,1
39.85,-75.38,1
39.85,-75.38,1
39.85,-75.38,1
39.85,-75.38,1
39.85,-75.38,1
39.85,-75.38,1
39.85,-75.38,1
39.85,-75.38,1
39.85,-75.38,1
39.85,-75.38,1
39.85,-75.38,1
39.85,-75.38,1
39.85,-75.38,1
39.85,-75.38,1
39.85,-75.38,1
39.85,-75.38,1
39.85,-75.38,1
39.85,-75.38,1
39.85,-75.38,1
39.85,-75.38,1
39.85,-75.38,1
39.85,-75.38,1
39.85,-75.38,1
39.85,-75.38,1
39.85,-75.38,1
39.85,-75.38,1
39.85,-75.38,1
39.85,-75.38,1
39.85,-75.38,1
39.85,-75.38,1
39.85,-75.38,1
39.85,-75.38,1
39.85,-75.38,1
39.85,-75.38,1
39.85,-75.38,1
39.85,-75.38,1
39.85,-75.38,1
39.85,-75.38,1
39.85,-75.38,1
39.85,-75.38,1
39.85,-75.38,1
39.85,-75.38,1
39.85,-75.38,1
39.85,-75.38,1
39.85,-75.38,1
39.85,-75.38,1
39.85,-75.38,1
39.85,-75.38,1
39.85,-75.38,1
39.85,-75.38,1
39.85,-75.38,1
39.85,-75.38,1
39.85,-75.38,1
39.85,-75.38,1
39.85,-75.38,1
39.85,-75.38,1
39.85,-75.38,1
39.85,-75.38,1
39.85,-75.38,1
39.85,-75.38,1
39.85,-75.38,1
39.85,-75.38,1
39.85,-75.38,1
39.85,-75.38,1
39.85,-75.38,1
39.85,-75.38,1
39.85,-75.38,1
39.85,-75.38,1
39.85,-75.38,1
39.85,-75.38,1
39.85,-75.38,1
39.85,-75.38,1
39.85,-75.38,1
39.85,-75.38,1
39.85,-75.38,1
39.85,-75.38,1
39.85,-75.38,1
39.85,-75.38,1
39.85,-75.38,1
39.85,-75.38,1
39.85,-75.38,1
39.85,-75.38,1
39.85,-75.38,1
39.85,-75.38,1
39.85,-75.38,1
39.85,-75.38,1
39.85,-75.38,1
39.85,-75.38,1
39.85,-75.38,1
39.85,-75.38,1
39.85,-75.38,1
39.85,-75.38,1
39.85,-75.38,1
39.85,-75.38,1
39.85,-75.38,1
39.85,-75.38,1
39.85,-75.38,1
39.85,-75.38,1
39.85,-75.38,1
39.85,-75.38,1
39.85,-75.38,1
39.85,-75.38,1
39.85,-75.38,1
39.85,-75.38,1
39.85,-75.38,1
39.85,-75.38,1
39.85,-75.38,1
39.85,-75.38,1
39.85,-75.38,1
39.85,-75.38,1
39.85,-75.38,1
39.85,-75.38,1
39.85,-75.38,1
39.85,-75.38,1
39.85,-75.38,1
39.85,-75.38,1
39.85,-75.38,1
39.85,-75.38,1
39.85,-75.38,1
39.85,-75.38,1
39.85,-75.38,1
39.85,-75.38,1
39.85,-75.38,1
39.85,-75.38,1
39.85,-75.38,1
39.85,-75.38,1
39.85,-75.38,1
39.85,-75.38,1
39.85,-75.38,1
39.85,-75.38,1
39.85,-75.38,1
39.85,-75.38,1
39.85,-75.38,1
39.85,-75.38,1
39.85,-75.38,1
39.85,-75.38,1
39.85,-75.38,1
39.85,-75.38,1
39.85,-75.38,1
39.85,-75.38,1
39.85,-75.38,1
39.85,-75.38,1
39.85,-75.38,1
39.85,-75.38,1
39.85,-75.38,1
39.85,-75.38,1
39.85,-75.38,1
39.85,-75.38,1
39.85,-75.38,1
39.85,-75.38,1
39.85,-75.38,1
39.85,-75.38,1
39.85,-75.38,1
39.85,-75.38,1
39.85,-75.38,1
39.85,-75.38,1
39.85,-75.38,1
39.85,-75.38,1
39.85,-75.38,1
39.85,-75.38,1
39.85,-75.38,1
39.85,-75.38,1
39.85,-75.38,1
39.85,-75.38,1
39.85,-75.38,1
39.85,-75.38,1
39.85,-75.38,1
39.85,-75.38,1
39.85,-75.38,1
39.85,-75.38,1
39.85,-75.38,1
39.85,-75.38,1
39.85,-75.38,1
39.85,-75.38,1
39.85,-75.38,1
39.85,-75.38,1
39.85,-75.38,1
39.85,-75.38,1
39.85,-75.38,1
39.85,-75.38,1
39.85,-75.38,1
39.85,-75.38,1
39.85,-75.38,1
39.85,-75.38,1
39.85,-75.38,1
39.85,-75.38,1
39.85,-75.38,1
39.85,-75.38,1
39.85,-75.38,1
39.85,-75.38,1
39.85,-75.38,1
39.85,-75.38,1
39.85,-75.38,1
39.85,-75.38,1
39.85,-75.38,1
39.85,-75.38,1
39.85,-75.38,1
39.85,-75.38,1
39.85,-75.38,1
39.85,-75.38,1
39.85,-75.38,1
39.85,-75.38,1
39.85,-75.38,1
39.85,-75.38,1
39.85,-75.38,1
39.85,-75.38,1
39.85,-75.38,1
39.85,-75.38,1
39.85,-75.38,1
39.85,-75.38,1
39.85,-75.38,1
39.85,-75.38,1
39.85,-75.38,1
39.85,-75.38,1
39.85,-75.38,1
39.85,-75.38,1
39.85,-75.38,1
39.85,-75.38,1
39.85,-75.38,1
39.85,-75.38,1
39.85,-75.38,1
39.85,-75.38,1
39.85,-75.38,1
39.85,-75.38,1
39.85,-75.38,1
39.85,-75.38,1
39.85,-75.38,1
39.85,-75.38,1
39.85,-75.38,1
39.85,-75.38,1
39.85,-75.38,1
39.85,-75.38,1
39.85,-75.38,1
39.85,-75.38,1
39.85,-75.38,1
39.85,-75.38,1
39.85,-75.38,1
39.85,-75.38,1
39.85,-75.38,1
39.85,-75.38,1
39.85,-75.38,1
39.85,-75.38,1
39.85,-75.38,1
39.85,-75.38,1
39.85,-75.38,1
39.85,-75.38,1
39.85,-75.38,1
39.85,-75.38,1
39.85,-75.38,1
39.85,-75.38,1
39.85,-75.38,1
39.85,-75.38,1
39.85,-75.38,1
39.85,-75.38,1
39.85,-75.38,1
39.85,-75.38,1
39.85,-75.38,1
39.85,-75.38,1
39.85,-75.38,1
39.85,-75.38,1
39.85,-75.38,1
39.85,-75.38,1
39.85,-75.38,1
39.85,-75.38,1
39.85,-75.38,1
39.85,-75.38,1
39.85,-75.38,1
39.85,-75.38,1
39.85,-75.38,1
39.85,-75.38,1
39.85,-75.38,1
39.85,-75.38,1
39.85,-75.38,1
39.85,-75.38,1
39.85,-75.38,1
39.85,-75.38,1
39.85,-75.38,1
39.85,-75.38,1
39.85,-75.38,1
39.85,-75.38,1
39.85,-75.38,1
39.85,-75.38,1
39.85,-75.38,1
39.85,-75.38,1
39.85,-75.38,1
39.85,-75.38,1
39.85,-75.38,1
39.85,-75.38,1
39.85,-75.38,1
39.85,-75.38,1
39.85,-75.38,1
39.85,-75.38,1
39.85,-75.38,1
39.85,-75.38,1
39.85,-75.38,1
39.85,-75.38,1
39.85,-75.38,1
39.85,-75.38,1
39.85,-75.38,1
39.85,-75.38,1
39.85,-75.38,1
39.85,-75.38,1
39.85,-75.38,1
39.85,-75.38,1
39.85,-75.38,1
39.85,-75.38,1
39.85,-75.38,1
39.85,-75.38,1
39.85,-75.38,1
39.85,-75.38,1
39.85,-75.38,1
39.85,-75.38,1
39.85,-75.38,1
39.85,-75.38,1
39.85,-75.38,1
39.85,-75.38,1
39.85,-75.38,1
39.85,-75.38,1
39.85,-75.38,1
39.85,-75.38,1
39.85,-75.38,1
39.85,-75.38,1
39.85,-75.38,1
39.85,-75.38,1
39.85,-75.38,1
39.85,-75.38,1
39.85,-75.38,1
39.85,-75.38,1
39.85,-75.38,1
39.85,-75.38,1
39.85,-75.38,1
39.85,-75.38,1
39.85,-75.38,1
39.85,-75.38,1
39.85,-75.38,1
39.85,-75.38,1
39.85,-75.38,1
39.85,-75.38,1
39.85,-75.38,1
39.85,-75.38,1
39.85,-75.38,1
39.85,-75.38,1
39.85,-75.38,1
39.85,-75.38,1
39.85,-75.38,1
39.85,-75.38,1
39.85,-75.38,1
39.85,-75.38,1
39.85,-75.38,1
39.85,-75.38,1
39.85,-75.38,1
39.85,-75.38,1
39.85,-75.38,1
39.85,-75.38,1
39.85,-75.38,1
39.85,-75.38,1
39.85,-75.38,1
39.85,-75.38,1
39.85,-75.38,1
39.85,-75.38,1
39.85,-75.38,1
39.85,-75.38,1
39.85,-75.38,1
39.85,-75.38,1
39.85,-75.38,1
39.85,-75.38,1
39.85,-75.38,1
39.85,-75.38,1
39.85,-75.38,1
39.85,-75.38,1
39.85,-75.38,1
39.85,-75.38,1
39.85,-75.38,1
39.85,-75.38,1
39.85,-75.38,1
39.85,-75.38,1
39.85,-75.38,1
39.85,-75.38,1
39.85,-75.38,1
39.85,-75.38,1
39.85,-75.38,1
39.85,-75.38,1
39.85,-75.38,1
39.85,-75.38,1
39.85,-75.38,1
39.85,-75.38,1
39.85,-75.38,1
39.85,-75.38,1
39.85,-75.38,1
39.85,-75.38,1
39.85,-75.38,1
39.85,-75.38,1
39.85,-75.38,1
39.85,-75.38,1
39.85,-75.38,1
39.85,-75.38,1
39.85,-75.38,1
39.85,-75.38,1
39.85,-75.38,1
39.85,-75.38,1
39.85,-75.38,1
39.85,-75.38,1
39.85,-75.38,1
39.85,-75.38,1
39.85,-75.38,1
39.85,-75.38,1
39.85,-75.38,1
39.85,-75.38,1
39.85,-75.38,1
39.85,-75.38,1
39.85,-75.38,1
39.85,-75.38,1
39.85,-75.38,1
39.85,-75.38,1
39.85,-75.38,1
39.85,-75.38,1
39.85,-75.38,1
39.85,-75.38,1
39.85,-75.38,1
39.85,-75.38,1
39.85,-75.38,1
39.85,-75.38,1
39.85,-75.38,1
39.85,-75.38,1
39.85,-75.38,1
39.85,-75.38,1
39.85,-75.38,1
39.85,-75.38,1
39.85,-75.38,1
39.85,-75.38,1
39.85,-75.38,1
39.85,-75.38,1
39.85,-75.38,1
39.85,-75.38,1
39.85,-75.38,1
39.85,-75.38,1
39.85,-75.38,1
39.85,-75.38,1
39.85,-75.38,1
39.85,-75.38,1
39.85,-75.38,1
39.85,-75.38,1
39.85,-75.38,1
39.85,-75.38,1
39.85,-75.38,1
39.85,-75.38,1
39.85,-75.38,1
39.85,-75.38,1
39.85,-75.38,1
39.85,-75.38,1
39.85,-75.38,1
39.85,-75.38,1
39.85,-75.38,1
39.85,-75.38,1
39.85,-75.38,1
39.85,-75.38,1
39.85,-75.38,1
39.85,-75.38,1
39.85,-75.38,1
39.85,-75.38,1
39.85,-75.38,1
39.85,-75.38,1
39.85,-75.38,1
39.85,-75.38,1
39.85,-75.38,1
39.85,-75.38,1
39.85,-75.38,1
39.85,-75.38,1
39.85,-75.38,1
39.85,-75.38,1
39.85,-75.38,1
39.85,-75.38,1
39.85,-75.38,1
39.85,-75.38,1
39.85,-75.38,1
39.85,-75.38,1
39.85,-75.38,1
39.85,-75.38,1
39.85,-75.38,1
39.85,-75.38,1
39.85,-75.38,1
39.85,-75.38,1
39.85,-75.38,1
39.85,-75.38,1
39.85,-75.38,1
39.85,-75.38,1
39.85,-75.38,1
39.85,-75.38,1
39.85,-75.38,1
39.85,-75.38,1
39.85,-75.38,1
39.85,-75.38,1
39.85,-75.38,1
39.85,-75.38,1
39.85,-75.38,1
39.85,-75.38,1
39.85,-75.38,1
39.85,-75.38,1
39.85,-75.38,1
39.85,-75.38,1
39.85,-75.38,1
39.85,-75.38,1
39.85,-75.38,1
39.85,-75.38,1
39.85,-75.38,1
39.85,-75.38,1
39.85,-75.38,1
39.85,-75.38,1
39.85,-75.38,1
39.85,-75.38,1
39.85,-75.38,1
39.85,-75.38,1
39.85,-75.38,1
39.85,-75.38,1
39.85,-75.38,1
39.85,-75.38,1
39.85,-75.38,1
39.85,-75.38,1
39.85,-75.38,1
39.85,-75.38,1
39.85,-75.38,1
39.85,-75.38,1
39.85,-75.38,1
39.85,-75.38,1
39.85,-75.38,1
39.85,-75.38,1
39.85,-75.38,1
39.85,-75.38,1
39.85,-75.38,1
39.85,-75.38,1
39.85,-75.38,1
39.85,-75.38,1
39.85,-75.38,1
39.85,-75.38,1
39.85,-75.38,1
39.85,-75.38,1
39.85,-75.38,1
39.85,-75.38,1
39.85,-75.38,1
39.85,-75.38,1
39.85,-75.38,1
39.85,-75.38,1
39.85,-75.38,1
39.85,-75.38,1
39.85,-75.38,1
39.85,-75.38,1
39.85,-75.38,1
39.85,-75.38,1
39.85,-75.38,1
39.85,-75.38,1
39.85,-75.38,1
39.85,-75.38,1
39.85,-75.38,1
39.85,-75.38,1
39.85,-75.38,1
39.85,-75.38,1
39.85,-75.38,1
39.85,-75.38,1
39.85,-75.38,1
39.85,-75.38,1
39.85,-75.38,1
39.85,-75.38,1
39.85,-75.38,1
39.85,-75.38,1
39.85,-75.38,1
39.85,-75.38,1
39.85,-75.38,1
39.85,-75.38,1
39.85,-75.38,1
39.85,-75.38,1
39.85,-75.38,1
39.85,-75.38,1
39.85,-75.38,1
39.85,-75.38,1
39.85,-75.38,1
39.85,-75.38,1
39.85,-75.38,1
39.85,-75.38,1
39.85,-75.38,1
39.85,-75.38,1
39.85,-75.38,1
39.85,-75.38,1
39.85,-75.38,1
39.85,-75.38,1
39.85,-75.38,1
39.85,-75.38,1
39.85,-75.38,1
39.85,-75.38,1
39.85,-75.38,1
39.85,-75.38,1
39.85,-75.38,1
39.85,-75.38,1
39.85,-75.38,1
39.85,-75.38,1
39.85,-75.38,1
39.85,-75.38,1
39.85,-75.38,1
39.85,-75.38,1
39.85,-75.38,1
39.85,-75.38,1
39.85,-75.38,1
39.85,-75.38,1
39.85,-75.38,1
39.85,-75.38,1
39.85,-75.38,1
39.85,-75.38,1
39.85,-75.38,1
39.85,-75.38,1
39.85,-75.38,1
39.85,-75.38,1
39.85,-75.38,1
39.85,-75.38,1
39.85,-75.38,1
39.85,-75.38,1
39.85,-75.38,1
39.85,-75.38,1
39.85,-75.38,1
39.85,-75.38,1
39.85,-75.38,1
39.85,-75.38,1
39.85,-75.38,1
39.85,-75.38,1
39.85,-75.38,1
39.85,-75.38,1
39.85,-75.38,1
39.85,-75.38,1
39.85,-75.38,1
39.85,-75.38,1
39.85,-75.38,1
39.85,-75.38,1
39.85,-75.38,1
39.85,-75.38,1
39.85,-75.38,1
39.85,-75.38,1
39.85,-75.38,1
39.85,-75.38,1
39.85,-75.38,1
39.85,-75.38,1
39.85,-75.38,1
39.85,-75.38,1
39.85,-75.38,1
39.85,-75.38,1
39.85,-75.38,1
39.85,-75.38,1
39.85,-75.38,1
39.85,-75.38,1
39.85,-75.38,1
39.85,-75.38,1
39.85,-75.38,1
39.85,-75.38,1
39.85,-75.38,1
39.85,-75.38,1
39.85,-75.38,1
39.85,-75.38,1
39.85,-75.38,1
39.85,-75.38,1
39.85,-75.38,1
39.85,-75.38,1
39.85,-75.38,1
39.85,-75.38,1
39.85,-75.38,1
39.85,-75.38,1
39.85,-75.38,1
39.85,-75.38,1
39.85,-75.38,1
39.85,-75.38,1
39.85,-75.38,1
39.85,-75.38,1
39.85,-75.38,1
39.85,-75.38,1
39.85,-75.38,1
39.85,-75.38,1
39.85,-75.38,1
39.85,-75.38,1
39.85,-75.38,1
39.85,-75.38,1
39.85,-75.38,1
39.85,-75.38,1
39.85,-75.38,1
39.85,-75.38,1
39.85,-75.38,1
39.85,-75.38,1
39.85,-75.38,1
39.85,-75.38,1
39.85,-75.38,1
39.85,-75.38,1
39.85,-75.38,1
39.85,-75.38,1
39.85,-75.38,1
39.85,-75.38,1
39.85,-75.38,1
39.85,-75.38,1
39.85,-75.38,1
39.85,-75.38,1
39.85,-75.38,1
39.85,-75.38,1
39.85,-75.38,1
39.85,-75.38,1
39.85,-75.38,1
39.85,-75.38,1
39.85,-75.38,1
39.85,-75.38,1
39.85,-75.38,1
39.85,-75.38,1
39.85,-75.38,1
39.85,-75.38,1
39.85,-75.38,1
39.85,-75.38,1
39.85,-75.38,1
39.85,-75.38,1
39.85,-75.38,1
39.85,-75.38,1
39.85,-75.38,1
39.85,-75.38,1
39.85,-75.38,1
39.85,-75.38,1
39.85,-75.38,1
39.85,-75.38,1
39.85,-75.38,1
39.85,-75.38,1
39.85,-75.38,1
39.85,-75.38,1
39.85,-75.38,1
39.85,-75.38,1
39.85,-75.38,1
39.85,-75.38,1
39.85,-75.38,1
39.85,-75.38,1
39.85,-75.38,1
39.85,-75.38,1
39.85,-75.38,1
39.85,-75.38,1
39.85,-75.38,1
39.85,-75.38,1
39.85,-75.38,1
39.85,-75.38,1
39.85,-75.38,1
39.85,-75.38,1
39.85,-75.38,1
39.85,-75.38,1
39.85,-75.38,1
39.85,-75.38,1
39.85,-75.38,1
39.85,-75.38,1
39.85,-75.38,1
39.85,-75.38,1
39.85,-75.38,1
39.85,-75.38,1
39.85,-75.38,1
39.85,-75.38,1
39.85,-75.38,1
39.85,-75.38,1
39.85,-75.38,1
39.85,-75.38,1
39.85,-75.38,1
39.85,-75.38,1
39.85,-75.38,1
39.85,-75.38,1
39.85,-75.38,1
39.85,-75.38,1
39.85,-75.38,1
39.85,-75.38,1
39.85,-75.38,1
39.85,-75.38,1
39.85,-75.38,1
39.85,-75.38,1
39.85,-75.38,1
39.85,-75.38,1
39.85,-75.38,1
39.85,-75.38,1
39.85,-75.38,1
39.85,-75.38,1
39.85,-75.38,1
39.85,-75.38,1
39.85,-75.38,1
39.85,-75.38,1
39.85,-75.38,1
39.85,-75.38,1
39.85,-75.38,1
39.85,-75.38,1
39.85,-75.38,1
39.85,-75.38,1
39.85,-75.38,1
39.85,-75.38,1
39.85,-75.38,1
39.85,-75.38,1
39.85,-75.38,1
39.85,-75.38,1
39.85,-75.38,1
39.85,-75.38,1
39.85,-75.38,1
39.85,-75.38,1
39.85,-75.38,1
39.85,-75.38,1
39.85,-75.38,1
39.85,-75.38,1
39.85,-75.38,1
39.85,-75.38,1
39.85,-75.38,1
39.85,-75.38,1
39.85,-75.38,1
39.85,-75.38,1
39.85,-75.38,1
39.85,-75.38,1
39.85,-75.38,1
39.85,-75.38,1
39.85,-75.38,1
39.85,-75.38,1
39.85,-75.38,1
39.85,-75.38,1
39.85,-75.38,1
39.85,-75.38,1
39.85,-75.38,1
39.85,-75.38,1
39.85,-75.38,1
39.85,-75.38,1
39.85,-75.38,1
39.85,-75.38,1
39.85,-75.38,1
39.85,-75.38,1
39.85,-75.38,1
39.85,-75.38,1
39.85,-75.38,1
39.85,-75.38,1
39.85,-75.38,1
39.85,-75.38,1
39.85,-75.38,1
39.85,-75.38,1
39.85,-75.38,1
39.85,-75.38,1
39.85,-75.38,1
39.85,-75.38,1
39.85,-75.38,1
39.85,-75.38,1
39.85,-75.38,1
39.85,-75.38,1
39.85,-75.38,1
39.85,-75.38,1
39.85,-75.38,1
39.85,-75.38,1
39.85,-75.38,1
39.85,-75.38,1
39.85,-75.38,1
39.85,-75.38,1
39.85,-75.38,1
39.85,-75.38,1
39.85,-75.38,1
39.85,-75.38,1
39.85,-75.38,1
39.85,-75.38,1
39.85,-75.38,1
39.85,-75.38,1
39.85,-75.38,1
39.85,-75.38,1
39.85,-75.38,1
39.85,-75.38,1
39.85,-75.38,1
39.85,-75.38,1
39.85,-75.38,1
39.85,-75.38,1
39.85,-75.38,1
39.85,-75.38,1
39.85,-75.38,1
39.85,-75.38,1
39.85,-75.38,1
39.85,-75.38,1
39.85,-75.38,1
39.85,-75.38,1
39.85,-75.38,1
39.85,-75.38,1
39.85,-75.38,1
39.85,-75.38,1
39.85,-75.38,1
39.85,-75.38,1
39.85,-75.38,1
39.85,-75.38,1
39.85,-75.38,1
39.85,-75.38,1
39.85,-75.38,1
39.85,-75.38,1
39.85,-75.38,1
39.85,-75.38,1
39.85,-75.38,1
39.85,-75.38,1
39.85,-75.38,1
39.85,-75.38,1
39.85,-75.38,1
39.85,-75.38,1
39.85,-75.38,1
39.85,-75.38,1
39.85,-75.38,1
39.85,-75.38,1
39.85,-75.38,1
39.85,-75.38,1
39.85,-75.38,1
39.85,-75.38,1
39.85,-75.38,1
39.85,-75.38,1
39.85,-75.38,1
39.85,-75.38,1
39.85,-75.38,1
39.85,-75.38,1
39.85,-75.38,1
39.85,-75.38,1
39.85,-75.38,1
39.85,-75.38,1
39.85,-75.38,1
39.85,-75.38,1
39.85,-75.38,1
39.85,-75.38,1
39.85,-75.38,1
39.85,-75.38,1
39.85,-75.38,1
39.85,-75.38,1
39.85,-75.38,1
39.85,-75.38,1
39.85,-75.38,1
39.85,-75.38,1
39.85,-75.38,1
39.85,-75.38,1
39.85,-75.38,1
39.85,-75.38,1
39.85,-75.38,1
39.85,-75.38,1
39.85,-75.38,1
39.85,-75.38,1
39.85,-75.38,1
39.85,-75.38,1
39.85,-75.38,1
39.85,-75.38,1
39.85,-75.38,1
39.85,-75.38,1
39.85,-75.38,1
39.85,-75.38,1
39.85,-75.38,1
39.85,-75.38,1
39.85,-75.38,1
39.85,-75.38,1
39.85,-75.38,1
39.85,-75.38,1
39.85,-75.38,1
39.85,-75.38,1
39.85,-75.38,1
39.85,-75.38,1
39.85,-75.38,1
39.85,-75.38,1
39.85,-75.38,1
39.85,-75.38,1
39.85,-75.38,1
39.85,-75.38,1
39.85,-75.38,1
39.85,-75.38,1
39.85,-75.38,1
39.85,-75.38,1
39.85,-75.38,1
39.85,-75.38,1
39.85,-75.38,1
39.85,-75.38,1
39.85,-75.38,1
39.85,-75.38,1
39.85,-75.38,1
39.85,-75.38,1
39.85,-75.38,1
39.85,-75.38,1
39.85,-75.38,1
39.85,-75.38,1
39.85,-75.38,1
39.85,-75.38,1
39.85,-75.38,1
39.85,-75.38,1
39.85,-75.38,1
39.85,-75.38,1
39.85,-75.38,1
39.85,-75.38,1
39.85,-75.38,1
39.85,-75.38,1
39.85,-75.38,1
39.85,-75.38,1
39.85,-75.38,1
39.85,-75.38,1
39.85,-75.38,1
39.85,-75.38,1
39.85,-75.38,1
39.85,-75.38,1
39.85,-75.38,1
39.85,-75.38,1
39.85,-75.38,1
39.85,-75.38,1
39.85,-75.38,1
39.85,-75.38,1
39.85,-75.38,1
39.85,-75.38,1
39.85,-75.38,1
39.85,-75.38,1
39.85,-75.38,1
39.85,-75.38,1
39.85,-75.38,1
39.85,-75.38,1
39.85,-75.38,1
39.85,-75.38,1
39.85,-75.38,1
39.85,-75.38,1
39.85,-75.38,1
39.85,-75.38,1
39.85,-75.38,1
39.85,-75.38,1
39.85,-75.38,1
39.85,-75.38,1
39.85,-75.38,1
39.85,-75.38,1
39.85,-75.38,1
39.85,-75.38,1
39.85,-75.38,1
39.85,-75.38,1
39.85,-75.38,1
39.85,-75.38,1
39.85,-75.38,1
39.85,-75.38,1
39.85,-75.38,1
39.85,-75.38,1
39.85,-75.38,1
39.85,-75.38,1
39.85,-75.38,1
39.85,-75.38,1
39.85,-75.38,1
39.85,-75.38,1
39.85,-75.38,1
39.85,-75.38,1
39.85,-75.38,1
39.85,-75.38,1
39.85,-75.38,1
39.85,-75.38,1
39.85,-75.38,1
39.85,-75.38,1
39.85,-75.38,1
39.85,-75.38,1
39.85,-75.38,1
39.85,-75.38,1
39.85,-75.38,1
39.85,-75.38,1
39.85,-75.38,1
39.85,-75.38,1
39.85,-75.38,1
39.85,-75.38,1
39.85,-75.38,1
39.85,-75.38,1
39.85,-75.38,1
39.85,-75.38,1
39.85,-75.38,1
39.85,-75.38,1
39.85,-75.38,1
39.85,-75.38,1
39.85,-75.38,1
39.85,-75.38,1
39.85,-75.38,1
39.85,-75.38,1
39.85,-75.38,1
39.85,-75.38,1
39.85,-75.38,1
39.85,-75.38,1
39.85,-75.38,1
39.85,-75.38,1
39.85,-75.38,1
39.85,-75.38,1
39.85,-75.38,1
39.85,-75.38,1
39.85,-75.38,1
39.85,-75.38,1
39.85,-75.38,1
39.85,-75.38,1
39.85,-75.38,1
39.85,-75.38,1
39.85,-75.38,1
39.85,-75.38,1
39.85,-75.38,1
39.85,-75.38,1
39.85,-75.38,1
39.85,-75.38,1
39.85,-75.38,1
39.85,-75.38,1
39.85,-75.38,1
39.85,-75.38,1
39.85,-75.38,1
39.85,-75.38,1
39.85,-75.38,1
39.85,-75.38,1
39.85,-75.38,1
39.85,-75.38,1
39.85,-75.38,1
39.85,-75.38,1
39.85,-75.38,1
39.85,-75.38,1
39.85,-75.38,1
39.85,-75.38,1
39.85,-75.38,1
39.85,-75.38,1
39.85,-75.38,1
39.85,-75.38,1
39.85,-75.38,1
39.85,-75.38,1
39.85,-75.38,1
39.85,-75.38,1
39.85,-75.38,1
39.85,-75.38,1
39.85,-75.38,1
39.85,-75.38,1
39.85,-75.38,1
39.85,-75.38,1
39.85,-75.38,1
39.85,-75.38,1
39.85,-75.38,1
39.85,-75.38,1
39.85,-75.38,1
39.85,-75.38,1
39.85,-75.38,1
39.85,-75.38,1
39.85,-75.38,1
39.85,-75.38,1
39.85,-75.38,1
39.85,-75.38,1
39.85,-75.38,1
39.85,-75.38,1
39.85,-75.38,1
39.85,-75.38,1
39.85,-75.38,1
39.85,-75.38,1
39.85,-75.38,1
39.85,-75.38,1
39.85,-75.38,1
39.85,-75.38,1
39.85,-75.38,1
39.85,-75.38,1
39.85,-75.38,1
39.85,-75.38,1
39.85,-75.38,1
39.85,-75.38,1
39.85,-75.38,1
39.85,-75.38,1
39.85,-75.38,1
39.85,-75.38,1
39.85,-75.38,1
39.85,-75.38,1
39.85,-75.38,1
39.85,-75.38,1
39.85,-75.38,1
39.85,-75.38,1
39.85,-75.38,1
39.85,-75.38,1
39.85,-75.38,1
39.85,-75.38,1
39.85,-75.38,1
39.85,-75.38,1
39.85,-75.38,1
39.85,-75.38,1
39.85,-75.38,1
39.85,-75.38,1
39.85,-75.38,1
39.85,-75.38,1
39.85,-75.38,1
39.85,-75.38,1
39.85,-75.38,1
39.85,-75.38,1
39.85,-75.38,1
39.85,-75.38,1
39.85,-75.38,1
39.85,-75.38,1
39.85,-75.38,1
39.85,-75.38,1
39.85,-75.38,1
39.85,-75.38,1
39.85,-75.38,1
39.85,-75.38,1
39.85,-75.38,1
39.85,-75.38,1
39.85,-75.38,1
39.85,-75.38,1
39.85,-75.38,1
39.85,-75.38,1
39.85,-75.38,1
39.85,-75.38,1
39.85,-75.38,1
39.85,-75.38,1
39.85,-75.38,1
39.85,-75.38,1
39.85,-75.38,1
39.85,-75.38,1
39.85,-75.38,1
39.85,-75.38,1
39.85,-75.38,1
39.85,-75.38,1
39.85,-75.38,1
39.85,-75.38,1
39.85,-75.38,1
39.85,-75.38,1
39.85,-75.38,1
39.85,-75.38,1
39.85,-75.38,1
39.85,-75.38,1
39.85,-75.38,1
39.85,-75.38,1
39.85,-75.38,1
39.85,-75.38,1
39.85,-75.38,1
39.85,-75.38,1
39.85,-75.38,1
39.85,-75.38,1
39.85,-75.38,1
39.85,-75.38,1
39.85,-75.38,1
39.85,-75.38,1
39.85,-75.38,1
39.85,-75.38,1
39.85,-75.38,1
39.85,-75.38,1
39.85,-75.38,1
39.85,-75.38,1
39.85,-75.38,1
39.85,-75.38,1
39.85,-75.38,1
39.85,-75.38,1
39.85,-75.38,1
39.85,-75.38,1
39.85,-75.38,1
39.85,-75.38,1
39.85,-75.38,1
39.85,-75.38,1
39.85,-75.38,1
39.85,-75.38,1
39.85,-75.38,1
39.85,-75.38,1
39.85,-75.38,1
39.85,-75.38,1
39.85,-75.38,1
39.85,-75.38,1
39.85,-75.38,1
39.85,-75.38,1
39.85,-75.38,1
39.85,-75.38,1
39.85,-75.38,1
39.85,-75.38,1
39.85,-75.38,1
39.85,-75.38,1
39.85,-75.38,1
39.85,-75.38,1
39.85,-75.38,1
39.85,-75.38,1
39.85,-75.38,1
39.85,-75.38,1
39.85,-75.38,1
39.85,-75.38,1
39.85,-75.38,1
39.85,-75.38,1
39.85,-75.38,1
39.85,-75.38,1
39.85,-75.38,1
39.85,-75.38,1
39.85,-75.38,1
39.85,-75.38,1
39.85,-75.38,1
39.85,-75.38,1
39.85,-75.38,1
39.85,-75.38,1
39.85,-75.38,1
39.85,-75.38,1
39.85,-75.38,1
39.85,-75.38,1
39.85,-75.38,1
39.85,-75.38,1
39.85,-75.38,1
39.85,-75.38,1
39.85,-75.38,1
39.85,-75.38,1
39.85,-75.38,1
39.85,-75.38,1
39.85,-75.38,1
39.85,-75.38,1
39.85,-75.38,1
39.85,-75.38,1
39.85,-75.38,1
39.85,-75.38,1
39.85,-75.38,1
39.85,-75.38,1
39.85,-75.38,1
39.85,-75.38,1
39.85,-75.38,1
39.85,-75.38,1
39.85,-75.38,1
39.85,-75.38,1
39.85,-75.38,1
39.85,-75.38,1
39.85,-75.38,1
39.85,-75.38,1
39.85,-75.38,1
39.85,-75.38,1
39.85,-75.38,1
39.85,-75.38,1
39.85,-75.38,1
39.85,-75.38,1
39.85,-75.38,1
39.85,-75.38,1
39.85,-75.38,1
39.85,-75.38,1
39.85,-75.38,1
39.85,-75.38,1
39.85,-75.38,1
39.85,-75.38,1
39.85,-75.38,1
39.85,-75.38,1
39.85,-75.38,1
39.85,-75.38,1
39.85,-75.38,1
39.85,-75.38,1
39.85,-75.38,1
39.85,-75.38,1
39.85,-75.38,1
39.85,-75.38,1
39.85,-75.38,1
39.85,-75.38,1
39.85,-75.38,1
39.85,-75.38,1
39.85,-75.38,1
39.85,-75.38,1
39.85,-75.38,1
39.85,-75.38,1
39.85,-75.38,1
39.85,-75.38,1
39.85,-75.38,1
39.85,-75.38,1
39.85,-75.38,1
39.85,-75.38,1
39.85,-75.38,1
39.85,-75.38,1
39.85,-75.38,1
39.85,-75.38,1
39.85,-75.38,1
39.85,-75.38,1
39.85,-75.38,1
39.85,-75.38,1
39.85,-75.38,1
39.85,-75.38,1
39.85,-75.38,1
39.85,-75.38,1
39.85,-75.38,1
39.85,-75.38,1
39.85,-75.38,1
39.85,-75.38,1
39.85,-75.38,1
39.85,-75.38,1
39.85,-75.38,1
39.85,-75.38,1
39.85,-75.38,1
39.85,-75.38,1
39.85,-75.38,1
39.85,-75.38,1
39.85,-75.38,1
39.85,-75.38,1
39.85,-75.38,1
39.85,-75.38,1
39.85,-75.38,1
39.85,-75.38,1
39.85,-75.38,1
39.85,-75.38,1
39.85,-75.38,1
39.85,-75.38,1
39.85,-75.38,1
39.85,-75.38,1
39.85,-75.38,1
39.85,-75.38,1
39.85,-75.38,1
39.85,-75.38,1
39.85,-75.38,1
39.85,-75.38,1
39.85,-75.38,1
39.85,-75.38,1
39.85,-75.38,1
39.85,-75.38,1
39.85,-75.38,1
39.85,-75.38,1
39.85,-75.38,1
39.85,-75.38,1
39.85,-75.38,1
39.85,-75.38,1
39.85,-75.38,1
39.85,-75.38,1
39.85,-75.38,1
39.85,-75.38,1
39.85,-75.38,1
39.85,-75.38,1
39.85,-75.38,1
39.85,-75.38,1
39.85,-75.38,1
39.85,-75.38,1
39.85,-75.38,1
39.85,-75.38,1
39.85,-75.38,1
39.85,-75.38,1
39.85,-75.38,1
39.85,-75.38,1
39.85,-75.38,1
39.85,-75.38,1
39.85,-75.38,1
39.85,-75.38,1
39.85,-75.38,1
39.85,-75.38,1
39.85,-75.38,1
39.85,-75.38,1
39.85,-75.38,1
39.85,-75.38,1
39.85,-75.38,1
39.85,-75.38,1
39.85,-75.38,1
39.85,-75.38,1
39.85,-75.38,1
39.85,-75.38,1
39.85,-75.38,1
39.85,-75.38,1
39.85,-75.38,1
39.85,-75.38,1
39.85,-75.38,1
39.85,-75.38,1
39.85,-75.38,1
39.85,-75.38,1
39.85,-75.38,1
39.85,-75.38,1
39.85,-75.38,1
39.85,-75.38,1
39.85,-75.38,1
39.85,-75.38,1
39.85,-75.38,1
39.85,-75.38,1
39.85,-75.38,1
39.85,-75.38,1
39.85,-75.38,1
39.85,-75.38,1
39.85,-75.38,1
39.85,-75.38,1
39.85,-75.38,1
39.85,-75.38,1
39.85,-75.38,1
39.85,-75.38,1
39.85,-75.38,1
39.85,-75.38,1
39.85,-75.38,1
39.85,-75.38,1
39.85,-75.38,1
39.85,-75.38,1
39.85,-75.38,1
39.85,-75.38,1
39.85,-75.38,1
39.85,-75.38,1
39.85,-75.38,1
39.85,-75.38,1
39.85,-75.38,1
39.85,-75.38,1
39.85,-75.38,1
39.85,-75.38,1
39.85,-75.38,1
39.85,-75.38,1
39.85,-75.38,1
39.85,-75.38,1
39.85,-75.38,1
39.85,-75.38,1
39.85,-75.38,1
39.85,-75.38,1
39.85,-75.38,1
39.85,-75.38,1
39.85,-75.38,1
39.85,-75.38,1
39.85,-75.38,1
39.85,-75.38,1
39.85,-75.38,1
39.85,-75.38,1
39.85,-75.38,1
39.85,-75.38,1
39.85,-75.38,1
39.85,-75.38,1
39.85,-75.38,1
39.85,-75.38,1
39.85,-75.38,1
39.85,-75.38,1
39.85,-75.38,1
39.85,-75.38,1
39.85,-75.38,1
39.85,-75.38,1
39.85,-75.38,1
39.85,-75.38,1
39.85,-75.38,1
39.85,-75.38,1
39.85,-75.38,1
39.85,-75.38,1
39.85,-75.38,1
39.85,-75.38,1
39.85,-75.38,1
39.85,-75.38,1
39.85,-75.38,1
39.85,-75.38,1
39.85,-75.38,1
39.85,-75.38,1
39.85,-75.38,1
39.85,-75.38,1
39.85,-75.38,1
39.85,-75.38,1
39.85,-75.38,1
39.85,-75.38,1
39.85,-75.38,1
39.85,-75.38,1
39.85,-75.38,1
39.85,-75.38,1
39.85,-75.38,1
39.85,-75.38,1
39.85,-75.38,1
39.85,-75.38,1
39.85,-75.38,1
39.85,-75.38,1
39.85,-75.38,1
39.85,-75.38,1
39.85,-75.38,1
39.85,-75.38,1
39.85,-75.38,1
39.85,-75.38,1
39.85,-75.38,1
39.85,-75.38,1
39.85,-75.38,1
39.85,-75.38,1
39.85,-75.38,1
39.85,-75.38,1
39.85,-75.38,1
39.85,-75.38,1
39.85,-75.38,1
39.85,-75.38,1
39.85,-75.38,1
39.85,-75.38,1
39.85,-75.38,1
39.85,-75.38,1
39.85,-75.38,1
39.85,-75.38,1
39.85,-75.38,1
39.85,-75.38,1
39.85,-75.38,1
39.85,-75.38,1
39.85,-75.38,1
39.85,-75.38,1
39.85,-75.38,1
39.85,-75.38,1
39.85,-75.38,1
39.85,-75.38,1
39.85,-75.38,1
39.85,-75.38,1
39.85,-75.38,1
39.85,-75.38,1
39.85,-75.38,1
39.85,-75.38,1
39.85,-75.38,1
39.85,-75.38,1
39.85,-75.38,1
39.85,-75.38,1
39.85,-75.38,1
39.85,-75.38,1
39.85,-75.38,1
39.85,-75.38,1
39.85,-75.38,1
39.85,-75.38,1
39.85,-75.38,1
39.85,-75.38,1
39.85,-75.38,1
39.85,-75.38,1
39.85,-75.38,1
39.85,-75.38,1
39.85,-75.38,1
39.85,-75.38,1
39.85,-75.38,1
39.85,-75.38,1
39.85,-75.38,1
39.85,-75.38,1
39.85,-75.38,1
39.85,-75.38,1
39.85,-75.38,1
39.85,-75.38,1
39.85,-75.38,1
39.85,-75.38,1
39.85,-75.38,1
39.85,-75.38,1
41.2,-79.4,1
41.2,-79.4,1
41.2,-79.4,1
41.2,-79.4,1
41.2,-79.4,1
41.2,-79.4,1
41.2,-79.4,1
41.2,-79.4,1
41.2,-79.4,1
41.2,-79.4,1
41.2,-79.4,1
41.2,-79.4,1
41.2,-79.4,1
41.2,-79.4,1
41.2,-79.4,1
41.2,-79.4,1
41.2,-79.4,1
41.2,-79.4,1
41.2,-79.4,1
41.2,-79.4,1
41.2,-79.4,1
41.2,-79.4,1
41.2,-79.4,1
41.2,-79.4,1
41.2,-79.4,1
41.1,-78.4,1
41.1,-78.4,1
41.1,-78.4,1
41.1,-78.4,1
41.1,-78.4,1
41.1,-78.4,1
41.1,-78.4,1
41.1,-78.4,1
41.1,-78.4,1
41.1,-78.4,1
41.1,-78.4,1
41.1,-78.4,1
41.1,-78.4,1
41.1,-78.4,1
41.1,-78.4,1
41.1,-78.4,1
41.1,-78.4,1
41.1,-78.4,1
41.1,-78.4,1
41.1,-78.4,1
41.1,-78.4,1
41.1,-78.4,1
41.1,-78.4,1
41.1,-78.4,1
41.1,-78.4,1
41.1,-78.4,1
41.1,-78.4,1
41.1,-78.4,1
41.1,-78.4,1
41.1,-78.4,1
41.1,-78.4,1
41.1,-78.4,1
41.1,-78.4,1
40.51,-80.36,1
40.51,-80.36,1
40.51,-80.36,1
40.51,-80.36,1
40.51,-80.36,1
40.51,-80.36,1
40.51,-80.36,1
40.51,-80.36,1
40.51,-80.36,1
40.51,-80.36,1
40.51,-80.36,1
40.51,-80.36,1
40.51,-80.36,1
40.51,-80.36,1
40.51,-80.36,1
40.51,-80.36,1
40.51,-80.36,1
40.51,-80.36,1
40.51,-80.36,1
40.51,-80.36,1
40.51,-80.36,1
40.51,-80.36,1
40.51,-80.36,1
40.51,-80.36,1
40.51,-80.36,1
40.51,-80.36,1
40.51,-80.36,1
40.51,-80.36,1
40.51,-80.36,1
40.51,-80.36,1
40.51,-80.36,1
40.51,-80.36,1
40.51,-80.36,1
40.51,-80.36,1
40.51,-80.36,1
40.51,-80.36,1
40.51,-80.36,1
40.51,-80.36,1
40.51,-80.36,1
40.51,-80.36,1
40.51,-80.36,1
40.51,-80.36,1
40.51,-80.36,1
40.51,-80.36,1
40.51,-80.36,1
40.04,-76.48,1
40.04,-76.48,1
40.04,-76.48,1
40.04,-76.48,1
40.04,-76.48,1
40.04,-76.48,1
40.04,-76.48,1
40.04,-76.48,1
40.04,-76.48,1
40.04,-76.48,1
40.04,-76.48,1
40.04,-76.48,1
40.04,-76.48,1
40.04,-76.48,1
40.04,-76.48,1
40.04,-76.48,1
40.04,-76.48,1
40.04,-76.48,1
40.04,-76.48,1
40.04,-76.48,1
40.04,-76.48,1
40.04,-76.48,1
40.04,-76.48,1
40.04,-76.48,1
40.04,-76.48,1
40.04,-76.48,1
40.04,-76.48,1
40.04,-76.48,1
40.04,-76.48,1
40.04,-76.48,1
40.04,-76.48,1
40.04,-76.48,1
40.04,-76.48,1
40.04,-76.48,1
40.04,-76.48,1
40.04,-76.48,1
40.04,-76.48,1
40.04,-76.48,1
40.04,-76.48,1
40.04,-76.48,1
40.04,-76.48,1
40.04,-76.48,1
40.04,-76.48,1
40.04,-76.48,1
40.04,-76.48,1
40.04,-76.48,1
40.04,-76.48,1
40.04,-76.48,1
40.04,-76.48,1
40.04,-76.48,1
40.04,-76.48,1
40.04,-76.48,1
40.04,-76.48,1
40.04,-76.48,1
40.04,-76.48,1
40.04,-76.48,1
40.04,-76.48,1
40.04,-76.48,1
40.04,-76.48,1
40.04,-76.48,1
40.04,-76.48,1
40.04,-76.48,1
40.04,-76.48,1
40.04,-76.48,1
40.04,-76.48,1
40.04,-76.48,1
40.04,-76.48,1
40.04,-76.48,1
40.04,-76.48,1
40.04,-76.48,1
40.04,-76.48,1
40.04,-76.48,1
40.04,-76.48,1
40.04,-76.48,1
40.04,-76.48,1
40.04,-76.48,1
40.04,-76.48,1
40.04,-76.48,1
40.04,-76.48,1
40.04,-76.48,1
40.04,-76.48,1
40.04,-76.48,1
40.04,-76.48,1
40.04,-76.48,1
40.04,-76.48,1
40.04,-76.48,1
40.04,-76.48,1
40.04,-76.48,1
40.04,-76.48,1
40.04,-76.48,1
40.04,-76.48,1
40.04,-76.48,1
40.04,-76.48,1
40.04,-76.48,1
40.04,-76.48,1
40.04,-76.48,1
40.04,-76.48,1
40.04,-76.48,1
40.04,-76.48,1
40.04,-76.48,1
40.04,-76.48,1
40.04,-76.48,1
40.04,-76.48,1
40.04,-76.48,1
40.04,-76.48,1
40.04,-76.48,1
40.04,-76.48,1
40.04,-76.48,1
40.04,-76.48,1
40.04,-76.48,1
40.04,-76.48,1
40.04,-76.48,1
40.04,-76.48,1
40.04,-76.48,1
40.04,-76.48,1
40.04,-76.48,1
40.04,-76.48,1
40.04,-76.48,1
40.04,-76.48,1
40.04,-76.48,1
40.04,-76.48,1
40.04,-76.48,1
40.04,-76.48,1
40.04,-76.48,1
40.04,-76.48,1
40.04,-76.48,1
40.04,-76.48,1
40.04,-76.48,1
40.04,-76.48,1
40.04,-76.48,1
40.04,-76.48,1
40.04,-76.48,1
40.04,-76.48,1
40.04,-76.48,1
40.04,-76.48,1
40.04,-76.48,1
40.04,-76.48,1
40.04,-76.48,1
40.04,-76.48,1
40.04,-76.48,1
40.04,-76.48,1
40.04,-76.48,1
40.04,-76.48,1
40.04,-76.48,1
40.04,-76.48,1
40.04,-76.48,1
40.04,-76.48,1
40.04,-76.48,1
40.04,-76.48,1
40.04,-76.48,1
40.04,-76.48,1
40.04,-76.48,1
40.04,-76.48,1
40.04,-76.48,1
40.04,-76.48,1
40.04,-76.48,1
40.04,-76.48,1
40.04,-76.48,1
40.04,-76.48,1
40.04,-76.48,1
40.04,-76.48,1
40.04,-76.48,1
40.04,-76.48,1
40.04,-76.48,1
40.04,-76.48,1
40.04,-76.48,1
40.04,-76.48,1
40.04,-76.48,1
40.04,-76.48,1
40.04,-76.48,1
40.04,-76.48,1
40.04,-76.48,1
40.04,-76.48,1
40.04,-76.48,1
40.04,-76.48,1
40.04,-76.48,1
40.04,-76.48,1
40.04,-76.48,1
40.04,-76.48,1
40.04,-76.48,1
40.04,-76.48,1
40.04,-76.48,1
40.04,-76.48,1
40.04,-76.48,1
40.04,-76.48,1
40.04,-76.48,1
40.04,-76.48,1
40.04,-76.48,1
40.04,-76.48,1
40.04,-76.48,1
40.04,-76.48,1
40.04,-76.48,1
40.04,-76.48,1
40.04,-76.48,1
40.04,-76.48,1
40.04,-76.48,1
40.04,-76.48,1
40.04,-76.48,1
40.04,-76.48,1
40.04,-76.48,1
40.04,-76.48,1
40.04,-76.48,1
40.04,-76.48,1
40.04,-76.48,1
40.04,-76.48,1
40.04,-76.48,1
40.04,-76.48,1
40.04,-76.48,1
40.04,-76.48,1
40.04,-76.48,1
40.04,-76.48,1
40.04,-76.48,1
40.04,-76.48,1
40.04,-76.48,1
40.04,-76.48,1
40.04,-76.48,1
40.04,-76.48,1
40.04,-76.48,1
40.04,-76.48,1
40.04,-76.48,1
40.04,-76.48,1
40.04,-76.48,1
40.04,-76.48,1
40.04,-76.48,1
40.04,-76.48,1
40.04,-76.48,1
40.04,-76.48,1
40.04,-76.48,1
40.04,-76.48,1
40.04,-76.48,1
40.04,-76.48,1
40.04,-76.48,1
40.04,-76.48,1
40.04,-76.48,1
40.04,-76.48,1
40.04,-76.48,1
40.04,-76.48,1
40.04,-76.48,1
40.04,-76.48,1
40.04,-76.48,1
40.04,-76.48,1
40.04,-76.48,1
40.04,-76.48,1
40.04,-76.48,1
40.04,-76.48,1
40.04,-76.48,1
40.04,-76.48,1
40.04,-76.48,1
40.04,-76.48,1
40.04,-76.48,1
40.04,-76.48,1
40.04,-76.48,1
40.04,-76.48,1
40.04,-76.48,1
40.04,-76.48,1
40.04,-76.48,1
40.04,-76.48,1
40.04,-76.48,1
40.04,-76.48,1
40.04,-76.48,1
40.04,-76.48,1
40.04,-76.48,1
40.04,-76.48,1
40.04,-76.48,1
40.04,-76.48,1
40.04,-76.48,1
40.04,-76.48,1
40.04,-76.48,1
40.04,-76.48,1
40.04,-76.48,1
40.04,-76.48,1
40.04,-76.48,1
40.04,-76.48,1
40.04,-76.48,1
40.04,-76.48,1
40.04,-76.48,1
40.04,-76.48,1
40.04,-76.48,1
40.04,-76.48,1
40.04,-76.48,1
40.04,-76.48,1
40.04,-76.48,1
40.04,-76.48,1
40.04,-76.48,1
40.04,-76.48,1
40.04,-76.48,1
40.04,-76.48,1
40.04,-76.48,1
40.04,-76.48,1
40.04,-76.48,1
40.04,-76.48,1
40.04,-76.48,1
40.04,-76.48,1
40.04,-76.48,1
40.04,-76.48,1
40.04,-76.48,1
40.04,-76.48,1
40.04,-76.48,1
40.04,-76.48,1
40.04,-76.48,1
40.04,-76.48,1
40.04,-76.48,1
40.04,-76.48,1
40.04,-76.48,1
40.04,-76.48,1
40.04,-76.48,1
40.04,-76.48,1
40.04,-76.48,1
40.04,-76.48,1
40.04,-76.48,1
40.04,-76.48,1
40.04,-76.48,1
40.04,-76.48,1
40.04,-76.48,1
40.04,-76.48,1
40.04,-76.48,1
40.04,-76.48,1
40.04,-76.48,1
40.04,-76.48,1
40.04,-76.48,1
40.04,-76.48,1
40.04,-76.48,1
40.04,-76.48,1
40.04,-76.48,1
40.04,-76.48,1
40.04,-76.48,1
40.04,-76.48,1
40.04,-76.48,1
40.04,-76.48,1
40.04,-76.48,1
40.04,-76.48,1
40.04,-76.48,1
40.04,-76.48,1
40.04,-76.48,1
40.04,-76.48,1
40.04,-76.48,1
40.04,-76.48,1
40.04,-76.48,1
40.04,-76.48,1
40.04,-76.48,1
41.9,-78.7,1
41.9,-78.7,1
41.9,-78.7,1
41.9,-78.7,1
41.9,-78.7,1
41.9,-78.7,1
41.9,-78.7,1
41.9,-78.7,1
41.9,-78.7,1
41.9,-78.7,1
41.9,-78.7,1
41.9,-78.7,1
41.9,-78.7,1
41.9,-78.7,1
41.9,-78.7,1
41.9,-78.7,1
41.9,-78.7,1
41.9,-78.7,1
41.9,-78.7,1
41.9,-78.7,1
41.9,-78.7,1
40.21,-76.87,1
40.21,-76.87,1
40.21,-76.87,1
40.21,-76.87,1
40.21,-76.87,1
40.21,-76.87,1
40.21,-76.87,1
40.21,-76.87,1
40.21,-76.87,1
40.21,-76.87,1
40.21,-76.87,1
40.21,-76.87,1
40.21,-76.87,1
40.21,-76.87,1
40.21,-76.87,1
40.21,-76.87,1
40.21,-76.87,1
40.21,-76.87,1
40.21,-76.87,1
40.21,-76.87,1
40.21,-76.87,1
40.21,-76.87,1
40.21,-76.87,1
40.21,-76.87,1
40.21,-76.87,1
40.21,-76.87,1
40.21,-76.87,1
40.21,-76.87,1
40.21,-76.87,1
40.21,-76.87,1
40.21,-76.87,1
40.21,-76.87,1
40.21,-76.87,1
40.21,-76.87,1
40.21,-76.87,1
40.21,-76.87,1
40.21,-76.87,1
40.21,-76.87,1
40.21,-76.87,1
40.21,-76.87,1
40.21,-76.87,1
40.21,-76.87,1
40.21,-76.87,1
40.21,-76.87,1
40.21,-76.87,1
40.21,-76.87,1
40.21,-76.87,1
40.21,-76.87,1
40.21,-76.87,1
40.21,-76.87,1
40.21,-76.87,1
40.21,-76.87,1
40.21,-76.87,1
40.21,-76.87,1
40.21,-76.87,1
40.21,-76.87,1
40.21,-76.87,1
40.21,-76.87,1
40.21,-76.87,1
40.21,-76.87,1
40.21,-76.87,1
40.21,-76.87,1
40.21,-76.87,1
40.21,-76.87,1
40.21,-76.87,1
40.21,-76.87,1
40.21,-76.87,1
40.21,-76.87,1
40.21,-76.87,1
40.21,-76.87,1
40.21,-76.87,1
40.21,-76.87,1
40.21,-76.87,1
40.21,-76.87,1
40.21,-76.87,1
40.21,-76.87,1
40.21,-76.87,1
40.21,-76.87,1
40.21,-76.87,1
40.21,-76.87,1
40.21,-76.87,1
40.21,-76.87,1
40.21,-76.87,1
40.21,-76.87,1
40.21,-76.87,1
40.21,-76.87,1
40.21,-76.87,1
40.21,-76.87,1
40.21,-76.87,1
40.21,-76.87,1
40.21,-76.87,1
40.21,-76.87,1
40.21,-76.87,1
40.21,-76.87,1
40.21,-76.87,1
40.21,-76.87,1
40.21,-76.87,1
40.21,-76.87,1
40.21,-76.87,1
40.21,-76.87,1
40.21,-76.87,1
40.21,-76.87,1
40.21,-76.87,1
40.21,-76.87,1
40.21,-76.87,1
40.21,-76.87,1
40.21,-76.87,1
40.21,-76.87,1
40.21,-76.87,1
40.21,-76.87,1
40.21,-76.87,1
40.21,-76.87,1
40.21,-76.87,1
40.21,-76.87,1
40.21,-76.87,1
40.21,-76.87,1
40.21,-76.87,1
40.21,-76.87,1
40.21,-76.87,1
40.21,-76.87,1
40.21,-76.87,1
40.21,-76.87,1
40.21,-76.87,1
40.21,-76.87,1
40.21,-76.87,1
40.21,-76.87,1
40.21,-76.87,1
40.21,-76.87,1
40.21,-76.87,1
40.21,-76.87,1
40.21,-76.87,1
40.21,-76.87,1
40.21,-76.87,1
40.21,-76.87,1
40.21,-76.87,1
40.21,-76.87,1
40.21,-76.87,1
40.21,-76.87,1
40.21,-76.87,1
40.21,-76.87,1
40.21,-76.87,1
40.21,-76.87,1
40.21,-76.87,1
40.21,-76.87,1
40.21,-76.87,1
40.21,-76.87,1
40.21,-76.87,1
40.21,-76.87,1
40.21,-76.87,1
40.21,-76.87,1
40.21,-76.87,1
40.21,-76.87,1
40.21,-76.87,1
40.21,-76.87,1
40.21,-76.87,1
40.21,-76.87,1
40.21,-76.87,1
40.21,-76.87,1
40.21,-76.87,1
40.21,-76.87,1
40.21,-76.87,1
40.21,-76.87,1
40.21,-76.87,1
40.21,-76.87,1
40.21,-76.87,1
40.21,-76.87,1
40.21,-76.87,1
40.21,-76.87,1
40.21,-76.87,1
40.21,-76.87,1
40.21,-76.87,1
40.21,-76.87,1
40.21,-76.87,1
40.21,-76.87,1
40.21,-76.87,1
40.21,-76.87,1
40.21,-76.87,1
40.21,-76.87,1
40.21,-76.87,1
40.21,-76.87,1
40.21,-76.87,1
40.21,-76.87,1
40.21,-76.87,1
40.21,-76.87,1
40.21,-76.87,1
40.21,-76.87,1
40.21,-76.87,1
40.21,-76.87,1
40.21,-76.87,1
40.21,-76.87,1
40.21,-76.87,1
40.21,-76.87,1
40.21,-76.87,1
40.21,-76.87,1
40.21,-76.87,1
40.21,-76.87,1
40.21,-76.87,1
40.21,-76.87,1
40.21,-76.87,1
40.21,-76.87,1
40.21,-76.87,1
40.21,-76.87,1
40.21,-76.87,1
40.21,-76.87,1
40.21,-76.87,1
40.21,-76.87,1
40.21,-76.87,1
40.21,-76.87,1
40.21,-76.87,1
40.21,-76.87,1
40.21,-76.87,1
40.21,-76.87,1
40.21,-76.87,1
40.21,-76.87,1
40.21,-76.87,1
40.21,-76.87,1
40.21,-76.87,1
40.21,-76.87,1
40.21,-76.87,1
40.21,-76.87,1
40.21,-76.87,1
40.21,-76.87,1
40.21,-76.87,1
40.21,-76.87,1
40.21,-76.87,1
40.21,-76.87,1
40.21,-76.87,1
40.21,-76.87,1
40.21,-76.87,1
40.21,-76.87,1
40.21,-76.87,1
40.21,-76.87,1
40.21,-76.87,1
40.21,-76.87,1
40.21,-76.87,1
40.21,-76.87,1
40.21,-76.87,1
40.21,-76.87,1
40.21,-76.87,1
40.21,-76.87,1
40.21,-76.87,1
40.21,-76.87,1
40.21,-76.87,1
40.21,-76.87,1
40.21,-76.87,1
40.21,-76.87,1
40.21,-76.87,1
40.21,-76.87,1
40.21,-76.87,1
40.21,-76.87,1
40.21,-76.87,1
40.21,-76.87,1
40.21,-76.87,1
40.21,-76.87,1
40.21,-76.87,1
40.21,-76.87,1
40.21,-76.87,1
40.21,-76.87,1
40.21,-76.87,1
40.21,-76.87,1
40.21,-76.87,1
40.21,-76.87,1
40.21,-76.87,1
40.21,-76.87,1
40.21,-76.87,1
40.21,-76.87,1
40.21,-76.87,1
40.21,-76.87,1
40.21,-76.87,1
40.21,-76.87,1
40.21,-76.87,1
40.21,-76.87,1
40.21,-76.87,1
40.21,-76.87,1
40.21,-76.87,1
40.21,-76.87,1
40.21,-76.87,1
40.21,-76.87,1
40.21,-76.87,1
40.21,-76.87,1
40.21,-76.87,1
40.21,-76.87,1
40.21,-76.87,1
40.21,-76.87,1
40.21,-76.87,1
40.21,-76.87,1
40.21,-76.87,1
40.21,-76.87,1
40.21,-76.87,1
40.21,-76.87,1
40.21,-76.87,1
40.21,-76.87,1
40.21,-76.87,1
40.21,-76.87,1
40.21,-76.87,1
40.21,-76.87,1
40.21,-76.87,1
40.21,-76.87,1
40.21,-76.87,1
40.21,-76.87,1
40.21,-76.87,1
40.21,-76.87,1
40.21,-76.87,1
40.21,-76.87,1
40.21,-76.87,1
40.21,-76.87,1
40.21,-76.87,1
40.21,-76.87,1
40.21,-76.87,1
40.21,-76.87,1
40.21,-76.87,1
40.21,-76.87,1
40.21,-76.87,1
40.21,-76.87,1
40.21,-76.87,1
40.21,-76.87,1
40.21,-76.87,1
40.21,-76.87,1
40.21,-76.87,1
40.21,-76.87,1
40.21,-76.87,1
40.21,-76.87,1
40.21,-76.87,1
40.21,-76.87,1
40.21,-76.87,1
40.21,-76.87,1
40.21,-76.87,1
40.21,-76.87,1
40.21,-76.87,1
40.21,-76.87,1
40.21,-76.87,1
40.21,-76.87,1
40.21,-76.87,1
40.21,-76.87,1
40.21,-76.87,1
40.21,-76.87,1
40.21,-76.87,1
40.21,-76.87,1
40.21,-76.87,1
40.21,-76.87,1
40.21,-76.87,1
40.21,-76.87,1
40.21,-76.87,1
40.21,-76.87,1
40.21,-76.87,1
40.21,-76.87,1
40.21,-76.87,1
40.21,-76.87,1
40.21,-76.87,1
40.21,-76.87,1
40.21,-76.87,1
40.21,-76.87,1
40.21,-76.87,1
40.21,-76.87,1
40.21,-76.87,1
40.21,-76.87,1
40.21,-76.87,1
40.21,-76.87,1
40.21,-76.87,1
40.21,-76.87,1
40.21,-76.87,1
40.21,-76.87,1
40.21,-76.87,1
40.21,-76.87,1
40.21,-76.87,1
40.21,-76.87,1
40.21,-76.87,1
40.21,-76.87,1
40.21,-76.87,1
40.21,-76.87,1
40.21,-76.87,1
40.21,-76.87,1
40.21,-76.87,1
40.21,-76.87,1
40.21,-76.87,1
40.21,-76.87,1
40.21,-76.87,1
40.21,-76.87,1
40.21,-76.87,1
40.21,-76.87,1
40.21,-76.87,1
40.21,-76.87,1
40.21,-76.87,1
40.21,-76.87,1
40.21,-76.87,1
40.21,-76.87,1
40.21,-76.87,1
40.21,-76.87,1
40.21,-76.87,1
40.21,-76.87,1
40.21,-76.87,1
40.21,-76.87,1
40.21,-76.87,1
40.21,-76.87,1
40.21,-76.87,1
40.21,-76.87,1
40.21,-76.87,1
40.21,-76.87,1
40.21,-76.87,1
40.21,-76.87,1
40.21,-76.87,1
40.21,-76.87,1
40.21,-76.87,1
40.21,-76.87,1
40.21,-76.87,1
40.21,-76.87,1
40.21,-76.87,1
40.21,-76.87,1
40.21,-76.87,1
40.21,-76.87,1
40.21,-76.87,1
40.21,-76.87,1
40.21,-76.87,1
40.21,-76.87,1
40.21,-76.87,1
40.21,-76.87,1
40.21,-76.87,1
40.21,-76.87,1
40.21,-76.87,1
40.21,-76.87,1
40.21,-76.87,1
40.21,-76.87,1
40.21,-76.87,1
40.21,-76.87,1
40.21,-76.87,1
40.21,-76.87,1
40.21,-76.87,1
40.21,-76.87,1
40.21,-76.87,1
40.21,-76.87,1
40.21,-76.87,1
40.21,-76.87,1
40.21,-76.87,1
40.21,-76.87,1
40.21,-76.87,1
40.21,-76.87,1
40.21,-76.87,1
40.21,-76.87,1
40.21,-76.87,1
40.21,-76.87,1
40.21,-76.87,1
40.21,-76.87,1
40.21,-76.87,1
40.21,-76.87,1
40.21,-76.87,1
40.21,-76.87,1
40.21,-76.87,1
40.21,-76.87,1
40.21,-76.87,1
40.21,-76.87,1
40.21,-76.87,1
40.21,-76.87,1
40.21,-76.87,1
40.21,-76.87,1
40.21,-76.87,1
40.21,-76.87,1
40.21,-76.87,1
40.21,-76.87,1
40.21,-76.87,1
40.21,-76.87,1
40.21,-76.87,1
40.21,-76.87,1
40.21,-76.87,1
40.21,-76.87,1
40.21,-76.87,1
40.21,-76.87,1
40.21,-76.87,1
40.21,-76.87,1
40.21,-76.87,1
40.21,-76.87,1
40.21,-76.87,1
40.21,-76.87,1
40.21,-76.87,1
40.21,-76.87,1
40.21,-76.87,1
40.21,-76.87,1
40.21,-76.87,1
40.21,-76.87,1
40.21,-76.87,1
40.21,-76.87,1
40.21,-76.87,1
40.21,-76.87,1
40.21,-76.87,1
40.21,-76.87,1
40.21,-76.87,1
40.21,-76.87,1
40.21,-76.87,1
40.21,-76.87,1
40.21,-76.87,1
40.21,-76.87,1
40.21,-76.87,1
40.21,-76.87,1
40.21,-76.87,1
40.21,-76.87,1
40.21,-76.87,1
40.21,-76.87,1
40.21,-76.87,1
40.21,-76.87,1
40.21,-76.87,1
40.21,-76.87,1
40.21,-76.87,1
40.21,-76.87,1
40.21,-76.87,1
40.21,-76.87,1
40.21,-76.87,1
40.21,-76.87,1
40.21,-76.87,1
40.21,-76.87,1
40.21,-76.87,1
40.21,-76.87,1
40.21,-76.87,1
40.21,-76.87,1
40.21,-76.87,1
40.21,-76.87,1
40.21,-76.87,1
40.21,-76.87,1
40.21,-76.87,1
40.21,-76.87,1
40.21,-76.87,1
40.21,-76.87,1
40.21,-76.87,1
40.21,-76.87,1
40.21,-76.87,1
40.21,-76.87,1
40.21,-76.87,1
40.21,-76.87,1
40.21,-76.87,1
40.21,-76.87,1
40.21,-76.87,1
40.21,-76.87,1
40.21,-76.87,1
40.21,-76.87,1
40.21,-76.87,1
40.21,-76.87,1
40.21,-76.87,1
40.21,-76.87,1
40.21,-76.87,1
40.21,-76.87,1
40.21,-76.87,1
40.21,-76.87,1
40.21,-76.87,1
40.21,-76.87,1
40.21,-76.87,1
40.21,-76.87,1
40.21,-76.87,1
40.4,-76.9,1
40.4,-76.9,1
40.4,-76.9,1
40.4,-76.9,1
40.4,-76.9,1
40.4,-76.9,1
40.4,-76.9,1
40.4,-76.9,1
40.4,-76.9,1
40.4,-76.9,1
40.4,-76.9,1
40.4,-76.9,1
40.4,-76.9,1
40.4,-76.9,1
40.4,-76.9,1
40.4,-76.9,1
40.4,-76.9,1
40.4,-76.9,1
40.4,-76.9,1
40.4,-76.9,1
40.4,-76.9,1
40.4,-76.9,1
40.4,-76.9,1
40.4,-76.9,1
40.4,-76.9,1
40.4,-76.9,1
40.4,-76.9,1
40.4,-76.9,1
40.4,-76.9,1
40.4,-76.9,1
40.4,-76.9,1
40.4,-76.9,1
40.4,-76.9,1
40.4,-76.9,1
40.4,-76.9,1
40.4,-76.9,1
40.4,-76.9,1
40.4,-76.9,1
40.4,-76.9,1
40.4,-76.9,1
40.4,-76.9,1
40.4,-76.9,1
40.4,-76.9,1
40.4,-76.9,1
40.4,-76.9,1
40.4,-76.9,1
40.4,-76.9,1
40.4,-76.9,1
40.4,-76.9,1
40.4,-76.9,1
40.4,-76.9,1
40.4,-76.9,1
40.4,-76.9,1
40.4,-76.9,1
40.4,-76.9,1
40.4,-76.9,1
40.4,-76.9,1
40.4,-76.9,1
40.4,-76.9,1
40.4,-76.9,1
40.4,-76.9,1
40.4,-76.9,1
40.4,-76.9,1
40.4,-76.9,1
40.4,-76.9,1
40.4,-76.9,1
40.4,-76.9,1
40.4,-76.9,1
40.4,-76.9,1
40.4,-76.9,1
40.4,-76.9,1
40.4,-76.9,1
40.4,-76.9,1
40.4,-76.9,1
40.4,-76.9,1
40.4,-76.9,1
40.4,-76.9,1
40.4,-76.9,1
40.4,-76.9,1
40.4,-76.9,1
40.4,-76.9,1
40.4,-76.9,1
40.4,-76.9,1
40.4,-76.9,1
40.4,-76.9,1
40.4,-76.9,1
40.4,-76.9,1
40.4,-76.9,1
40.4,-76.9,1
40.4,-76.9,1
40.4,-76.9,1
40.4,-76.9,1
40.4,-76.9,1
40.4,-76.9,1
40.4,-76.9,1
40.4,-76.9,1
40.4,-76.9,1
40.4,-76.9,1
40.4,-76.9,1
40.4,-76.9,1
40.4,-76.9,1
40.4,-76.9,1
40.4,-76.9,1
40.4,-76.9,1
40.4,-76.9,1
40.4,-76.9,1
40.4,-76.9,1
40.4,-76.9,1
40.4,-76.9,1
40.4,-76.9,1
40.4,-76.9,1
40.4,-76.9,1
40.4,-76.9,1
40.4,-76.9,1
40.4,-76.9,1
40.4,-76.9,1
40.4,-76.9,1
40.4,-76.9,1
40.4,-76.9,1
40.4,-76.9,1
40.4,-76.9,1
40.4,-76.9,1
40.4,-76.9,1
40.4,-76.9,1
40.4,-76.9,1
40.4,-76.9,1
40.4,-76.9,1
40.4,-76.9,1
40.4,-76.9,1
40.4,-76.9,1
40.4,-76.9,1
40.4,-76.9,1
40.4,-76.9,1
40.4,-76.9,1
40.4,-76.9,1
40.4,-76.9,1
40.4,-76.9,1
40.4,-76.9,1
40.4,-76.9,1
40.4,-76.9,1
40.4,-76.9,1
40.4,-76.9,1
40.4,-76.9,1
40.4,-76.9,1
40.4,-76.9,1
40.4,-76.9,1
40.4,-76.9,1
40.4,-76.9,1
40.4,-76.9,1
40.4,-76.9,1
40.4,-76.9,1
40.4,-76.9,1
40.4,-76.9,1
40.4,-76.9,1
40.4,-76.9,1
40.4,-76.9,1
40.4,-76.9,1
40.4,-76.9,1
40.4,-76.9,1
40.4,-76.9,1
40.4,-76.9,1
40.4,-76.9,1
40.4,-76.9,1
40.4,-76.9,1
40.4,-76.9,1
40.4,-76.9,1
40.4,-76.9,1
40.4,-76.9,1
40.4,-76.9,1
40.4,-76.9,1
40.4,-76.9,1
40.4,-76.9,1
40.4,-76.9,1
40.4,-76.9,1
40.4,-76.9,1
40.4,-76.9,1
40.4,-76.9,1
40.4,-76.9,1
40.4,-76.9,1
40.4,-76.9,1
40.4,-76.9,1
40.4,-76.9,1
40.4,-76.9,1
40.4,-76.9,1
40.4,-76.9,1
40.4,-76.9,1
40.4,-76.9,1
40.4,-76.9,1
40.4,-76.9,1
40.4,-76.9,1
40.4,-76.9,1
40.4,-76.9,1
40.4,-76.9,1
40.4,-76.9,1
40.4,-76.9,1
40.4,-76.9,1
40.4,-76.9,1
40.4,-76.9,1
40.4,-76.9,1
40.4,-76.9,1
40.4,-76.9,1
40.4,-76.9,1
40.4,-76.9,1
40.4,-76.9,1
40.4,-76.9,1
40.4,-76.9,1
40.4,-76.9,1
40.4,-76.9,1
40.4,-76.9,1
40.4,-76.9,1
40.4,-76.9,1
40.4,-76.9,1
40.4,-76.9,1
40.4,-76.9,1
40.4,-76.9,1
40.4,-76.9,1
40.4,-76.9,1
40.4,-76.9,1
40.4,-76.9,1
40.4,-76.9,1
40.4,-76.9,1
40.4,-76.9,1
40.4,-76.9,1
40.4,-76.9,1
40.4,-76.9,1
40.4,-76.9,1
40.4,-76.9,1
40.4,-76.9,1
40.4,-76.9,1
40.4,-76.9,1
40.4,-76.9,1
40.4,-76.9,1
40.4,-76.9,1
40.4,-76.9,1
40.4,-76.9,1
40.4,-76.9,1
40.4,-76.9,1
40.4,-76.9,1
40.4,-76.9,1
40.4,-76.9,1
40.4,-76.9,1
40.4,-76.9,1
40.4,-76.9,1
40.4,-76.9,1
40.4,-76.9,1
40.4,-76.9,1
40.4,-76.9,1
40.4,-76.9,1
40.4,-76.9,1
40.4,-76.9,1
40.4,-76.9,1
40.4,-76.9,1
40.4,-76.9,1
40.4,-76.9,1
40.4,-76.9,1
40.4,-76.9,1
40.4,-76.9,1
40.4,-76.9,1
40.4,-76.9,1
40.4,-76.9,1
40.4,-76.9,1
40.4,-76.9,1
40.4,-76.9,1
40.4,-76.9,1
40.4,-76.9,1
40.4,-76.9,1
40.4,-76.9,1
40.4,-76.9,1
40.4,-76.9,1
40.4,-76.9,1
40.4,-76.9,1
40.4,-76.9,1
40.4,-76.9,1
40.4,-76.9,1
40.4,-76.9,1
40.4,-76.9,1
40.4,-76.9,1
40.4,-76.9,1
40.4,-76.9,1
40.4,-76.9,1
40.4,-76.9,1
40.4,-76.9,1
40.4,-76.9,1
40.4,-76.9,1
40.4,-76.9,1
40.4,-76.9,1
40.4,-76.9,1
40.4,-76.9,1
40.4,-76.9,1
40.4,-76.9,1
40.4,-76.9,1
40.4,-76.9,1
40.4,-76.9,1
40.4,-76.9,1
40.4,-76.9,1
40.4,-76.9,1
40.4,-76.9,1
40.4,-76.9,1
40.4,-76.9,1
40.4,-76.9,1
40.4,-76.9,1
40.4,-76.9,1
40.4,-76.9,1
40.4,-76.9,1
40.4,-76.9,1
40.4,-76.9,1
40.4,-76.9,1
40.4,-76.9,1
40.4,-76.9,1
40.4,-76.9,1
40.4,-76.9,1
40.4,-76.9,1
40.4,-76.9,1
40.4,-76.9,1
40.4,-76.9,1
40.4,-76.9,1
40.4,-76.9,1
40.4,-76.9,1
40.4,-76.9,1
40.4,-76.9,1
40.4,-76.9,1
40.4,-76.9,1
40.4,-76.9,1
40.4,-76.9,1
40.4,-76.9,1
40.4,-76.9,1
40.4,-76.9,1
40.4,-76.9,1
40.4,-76.9,1
40.4,-76.9,1
40.4,-76.9,1
40.4,-76.9,1
40.4,-76.9,1
40.4,-76.9,1
40.4,-76.9,1
40.4,-76.9,1
40.4,-76.9,1
40.4,-76.9,1
40.4,-76.9,1
40.4,-76.9,1
40.4,-76.9,1
40.4,-76.9,1
40.4,-76.9,1
40.4,-76.9,1
40.4,-76.9,1
40.4,-76.9,1
40.4,-76.9,1
40.4,-76.9,1
40.4,-76.9,1
40.4,-76.9,1
40.4,-76.9,1
40.4,-76.9,1
40.4,-76.9,1
40.4,-76.9,1
40.4,-76.9,1
40.4,-76.9,1
40.4,-76.9,1
40.4,-76.9,1
40.4,-76.9,1
40.4,-76.9,1
40.4,-76.9,1
40.4,-76.9,1
40.4,-76.9,1
40.4,-76.9,1
40.4,-76.9,1
40.4,-76.9,1
40.4,-76.9,1
40.4,-76.9,1
40.4,-76.9,1
40.4,-76.9,1
40.4,-76.9,1
40.4,-76.9,1
40.4,-76.9,1
40.4,-76.9,1
40.4,-76.9,1
40.4,-76.9,1
40.4,-76.9,1
40.4,-76.9,1
40.4,-76.9,1
40.4,-76.9,1
40.4,-76.9,1
40.4,-76.9,1
40.4,-76.9,1
40.4,-76.9,1
40.4,-76.9,1
40.4,-76.9,1
40.4,-76.9,1
40.4,-76.9,1
40.4,-76.9,1
40.4,-76.9,1
40.4,-76.9,1
40.4,-76.9,1
40.4,-76.9,1
40.4,-76.9,1
40.4,-76.9,1
40.4,-76.9,1
40.4,-76.9,1
40.4,-76.9,1
40.4,-76.9,1
40.4,-76.9,1
40.4,-76.9,1
40.4,-76.9,1
40.4,-76.9,1
40.4,-76.9,1
40.4,-76.9,1
40.4,-76.9,1
40.4,-76.9,1
40.4,-76.9,1
40.4,-76.9,1
40.4,-76.9,1
40.4,-76.9,1
40.4,-76.9,1
40.4,-76.9,1
40.4,-76.9,1
40.4,-76.9,1
40.4,-76.9,1
40.4,-76.9,1
40.4,-76.9,1
40.4,-76.9,1
40.4,-76.9,1
40.4,-76.9,1
40.4,-76.9,1
40.4,-76.9,1
40.4,-76.9,1
40.4,-76.9,1
40.4,-76.9,1
40.4,-76.9,1
40.4,-76.9,1
40.4,-76.9,1
40.4,-76.9,1
40.4,-76.9,1
40.4,-76.9,1
40.4,-76.9,1
40.4,-76.9,1
40.4,-76.9,1
40.4,-76.9,1
40.4,-76.9,1
40.4,-76.9,1
40.4,-76.9,1
40.4,-76.9,1
40.4,-76.9,1
40.4,-76.9,1
40.4,-76.9,1
40.4,-76.9,1
40.4,-76.9,1
40.4,-76.9,1
40.4,-76.9,1
40.4,-76.9,1
40.4,-76.9,1
40.4,-76.9,1
40.4,-76.9,1
40.4,-76.9,1
40.4,-76.9,1
40.4,-76.9,1
40.4,-76.9,1
40.4,-76.9,1
40.4,-76.9,1
40.4,-76.9,1
40.4,-76.9,1
40.4,-76.9,1
40.4,-76.9,1
40.4,-76.9,1
40.4,-76.9,1
40.4,-76.9,1
40.4,-76.9,1
40.4,-76.9,1
40.4,-76.9,1
40.4,-76.9,1
40.4,-76.9,1
40.4,-76.9,1
40.4,-76.9,1
40.4,-76.9,1
40.4,-76.9,1
40.4,-76.9,1
40.4,-76.9,1
40.4,-76.9,1
40.4,-76.9,1
40.4,-76.9,1
40.4,-76.9,1
40.4,-76.9,1
40.4,-76.9,1
40.4,-76.9,1
40.4,-76.9,1
40.4,-76.9,1
40.4,-76.9,1
40.4,-76.9,1
40.4,-76.9,1
40.4,-76.9,1
40.4,-76.9,1
40.4,-76.9,1
40.4,-76.9,1
40.4,-76.9,1
40.4,-76.9,1
40.4,-76.9,1
40.4,-76.9,1
40.4,-76.9,1
40.4,-76.9,1
40.4,-76.9,1
40.4,-76.9,1
40.4,-76.9,1
40.4,-76.9,1
40.4,-76.9,1
40.4,-76.9,1
40.4,-76.9,1
40.4,-76.9,1
40.4,-76.9,1
40.4,-76.9,1
40.4,-76.9,1
40.4,-76.9,1
40.4,-76.9,1
40.4,-76.9,1
40.4,-76.9,1
40.4,-76.9,1
40.4,-76.9,1
40.4,-76.9,1
40.4,-76.9,1
40.4,-76.9,1
40.4,-76.9,1
40.4,-76.9,1
40.4,-76.9,1
40.4,-76.9,1
40.4,-76.9,1
40.4,-76.9,1
40.4,-76.9,1
40.4,-76.9,1
40.4,-76.9,1
40.4,-76.9,1
40.4,-76.9,1
40.4,-76.9,1
40.4,-76.9,1
40.4,-76.9,1
40.4,-76.9,1
40.4,-76.9,1
40.4,-76.9,1
40.4,-76.9,1
40.4,-76.9,1
40.4,-76.9,1
40.4,-76.9,1
40.4,-76.9,1
40.4,-76.9,1
40.4,-76.9,1
40.4,-76.9,1
40.4,-76.9,1
40.4,-76.9,1
40.4,-76.9,1
40.4,-76.9,1
40.4,-76.9,1
40.4,-76.9,1
40.4,-76.9,1
40.4,-76.9,1
40.4,-76.9,1
40.4,-76.9,1
40.4,-76.9,1
40.4,-76.9,1
40.4,-76.9,1
40.4,-76.9,1
40.4,-76.9,1
40.4,-76.9,1
40.4,-76.9,1
40.4,-76.9,1
40.4,-76.9,1
40.4,-76.9,1
40.4,-76.9,1
40.4,-76.9,1
40.4,-76.9,1
40.4,-76.9,1
40.4,-76.9,1
40.4,-76.9,1
40.4,-76.9,1
40.4,-76.9,1
40.4,-76.9,1
40.4,-76.9,1
40.4,-76.9,1
40.4,-76.9,1
40.4,-76.9,1
40.4,-76.9,1
40.4,-76.9,1
40.4,-76.9,1
40.4,-76.9,1
40.4,-76.9,1
40.4,-76.9,1
40.4,-76.9,1
40.4,-76.9,1
40.4,-76.9,1
40.4,-76.9,1
40.4,-76.9,1
40.4,-76.9,1
40.4,-76.9,1
40.4,-76.9,1
40.4,-76.9,1
40.4,-76.9,1
40.4,-76.9,1
40.4,-76.9,1
40.4,-76.9,1
40.4,-76.9,1
40.4,-76.9,1
40.4,-76.9,1
40.4,-76.9,1
40.4,-76.9,1
40.4,-76.9,1
40.4,-76.9,1
40.4,-76.9,1
40.4,-76.9,1
40.4,-76.9,1
40.4,-76.9,1
40.4,-76.9,1
40.4,-76.9,1
40.4,-76.9,1
40.4,-76.9,1
40.4,-76.9,1
40.4,-76.9,1
40.4,-76.9,1
40.4,-76.9,1
40.4,-76.9,1
40.4,-76.9,1
40.4,-76.9,1
40.4,-76.9,1
40.4,-76.9,1
40.4,-76.9,1
40.4,-76.9,1
40.4,-76.9,1
40.4,-76.9,1
40.4,-76.9,1
40.4,-76.9,1
40.4,-76.9,1
40.4,-76.9,1
40.4,-76.9,1
40.4,-76.9,1
40.4,-76.9,1
40.4,-76.9,1
40.4,-76.9,1
40.4,-76.9,1
40.4,-76.9,1
40.4,-76.9,1
40.4,-76.9,1
40.4,-76.9,1
40.4,-76.9,1
40.4,-76.9,1
40.4,-76.9,1
40.4,-76.9,1
40.4,-76.9,1
40.4,-76.9,1
40.4,-76.9,1
40.4,-76.9,1
40.4,-76.9,1
40.4,-76.9,1
40.4,-76.9,1
40.4,-76.9,1
40.4,-76.9,1
40.4,-76.9,1
40.4,-76.9,1
40.4,-76.9,1
40.4,-76.9,1
40.4,-76.9,1
40.4,-76.9,1
40.4,-76.9,1
40.4,-76.9,1
40.4,-76.9,1
40.4,-76.9,1
40.4,-76.9,1
40.4,-76.9,1
40.4,-76.9,1
40.4,-76.9,1
40.4,-76.9,1
40.4,-76.9,1
40.4,-76.9,1
40.4,-76.9,1
40.4,-76.9,1
40.4,-76.9,1
40.4,-76.9,1
40.4,-76.9,1
40.4,-76.9,1
40.4,-76.9,1
40.4,-76.9,1
40.4,-76.9,1
40.4,-76.9,1
40.4,-76.9,1
40.4,-76.9,1
40.4,-76.9,1
40.4,-76.9,1
40.4,-76.9,1
40.4,-76.9,1
40.4,-76.9,1
40.4,-76.9,1
40.4,-76.9,1
40.4,-76.9,1
40.4,-76.9,1
40.4,-76.9,1
40.4,-76.9,1
40.4,-76.9,1
40.4,-76.9,1
40.4,-76.9,1
40.4,-76.9,1
40.4,-76.9,1
40.4,-76.9,1
40.4,-76.9,1
40.4,-76.9,1
40.4,-76.9,1
40.4,-76.9,1
40.4,-76.9,1
40.4,-76.9,1
40.4,-76.9,1
40.4,-76.9,1
40.4,-76.9,1
40.4,-76.9,1
40.4,-76.9,1
40.4,-76.9,1
40.4,-76.9,1
40.4,-76.9,1
40.4,-76.9,1
40.4,-76.9,1
40.4,-76.9,1
40.4,-76.9,1
40.4,-76.9,1
40.4,-76.9,1
40.4,-76.9,1
40.4,-76.9,1
40.4,-76.9,1
40.4,-76.9,1
40.4,-76.9,1
40.4,-76.9,1
40.4,-76.9,1
40.4,-76.9,1
40.4,-76.9,1
40.4,-76.9,1
40.4,-76.9,1
40.4,-76.9,1
40.4,-76.9,1
40.4,-76.9,1
40.4,-76.9,1
40.4,-76.9,1
40.4,-76.9,1
40.4,-76.9,1
40.4,-76.9,1
40.4,-76.9,1
40.4,-76.9,1
40.4,-76.9,1
40.4,-76.9,1
40.4,-76.9,1
40.4,-76.9,1
40.4,-76.9,1
40.4,-76.9,1
40.4,-76.9,1
40.4,-76.9,1
40.4,-76.9,1
40.4,-76.9,1
40.4,-76.9,1
40.4,-76.9,1
40.4,-76.9,1
40.4,-76.9,1
40.4,-76.9,1
40.4,-76.9,1
40.4,-76.9,1
40.4,-76.9,1
40.4,-76.9,1
40.4,-76.9,1
40.4,-76.9,1
40.4,-76.9,1
40.4,-76.9,1
40.4,-76.9,1
40.4,-76.9,1
40.4,-76.9,1
40.4,-76.9,1
40.4,-76.9,1
40.4,-76.9,1
40.4,-76.9,1
40.4,-76.9,1
40.4,-76.9,1
40.4,-76.9,1
40.4,-76.9,1
40.4,-76.9,1
40.4,-76.9,1
40.4,-76.9,1
40.4,-76.9,1
40.4,-76.9,1
40.4,-76.9,1
40.4,-76.9,1
40.4,-76.9,1
40.4,-76.9,1
40.4,-76.9,1
40.4,-76.9,1
40.4,-76.9,1
40.4,-76.9,1
40.4,-76.9,1
40.4,-76.9,1
40.4,-76.9,1
40.4,-76.9,1
40.4,-76.9,1
40.4,-76.9,1
40.4,-76.9,1
40.4,-76.9,1
40.4,-76.9,1
40.4,-76.9,1
40.4,-76.9,1
40.4,-76.9,1
40.4,-76.9,1
40.4,-76.9,1
40.4,-76.9,1
40.4,-76.9,1
40.4,-76.9,1
40.4,-76.9,1
40.4,-76.9,1
40.4,-76.9,1
40.4,-76.9,1
40.4,-76.9,1
40.4,-76.9,1
40.4,-76.9,1
40.4,-76.9,1
40.4,-76.9,1
40.4,-76.9,1
40.4,-76.9,1
40.4,-76.9,1
40.4,-76.9,1
40.4,-76.9,1
40.4,-76.9,1
40.4,-76.9,1
40.4,-76.9,1
40.4,-76.9,1
40.4,-76.9,1
40.4,-76.9,1
40.4,-76.9,1
40.4,-76.9,1
40.4,-76.9,1
40.4,-76.9,1
40.4,-76.9,1
40.4,-76.9,1
40.4,-76.9,1
40.4,-76.9,1
40.4,-76.9,1
40.4,-76.9,1
40.4,-76.9,1
40.4,-76.9,1
40.4,-76.9,1
40.4,-76.9,1
40.4,-76.9,1
40.4,-76.9,1
40.4,-76.9,1
40.4,-76.9,1
40.4,-76.9,1
40.4,-76.9,1
40.4,-76.9,1
40.4,-76.9,1
40.4,-76.9,1
40.4,-76.9,1
40.4,-76.9,1
40.4,-76.9,1
40.4,-76.9,1
40.4,-76.9,1
40.4,-76.9,1
40.4,-76.9,1
40.4,-76.9,1
40.4,-76.9,1
40.4,-76.9,1
40.4,-76.9,1
40.4,-76.9,1
40.4,-76.9,1
40.4,-76.9,1
40.4,-76.9,1
40.4,-76.9,1
40.4,-76.9,1
40.4,-76.9,1
40.4,-76.9,1
40.4,-76.9,1
40.4,-76.9,1
40.4,-76.9,1
40.4,-76.9,1
40.4,-76.9,1
40.4,-76.9,1
40.4,-76.9,1
40.4,-76.9,1
40.4,-76.9,1
40.4,-76.9,1
40.4,-76.9,1
40.4,-76.9,1
40.4,-76.9,1
40.4,-76.9,1
40.4,-76.9,1
40.4,-76.9,1
40.4,-76.9,1
40.4,-76.9,1
40.4,-76.9,1
40.4,-76.9,1
40.4,-76.9,1
40.4,-76.9,1
40.4,-76.9,1
40.4,-76.9,1
40.4,-76.9,1
40.4,-76.9,1
40.4,-76.9,1
40.4,-76.9,1
40.4,-76.9,1
40.4,-76.9,1
40.4,-76.9,1
40.4,-76.9,1
40.4,-76.9,1
40.4,-76.9,1
40.4,-76.9,1
40.4,-76.9,1
40.4,-76.9,1
40.4,-76.9,1
40.4,-76.9,1
40.4,-76.9,1
40.4,-76.9,1
40.4,-76.9,1
40.4,-76.9,1
40.4,-76.9,1
40.4,-76.9,1
40.4,-76.9,1
40.4,-76.9,1
40.4,-76.9,1
40.4,-76.9,1
40.4,-76.9,1
40.4,-76.9,1
40.4,-76.9,1
40.4,-76.9,1
40.4,-76.9,1
40.4,-76.9,1
40.4,-76.9,1
40.4,-76.9,1
40.4,-76.9,1
40.4,-76.9,1
40.4,-76.9,1
40.4,-76.9,1
40.4,-76.9,1
40.4,-76.9,1
40.4,-76.9,1
40.4,-76.9,1
40.4,-76.9,1
40.4,-76.9,1
40.4,-76.9,1
40.4,-76.9,1
40.4,-76.9,1
40.4,-76.9,1
40.4,-76.9,1
40.4,-76.9,1
40.4,-76.9,1
40.4,-76.9,1
40.4,-76.9,1
40.4,-76.9,1
40.4,-76.9,1
40.4,-76.9,1
40.4,-76.9,1
40.4,-76.9,1
40.4,-76.9,1
40.4,-76.9,1
40.4,-76.9,1
40.4,-76.9,1
40.4,-76.9,1
40.4,-76.9,1
40.4,-76.9,1
40.4,-76.9,1
40.4,-76.9,1
40.4,-76.9,1
40.4,-76.9,1
40.4,-76.9,1
40.4,-76.9,1
40.4,-76.9,1
40.4,-76.9,1
40.4,-76.9,1
40.4,-76.9,1
40.4,-76.9,1
40.4,-76.9,1
40.4,-76.9,1
40.4,-76.9,1
40.4,-76.9,1
40.4,-76.9,1
40.4,-76.9,1
40.4,-76.9,1
40.4,-76.9,1
40.4,-76.9,1
40.4,-76.9,1
40.4,-76.9,1
40.4,-76.9,1
40.4,-76.9,1
40.4,-76.9,1
40.4,-76.9,1
40.4,-76.9,1
40.4,-76.9,1
40.4,-76.9,1
40.4,-76.9,1
40.4,-76.9,1
40.4,-76.9,1
40.4,-76.9,1
40.4,-76.9,1
40.4,-76.9,1
40.4,-76.9,1
40.4,-76.9,1
40.4,-76.9,1
40.4,-76.9,1
40.4,-76.9,1
40.4,-76.9,1
40.4,-76.9,1
40.4,-76.9,1
40.4,-76.9,1
40.4,-76.9,1
40.4,-76.9,1
40.4,-76.9,1
40.4,-76.9,1
40.4,-76.9,1
40.4,-76.9,1
40.4,-76.9,1
40.4,-76.9,1
40.4,-76.9,1
40.4,-76.9,1
40.4,-76.9,1
40.4,-76.9,1
40.4,-76.9,1
40.4,-76.9,1
40.4,-76.9,1
40.4,-76.9,1
40.4,-76.9,1
40.4,-76.9,1
40.07,-75.13,1
40.07,-75.13,1
40.07,-75.13,1
40.07,-75.13,1
40.07,-75.13,1
40.07,-75.13,1
42.12,-80.1,1
42.12,-80.1,1
42.12,-80.1,1
42.12,-80.1,1
42.12,-80.1,1
42.12,-80.1,1
42.12,-80.1,1
42.12,-80.1,1
42.12,-80.1,1
42.12,-80.1,1
42.12,-80.1,1
42.12,-80.1,1
42.12,-80.1,1
42.12,-80.1,1
42.12,-80.1,1
42.12,-80.1,1
42.12,-80.1,1
42.12,-80.1,1
42.12,-80.1,1
42.12,-80.1,1
42.12,-80.1,1
42.12,-80.1,1
42.12,-80.1,1
42.12,-80.1,1
42.12,-80.1,1
42.12,-80.1,1
42.12,-80.1,1
42.12,-80.1,1
42.12,-80.1,1
42.12,-80.1,1
42.12,-80.1,1
42.12,-80.1,1
42.12,-80.1,1
42.12,-80.1,1
42.12,-80.1,1
42.12,-80.1,1
42.12,-80.1,1
42.12,-80.1,1
42.12,-80.1,1
42.12,-80.1,1
42.12,-80.1,1
42.12,-80.1,1
42.12,-80.1,1
42.12,-80.1,1
42.12,-80.1,1
42.12,-80.1,1
42.12,-80.1,1
42.12,-80.1,1
42.12,-80.1,1
42.12,-80.1,1
42.12,-80.1,1
42.12,-80.1,1
42.12,-80.1,1
42.12,-80.1,1
42.12,-80.1,1
42.12,-80.1,1
42.12,-80.1,1
42.12,-80.1,1
42.12,-80.1,1
42.12,-80.1,1
42.12,-80.1,1
42.12,-80.1,1
42.12,-80.1,1
42.12,-80.1,1
42.12,-80.1,1
42.12,-80.1,1
42.12,-80.1,1
42.12,-80.1,1
42.12,-80.1,1
42.12,-80.1,1
42.12,-80.1,1
42.12,-80.1,1
42.12,-80.1,1
42.12,-80.1,1
42.12,-80.1,1
42.12,-80.1,1
42.12,-80.1,1
42.12,-80.1,1
42.12,-80.1,1
42.12,-80.1,1
42.12,-80.1,1
42.12,-80.1,1
42.12,-80.1,1
42.12,-80.1,1
42.12,-80.1,1
42.12,-80.1,1
42.12,-80.1,1
42.12,-80.1,1
42.12,-80.1,1
42.12,-80.1,1
42.12,-80.1,1
42.12,-80.1,1
42.12,-80.1,1
42.12,-80.1,1
42.12,-80.1,1
42.12,-80.1,1
42.12,-80.1,1
42.12,-80.1,1
42.12,-80.1,1
42.12,-80.1,1
42.12,-80.1,1
42.12,-80.1,1
42.12,-80.1,1
42.12,-80.1,1
42.12,-80.1,1
42.12,-80.1,1
42.12,-80.1,1
42.12,-80.1,1
42.12,-80.1,1
42.12,-80.1,1
42.12,-80.1,1
42.12,-80.1,1
42.12,-80.1,1
42.12,-80.1,1
42.12,-80.1,1
42.12,-80.1,1
42.12,-80.1,1
42.12,-80.1,1
42.12,-80.1,1
42.12,-80.1,1
42.12,-80.1,1
42.12,-80.1,1
42.12,-80.1,1
42.12,-80.1,1
42.12,-80.1,1
42.12,-80.1,1
42.12,-80.1,1
42.12,-80.1,1
42.12,-80.1,1
42.12,-80.1,1
42.12,-80.1,1
42.12,-80.1,1
42.12,-80.1,1
42.12,-80.1,1
42.12,-80.1,1
42.12,-80.1,1
42.12,-80.1,1
42.12,-80.1,1
42.12,-80.1,1
42.12,-80.1,1
42.12,-80.1,1
42.12,-80.1,1
42.12,-80.1,1
42.12,-80.1,1
42.12,-80.1,1
42.12,-80.1,1
42.12,-80.1,1
42.12,-80.1,1
42.12,-80.1,1
42.12,-80.1,1
42.12,-80.1,1
42.12,-80.1,1
42.12,-80.1,1
42.12,-80.1,1
42.12,-80.1,1
42.12,-80.1,1
42.12,-80.1,1
42.12,-80.1,1
42.12,-80.1,1
42.12,-80.1,1
42.12,-80.1,1
42.12,-80.1,1
42.12,-80.1,1
40.08,-79.85,1
40.08,-79.85,1
40.08,-79.85,1
40.08,-79.85,1
40.08,-79.85,1
40.08,-79.85,1
40.08,-79.85,1
40.08,-79.85,1
40.08,-79.85,1
40.08,-79.85,1
40.08,-79.85,1
40.08,-79.85,1
40.08,-79.85,1
40.08,-79.85,1
40.08,-79.85,1
40.08,-79.85,1
40.08,-79.85,1
40.08,-79.85,1
40.08,-79.85,1
40.08,-79.85,1
40.08,-79.85,1
40.08,-79.85,1
40.08,-79.85,1
40.08,-79.85,1
40.08,-79.85,1
40.08,-79.85,1
40.08,-79.85,1
40.08,-79.85,1
40.08,-79.85,1
40.08,-79.85,1
40.08,-79.85,1
40.08,-79.85,1
40.08,-79.85,1
40.08,-79.85,1
40.08,-79.85,1
40.08,-79.85,1
40.08,-79.85,1
40.08,-79.85,1
40.08,-79.85,1
40.08,-79.85,1
40.08,-79.85,1
40.08,-79.85,1
40.08,-79.85,1
40.08,-79.85,1
40.08,-79.85,1
40.08,-79.85,1
40.08,-79.85,1
40.08,-79.85,1
40.08,-79.85,1
40.08,-79.85,1
40.08,-79.85,1
40.08,-79.85,1
40.08,-79.85,1
40.08,-79.85,1
40.08,-79.85,1
40.08,-79.85,1
40.08,-79.85,1
40.08,-79.85,1
40.08,-79.85,1
40.08,-79.85,1
40.08,-79.85,1
40.08,-79.85,1
40.08,-79.85,1
40.08,-79.85,1
40.08,-79.85,1
40.08,-79.85,1
40.08,-79.85,1
40.08,-79.85,1
40.08,-79.85,1
40.08,-79.85,1
40.08,-79.85,1
40.08,-79.85,1
40.08,-79.85,1
40.08,-79.85,1
40.08,-79.85,1
40.08,-79.85,1
40.08,-79.85,1
40.08,-79.85,1
40.08,-79.85,1
40.08,-79.85,1
40.08,-79.85,1
40.08,-79.85,1
40.08,-79.85,1
40.08,-79.85,1
40.08,-79.85,1
40.08,-79.85,1
40.08,-79.85,1
40.08,-79.85,1
40.08,-79.85,1
40.08,-79.85,1
40.08,-79.85,1
40.08,-79.85,1
40.08,-79.85,1
41.7,-75.5,1
41.7,-75.5,1
41.7,-75.5,1
41.7,-75.5,1
41.7,-75.5,1
41.7,-75.5,1
41.7,-75.5,1
41.4,-79.8,1
41.4,-79.8,1
41.4,-79.8,1
41.4,-79.8,1
41.4,-79.8,1
41.4,-79.8,1
41.4,-79.8,1
41.4,-79.8,1
41.4,-79.8,1
41.4,-79.8,1
41.4,-79.8,1
41.4,-79.8,1
41.4,-79.8,1
41.4,-79.8,1
41.4,-79.8,1
41.4,-79.8,1
41.4,-79.8,1
41.4,-79.8,1
41.4,-79.8,1
41.4,-79.8,1
41.4,-79.8,1
41.4,-79.8,1
41.4,-79.8,1
41.4,-79.8,1
41.4,-79.8,1
41.4,-79.8,1
41.4,-79.8,1
41.4,-79.8,1
41.4,-79.8,1
41.4,-79.8,1
41.4,-79.8,1
41.4,-79.8,1
41.4,-79.8,1
41.4,-79.8,1
41.4,-79.8,1
41.4,-79.8,1
41.4,-79.8,1
41.4,-79.8,1
41.4,-79.8,1
41.4,-79.8,1
41.4,-79.8,1
41.4,-79.8,1
41.4,-79.8,1
41.4,-79.8,1
41.4,-79.8,1
41.4,-79.8,1
41.4,-79.8,1
41.4,-79.8,1
41.4,-79.8,1
41.4,-79.8,1
41.4,-79.8,1
41.4,-79.8,1
41.4,-79.8,1
41.4,-79.8,1
41.4,-79.8,1
41.4,-79.8,1
41.4,-79.8,1
41.4,-79.8,1
41.4,-79.8,1
41.4,-79.8,1
41.4,-79.8,1
41.4,-79.8,1
41.4,-79.8,1
41.4,-79.8,1
41.4,-79.8,1
41.4,-79.8,1
41.4,-79.8,1
41.4,-79.8,1
41.4,-79.8,1
41.4,-79.8,1
41.4,-79.8,1
41.4,-79.8,1
41.4,-79.8,1
41.4,-79.8,1
41.4,-79.8,1
41.4,-79.8,1
41.4,-79.8,1
41.4,-79.8,1
41.4,-79.8,1
41.4,-79.8,1
41.4,-79.8,1
41.4,-79.8,1
41.4,-79.8,1
41.4,-79.8,1
41.4,-79.8,1
41.4,-79.8,1
41.4,-79.8,1
41.4,-79.8,1
41.4,-79.8,1
41.4,-79.8,1
41.4,-79.8,1
41.4,-79.8,1
41.4,-79.8,1
41.4,-79.8,1
41.4,-79.8,1
41.4,-79.8,1
41.4,-79.8,1
41.4,-79.8,1
41.4,-79.8,1
41.4,-79.8,1
41.4,-79.8,1
41.4,-79.8,1
41.4,-79.8,1
41.4,-79.8,1
41.4,-79.8,1
41.4,-79.8,1
41.4,-79.8,1
41.4,-79.8,1
41.4,-79.8,1
41.4,-79.8,1
41.4,-79.8,1
41.4,-79.8,1
41.4,-79.8,1
41.4,-79.8,1
41.4,-79.8,1
41.4,-79.8,1
41.4,-79.8,1
41.4,-79.8,1
41.4,-79.8,1
41.4,-79.8,1
41.4,-79.8,1
41.4,-79.8,1
41.4,-79.8,1
41.4,-79.8,1
41.4,-79.8,1
41.4,-79.8,1
41.4,-79.8,1
41.4,-79.8,1
41.4,-79.8,1
41.4,-79.8,1
41.4,-79.8,1
41.4,-79.8,1
41.4,-79.8,1
41.4,-79.8,1
41.4,-79.8,1
41.4,-79.8,1
41.4,-79.8,1
41.4,-79.8,1
41.4,-79.8,1
41.4,-79.8,1
41.4,-79.8,1
41.4,-79.8,1
41.4,-79.8,1
41.4,-79.8,1
41.4,-79.8,1
41.4,-79.8,1
41.4,-79.8,1
41.4,-79.8,1
41.4,-79.8,1
41.4,-79.8,1
41.4,-79.8,1
41.4,-79.8,1
41.4,-79.8,1
41.4,-79.8,1
41.4,-79.8,1
41.4,-79.8,1
41.4,-79.8,1
41.4,-79.8,1
41.4,-79.8,1
41.4,-79.8,1
41.4,-79.8,1
41.4,-79.8,1
41.4,-79.8,1
41.4,-79.8,1
41.4,-79.8,1
41.4,-79.8,1
41.4,-79.8,1
41.4,-79.8,1
41.4,-79.8,1
41.4,-79.8,1
41.4,-79.8,1
41.4,-79.8,1
41.4,-79.8,1
41.4,-79.8,1
41.4,-79.8,1
41.4,-79.8,1
41.4,-79.8,1
41.4,-79.8,1
41.4,-79.8,1
41.4,-79.8,1
41.4,-79.8,1
41.4,-79.8,1
41.4,-79.8,1
41.4,-79.8,1
41.4,-79.8,1
41.4,-79.8,1
41.4,-79.8,1
41.4,-79.8,1
41.4,-79.8,1
41.4,-79.8,1
41.4,-79.8,1
41.4,-79.8,1
41.4,-79.8,1
41.4,-79.8,1
41.4,-79.8,1
41.4,-79.8,1
41.4,-79.8,1
41.4,-79.8,1
41.4,-79.8,1
41.4,-79.8,1
41.4,-79.8,1
41.4,-79.8,1
41.4,-79.8,1
41.4,-79.8,1
41.4,-79.8,1
41.4,-79.8,1
41.4,-79.8,1
41.4,-79.8,1
41.4,-79.8,1
41.4,-79.8,1
41.4,-79.8,1
41.4,-79.8,1
41.4,-79.8,1
41.4,-79.8,1
41.4,-79.8,1
41.4,-79.8,1
41.4,-79.8,1
41.4,-79.8,1
41.4,-79.8,1
41.4,-79.8,1
41.4,-79.8,1
41.4,-79.8,1
41.4,-79.8,1
41.4,-79.8,1
41.4,-79.8,1
41.4,-79.8,1
41.4,-79.8,1
41.4,-79.8,1
41.4,-79.8,1
41.4,-79.8,1
41.4,-79.8,1
41.4,-79.8,1
41.4,-79.8,1
41.4,-79.8,1
41.4,-79.8,1
41.4,-79.8,1
41.4,-79.8,1
41.4,-79.8,1
41.4,-79.8,1
41.4,-79.8,1
41.4,-79.8,1
41.4,-79.8,1
41.4,-79.8,1
41.4,-79.8,1
41.4,-79.8,1
41.4,-79.8,1
41.4,-79.8,1
41.4,-79.8,1
41.4,-79.8,1
41.4,-79.8,1
41.4,-79.8,1
41.4,-79.8,1
41.4,-79.8,1
41.4,-79.8,1
41.4,-79.8,1
41.4,-79.8,1
41.4,-79.8,1
41.4,-79.8,1
41.4,-79.8,1
41.4,-79.8,1
41.4,-79.8,1
41.4,-79.8,1
41.4,-79.8,1
41.4,-79.8,1
41.4,-79.8,1
41.4,-79.8,1
41.4,-79.8,1
41.4,-79.8,1
41.4,-79.8,1
41.4,-79.8,1
41.4,-79.8,1
41.4,-79.8,1
41.4,-79.8,1
41.4,-79.8,1
41.4,-79.8,1
41.4,-79.8,1
41.4,-79.8,1
41.4,-79.8,1
41.4,-79.8,1
41.4,-79.8,1
41.4,-79.8,1
41.4,-79.8,1
41.4,-79.8,1
41.4,-79.8,1
41.4,-79.8,1
41.4,-79.8,1
41.4,-79.8,1
41.4,-79.8,1
41.4,-79.8,1
41.4,-79.8,1
41.4,-79.8,1
41.4,-79.8,1
41.4,-79.8,1
41.4,-79.8,1
41.4,-79.8,1
41.4,-79.8,1
41.4,-79.8,1
41.4,-79.8,1
41.4,-79.8,1
41.4,-79.8,1
41.4,-79.8,1
41.4,-79.8,1
41.4,-79.8,1
41.4,-79.8,1
41.4,-79.8,1
41.4,-79.8,1
41.4,-79.8,1
41.4,-79.8,1
41.4,-79.8,1
41.4,-79.8,1
41.4,-79.8,1
41.4,-79.8,1
41.4,-79.8,1
41.4,-79.8,1
41.4,-79.8,1
41.4,-79.8,1
41.4,-79.8,1
41.4,-79.8,1
41.4,-79.8,1
41.4,-79.8,1
41.4,-79.8,1
41.4,-79.8,1
41.4,-79.8,1
41.4,-79.8,1
41.4,-79.8,1
41.4,-79.8,1
41.4,-79.8,1
41.4,-79.8,1
41.4,-79.8,1
41.4,-79.8,1
41.4,-79.8,1
41.4,-79.8,1
41.4,-79.8,1
41.4,-79.8,1
41.4,-79.8,1
41.4,-79.8,1
41.4,-79.8,1
41.4,-79.8,1
41.4,-79.8,1
41.4,-79.8,1
41.4,-79.8,1
41.4,-79.8,1
41.4,-79.8,1
41.4,-79.8,1
41.4,-79.8,1
41.4,-79.8,1
41.4,-79.8,1
41.4,-79.8,1
41.4,-79.8,1
41.4,-79.8,1
41.4,-79.8,1
41.4,-79.8,1
41.4,-79.8,1
41.4,-79.8,1
41.4,-79.8,1
41.4,-79.8,1
41.4,-79.8,1
41.4,-79.8,1
41.4,-79.8,1
41.4,-79.8,1
41.4,-79.8,1
41.4,-79.8,1
41.4,-79.8,1
41.4,-79.8,1
41.4,-79.8,1
41.4,-79.8,1
41.4,-79.8,1
41.4,-79.8,1
41.4,-79.8,1
41.4,-79.8,1
41.4,-79.8,1
41.4,-79.8,1
41.4,-79.8,1
41.4,-79.8,1
41.4,-79.8,1
41.4,-79.8,1
41.4,-79.8,1
41.4,-79.8,1
41.4,-79.8,1
41.4,-79.8,1
41.4,-79.8,1
41.4,-79.8,1
41.4,-79.8,1
41.4,-79.8,1
41.4,-79.8,1
41.4,-79.8,1
41.4,-79.8,1
41.4,-79.8,1
41.4,-79.8,1
41.4,-79.8,1
41.4,-79.8,1
41.4,-79.8,1
41.4,-79.8,1
41.4,-79.8,1
41.4,-79.8,1
41.4,-79.8,1
41.4,-79.8,1
41.4,-79.8,1
41.4,-79.8,1
41.4,-79.8,1
41.4,-79.8,1
41.4,-79.8,1
41.4,-79.8,1
41.4,-79.8,1
41.4,-79.8,1
41.4,-79.8,1
41.4,-79.8,1
41.4,-79.8,1
41.4,-79.8,1
41.4,-79.8,1
41.4,-79.8,1
41.4,-79.8,1
41.4,-79.8,1
41.4,-79.8,1
41.4,-79.8,1
41.4,-79.8,1
41.4,-79.8,1
41.4,-79.8,1
41.4,-79.8,1
41.4,-79.8,1
41.4,-79.8,1
41.4,-79.8,1
41.4,-79.8,1
41.4,-79.8,1
41.4,-79.8,1
41.4,-79.8,1
41.4,-79.8,1
41.4,-79.8,1
41.4,-79.8,1
41.4,-79.8,1
41.4,-79.8,1
41.4,-79.8,1
41.4,-79.8,1
41.4,-79.8,1
41.4,-79.8,1
41.4,-79.8,1
41.4,-79.8,1
41.4,-79.8,1
41.4,-79.8,1
41.4,-79.8,1
41.4,-79.8,1
41.4,-79.8,1
41.4,-79.8,1
41.4,-79.8,1
41.4,-79.8,1
41.4,-79.8,1
41.4,-79.8,1
41.4,-79.8,1
41.4,-79.8,1
41.4,-79.8,1
41.4,-79.8,1
41.4,-79.8,1
41.4,-79.8,1
41.4,-79.8,1
41.4,-79.8,1
41.4,-79.8,1
41.4,-79.8,1
41.4,-79.8,1
41.4,-79.8,1
41.4,-79.8,1
41.4,-79.8,1
41.4,-79.8,1
41.4,-79.8,1
41.4,-79.8,1
41.4,-79.8,1
41.4,-79.8,1
41.4,-79.8,1
41.4,-79.8,1
41.4,-79.8,1
41.4,-79.8,1
41.4,-79.8,1
41.4,-79.8,1
41.4,-79.8,1
41.4,-79.8,1
41.4,-79.8,1
41.4,-79.8,1
41.4,-79.8,1
41.4,-79.8,1
41.4,-79.8,1
41.4,-79.8,1
41.4,-79.8,1
41.4,-79.8,1
41.4,-79.8,1
41.4,-79.8,1
41.4,-79.8,1
41.4,-79.8,1
41.4,-79.8,1
41.4,-79.8,1
41.4,-79.8,1
41.4,-79.8,1
41.4,-79.8,1
41.4,-79.8,1
41.4,-79.8,1
41.4,-79.8,1
41.4,-79.8,1
41.4,-79.8,1
41.4,-79.8,1
41.4,-79.8,1
41.4,-79.8,1
41.4,-79.8,1
41.4,-79.8,1
41.4,-79.8,1
41.4,-79.8,1
41.4,-79.8,1
41.4,-79.8,1
41.4,-79.8,1
41.4,-79.8,1
41.4,-79.8,1
41.4,-79.8,1
41.4,-79.8,1
41.4,-79.8,1
41.4,-79.8,1
41.4,-79.8,1
41.4,-79.8,1
41.4,-79.8,1
41.4,-79.8,1
41.4,-79.8,1
41.4,-79.8,1
41.4,-79.8,1
41.4,-79.8,1
41.4,-79.8,1
41.4,-79.8,1
41.4,-79.8,1
41.4,-79.8,1
41.4,-79.8,1
41.4,-79.8,1
41.4,-79.8,1
41.4,-79.8,1
41.4,-79.8,1
41.4,-79.8,1
41.4,-79.8,1
41.4,-79.8,1
41.4,-79.8,1
41.4,-79.8,1
41.4,-79.8,1
41.4,-79.8,1
41.4,-79.8,1
41.4,-79.8,1
41.4,-79.8,1
41.4,-79.8,1
41.4,-79.8,1
41.4,-79.8,1
41.4,-79.8,1
41.4,-79.8,1
41.4,-79.8,1
41.4,-79.8,1
41.4,-79.8,1
41.4,-79.8,1
41.4,-79.8,1
41.4,-79.8,1
41.4,-79.8,1
41.4,-79.8,1
41.4,-79.8,1
41.4,-79.8,1
41.4,-79.8,1
41.4,-79.8,1
41.4,-79.8,1
41.4,-79.8,1
41.4,-79.8,1
41.4,-79.8,1
41.4,-79.8,1
41.4,-79.8,1
41.4,-79.8,1
41.4,-79.8,1
41.4,-79.8,1
41.4,-79.8,1
41.4,-79.8,1
41.4,-79.8,1
41.4,-79.8,1
41.4,-79.8,1
41.4,-79.8,1
41.4,-79.8,1
41.4,-79.8,1
41.4,-79.8,1
41.4,-79.8,1
41.4,-79.8,1
41.4,-79.8,1
41.4,-79.8,1
41.4,-79.8,1
41.4,-79.8,1
41.4,-79.8,1
41.4,-79.8,1
41.4,-79.8,1
41.4,-79.8,1
41.4,-79.8,1
41.4,-79.8,1
41.4,-79.8,1
41.4,-79.8,1
41.4,-79.8,1
41.4,-79.8,1
41.4,-79.8,1
41.4,-79.8,1
41.4,-79.8,1
41.4,-79.8,1
41.4,-79.8,1
41.4,-79.8,1
41.4,-79.8,1
41.4,-79.8,1
41.4,-79.8,1
41.4,-79.8,1
41.4,-79.8,1
41.4,-79.8,1
41.4,-79.8,1
41.4,-79.8,1
41.4,-79.8,1
41.4,-79.8,1
41.4,-79.8,1
41.4,-79.8,1
41.4,-79.8,1
41.4,-79.8,1
41.4,-79.8,1
41.4,-79.8,1
41.4,-79.8,1
41.4,-79.8,1
41.4,-79.8,1
41.4,-79.8,1
41.4,-79.8,1
41.4,-79.8,1
41.4,-79.8,1
41.4,-79.8,1
41.4,-79.8,1
41.4,-79.8,1
41.4,-79.8,1
41.4,-79.8,1
41.4,-79.8,1
41.4,-79.8,1
41.4,-79.8,1
41.4,-79.8,1
41.4,-79.8,1
41.4,-79.8,1
41.4,-79.8,1
41.4,-79.8,1
41.4,-79.8,1
41.4,-79.8,1
41.4,-79.8,1
41.4,-79.8,1
41.4,-79.8,1
41.4,-79.8,1
41.4,-79.8,1
41.4,-79.8,1
41.4,-79.8,1
41.4,-79.8,1
41.4,-79.8,1
41.4,-79.8,1
41.4,-79.8,1
41.4,-79.8,1
41.4,-79.8,1
41.4,-79.8,1
41.4,-79.8,1
41.4,-79.8,1
41.4,-79.8,1
41.4,-79.8,1
41.4,-79.8,1
41.4,-79.8,1
41.4,-79.8,1
41.4,-79.8,1
41.4,-79.8,1
41.4,-79.8,1
41.4,-79.8,1
41.4,-79.8,1
41.4,-79.8,1
41.4,-79.8,1
39.9,-76.5,1
39.9,-76.5,1
39.9,-76.5,1
39.9,-76.5,1
39.9,-76.5,1
39.9,-76.5,1
39.9,-76.5,1
39.9,-76.5,1
39.9,-76.5,1
39.9,-76.5,1
39.9,-76.5,1
39.9,-76.5,1
39.9,-76.5,1
41.42,-75.01,1
41.42,-75.01,1
41.42,-75.01,1
41.42,-75.01,1
41.42,-75.01,1
41.42,-75.01,1
41.42,-75.01,1
41.42,-75.01,1
41.42,-75.01,1
41.42,-75.01,1
41.42,-75.01,1
41.42,-75.01,1
41.42,-75.01,1
41.42,-75.01,1
41.42,-75.01,1
41.42,-75.01,1
41.42,-75.01,1
41.42,-75.01,1
41.42,-75.01,1
41.42,-75.01,1
41.42,-75.01,1
41.42,-75.01,1
41.42,-75.01,1
41.42,-75.01,1
41.42,-75.01,1
41.42,-75.01,1
41.42,-75.01,1
40.5,-77.9,1
40.5,-77.9,1
40.5,-77.9,1
40.5,-77.9,1
40.5,-77.9,1
40.5,-77.9,1
40.5,-77.9,1
40.5,-77.9,1
40.5,-77.9,1
40.5,-77.9,1
40.5,-77.9,1
40.5,-77.9,1
40.5,-77.9,1
40.5,-77.9,1
40.5,-77.9,1
40.5,-77.9,1
40.5,-77.9,1
40.5,-77.9,1
40.5,-77.9,1
40.5,-77.9,1
40.5,-77.9,1
40.5,-77.9,1
40.5,-77.9,1
40.5,-77.9,1
40.5,-77.9,1
40.5,-77.9,1
40.5,-77.9,1
40.5,-77.9,1
40.5,-77.9,1
40.5,-77.9,1
40.5,-77.9,1
40.5,-77.9,1
40.5,-77.9,1
40.5,-77.9,1
40.5,-77.9,1
40.5,-77.9,1
40.5,-77.9,1
40.5,-77.9,1
40.5,-77.9,1
40.5,-77.9,1
40.5,-77.9,1
40.5,-77.9,1
40.5,-77.9,1
40.5,-77.9,1
40.5,-77.9,1
40.5,-77.9,1
40.5,-77.9,1
40.5,-77.9,1
40.5,-77.9,1
40.5,-77.9,1
40.5,-77.9,1
40.5,-77.9,1
40.5,-77.9,1
40.5,-77.9,1
40.5,-77.9,1
40.5,-77.9,1
40.5,-77.9,1
40.5,-77.9,1
40.5,-77.9,1
40.5,-77.9,1
40.5,-77.9,1
40.5,-77.9,1
40.5,-77.9,1
40.5,-77.9,1
40.5,-77.9,1
40.5,-77.9,1
40.5,-77.9,1
40.5,-77.9,1
40.5,-77.9,1
40.5,-77.9,1
40.5,-77.9,1
40.5,-77.9,1
40.5,-77.9,1
40.5,-77.9,1
40.5,-77.9,1
40.5,-77.9,1
40.5,-77.9,1
40.5,-77.9,1
40.5,-77.9,1
40.5,-77.9,1
40.5,-77.9,1
40.5,-77.9,1
40.5,-77.9,1
40.5,-77.9,1
40.5,-77.9,1
40.5,-77.9,1
40.5,-77.9,1
40.5,-77.9,1
40.5,-77.9,1
40.5,-77.9,1
40.5,-77.9,1
40.5,-77.9,1
40.5,-77.9,1
40.5,-77.9,1
40.5,-77.9,1
40.5,-77.9,1
40.5,-77.9,1
40.5,-77.9,1
40.5,-77.9,1
40.5,-77.9,1
40.5,-77.9,1
40.5,-77.9,1
40.5,-77.9,1
40.5,-77.9,1
40.5,-77.9,1
40.5,-77.9,1
40.5,-77.9,1
40.5,-77.9,1
40.5,-77.9,1
40.5,-77.9,1
40.5,-77.9,1
40.5,-77.9,1
40.5,-77.9,1
40.5,-77.9,1
40.5,-77.9,1
40.5,-77.9,1
40.5,-77.9,1
40.5,-77.9,1
40.5,-77.9,1
40.5,-77.9,1
40.5,-77.9,1
40.5,-77.9,1
40.5,-77.9,1
40.5,-77.9,1
40.5,-77.9,1
40.5,-77.9,1
40.5,-77.9,1
40.5,-77.9,1
40.5,-77.9,1
40.5,-77.9,1
40.5,-77.9,1
40.5,-77.9,1
40.5,-77.9,1
40.5,-77.9,1
40.5,-77.9,1
40.5,-77.9,1
40.5,-77.9,1
40.5,-77.9,1
40.5,-77.9,1
40.5,-77.9,1
40.5,-77.9,1
40.5,-77.9,1
40.5,-77.9,1
40.5,-77.9,1
40.5,-77.9,1
40.5,-77.9,1
40.5,-77.9,1
40.5,-77.9,1
40.5,-77.9,1
40.5,-77.9,1
40.5,-77.9,1
40.5,-77.9,1
40.5,-77.9,1
40.5,-77.9,1
40.5,-77.9,1
40.5,-77.9,1
40.5,-77.9,1
40.5,-77.9,1
40.5,-77.9,1
40.5,-77.9,1
40.5,-77.9,1
40.5,-77.9,1
40.5,-77.9,1
40.5,-77.9,1
40.5,-77.9,1
40.5,-77.9,1
40.5,-77.9,1
40.5,-77.9,1
40.5,-77.9,1
40.5,-77.9,1
40.5,-77.9,1
40.5,-77.9,1
40.5,-77.9,1
40.5,-77.9,1
40.5,-77.9,1
40.5,-77.9,1
40.5,-77.9,1
40.5,-77.9,1
40.5,-77.9,1
40.5,-77.9,1
40.5,-77.9,1
40.5,-77.9,1
40.5,-77.9,1
40.5,-77.9,1
40.5,-77.9,1
40.5,-77.9,1
40.5,-77.9,1
40.5,-77.9,1
40.5,-77.9,1
40.5,-77.9,1
40.5,-77.9,1
40.5,-77.9,1
40.5,-77.9,1
40.5,-77.9,1
40.5,-77.9,1
40.5,-77.9,1
40.5,-77.9,1
40.5,-77.9,1
40.5,-77.9,1
40.5,-77.9,1
40.5,-77.9,1
40.5,-77.9,1
40.5,-77.9,1
40.5,-77.9,1
40.5,-77.9,1
40.5,-77.9,1
40.5,-77.9,1
40.5,-77.9,1
40.5,-77.9,1
40.5,-77.9,1
40.5,-77.9,1
40.5,-77.9,1
40.5,-77.9,1
40.5,-77.9,1
40.5,-77.9,1
40.6,-79.1,1
40.6,-79.1,1
40.6,-79.1,1
40.6,-79.1,1
40.6,-79.1,1
40.6,-79.1,1
40.6,-79.1,1
40.6,-79.1,1
40.6,-79.1,1
40.6,-79.1,1
40.6,-79.1,1
40.6,-79.1,1
40.6,-79.1,1
40.6,-79.1,1
40.6,-79.1,1
40.6,-79.1,1
40.6,-79.1,1
40.6,-79.1,1
40.6,-79.1,1
40.6,-79.1,1
40.6,-79.1,1
40.6,-79.1,1
40.6,-79.1,1
40.6,-79.1,1
40.6,-79.1,1
40.6,-79.1,1
40.6,-79.1,1
40.6,-79.1,1
40.6,-79.1,1
40.6,-79.1,1
40.6,-79.1,1
40.6,-79.1,1
40.6,-79.1,1
40.6,-79.1,1
40.6,-79.1,1
40.6,-79.1,1
40.6,-79.1,1
40.6,-79.1,1
40.6,-79.1,1
40.6,-79.1,1
40.6,-79.1,1
40.6,-79.1,1
40.6,-79.1,1
40.6,-79.1,1
40.6,-79.1,1
40.6,-79.1,1
40.6,-79.1,1
40.6,-79.1,1
40.6,-79.1,1
40.6,-79.1,1
40.6,-79.1,1
40.6,-79.1,1
40.6,-79.1,1
40.6,-79.1,1
40.6,-79.1,1
40.6,-79.1,1
40.6,-79.1,1
40.6,-79.1,1
40.6,-79.1,1
40.6,-79.1,1
40.6,-79.1,1
40.6,-79.1,1
40.6,-79.1,1
40.6,-79.1,1
40.6,-79.1,1
40.6,-79.1,1
40.6,-79.1,1
40.6,-79.1,1
40.6,-79.1,1
40.6,-79.1,1
40.6,-79.1,1
40.6,-79.1,1
40.6,-79.1,1
40.6,-79.1,1
40.6,-79.1,1
40.6,-79.1,1
40.6,-79.1,1
40.6,-79.1,1
40.6,-79.1,1
40.6,-79.1,1
40.6,-79.1,1
40.6,-79.1,1
40.6,-79.1,1
40.6,-79.1,1
40.6,-79.1,1
40.6,-79.1,1
39.92,-80.05,1
39.92,-80.05,1
39.92,-80.05,1
39.92,-80.05,1
39.92,-80.05,1
39.92,-80.05,1
39.92,-80.05,1
41.5,-75.01,1
41.5,-75.01,1
41.5,-75.01,1
41.5,-75.01,1
41.5,-75.01,1
41.5,-75.01,1
41.5,-75.01,1
41.5,-75.01,1
41.5,-75.01,1
41.5,-75.01,1
41.5,-75.01,1
41.5,-75.01,1
41.5,-75.01,1
41.5,-75.01,1
41.5,-75.01,1
41.5,-75.01,1
41.5,-75.01,1
41.5,-75.01,1
41.5,-75.01,1
41.5,-75.01,1
41.5,-75.01,1
41.5,-75.01,1
41.5,-75.01,1
41.5,-75.01,1
41.5,-75.01,1
41.5,-75.01,1
41.5,-75.01,1
41.5,-75.01,1
41.5,-75.01,1
41.5,-75.01,1
41.5,-75.01,1
41.5,-75.01,1
41.5,-75.01,1
41.5,-75.01,1
41.5,-75.01,1
41.5,-75.01,1
41.5,-75.01,1
41.5,-75.01,1
41.5,-75.01,1
41.5,-75.01,1
41.5,-75.01,1
41.5,-75.01,1
41.5,-75.01,1
41.5,-75.01,1
41.5,-75.01,1
41.5,-75.01,1
41.5,-75.01,1
41.5,-75.01,1
41.5,-75.01,1
41.5,-75.01,1
41.5,-75.01,1
41.5,-75.01,1
41.5,-75.01,1
41.5,-75.01,1
41.5,-75.01,1
41.5,-75.01,1
41.5,-75.01,1
41.5,-75.01,1
41.5,-75.01,1
41.5,-75.01,1
41.5,-75.01,1
41.5,-75.01,1
41.5,-75.01,1
41.5,-75.01,1
41.5,-75.01,1
41.5,-75.01,1
41.5,-75.01,1
41.5,-75.01,1
41.5,-75.01,1
41.5,-75.01,1
41.5,-75.01,1
41.5,-75.01,1
41.5,-75.01,1
41.5,-75.01,1
41.5,-75.01,1
41.5,-75.01,1
41.5,-75.01,1
41.5,-75.01,1
41.5,-75.01,1
41.5,-75.01,1
41.5,-75.01,1
41.5,-75.01,1
41.5,-75.01,1
41.5,-75.01,1
41.5,-75.01,1
41.5,-75.01,1
41.5,-75.01,1
41.5,-75.01,1
41.5,-75.01,1
41.5,-75.01,1
41.5,-75.01,1
41.5,-75.01,1
41.5,-75.01,1
41.5,-75.01,1
41.5,-75.01,1
41.5,-75.01,1
41.5,-75.01,1
41.5,-75.01,1
41.5,-75.01,1
41.5,-75.01,1
41.5,-75.01,1
41.5,-75.01,1
41.5,-75.01,1
41.5,-75.01,1
41.5,-75.01,1
41.5,-75.01,1
41.5,-75.01,1
41.5,-75.01,1
41.5,-75.01,1
41.5,-75.01,1
41.5,-75.01,1
41.5,-75.01,1
41.5,-75.01,1
41.5,-75.01,1
41.5,-75.01,1
41.5,-75.01,1
41.5,-75.01,1
41.5,-75.01,1
41.5,-75.01,1
41.5,-75.01,1
41.5,-75.01,1
41.5,-75.01,1
41.5,-75.01,1
41.5,-75.01,1
41.5,-75.01,1
41.5,-75.01,1
41.5,-75.01,1
41.5,-75.01,1
41.5,-75.01,1
41.5,-75.01,1
41.5,-75.01,1
41.5,-75.01,1
41.5,-75.01,1
41.5,-75.01,1
41.5,-75.01,1
41.5,-75.01,1
41.5,-75.01,1
41.5,-75.01,1
41.5,-75.01,1
41.5,-75.01,1
41.5,-75.01,1
41.5,-75.01,1
41.5,-75.01,1
41.5,-75.01,1
41.5,-75.01,1
41.5,-75.01,1
41.5,-75.01,1
41.5,-75.01,1
41.5,-75.01,1
41.5,-75.01,1
41.5,-75.01,1
41.5,-75.01,1
41.5,-75.01,1
41.5,-75.01,1
41.5,-75.01,1
41.5,-75.01,1
41.5,-75.01,1
41.5,-75.01,1
41.5,-75.01,1
41.5,-75.01,1
41.5,-75.01,1
41.5,-75.01,1
41.5,-75.01,1
41.5,-75.01,1
41.5,-75.01,1
41.5,-75.01,1
41.5,-75.01,1
41.5,-75.01,1
41.5,-75.01,1
41.5,-75.01,1
41.5,-75.01,1
41.5,-75.01,1
41.5,-75.01,1
41.5,-75.01,1
41.5,-75.01,1
41.5,-75.01,1
41.5,-75.01,1
41.5,-75.01,1
41.5,-75.01,1
41.5,-75.01,1
41.5,-75.01,1
41.5,-75.01,1
41.5,-75.01,1
41.5,-75.01,1
41.5,-75.01,1
41.5,-75.01,1
41.5,-75.01,1
41.5,-75.01,1
41.5,-75.01,1
41.5,-75.01,1
41.5,-75.01,1
41.5,-75.01,1
41.5,-75.01,1
41.5,-75.01,1
41.5,-75.01,1
41.5,-75.01,1
41.5,-75.01,1
41.5,-75.01,1
41.5,-75.01,1
41.5,-75.01,1
41.5,-75.01,1
41.5,-75.01,1
41.5,-75.01,1
41.5,-75.01,1
41.5,-75.01,1
41.5,-75.01,1
41.5,-75.01,1
41.5,-75.01,1
41.5,-75.01,1
41.5,-75.01,1
41.5,-75.01,1
41.5,-75.01,1
41.5,-75.01,1
41.5,-75.01,1
41.5,-75.01,1
41.5,-75.01,1
41.5,-75.01,1
41.5,-75.01,1
41.5,-75.01,1
41.5,-75.01,1
41.5,-75.01,1
41.5,-75.01,1
41.5,-75.01,1
41.5,-75.01,1
41.5,-75.01,1
41.5,-75.01,1
41.5,-75.01,1
41.5,-75.01,1
41.5,-75.01,1
41.5,-75.01,1
41.5,-75.01,1
41.5,-75.01,1
41.5,-75.01,1
41.5,-75.01,1
41.5,-75.01,1
41.5,-75.01,1
41.5,-75.01,1
41.5,-75.01,1
41.5,-75.01,1
41.5,-75.01,1
41.5,-75.01,1
41.5,-75.01,1
41.5,-75.01,1
41.5,-75.01,1
41.5,-75.01,1
41.5,-75.01,1
41.5,-75.01,1
41.5,-75.01,1
41.5,-75.01,1
41.5,-75.01,1
41.5,-75.01,1
41.5,-75.01,1
41.5,-75.01,1
41.5,-75.01,1
41.5,-75.01,1
41.5,-75.01,1
41.5,-75.01,1
41.5,-75.01,1
41.5,-75.01,1
41.5,-75.01,1
41.5,-75.01,1
41.5,-75.01,1
41.5,-75.01,1
41.5,-75.01,1
41.5,-75.01,1
41.5,-75.01,1
41.5,-75.01,1
41.5,-75.01,1
41.5,-75.01,1
41.5,-75.01,1
41.5,-75.01,1
41.5,-75.01,1
41.5,-75.01,1
41.5,-75.01,1
41.5,-75.01,1
41.5,-75.01,1
41.5,-75.01,1
41.5,-75.01,1
41.5,-75.01,1
41.5,-75.01,1
41.5,-75.01,1
41.5,-75.01,1
41.5,-75.01,1
41.5,-75.01,1
41.5,-75.01,1
41.5,-75.01,1
41.5,-75.01,1
41.5,-75.01,1
41.5,-75.01,1
41.5,-75.01,1
41.5,-75.01,1
41.5,-75.01,1
41.5,-75.01,1
41.5,-75.01,1
41.5,-75.01,1
41.5,-75.01,1
41.5,-75.01,1
41.5,-75.01,1
41.5,-75.01,1
41.5,-75.01,1
41.5,-75.01,1
41.5,-75.01,1
41.5,-75.01,1
41.5,-75.01,1
41.5,-75.01,1
41.5,-75.01,1
41.5,-75.01,1
41.5,-75.01,1
41.5,-75.01,1
41.5,-75.01,1
41.5,-75.01,1
41.5,-75.01,1
41.5,-75.01,1
41.5,-75.01,1
41.5,-75.01,1
41.5,-75.01,1
41.5,-75.01,1
41.5,-75.01,1
41.5,-75.01,1
41.5,-75.01,1
41.5,-75.01,1
41.5,-75.01,1
41.5,-75.01,1
41.5,-75.01,1
41.5,-75.01,1
41.5,-75.01,1
41.5,-75.01,1
41.5,-75.01,1
41.5,-75.01,1
41.5,-75.01,1
41.5,-75.01,1
41.5,-75.01,1
41.5,-75.01,1
41.5,-75.01,1
41.5,-75.01,1
41.5,-75.01,1
41.5,-75.01,1
41.5,-75.01,1
41.5,-75.01,1
41.5,-75.01,1
41.5,-75.01,1
41.5,-75.01,1
41.5,-75.01,1
41.5,-75.01,1
41.5,-75.01,1
41.5,-75.01,1
41.5,-75.01,1
41.5,-75.01,1
41.5,-75.01,1
41.5,-75.01,1
41.5,-75.01,1
41.5,-75.01,1
41.5,-75.01,1
41.5,-75.01,1
41.5,-75.01,1
41.5,-75.01,1
41.5,-75.01,1
41.5,-75.01,1
41.5,-75.01,1
41.5,-75.01,1
41.5,-75.01,1
41.5,-75.01,1
41.5,-75.01,1
41.5,-75.01,1
41.5,-75.01,1
41.5,-75.01,1
41.5,-75.01,1
41.5,-75.01,1
41.5,-75.01,1
41.5,-75.01,1
41.5,-75.01,1
41.5,-75.01,1
41.5,-75.01,1
41.5,-75.01,1
41.5,-75.01,1
41.5,-75.01,1
41.5,-75.01,1
41.5,-75.01,1
41.5,-75.01,1
41.5,-75.01,1
41.5,-75.01,1
41.5,-75.01,1
41.5,-75.01,1
41.5,-75.01,1
41.5,-75.01,1
41.5,-75.01,1
41.5,-75.01,1
41.5,-75.01,1
41.5,-75.01,1
41.5,-75.01,1
41.5,-75.01,1
41.5,-75.01,1
41.5,-75.01,1
41.5,-75.01,1
41.5,-75.01,1
41.5,-75.01,1
41.5,-75.01,1
41.5,-75.01,1
41.5,-75.01,1
41.5,-75.01,1
41.5,-75.01,1
41.5,-75.01,1
41.5,-75.01,1
41.5,-75.01,1
41.5,-75.01,1
41.5,-75.01,1
41.5,-75.01,1
41.5,-75.01,1
41.5,-75.01,1
41.5,-75.01,1
41.5,-75.01,1
41.5,-75.01,1
41.5,-75.01,1
41.5,-75.01,1
41.5,-75.01,1
41.5,-75.01,1
41.5,-75.01,1
41.5,-75.01,1
41.5,-75.01,1
41.5,-75.01,1
41.5,-75.01,1
41.5,-75.01,1
41.5,-75.01,1
41.5,-75.01,1
41.5,-75.01,1
41.5,-75.01,1
41.5,-75.01,1
41.5,-75.01,1
41.5,-75.01,1
41.5,-75.01,1
41.5,-75.01,1
41.5,-75.01,1
41.5,-75.01,1
41.5,-75.01,1
41.5,-75.01,1
41.5,-75.01,1
41.5,-75.01,1
41.5,-75.01,1
41.5,-75.01,1
41.5,-75.01,1
41.5,-75.01,1
41.5,-75.01,1
41.5,-75.01,1
41.5,-75.01,1
41.5,-75.01,1
41.5,-75.01,1
41.5,-75.01,1
41.5,-75.01,1
41.5,-75.01,1
41.5,-75.01,1
41.5,-75.01,1
41.5,-75.01,1
41.5,-75.01,1
41.5,-75.01,1
41.5,-75.01,1
41.5,-75.01,1
41.5,-75.01,1
41.5,-75.01,1
41.5,-75.01,1
41.5,-75.01,1
41.5,-75.01,1
41.5,-75.01,1
41.5,-75.01,1
41.5,-75.01,1
41.5,-75.01,1
41.5,-75.01,1
41.5,-75.01,1
41.5,-75.01,1
41.5,-75.01,1
41.5,-75.01,1
41.5,-75.01,1
41.5,-75.01,1
41.5,-75.01,1
41.5,-75.01,1
41.5,-75.01,1
41.5,-75.01,1
41.5,-75.01,1
41.5,-75.01,1
41.5,-75.01,1
41.5,-75.01,1
41.5,-75.01,1
41.5,-75.01,1
41.5,-75.01,1
41.5,-75.01,1
41.5,-75.01,1
41.5,-75.01,1
41.5,-75.01,1
41.5,-75.01,1
41.5,-75.01,1
41.5,-75.01,1
41.5,-75.01,1
41.5,-75.01,1
41.5,-75.01,1
41.5,-75.01,1
41.5,-75.01,1
41.5,-75.01,1
41.5,-75.01,1
41.5,-75.01,1
41.5,-75.01,1
41.5,-75.01,1
41.5,-75.01,1
41.5,-75.01,1
41.5,-75.01,1
41.5,-75.01,1
41.5,-75.01,1
41.5,-75.01,1
41.5,-75.01,1
41.5,-75.01,1
41.5,-75.01,1
41.5,-75.01,1
41.5,-75.01,1
41.5,-75.01,1
41.5,-75.01,1
41.5,-75.01,1
41.5,-75.01,1
41.5,-75.01,1
41.5,-75.01,1
41.5,-75.01,1
41.5,-75.01,1
41.5,-75.01,1
41.5,-75.01,1
41.5,-75.01,1
41.5,-75.01,1
41.5,-75.01,1
41.5,-75.01,1
41.5,-75.01,1
41.5,-75.01,1
41.5,-75.01,1
41.5,-75.01,1
41.5,-75.01,1
41.5,-75.01,1
41.5,-75.01,1
41.5,-75.01,1
41.5,-75.01,1
41.5,-75.01,1
41.5,-75.01,1
41.5,-75.01,1
41.5,-75.01,1
41.5,-75.01,1
41.5,-75.01,1
41.5,-75.01,1
41.5,-75.01,1
41.5,-75.01,1
41.5,-75.01,1
41.5,-75.01,1
41.5,-75.01,1
41.5,-75.01,1
41.5,-75.01,1
41.5,-75.01,1
41.5,-75.01,1
41.5,-75.01,1
41.5,-75.01,1
41.5,-75.01,1
41.5,-75.01,1
41.5,-75.01,1
41.5,-75.01,1
41.5,-75.01,1
41.5,-75.01,1
41.5,-75.01,1
41.5,-75.01,1
41.5,-75.01,1
41.5,-75.01,1
41.5,-75.01,1
41.5,-75.01,1
41.5,-75.01,1
41.5,-75.01,1
41.5,-75.01,1
41.5,-75.01,1
41.5,-75.01,1
41.5,-75.01,1
41.5,-75.01,1
41.5,-75.01,1
41.5,-75.01,1
41.5,-75.01,1
41.5,-75.01,1
41.5,-75.01,1
41.5,-75.01,1
41.5,-75.01,1
41.5,-75.01,1
41.5,-75.01,1
41.5,-75.01,1
41.5,-75.01,1
41.5,-75.01,1
41.5,-75.01,1
41.5,-75.01,1
41.5,-75.01,1
41.5,-75.01,1
41.5,-75.01,1
41.5,-75.01,1
41.5,-75.01,1
41.5,-75.01,1
41.5,-75.01,1
41.5,-75.01,1
41.5,-75.01,1
41.5,-75.01,1
41.5,-75.01,1
41.5,-75.01,1
41.5,-75.01,1
41.5,-75.01,1
41.5,-75.01,1
41.5,-75.01,1
41.5,-75.01,1
41.5,-75.01,1
41.5,-75.01,1
41.5,-75.01,1
41.5,-75.01,1
41.5,-75.01,1
41.5,-75.01,1
41.5,-75.01,1
41.5,-75.01,1
41.5,-75.01,1
41.5,-75.01,1
41.5,-75.01,1
41.5,-75.01,1
41.5,-75.01,1
41.5,-75.01,1
41.5,-75.01,1
41.5,-75.01,1
41.5,-75.01,1
41.5,-75.01,1
41.5,-75.01,1
41.5,-75.01,1
41.5,-75.01,1
41.5,-75.01,1
41.5,-75.01,1
41.5,-75.01,1
41.5,-75.01,1
41.5,-75.01,1
41.5,-75.01,1
41.5,-75.01,1
41.5,-75.01,1
41.5,-75.01,1
41.5,-75.01,1
41.5,-75.01,1
41.5,-75.01,1
41.5,-75.01,1
41.5,-75.01,1
41.5,-75.01,1
41.5,-75.01,1
41.5,-75.01,1
41.5,-75.01,1
41.5,-75.01,1
41.5,-75.01,1
41.5,-75.01,1
41.5,-75.01,1
41.5,-75.01,1
41.5,-75.01,1
41.5,-75.01,1
41.5,-75.01,1
41.5,-75.01,1
41.5,-75.01,1
41.5,-75.01,1
41.5,-75.01,1
41.5,-75.01,1
41.5,-75.01,1
41.5,-75.01,1
41.5,-75.01,1
41.5,-75.01,1
41.5,-75.01,1
41.5,-75.01,1
41.5,-75.01,1
41.5,-75.01,1
41.5,-75.01,1
41.5,-75.01,1
41.5,-75.01,1
41.5,-75.01,1
41.5,-75.01,1
41.5,-75.01,1
41.5,-75.01,1
41.5,-75.01,1
41.5,-75.01,1
41.5,-75.01,1
41.5,-75.01,1
41.5,-75.01,1
41.5,-75.01,1
41.5,-75.01,1
41.5,-75.01,1
41.5,-75.01,1
41.5,-75.01,1
41.5,-75.01,1
41.5,-75.01,1
41.5,-75.01,1
41.5,-75.01,1
41.5,-75.01,1
41.5,-75.01,1
41.5,-75.01,1
41.5,-75.01,1
41.5,-75.01,1
41.5,-75.01,1
41.5,-75.01,1
41.5,-75.01,1
41.5,-75.01,1
41.5,-75.01,1
41.5,-75.01,1
41.5,-75.01,1
41.5,-75.01,1
41.5,-75.01,1
41.5,-75.01,1
41.5,-75.01,1
41.5,-75.01,1
41.5,-75.01,1
41.5,-75.01,1
41.5,-75.01,1
41.5,-75.01,1
41.5,-75.01,1
41.5,-75.01,1
41.5,-75.01,1
41.5,-75.01,1
41.5,-75.01,1
41.5,-75.01,1
41.5,-75.01,1
41.5,-75.01,1
41.5,-75.01,1
41.5,-75.01,1
41.5,-75.01,1
41.5,-75.01,1
41.5,-75.01,1
41.5,-75.01,1
41.5,-75.01,1
41.5,-75.01,1
41.5,-75.01,1
41.5,-75.01,1
41.5,-75.01,1
41.5,-75.01,1
41.5,-75.01,1
41.5,-75.01,1
41.5,-75.01,1
41.5,-75.01,1
41.5,-75.01,1
41.5,-75.01,1
41.5,-75.01,1
41.5,-75.01,1
41.5,-75.01,1
41.5,-75.01,1
41.5,-75.01,1
41.5,-75.01,1
41.5,-75.01,1
41.5,-75.01,1
41.5,-75.01,1
41.5,-75.01,1
41.5,-75.01,1
41.5,-75.01,1
41.5,-75.01,1
41.5,-75.01,1
41.5,-75.01,1
41.5,-75.01,1
41.5,-75.01,1
41.5,-75.01,1
41.5,-75.01,1
41.5,-75.01,1
41.5,-75.01,1
41.5,-75.01,1
41.5,-75.01,1
41.5,-75.01,1
41.5,-75.01,1
41.5,-75.01,1
41.5,-75.01,1
41.5,-75.01,1
41.5,-75.01,1
41.5,-75.01,1
41.5,-75.01,1
41.5,-75.01,1
41.5,-75.01,1
41.5,-75.01,1
41.5,-75.01,1
41.5,-75.01,1
41.5,-75.01,1
41.5,-75.01,1
41.5,-75.01,1
41.5,-75.01,1
41.5,-75.01,1
41.5,-75.01,1
41.5,-75.01,1
41.5,-75.01,1
41.5,-75.01,1
41.5,-75.01,1
41.5,-75.01,1
41.5,-75.01,1
41.5,-75.01,1
41.5,-75.01,1
41.5,-75.01,1
41.5,-75.01,1
41.5,-75.01,1
41.5,-75.01,1
41.5,-75.01,1
41.5,-75.01,1
41.5,-75.01,1
41.5,-75.01,1
41.5,-75.01,1
41.5,-75.01,1
41.5,-75.01,1
41.5,-75.01,1
41.5,-75.01,1
41.5,-75.01,1
41.5,-75.01,1
41.5,-75.01,1
41.5,-75.01,1
41.5,-75.01,1
41.5,-75.01,1
41.5,-75.01,1
41.5,-75.01,1
41.5,-75.01,1
41.5,-75.01,1
41.5,-75.01,1
41.5,-75.01,1
41.5,-75.01,1
41.5,-75.01,1
41.5,-75.01,1
41.5,-75.01,1
41.5,-75.01,1
41.5,-75.01,1
41.5,-75.01,1
41.5,-75.01,1
41.5,-75.01,1
41.5,-75.01,1
41.5,-75.01,1
41.5,-75.01,1
41.5,-75.01,1
41.5,-75.01,1
41.5,-75.01,1
41.5,-75.01,1
41.5,-75.01,1
41.5,-75.01,1
41.5,-75.01,1
41.5,-75.01,1
41.5,-75.01,1
41.5,-75.01,1
41.5,-75.01,1
41.5,-75.01,1
41.5,-75.01,1
41.5,-75.01,1
41.5,-75.01,1
41.5,-75.01,1
41.5,-75.01,1
41.5,-75.01,1
41.5,-75.01,1
41.5,-75.01,1
41.5,-75.01,1
41.5,-75.01,1
41.5,-75.01,1
41.5,-75.01,1
41.5,-75.01,1
41.5,-75.01,1
41.5,-75.01,1
41.5,-75.01,1
41.5,-75.01,1
41.5,-75.01,1
41.5,-75.01,1
41.5,-75.01,1
41.5,-75.01,1
41.5,-75.01,1
41.5,-75.01,1
41.5,-75.01,1
41.5,-75.01,1
41.5,-75.01,1
41.5,-75.01,1
41.5,-75.01,1
41.5,-75.01,1
41.5,-75.01,1
41.5,-75.01,1
41.5,-75.01,1
41.5,-75.01,1
41.5,-75.01,1
41.5,-75.01,1
41.5,-75.01,1
41.5,-75.01,1
41.5,-75.01,1
41.5,-75.01,1
41.5,-75.01,1
41.5,-75.01,1
41.5,-75.01,1
41.5,-75.01,1
41.5,-75.01,1
41.5,-75.01,1
41.5,-75.01,1
41.5,-75.01,1
41.5,-75.01,1
41.5,-75.01,1
41.5,-75.01,1
41.5,-75.01,1
41.5,-75.01,1
41.5,-75.01,1
41.5,-75.01,1
41.5,-75.01,1
41.5,-75.01,1
41.5,-75.01,1
41.5,-75.01,1
41.5,-75.01,1
41.5,-75.01,1
41.5,-75.01,1
41.5,-75.01,1
41.5,-75.01,1
41.5,-75.01,1
41.5,-75.01,1
41.5,-75.01,1
41.5,-75.01,1
41.5,-75.01,1
41.5,-75.01,1
41.5,-75.01,1
41.5,-75.01,1
41.5,-75.01,1
41.5,-75.01,1
41.5,-75.01,1
41.5,-75.01,1
41.5,-75.01,1
41.5,-75.01,1
41.5,-75.01,1
41.5,-75.01,1
41.5,-75.01,1
41.5,-75.01,1
41.5,-75.01,1
41.5,-75.01,1
41.5,-75.01,1
41.5,-75.01,1
41.5,-75.01,1
41.5,-75.01,1
41.5,-75.01,1
41.5,-75.01,1
41.5,-75.01,1
41.5,-75.01,1
41.5,-75.01,1
41.5,-75.01,1
41.5,-75.01,1
41.5,-75.01,1
41.5,-75.01,1
41.5,-75.01,1
41.5,-75.01,1
41.5,-75.01,1
41.5,-75.01,1
41.5,-75.01,1
41.5,-75.01,1
41.5,-75.01,1
41.5,-75.01,1
41.5,-75.01,1
41.5,-75.01,1
41.5,-75.01,1
41.5,-75.01,1
41.5,-75.01,1
41.5,-75.01,1
41.5,-75.01,1
41.5,-75.01,1
41.5,-75.01,1
41.5,-75.01,1
41.5,-75.01,1
41.5,-75.01,1
41.5,-75.01,1
41.5,-75.01,1
41.5,-75.01,1
41.5,-75.01,1
41.5,-75.01,1
41.5,-75.01,1
41.5,-75.01,1
41.5,-75.01,1
41.5,-75.01,1
41.5,-75.01,1
41.5,-75.01,1
41.5,-75.01,1
41.5,-75.01,1
41.5,-75.01,1
41.5,-75.01,1
41.5,-75.01,1
41.5,-75.01,1
41.5,-75.01,1
41.5,-75.01,1
41.5,-75.01,1
41.5,-75.01,1
41.5,-75.01,1
41.5,-75.01,1
41.5,-75.01,1
41.5,-75.01,1
41.5,-75.01,1
41.5,-75.01,1
41.5,-75.01,1
41.5,-75.01,1
41.5,-75.01,1
41.5,-75.01,1
41.5,-75.01,1
41.5,-75.01,1
41.5,-75.01,1
41.5,-75.01,1
41.5,-75.01,1
41.5,-75.01,1
41.5,-75.01,1
41.5,-75.01,1
41.5,-75.01,1
41.5,-75.01,1
41.5,-75.01,1
41.5,-75.01,1
41.5,-75.01,1
41.5,-75.01,1
41.5,-75.01,1
41.5,-75.01,1
41.5,-75.01,1
41.5,-75.01,1
41.5,-75.01,1
41.5,-75.01,1
41.5,-75.01,1
41.5,-75.01,1
41.5,-75.01,1
41.5,-75.01,1
41.5,-75.01,1
41.5,-75.01,1
41.5,-75.01,1
41.5,-75.01,1
41.5,-75.01,1
41.5,-75.01,1
41.5,-75.01,1
41.5,-75.01,1
41.5,-75.01,1
41.5,-75.01,1
41.5,-75.01,1
41.5,-75.01,1
41.5,-75.01,1
41.5,-75.01,1
41.5,-75.01,1
41.5,-75.01,1
41.5,-75.01,1
41.5,-75.01,1
41.5,-75.01,1
41.5,-75.01,1
41.5,-75.01,1
41.5,-75.01,1
41.5,-75.01,1
41.5,-75.01,1
41.5,-75.01,1
41.5,-75.01,1
41.5,-75.01,1
41.5,-75.01,1
41.5,-75.01,1
41.5,-75.01,1
41.5,-75.01,1
41.5,-75.01,1
41.5,-75.01,1
41.5,-75.01,1
41.5,-75.01,1
41.5,-75.01,1
41.5,-75.01,1
41.5,-75.01,1
41.5,-75.01,1
41.5,-75.01,1
41.5,-75.01,1
41.5,-75.01,1
41.5,-75.01,1
41.5,-75.01,1
41.5,-75.01,1
41.5,-75.01,1
41.5,-75.01,1
41.5,-75.01,1
41.5,-75.01,1
41.5,-75.01,1
41.5,-75.01,1
41.5,-75.01,1
41.5,-75.01,1
41.5,-75.01,1
41.5,-75.01,1
41.5,-75.01,1
41.5,-75.01,1
41.5,-75.01,1
41.5,-75.01,1
41.5,-75.01,1
41.5,-75.01,1
41.5,-75.01,1
41.5,-75.01,1
41.5,-75.01,1
41.5,-75.01,1
41.5,-75.01,1
41.5,-75.01,1
41.5,-75.01,1
41.5,-75.01,1
41.5,-75.01,1
41.5,-75.01,1
41.5,-75.01,1
41.5,-75.01,1
41.5,-75.01,1
41.5,-75.01,1
41.5,-75.01,1
41.5,-75.01,1
41.5,-75.01,1
41.5,-75.01,1
41.5,-75.01,1
41.5,-75.01,1
41.5,-75.01,1
41.5,-75.01,1
41.5,-75.01,1
41.5,-75.01,1
41.5,-75.01,1
41.5,-75.01,1
41.5,-75.01,1
41.5,-75.01,1
41.5,-75.01,1
41.5,-75.01,1
41.5,-75.01,1
41.5,-75.01,1
41.5,-75.01,1
41.5,-75.01,1
41.5,-75.01,1
41.5,-75.01,1
41.5,-75.01,1
41.5,-75.01,1
41.5,-75.01,1
41.5,-75.01,1
41.5,-75.01,1
41.5,-75.01,1
41.5,-75.01,1
41.5,-75.01,1
41.5,-75.01,1
41.5,-75.01,1
41.5,-75.01,1
41.5,-75.01,1
41.5,-75.01,1
41.5,-75.01,1
41.5,-75.01,1
41.5,-75.01,1
41.5,-75.01,1
41.5,-75.01,1
41.5,-75.01,1
41.5,-75.01,1
41.5,-75.01,1
41.5,-75.01,1
41.5,-75.01,1
41.5,-75.01,1
41.5,-75.01,1
41.5,-75.01,1
41.5,-75.01,1
41.5,-75.01,1
41.5,-75.01,1
41.5,-75.01,1
41.5,-75.01,1
41.5,-75.01,1
41.5,-75.01,1
41.5,-75.01,1
41.5,-75.01,1
41.5,-75.01,1
41.5,-75.01,1
41.5,-75.01,1
41.5,-75.01,1
41.5,-75.01,1
41.5,-75.01,1
41.5,-75.01,1
41.5,-75.01,1
41.5,-75.01,1
41.5,-75.01,1
41.5,-75.01,1
41.5,-75.01,1
41.5,-75.01,1
41.5,-75.01,1
41.5,-75.01,1
41.5,-75.01,1
41.5,-75.01,1
41.5,-75.01,1
41.5,-75.01,1
41.5,-75.01,1
41.5,-75.01,1
41.5,-75.01,1
41.5,-75.01,1
41.5,-75.01,1
41.5,-75.01,1
41.5,-75.01,1
41.5,-75.01,1
41.5,-75.01,1
41.5,-75.01,1
41.5,-75.01,1
41.5,-75.01,1
41.5,-75.01,1
41.5,-75.01,1
41.5,-75.01,1
41.5,-75.01,1
41.5,-75.01,1
41.5,-75.01,1
41.5,-75.01,1
41.5,-75.01,1
41.5,-75.01,1
41.5,-75.01,1
41.5,-75.01,1
41.5,-75.01,1
41.5,-75.01,1
41.5,-75.01,1
41.5,-75.01,1
41.5,-75.01,1
41.5,-75.01,1
41.5,-75.01,1
41.5,-75.01,1
41.5,-75.01,1
41.5,-75.01,1
41.5,-75.01,1
41.5,-75.01,1
41.5,-75.01,1
41.5,-75.01,1
41.5,-75.01,1
41.5,-75.01,1
41.5,-75.01,1
41.5,-75.01,1
41.5,-75.01,1
41.5,-75.01,1
41.5,-75.01,1
41.5,-75.01,1
41.5,-75.01,1
41.5,-75.01,1
41.5,-75.01,1
41.5,-75.01,1
41.5,-75.01,1
41.5,-75.01,1
41.5,-75.01,1
41.5,-75.01,1
41.5,-75.01,1
41.5,-75.01,1
41.5,-75.01,1
41.5,-75.01,1
41.5,-75.01,1
41.5,-75.01,1
41.5,-75.01,1
41.5,-75.01,1
41.5,-75.01,1
41.5,-75.01,1
41.5,-75.01,1
41.5,-75.01,1
41.5,-75.01,1
41.5,-75.01,1
41.5,-75.01,1
41.5,-75.01,1
41.5,-75.01,1
41.5,-75.01,1
41.5,-75.01,1
41.5,-75.01,1
41.5,-75.01,1
41.5,-75.01,1
41.5,-75.01,1
41.5,-75.01,1
41.5,-75.01,1
41.5,-75.01,1
41.5,-75.01,1
41.5,-75.01,1
41.5,-75.01,1
41.5,-75.01,1
41.5,-75.01,1
41.5,-75.01,1
41.5,-75.01,1
41.5,-75.01,1
41.5,-75.01,1
41.5,-75.01,1
41.5,-75.01,1
41.5,-75.01,1
41.5,-75.01,1
41.5,-75.01,1
41.5,-75.01,1
41.5,-75.01,1
41.5,-75.01,1
41.5,-75.01,1
41.5,-75.01,1
41.5,-75.01,1
41.5,-75.01,1
41.5,-75.01,1
41.5,-75.01,1
41.5,-75.01,1
41.5,-75.01,1
41.5,-75.01,1
41.5,-75.01,1
41.5,-75.01,1
41.5,-75.01,1
41.5,-75.01,1
41.5,-75.01,1
41.5,-75.01,1
41.5,-75.01,1
41.5,-75.01,1
41.5,-75.01,1
41.5,-75.01,1
41.5,-75.01,1
41.5,-75.01,1
41.5,-75.01,1
41.5,-75.01,1
41.5,-75.01,1
41.5,-75.01,1
41.5,-75.01,1
41.5,-75.01,1
41.5,-75.01,1
41.5,-75.01,1
41.5,-75.01,1
41.5,-75.01,1
41.5,-75.01,1
41.5,-75.01,1
41.5,-75.01,1
41.5,-75.01,1
41.5,-75.01,1
41.5,-75.01,1
41.5,-75.01,1
41.5,-75.01,1
41.5,-75.01,1
41.5,-75.01,1
41.5,-75.01,1
41.5,-75.01,1
41.5,-75.01,1
41.5,-75.01,1
41.5,-75.01,1
41.5,-75.01,1
41.5,-75.01,1
41.5,-75.01,1
41.5,-75.01,1
41.5,-75.01,1
41.5,-75.01,1
41.5,-75.01,1
41.5,-75.01,1
41.5,-75.01,1
41.5,-75.01,1
41.5,-75.01,1
41.5,-75.01,1
41.5,-75.01,1
41.5,-75.01,1
41.5,-75.01,1
41.5,-75.01,1
41.5,-75.01,1
41.5,-75.01,1
41.5,-75.01,1
41.5,-75.01,1
41.5,-75.01,1
41.5,-75.01,1
41.5,-75.01,1
41.5,-75.01,1
41.5,-75.01,1
41.5,-75.01,1
41.5,-75.01,1
41.5,-75.01,1
41.5,-75.01,1
41.5,-75.01,1
41.5,-75.01,1
41.5,-75.01,1
41.5,-75.01,1
41.5,-75.01,1
41.5,-75.01,1
41.5,-75.01,1
41.5,-75.01,1
41.5,-75.01,1
41.5,-75.01,1
41.5,-75.01,1
41.5,-75.01,1
41.5,-75.01,1
41.5,-75.01,1
41.5,-75.01,1
41.5,-75.01,1
41.5,-75.01,1
41.5,-75.01,1
41.5,-75.01,1
41.5,-75.01,1
41.5,-75.01,1
41.5,-75.01,1
41.5,-75.01,1
41.5,-75.01,1
41.5,-75.01,1
41.5,-75.01,1
41.5,-75.01,1
41.5,-75.01,1
41.5,-75.01,1
41.5,-75.01,1
41.5,-75.01,1
41.5,-75.01,1
41.5,-75.01,1
41.5,-75.01,1
41.5,-75.01,1
41.5,-75.01,1
41.5,-75.01,1
41.5,-75.01,1
41.5,-75.01,1
41.5,-75.01,1
41.5,-75.01,1
41.5,-75.01,1
41.5,-75.01,1
41.5,-75.01,1
41.5,-75.01,1
41.5,-75.01,1
41.5,-75.01,1
41.5,-75.01,1
41.5,-75.01,1
41.5,-75.01,1
41.5,-75.01,1
41.5,-75.01,1
41.5,-75.01,1
41.5,-75.01,1
41.5,-75.01,1
41.5,-75.01,1
41.5,-75.01,1
41.5,-75.01,1
41.5,-75.01,1
41.5,-75.01,1
41.5,-75.01,1
41.5,-75.01,1
41.5,-75.01,1
41.5,-75.01,1
41.5,-75.01,1
41.5,-75.01,1
41.5,-75.01,1
41.5,-75.01,1
41.5,-75.01,1
41.5,-75.01,1
41.5,-75.01,1
41.5,-75.01,1
41.5,-75.01,1
41.5,-75.01,1
41.5,-75.01,1
41.5,-75.01,1
41.5,-75.01,1
41.5,-75.01,1
40.1,-76.3,1
40.1,-76.3,1
40.1,-76.3,1
40.1,-76.3,1
40.1,-76.3,1
40.1,-76.3,1
40.1,-76.3,1
40.1,-76.3,1
40.1,-76.3,1
40.1,-76.3,1
40.1,-76.3,1
40.1,-76.3,1
40.1,-76.3,1
40.1,-76.3,1
40.1,-76.3,1
40.1,-76.3,1
40.1,-76.3,1
40.1,-76.3,1
40.1,-76.3,1
40.1,-76.3,1
40.1,-76.3,1
40.1,-76.3,1
40.1,-76.3,1
40.1,-76.3,1
40.1,-76.3,1
40.1,-76.3,1
40.1,-76.3,1
40.1,-76.3,1
40.1,-76.3,1
40.1,-76.3,1
40.1,-76.3,1
40.1,-76.3,1
40.1,-76.3,1
40.1,-76.3,1
40.1,-76.3,1
40.1,-76.3,1
40.1,-76.3,1
40.1,-76.3,1
40.1,-76.3,1
40.1,-76.3,1
40.1,-76.3,1
40.1,-76.3,1
40.1,-76.3,1
40.1,-76.3,1
40.1,-76.3,1
40.1,-76.3,1
40.1,-76.3,1
40.1,-76.3,1
40.1,-76.3,1
40.1,-76.3,1
40.1,-76.3,1
40.1,-76.3,1
40.1,-76.3,1
40.1,-76.3,1
40.1,-76.3,1
40.1,-76.3,1
40.1,-76.3,1
40.1,-76.3,1
40.1,-76.3,1
40.1,-76.3,1
40.1,-76.3,1
40.1,-76.3,1
40.1,-76.3,1
40.1,-76.3,1
40.1,-76.3,1
40.1,-76.3,1
40.1,-76.3,1
40.1,-76.3,1
40.1,-76.3,1
40.1,-76.3,1
40.1,-76.3,1
40.1,-76.3,1
40.1,-76.3,1
40.1,-76.3,1
40.1,-76.3,1
40.1,-76.3,1
40.1,-76.3,1
40.1,-76.3,1
40.1,-76.3,1
40.1,-76.3,1
40.1,-76.3,1
40.1,-76.3,1
40.1,-76.3,1
40.1,-76.3,1
40.1,-76.3,1
40.1,-76.3,1
40.1,-76.3,1
40.1,-76.3,1
40.1,-76.3,1
40.1,-76.3,1
40.1,-76.3,1
40.1,-76.3,1
40.1,-76.3,1
40.1,-76.3,1
40.1,-76.3,1
40.1,-76.3,1
40.1,-76.3,1
40.1,-76.3,1
40.1,-76.3,1
40.1,-76.3,1
40.1,-76.3,1
40.1,-76.3,1
40.1,-76.3,1
40.1,-76.3,1
40.1,-76.3,1
40.1,-76.3,1
40.1,-76.3,1
40.1,-76.3,1
40.1,-76.3,1
40.1,-76.3,1
40.1,-76.3,1
40.1,-76.3,1
40.1,-76.3,1
40.1,-76.3,1
40.1,-76.3,1
40.1,-76.3,1
40.1,-76.3,1
40.1,-76.3,1
40.1,-76.3,1
40.1,-76.3,1
40.1,-76.3,1
40.1,-76.3,1
40.1,-76.3,1
40.1,-76.3,1
40.1,-76.3,1
40.1,-76.3,1
40.1,-76.3,1
40.1,-76.3,1
40.1,-76.3,1
40.1,-76.3,1
40.1,-76.3,1
40.1,-76.3,1
40.1,-76.3,1
40.1,-76.3,1
40.1,-76.3,1
40.1,-76.3,1
40.1,-76.3,1
40.1,-76.3,1
40.1,-76.3,1
40.1,-76.3,1
40.1,-76.3,1
40.1,-76.3,1
40.1,-76.3,1
40.1,-76.3,1
40.1,-76.3,1
40.1,-76.3,1
40.1,-76.3,1
40.1,-76.3,1
40.1,-76.3,1
40.1,-76.3,1
40.1,-76.3,1
40.1,-76.3,1
40.1,-76.3,1
40.1,-76.3,1
40.1,-76.3,1
40.1,-76.3,1
40.1,-76.3,1
40.1,-76.3,1
40.1,-76.3,1
40.1,-76.3,1
40.1,-76.3,1
40.1,-76.3,1
40.1,-76.3,1
40.1,-76.3,1
40.1,-76.3,1
40.1,-76.3,1
40.1,-76.3,1
40.1,-76.3,1
40.1,-76.3,1
40.1,-76.3,1
40.1,-76.3,1
40.1,-76.3,1
40.1,-76.3,1
40.1,-76.3,1
40.1,-76.3,1
40.1,-76.3,1
40.1,-76.3,1
40.1,-76.3,1
40.1,-76.3,1
40.1,-76.3,1
40.1,-76.3,1
40.1,-76.3,1
40.1,-76.3,1
40.1,-76.3,1
40.1,-76.3,1
40.1,-76.3,1
40.1,-76.3,1
40.1,-76.3,1
40.1,-76.3,1
40.1,-76.3,1
40.1,-76.3,1
40.1,-76.3,1
40.1,-76.3,1
40.1,-76.3,1
40.1,-76.3,1
40.1,-76.3,1
40.1,-76.3,1
40.1,-76.3,1
40.1,-76.3,1
40.1,-76.3,1
40.1,-76.3,1
40.1,-76.3,1
40.1,-76.3,1
40.1,-76.3,1
40.1,-76.3,1
40.1,-76.3,1
40.1,-76.3,1
40.1,-76.3,1
40.1,-76.3,1
40.1,-76.3,1
40.1,-76.3,1
40.1,-76.3,1
40.1,-76.3,1
40.1,-76.3,1
40.1,-76.3,1
40.1,-76.3,1
40.1,-76.3,1
40.1,-76.3,1
40.1,-76.3,1
40.1,-76.3,1
40.1,-76.3,1
40.1,-76.3,1
40.1,-76.3,1
40.1,-76.3,1
40.1,-76.3,1
40.1,-76.3,1
40.1,-76.3,1
40.1,-76.3,1
40.1,-76.3,1
40.1,-76.3,1
40.1,-76.3,1
40.1,-76.3,1
40.1,-76.3,1
40.1,-76.3,1
40.1,-76.3,1
40.1,-76.3,1
40.1,-76.3,1
40.1,-76.3,1
40.1,-76.3,1
40.1,-76.3,1
40.1,-76.3,1
40.1,-76.3,1
40.1,-76.3,1
40.1,-76.3,1
40.1,-76.3,1
40.1,-76.3,1
40.1,-76.3,1
40.1,-76.3,1
40.1,-76.3,1
40.1,-76.3,1
40.1,-76.3,1
40.1,-76.3,1
40.1,-76.3,1
40.1,-76.3,1
40.1,-76.3,1
40.1,-76.3,1
40.1,-76.3,1
40.1,-76.3,1
40.1,-76.3,1
40.1,-76.3,1
40.1,-76.3,1
40.1,-76.3,1
40.1,-76.3,1
40.1,-76.3,1
40.1,-76.3,1
40.1,-76.3,1
40.1,-76.3,1
40.1,-76.3,1
40.1,-76.3,1
40.1,-76.3,1
40.1,-76.3,1
40.1,-76.3,1
40.1,-76.3,1
40.1,-76.3,1
40.1,-76.3,1
40.1,-76.3,1
40.1,-76.3,1
40.1,-76.3,1
40.1,-76.3,1
40.1,-76.3,1
40.1,-76.3,1
40.1,-76.3,1
40.1,-76.3,1
40.1,-76.3,1
40.1,-76.3,1
40.1,-76.3,1
40.1,-76.3,1
40.1,-76.3,1
40.1,-76.3,1
40.1,-76.3,1
40.1,-76.3,1
40.1,-76.3,1
40.1,-76.3,1
40.1,-76.3,1
40.1,-76.3,1
40.1,-76.3,1
40.1,-76.3,1
40.1,-76.3,1
40.1,-76.3,1
40.1,-76.3,1
40.1,-76.3,1
40.1,-76.3,1
40.1,-76.3,1
40.1,-76.3,1
40.1,-76.3,1
40.1,-76.3,1
40.1,-76.3,1
40.1,-76.3,1
40.1,-76.3,1
40.1,-76.3,1
40.1,-76.3,1
40.1,-76.3,1
40.1,-76.3,1
40.1,-76.3,1
40.1,-76.3,1
40.1,-76.3,1
40.1,-76.3,1
40.1,-76.3,1
40.1,-76.3,1
40.1,-76.3,1
40.1,-76.3,1
40.1,-76.3,1
40.1,-76.3,1
40.1,-76.3,1
40.1,-76.3,1
40.1,-76.3,1
40.1,-76.3,1
40.1,-76.3,1
40.1,-76.3,1
40.1,-76.3,1
40.1,-76.3,1
40.1,-76.3,1
40.1,-76.3,1
40.1,-76.3,1
40.1,-76.3,1
40.1,-76.3,1
40.1,-76.3,1
40.1,-76.3,1
40.1,-76.3,1
40.1,-76.3,1
40.1,-76.3,1
40.1,-76.3,1
40.1,-76.3,1
40.1,-76.3,1
40.1,-76.3,1
40.1,-76.3,1
40.1,-76.3,1
40.1,-76.3,1
40.1,-76.3,1
40.1,-76.3,1
40.1,-76.3,1
40.1,-76.3,1
40.1,-76.3,1
40.1,-76.3,1
40.1,-76.3,1
40.1,-76.3,1
40.1,-76.3,1
40.1,-76.3,1
40.1,-76.3,1
40.1,-76.3,1
40.1,-76.3,1
40.1,-76.3,1
40.1,-76.3,1
40.1,-76.3,1
40.1,-76.3,1
40.1,-76.3,1
40.1,-76.3,1
40.1,-76.3,1
40.1,-76.3,1
40.1,-76.3,1
40.1,-76.3,1
40.1,-76.3,1
40.1,-76.3,1
40.1,-76.3,1
40.1,-76.3,1
40.1,-76.3,1
40.1,-76.3,1
40.1,-76.3,1
40.1,-76.3,1
40.1,-76.3,1
40.1,-76.3,1
40.1,-76.3,1
40.1,-76.3,1
40.1,-76.3,1
40.1,-76.3,1
40.1,-76.3,1
40.1,-76.3,1
40.1,-76.3,1
40.1,-76.3,1
40.1,-76.3,1
40.1,-76.3,1
40.1,-76.3,1
40.1,-76.3,1
40.1,-76.3,1
40.1,-76.3,1
40.1,-76.3,1
40.1,-76.3,1
40.1,-76.3,1
40.1,-76.3,1
40.1,-76.3,1
40.1,-76.3,1
40.1,-76.3,1
40.1,-76.3,1
40.1,-76.3,1
40.1,-76.3,1
40.1,-76.3,1
40.1,-76.3,1
40.1,-76.3,1
40.1,-76.3,1
40.1,-76.3,1
40.1,-76.3,1
40.1,-76.3,1
40.1,-76.3,1
40.1,-76.3,1
40.1,-76.3,1
40.1,-76.3,1
40.1,-76.3,1
40.1,-76.3,1
40.1,-76.3,1
40.1,-76.3,1
40.1,-76.3,1
40.1,-76.3,1
40.1,-76.3,1
40.1,-76.3,1
40.1,-76.3,1
40.1,-76.3,1
40.1,-76.3,1
40.1,-76.3,1
40.1,-76.3,1
40.1,-76.3,1
40.1,-76.3,1
40.1,-76.3,1
40.1,-76.3,1
40.1,-76.3,1
40.1,-76.3,1
40.1,-76.3,1
40.1,-76.3,1
40.1,-76.3,1
40.1,-76.3,1
40.1,-76.3,1
40.1,-76.3,1
40.1,-76.3,1
40.1,-76.3,1
40.1,-76.3,1
40.1,-76.3,1
40.1,-76.3,1
40.1,-76.3,1
40.1,-76.3,1
40.1,-76.3,1
40.1,-76.3,1
40.1,-76.3,1
40.1,-76.3,1
40.1,-76.3,1
40.1,-76.3,1
40.1,-76.3,1
40.1,-76.3,1
40.1,-76.3,1
40.1,-76.3,1
40.1,-76.3,1
40.1,-76.3,1
40.1,-76.3,1
40.1,-76.3,1
40.1,-76.3,1
40.1,-76.3,1
40.1,-76.3,1
40.1,-76.3,1
40.1,-76.3,1
40.1,-76.3,1
40.1,-76.3,1
40.1,-76.3,1
40.1,-76.3,1
40.1,-76.3,1
40.1,-76.3,1
40.1,-76.3,1
40.1,-76.3,1
40.1,-76.3,1
40.1,-76.3,1
40.1,-76.3,1
40.1,-76.3,1
40.1,-76.3,1
40.1,-76.3,1
40.1,-76.3,1
40.1,-76.3,1
40.1,-76.3,1
40.1,-76.3,1
40.1,-76.3,1
40.1,-76.3,1
40.1,-76.3,1
40.1,-76.3,1
40.1,-76.3,1
40.1,-76.3,1
40.1,-76.3,1
40.1,-76.3,1
40.1,-76.3,1
40.1,-76.3,1
40.1,-76.3,1
40.1,-76.3,1
40.1,-76.3,1
40.1,-76.3,1
40.1,-76.3,1
40.1,-76.3,1
40.1,-76.3,1
40.1,-76.3,1
40.1,-76.3,1
40.1,-76.3,1
40.1,-76.3,1
40.1,-76.3,1
40.1,-76.3,1
40.1,-76.3,1
40.1,-76.3,1
40.1,-76.3,1
40.1,-76.3,1
40.1,-76.3,1
40.1,-76.3,1
40.1,-76.3,1
40.1,-76.3,1
40.1,-76.3,1
40.1,-76.3,1
40.1,-76.3,1
40.1,-76.3,1
40.1,-76.3,1
40.1,-76.3,1
40.1,-76.3,1
40.1,-76.3,1
40.1,-76.3,1
40.1,-76.3,1
40.1,-76.3,1
40.1,-76.3,1
40.1,-76.3,1
40.1,-76.3,1
40.1,-76.3,1
40.1,-76.3,1
40.1,-76.3,1
40.1,-76.3,1
40.1,-76.3,1
40.1,-76.3,1
40.1,-76.3,1
40.1,-76.3,1
40.1,-76.3,1
40.1,-76.3,1
40.1,-76.3,1
40.1,-76.3,1
40.1,-76.3,1
40.1,-76.3,1
40.1,-76.3,1
40.1,-76.3,1
40.1,-76.3,1
40.1,-76.3,1
40.1,-76.3,1
40.1,-76.3,1
40.1,-76.3,1
40.1,-76.3,1
40.1,-76.3,1
40.1,-76.3,1
40.1,-76.3,1
40.1,-76.3,1
40.1,-76.3,1
40.1,-76.3,1
40.1,-76.3,1
40.1,-76.3,1
40.1,-76.3,1
40.1,-76.3,1
40.1,-76.3,1
40.1,-76.3,1
40.1,-76.3,1
40.1,-76.3,1
40.1,-76.3,1
40.1,-76.3,1
40.1,-76.3,1
40.1,-76.3,1
40.1,-76.3,1
40.1,-76.3,1
40.1,-76.3,1
40.1,-76.3,1
40.1,-76.3,1
40.1,-76.3,1
40.1,-76.3,1
40.1,-76.3,1
40.1,-76.3,1
40.1,-76.3,1
40.1,-76.3,1
40.1,-76.3,1
40.1,-76.3,1
40.1,-76.3,1
40.1,-76.3,1
40.1,-76.3,1
40.1,-76.3,1
40.1,-76.3,1
40.1,-76.3,1
40.1,-76.3,1
40.1,-76.3,1
40.1,-76.3,1
40.1,-76.3,1
40.1,-76.3,1
40.1,-76.3,1
40.1,-76.3,1
40.1,-76.3,1
40.1,-76.3,1
40.1,-76.3,1
40.1,-76.3,1
40.1,-76.3,1
40.1,-76.3,1
40.1,-76.3,1
40.1,-76.3,1
40.1,-76.3,1
40.1,-76.3,1
40.1,-76.3,1
40.1,-76.3,1
40.1,-76.3,1
40.1,-76.3,1
40.1,-76.3,1
40.1,-76.3,1
40.1,-76.3,1
40.1,-76.3,1
40.1,-76.3,1
40.1,-76.3,1
40.1,-76.3,1
40.1,-76.3,1
40.1,-76.3,1
40.1,-76.3,1
40.1,-76.3,1
40.1,-76.3,1
40.1,-76.3,1
40.1,-76.3,1
40.1,-76.3,1
40.1,-76.3,1
40.1,-76.3,1
40.1,-76.3,1
40.1,-76.3,1
40.1,-76.3,1
40.1,-76.3,1
40.1,-76.3,1
40.1,-76.3,1
40.1,-76.3,1
40.1,-76.3,1
40.1,-76.3,1
40.1,-76.3,1
40.1,-76.3,1
40.1,-76.3,1
40.1,-76.3,1
40.1,-76.3,1
40.1,-76.3,1
40.1,-76.3,1
40.1,-76.3,1
40.1,-76.3,1
40.1,-76.3,1
40.1,-76.3,1
40.1,-76.3,1
40.1,-76.3,1
40.1,-76.3,1
40.1,-76.3,1
40.1,-76.3,1
40.1,-76.3,1
40.1,-76.3,1
40.1,-76.3,1
40.1,-76.3,1
40.1,-76.3,1
40.1,-76.3,1
40.1,-76.3,1
40.1,-76.3,1
40.1,-76.3,1
40.1,-76.3,1
40.1,-76.3,1
40.1,-76.3,1
40.1,-76.3,1
40.1,-76.3,1
40.1,-76.3,1
40.1,-76.3,1
40.1,-76.3,1
40.1,-76.3,1
40.1,-76.3,1
40.1,-76.3,1
40.1,-76.3,1
40.1,-76.3,1
40.1,-76.3,1
40.1,-76.3,1
40.1,-76.3,1
40.1,-76.3,1
40.1,-76.3,1
40.1,-76.3,1
40.1,-76.3,1
40.1,-76.3,1
40.1,-76.3,1
40.1,-76.3,1
40.1,-76.3,1
40.1,-76.3,1
40.1,-76.3,1
40.1,-76.3,1
40.1,-76.3,1
40.1,-76.3,1
40.1,-76.3,1
40.1,-76.3,1
40.1,-76.3,1
40.1,-76.3,1
40.1,-76.3,1
40.1,-76.3,1
40.1,-76.3,1
40.1,-76.3,1
40.1,-76.3,1
40.1,-76.3,1
40.1,-76.3,1
40.1,-76.3,1
40.1,-76.3,1
40.1,-76.3,1
40.1,-76.3,1
40.1,-76.3,1
40.1,-76.3,1
40.1,-76.3,1
40.1,-76.3,1
40.1,-76.3,1
40.1,-76.3,1
40.1,-76.3,1
40.1,-76.3,1
40.1,-76.3,1
40.1,-76.3,1
40.1,-76.3,1
40.1,-76.3,1
40.1,-76.3,1
40.1,-76.3,1
40.1,-76.3,1
40.1,-76.3,1
40.1,-76.3,1
40.1,-76.3,1
40.1,-76.3,1
40.1,-76.3,1
40.1,-76.3,1
40.1,-76.3,1
40.1,-76.3,1
40.1,-76.3,1
40.1,-76.3,1
40.1,-76.3,1
40.1,-76.3,1
40.1,-76.3,1
40.1,-76.3,1
40.1,-76.3,1
40.1,-76.3,1
40.1,-76.3,1
40.1,-76.3,1
40.1,-76.3,1
40.1,-76.3,1
40.1,-76.3,1
40.1,-76.3,1
40.1,-76.3,1
40.1,-76.3,1
40.1,-76.3,1
40.1,-76.3,1
40.1,-76.3,1
40.1,-76.3,1
40.1,-76.3,1
40.1,-76.3,1
40.1,-76.3,1
40.1,-76.3,1
40.1,-76.3,1
40.1,-76.3,1
40.1,-76.3,1
40.1,-76.3,1
40.1,-76.3,1
40.1,-76.3,1
40.1,-76.3,1
40.1,-76.3,1
40.1,-76.3,1
40.1,-76.3,1
40.1,-76.3,1
40.1,-76.3,1
40.1,-76.3,1
40.1,-76.3,1
40.1,-76.3,1
40.1,-76.3,1
40.1,-76.3,1
40.1,-76.3,1
40.1,-76.3,1
40.1,-76.3,1
40.1,-76.3,1
40.1,-76.3,1
40.1,-76.3,1
40.1,-76.3,1
40.1,-76.3,1
40.1,-76.3,1
40.1,-76.3,1
40.1,-76.3,1
40.1,-76.3,1
40.1,-76.3,1
40.1,-76.3,1
40.1,-76.3,1
40.1,-76.3,1
40.1,-76.3,1
40.1,-76.3,1
40.1,-76.3,1
40.1,-76.3,1
40.1,-76.3,1
40.1,-76.3,1
40.1,-76.3,1
40.1,-76.3,1
40.1,-76.3,1
40.1,-76.3,1
40.1,-76.3,1
40.1,-76.3,1
40.1,-76.3,1
40.1,-76.3,1
40.1,-76.3,1
40.1,-76.3,1
40.1,-76.3,1
40.1,-76.3,1
40.1,-76.3,1
40.1,-76.3,1
40.1,-76.3,1
40.1,-76.3,1
40.1,-76.3,1
40.1,-76.3,1
40.1,-76.3,1
40.1,-76.3,1
40.1,-76.3,1
40.1,-76.3,1
40.1,-76.3,1
40.1,-76.3,1
40.1,-76.3,1
40.1,-76.3,1
40.1,-76.3,1
40.1,-76.3,1
40.1,-76.3,1
40.1,-76.3,1
40.1,-76.3,1
40.1,-76.3,1
40.1,-76.3,1
40.1,-76.3,1
40.1,-76.3,1
40.1,-76.3,1
40.1,-76.3,1
40.1,-76.3,1
40.1,-76.3,1
40.1,-76.3,1
40.1,-76.3,1
40.1,-76.3,1
40.1,-76.3,1
40.1,-76.3,1
40.1,-76.3,1
40.1,-76.3,1
40.1,-76.3,1
40.1,-76.3,1
40.1,-76.3,1
40.1,-76.3,1
40.1,-76.3,1
40.1,-76.3,1
40.1,-76.3,1
40.1,-76.3,1
40.1,-76.3,1
40.1,-76.3,1
40.1,-76.3,1
40.1,-76.3,1
40.1,-76.3,1
40.1,-76.3,1
40.1,-76.3,1
40.1,-76.3,1
40.1,-76.3,1
40.1,-76.3,1
40.1,-76.3,1
40.1,-76.3,1
40.1,-76.3,1
40.1,-76.3,1
40.1,-76.3,1
40.1,-76.3,1
40.1,-76.3,1
40.1,-76.3,1
40.1,-76.3,1
40.1,-76.3,1
40.1,-76.3,1
40.1,-76.3,1
40.1,-76.3,1
40.1,-76.3,1
40.1,-76.3,1
40.1,-76.3,1
40.1,-76.3,1
40.1,-76.3,1
40.1,-76.3,1
40.1,-76.3,1
40.1,-76.3,1
40.1,-76.3,1
40.1,-76.3,1
40.1,-76.3,1
40.1,-76.3,1
40.1,-76.3,1
40.1,-76.3,1
40.1,-76.3,1
40.1,-76.3,1
40.1,-76.3,1
40.1,-76.3,1
40.1,-76.3,1
40.1,-76.3,1
40.1,-76.3,1
40.1,-76.3,1
40.1,-76.3,1
40.1,-76.3,1
40.1,-76.3,1
40.1,-76.3,1
40.1,-76.3,1
40.1,-76.3,1
40.1,-76.3,1
40.1,-76.3,1
40.1,-76.3,1
40.1,-76.3,1
40.1,-76.3,1
40.1,-76.3,1
40.1,-76.3,1
40.1,-76.3,1
40.1,-76.3,1
40.1,-76.3,1
40.1,-76.3,1
40.1,-76.3,1
40.1,-76.3,1
40.1,-76.3,1
40.1,-76.3,1
40.1,-76.3,1
40.1,-76.3,1
40.1,-76.3,1
40.1,-76.3,1
40.1,-76.3,1
40.1,-76.3,1
40.1,-76.3,1
40.1,-76.3,1
40.1,-76.3,1
40.1,-76.3,1
40.1,-76.3,1
40.1,-76.3,1
40.1,-76.3,1
40.1,-76.3,1
40.1,-76.3,1
40.1,-76.3,1
40.1,-76.3,1
40.1,-76.3,1
40.1,-76.3,1
40.1,-76.3,1
40.1,-76.3,1
40.1,-76.3,1
40.1,-76.3,1
40.1,-76.3,1
40.1,-76.3,1
40.1,-76.3,1
40.1,-76.3,1
40.1,-76.3,1
40.1,-76.3,1
40.1,-76.3,1
40.1,-76.3,1
40.1,-76.3,1
40.1,-76.3,1
40.1,-76.3,1
40.1,-76.3,1
40.1,-76.3,1
40.1,-76.3,1
40.1,-76.3,1
40.1,-76.3,1
40.1,-76.3,1
40.1,-76.3,1
40.1,-76.3,1
40.1,-76.3,1
40.1,-76.3,1
40.1,-76.3,1
40.1,-76.3,1
40.1,-76.3,1
40.1,-76.3,1
40.1,-76.3,1
40.1,-76.3,1
40.1,-76.3,1
40.1,-76.3,1
40.1,-76.3,1
40.1,-76.3,1
40.1,-76.3,1
40.1,-76.3,1
40.1,-76.3,1
40.1,-76.3,1
40.1,-76.3,1
40.1,-76.3,1
40.1,-76.3,1
40.1,-76.3,1
40.1,-76.3,1
40.1,-76.3,1
40.1,-76.3,1
40.1,-76.3,1
40.1,-76.3,1
40.1,-76.3,1
40.1,-76.3,1
40.1,-76.3,1
40.1,-76.3,1
40.1,-76.3,1
40.1,-76.3,1
40.1,-76.3,1
40.1,-76.3,1
40.1,-76.3,1
40.1,-76.3,1
40.1,-76.3,1
40.1,-76.3,1
40.1,-76.3,1
40.1,-76.3,1
40.1,-76.3,1
40.1,-76.3,1
40.1,-76.3,1
40.1,-76.3,1
40.1,-76.3,1
40.1,-76.3,1
40.1,-76.3,1
40.1,-76.3,1
40.1,-76.3,1
40.1,-76.3,1
40.1,-76.3,1
40.1,-76.3,1
40.1,-76.3,1
40.1,-76.3,1
40.1,-76.3,1
40.1,-76.3,1
40.1,-76.3,1
40.1,-76.3,1
40.1,-76.3,1
40.1,-76.3,1
40.1,-76.3,1
40.1,-76.3,1
40.1,-76.3,1
40.1,-76.3,1
40.1,-76.3,1
40.1,-76.3,1
40.1,-76.3,1
40.1,-76.3,1
40.1,-76.3,1
40.1,-76.3,1
40.1,-76.3,1
40.1,-76.3,1
40.1,-76.3,1
40.1,-76.3,1
40.1,-76.3,1
40.1,-76.3,1
40.1,-76.3,1
40.1,-76.3,1
40.1,-76.3,1
40.1,-76.3,1
40.1,-76.3,1
40.1,-76.3,1
40.1,-76.3,1
40.1,-76.3,1
40.1,-76.3,1
40.1,-76.3,1
40.1,-76.3,1
40.1,-76.3,1
40.1,-76.3,1
40.1,-76.3,1
40.1,-76.3,1
40.1,-76.3,1
40.1,-76.3,1
40.1,-76.3,1
40.1,-76.3,1
40.1,-76.3,1
40.1,-76.3,1
40.1,-76.3,1
40.1,-76.3,1
40.1,-76.3,1
40.1,-76.3,1
40.1,-76.3,1
40.1,-76.3,1
40.1,-76.3,1
40.1,-76.3,1
40.1,-76.3,1
40.1,-76.3,1
40.1,-76.3,1
40.1,-76.3,1
40.1,-76.3,1
40.1,-76.3,1
40.1,-76.3,1
40.1,-76.3,1
40.1,-76.3,1
40.1,-76.3,1
40.1,-76.3,1
40.1,-76.3,1
40.1,-76.3,1
40.1,-76.3,1
40.1,-76.3,1
40.1,-76.3,1
40.1,-76.3,1
40.1,-76.3,1
40.1,-76.3,1
40.1,-76.3,1
40.1,-76.3,1
40.1,-76.3,1
40.1,-76.3,1
40.1,-76.3,1
40.1,-76.3,1
40.1,-76.3,1
40.1,-76.3,1
40.1,-76.3,1
40.1,-76.3,1
40.1,-76.3,1
40.1,-76.3,1
40.1,-76.3,1
40.1,-76.3,1
40.1,-76.3,1
40.1,-76.3,1
40.1,-76.3,1
40.1,-76.3,1
40.1,-76.3,1
40.1,-76.3,1
40.1,-76.3,1
40.1,-76.3,1
40.1,-76.3,1
40.1,-76.3,1
40.1,-76.3,1
40.1,-76.3,1
40.1,-76.3,1
40.1,-76.3,1
40.1,-76.3,1
40.1,-76.3,1
40.1,-76.3,1
40.1,-76.3,1
40.1,-76.3,1
40.1,-76.3,1
40.1,-76.3,1
40.1,-76.3,1
40.1,-76.3,1
40.1,-76.3,1
40.1,-76.3,1
40.1,-76.3,1
40.1,-76.3,1
40.1,-76.3,1
40.1,-76.3,1
40.1,-76.3,1
40.1,-76.3,1
40.1,-76.3,1
40.1,-76.3,1
40.1,-76.3,1
40.1,-76.3,1
40.1,-76.3,1
40.1,-76.3,1
40.1,-76.3,1
40.1,-76.3,1
40.1,-76.3,1
40.1,-76.3,1
40.1,-76.3,1
40.1,-76.3,1
40.1,-76.3,1
40.1,-76.3,1
40.1,-76.3,1
40.1,-76.3,1
40.1,-76.3,1
40.1,-76.3,1
40.1,-76.3,1
40.1,-76.3,1
40.1,-76.3,1
40.1,-76.3,1
40.1,-76.3,1
40.1,-76.3,1
40.1,-76.3,1
40.1,-76.3,1
40.1,-76.3,1
40.1,-76.3,1
40.1,-76.3,1
40.1,-76.3,1
40.1,-76.3,1
40.1,-76.3,1
40.1,-76.3,1
40.1,-76.3,1
40.1,-76.3,1
40.1,-76.3,1
40.1,-76.3,1
40.1,-76.3,1
40.1,-76.3,1
40.1,-76.3,1
40.1,-76.3,1
40.1,-76.3,1
40.1,-76.3,1
40.1,-76.3,1
40.1,-76.3,1
40.1,-76.3,1
40.1,-76.3,1
40.1,-76.3,1
40.1,-76.3,1
40.1,-76.3,1
40.1,-76.3,1
40.1,-76.3,1
40.1,-76.3,1
40.1,-76.3,1
40.1,-76.3,1
40.1,-76.3,1
40.1,-76.3,1
40.1,-76.3,1
40.1,-76.3,1
40.1,-76.3,1
40.1,-76.3,1
40.1,-76.3,1
40.1,-76.3,1
40.1,-76.3,1
40.1,-76.3,1
40.1,-76.3,1
40.1,-76.3,1
40.1,-76.3,1
40.1,-76.3,1
40.1,-76.3,1
40.1,-76.3,1
40.1,-76.3,1
40.1,-76.3,1
40.1,-76.3,1
40.1,-76.3,1
40.1,-76.3,1
40.1,-76.3,1
40.1,-76.3,1
40.1,-76.3,1
40.1,-76.3,1
40.1,-76.3,1
40.1,-76.3,1
40.1,-76.3,1
40.1,-76.3,1
40.1,-76.3,1
40.1,-76.3,1
40.1,-76.3,1
40.1,-76.3,1
40.1,-76.3,1
40.1,-76.3,1
40.1,-76.3,1
40.1,-76.3,1
40.1,-76.3,1
40.1,-76.3,1
40.1,-76.3,1
40.1,-76.3,1
40.1,-76.3,1
40.1,-76.3,1
40.1,-76.3,1
40.1,-76.3,1
40.1,-76.3,1
40.1,-76.3,1
40.1,-76.3,1
40.1,-76.3,1
40.1,-76.3,1
40.1,-76.3,1
40.1,-76.3,1
40.1,-76.3,1
40.1,-76.3,1
40.1,-76.3,1
40.1,-76.3,1
40.1,-76.3,1
40.1,-76.3,1
40.1,-76.3,1
40.1,-76.3,1
40.1,-76.3,1
40.1,-76.3,1
40.1,-76.3,1
40.1,-76.3,1
40.1,-76.3,1
40.1,-76.3,1
40.1,-76.3,1
40.1,-76.3,1
40.1,-76.3,1
40.1,-76.3,1
40.1,-76.3,1
40.1,-76.3,1
40.1,-76.3,1
40.1,-76.3,1
40.1,-76.3,1
40.1,-76.3,1
40.1,-76.3,1
40.1,-76.3,1
40.1,-76.3,1
40.1,-76.3,1
40.1,-76.3,1
40.1,-76.3,1
40.1,-76.3,1
40.1,-76.3,1
40.1,-76.3,1
40.1,-76.3,1
40.1,-76.3,1
40.1,-76.3,1
40.1,-76.3,1
40.1,-76.3,1
40.1,-76.3,1
40.1,-76.3,1
40.1,-76.3,1
40.1,-76.3,1
40.1,-76.3,1
40.1,-76.3,1
40.1,-76.3,1
40.1,-76.3,1
40.1,-76.3,1
40.1,-76.3,1
40.1,-76.3,1
40.1,-76.3,1
40.1,-76.3,1
40.1,-76.3,1
40.1,-76.3,1
40.1,-76.3,1
40.1,-76.3,1
40.1,-76.3,1
40.1,-76.3,1
40.1,-76.3,1
40.1,-76.3,1
40.1,-76.3,1
40.1,-76.3,1
40.1,-76.3,1
40.1,-76.3,1
40.1,-76.3,1
40.1,-76.3,1
40.1,-76.3,1
40.1,-76.3,1
40.1,-76.3,1
40.1,-76.3,1
40.1,-76.3,1
40.1,-76.3,1
40.1,-76.3,1
40.1,-76.3,1
40.1,-76.3,1
40.1,-76.3,1
40.1,-76.3,1
40.1,-76.3,1
40.1,-76.3,1
40.1,-76.3,1
40.1,-76.3,1
40.1,-76.3,1
40.1,-76.3,1
40.1,-76.3,1
40.1,-76.3,1
40.1,-76.3,1
40.1,-76.3,1
40.1,-76.3,1
40.1,-76.3,1
40.1,-76.3,1
40.1,-76.3,1
40.1,-76.3,1
40.1,-76.3,1
40.1,-76.3,1
40.1,-76.3,1
40.1,-76.3,1
40.1,-76.3,1
40.1,-76.3,1
40.1,-76.3,1
40.1,-76.3,1
40.1,-76.3,1
40.1,-76.3,1
40.1,-76.3,1
40.1,-76.3,1
40.1,-76.3,1
40.1,-76.3,1
40.1,-76.3,1
40.1,-76.3,1
40.1,-76.3,1
40.1,-76.3,1
40.1,-76.3,1
40.1,-76.3,1
40.1,-76.3,1
40.1,-76.3,1
40.1,-76.3,1
40.1,-76.3,1
40.1,-76.3,1
40.1,-76.3,1
40.1,-76.3,1
40.1,-76.3,1
40.1,-76.3,1
40.1,-76.3,1
40.1,-76.3,1
40.1,-76.3,1
40.1,-76.3,1
40.1,-76.3,1
40.1,-76.3,1
40.1,-76.3,1
40.1,-76.3,1
40.1,-76.3,1
40.1,-76.3,1
40.1,-76.3,1
40.1,-76.3,1
40.1,-76.3,1
40.1,-76.3,1
40.1,-76.3,1
40.1,-76.3,1
40.1,-76.3,1
40.1,-76.3,1
40.1,-76.3,1
40.1,-76.3,1
40.1,-76.3,1
40.1,-76.3,1
40.1,-76.3,1
40.1,-76.3,1
40.1,-76.3,1
40.1,-76.3,1
40.1,-76.3,1
40.1,-76.3,1
40.1,-76.3,1
40.1,-76.3,1
40.1,-76.3,1
40.1,-76.3,1
40.1,-76.3,1
40.1,-76.3,1
40.1,-76.3,1
40.1,-76.3,1
40.1,-76.3,1
40.1,-76.3,1
40.1,-76.3,1
40.1,-76.3,1
40.1,-76.3,1
40.1,-76.3,1
40.1,-76.3,1
40.1,-76.3,1
40.1,-76.3,1
40.1,-76.3,1
40.1,-76.3,1
40.1,-76.3,1
40.1,-76.3,1
40.1,-76.3,1
40.1,-76.3,1
40.1,-76.3,1
40.1,-76.3,1
40.1,-76.3,1
40.1,-76.3,1
40.1,-76.3,1
40.1,-76.3,1
40.1,-76.3,1
40.1,-76.3,1
40.1,-76.3,1
40.1,-76.3,1
40.1,-76.3,1
40.1,-76.3,1
40.1,-76.3,1
40.1,-76.3,1
40.1,-76.3,1
40.1,-76.3,1
40.1,-76.3,1
40.1,-76.3,1
40.1,-76.3,1
40.1,-76.3,1
40.1,-76.3,1
40.1,-76.3,1
40.1,-76.3,1
40.1,-76.3,1
40.1,-76.3,1
40.1,-76.3,1
40.1,-76.3,1
40.1,-76.3,1
40.1,-76.3,1
40.1,-76.3,1
40.1,-76.3,1
40.1,-76.3,1
40.1,-76.3,1
40.1,-76.3,1
40.1,-76.3,1
40.1,-76.3,1
40.1,-76.3,1
40.1,-76.3,1
40.1,-76.3,1
40.1,-76.3,1
40.1,-76.3,1
40.1,-76.3,1
40.1,-76.3,1
40.1,-76.3,1
40.1,-76.3,1
40.1,-76.3,1
40.1,-76.3,1
40.1,-76.3,1
40.1,-76.3,1
40.1,-76.3,1
40.1,-76.3,1
40.1,-76.3,1
40.1,-76.3,1
40.1,-76.3,1
40.1,-76.3,1
40.1,-76.3,1
40.1,-76.3,1
40.1,-76.3,1
40.1,-76.3,1
40.1,-76.3,1
40.1,-76.3,1
40.1,-76.3,1
40.1,-76.3,1
40.1,-76.3,1
40.1,-76.3,1
40.1,-76.3,1
40.1,-76.3,1
40.1,-76.3,1
40.1,-76.3,1
40.1,-76.3,1
40.1,-76.3,1
40.1,-76.3,1
40.1,-76.3,1
40.1,-76.3,1
40.1,-76.3,1
40.1,-76.3,1
40.1,-76.3,1
40.1,-76.3,1
40.1,-76.3,1
40.1,-76.3,1
40.1,-76.3,1
40.1,-76.3,1
40.1,-76.3,1
40.1,-76.3,1
40.1,-76.3,1
40.1,-76.3,1
40.1,-76.3,1
40.1,-76.3,1
40.1,-76.3,1
40.1,-76.3,1
40.1,-76.3,1
40.1,-76.3,1
40.1,-76.3,1
40.1,-76.3,1
40.1,-76.3,1
40.1,-76.3,1
40.1,-76.3,1
40.1,-76.3,1
40.1,-76.3,1
40.1,-76.3,1
40.1,-76.3,1
40.1,-76.3,1
40.1,-76.3,1
40.1,-76.3,1
40.1,-76.3,1
40.1,-76.3,1
40.1,-76.3,1
40.1,-76.3,1
40.1,-76.3,1
40.1,-76.3,1
40.1,-76.3,1
40.1,-76.3,1
40.1,-76.3,1
40.1,-76.3,1
40.1,-76.3,1
40.1,-76.3,1
40.1,-76.3,1
40.1,-76.3,1
40.1,-76.3,1
40.1,-76.3,1
40.1,-76.3,1
40.1,-76.3,1
40.1,-76.3,1
40.1,-76.3,1
40.1,-76.3,1
40.1,-76.3,1
40.1,-76.3,1
40.1,-76.3,1
40.1,-76.3,1
40.1,-76.3,1
40.1,-76.3,1
40.1,-76.3,1
40.1,-76.3,1
40.1,-76.3,1
40.1,-76.3,1
40.1,-76.3,1
40.1,-76.3,1
40.1,-76.3,1
40.1,-76.3,1
40.1,-76.3,1
40.1,-76.3,1
40.1,-76.3,1
40.1,-76.3,1
40.1,-76.3,1
40.1,-76.3,1
40.1,-76.3,1
40.1,-76.3,1
40.1,-76.3,1
40.1,-76.3,1
40.1,-76.3,1
40.1,-76.3,1
40.1,-76.3,1
40.1,-76.3,1
40.1,-76.3,1
40.1,-76.3,1
40.1,-76.3,1
40.1,-76.3,1
40.1,-76.3,1
40.1,-76.3,1
40.1,-76.3,1
40.1,-76.3,1
40.1,-76.3,1
40.1,-76.3,1
40.1,-76.3,1
40.1,-76.3,1
40.1,-76.3,1
40.1,-76.3,1
40.1,-76.3,1
40.1,-76.3,1
40.1,-76.3,1
40.1,-76.3,1
40.1,-76.3,1
40.1,-76.3,1
40.1,-76.3,1
40.1,-76.3,1
40.1,-76.3,1
40.1,-76.3,1
40.1,-76.3,1
40.1,-76.3,1
40.1,-76.3,1
40.1,-76.3,1
40.1,-76.3,1
40.1,-76.3,1
40.1,-76.3,1
40.1,-76.3,1
40.1,-76.3,1
40.1,-76.3,1
40.1,-76.3,1
40.1,-76.3,1
40.1,-76.3,1
40.1,-76.3,1
40.1,-76.3,1
40.1,-76.3,1
40.1,-76.3,1
40.1,-76.3,1
40.1,-76.3,1
40.1,-76.3,1
40.1,-76.3,1
40.1,-76.3,1
40.1,-76.3,1
40.1,-76.3,1
40.1,-76.3,1
40.1,-76.3,1
40.1,-76.3,1
40.1,-76.3,1
40.1,-76.3,1
40.1,-76.3,1
40.1,-76.3,1
40.1,-76.3,1
40.1,-76.3,1
40.1,-76.3,1
40.1,-76.3,1
40.1,-76.3,1
40.1,-76.3,1
40.1,-76.3,1
40.1,-76.3,1
40.1,-76.3,1
40.1,-76.3,1
40.1,-76.3,1
40.1,-76.3,1
40.1,-76.3,1
40.1,-76.3,1
40.1,-76.3,1
40.1,-76.3,1
40.1,-76.3,1
40.1,-76.3,1
40.1,-76.3,1
40.1,-76.3,1
40.1,-76.3,1
40.1,-76.3,1
40.1,-76.3,1
40.1,-76.3,1
40.1,-76.3,1
40.1,-76.3,1
40.1,-76.3,1
40.1,-76.3,1
40.1,-76.3,1
40.1,-76.3,1
40.1,-76.3,1
40.1,-76.3,1
40.1,-76.3,1
40.1,-76.3,1
40.1,-76.3,1
40.1,-76.3,1
40.1,-76.3,1
40.1,-76.3,1
40.1,-76.3,1
40.1,-76.3,1
40.1,-76.3,1
40.1,-76.3,1
40.1,-76.3,1
40.1,-76.3,1
40.1,-76.3,1
40.1,-76.3,1
40.1,-76.3,1
40.1,-76.3,1
40.1,-76.3,1
40.1,-76.3,1
40.1,-76.3,1
40.1,-76.3,1
40.1,-76.3,1
40.1,-76.3,1
40.1,-76.3,1
40.1,-76.3,1
40.1,-76.3,1
40.1,-76.3,1
40.1,-76.3,1
40.1,-76.3,1
40.1,-76.3,1
40.1,-76.3,1
40.1,-76.3,1
40.1,-76.3,1
40.1,-76.3,1
40.1,-76.3,1
40.1,-76.3,1
40.1,-76.3,1
40.1,-76.3,1
40.1,-76.3,1
40.1,-76.3,1
40.1,-76.3,1
40.1,-76.3,1
40.1,-76.3,1
40.1,-76.3,1
40.1,-76.3,1
40.1,-76.3,1
40.1,-76.3,1
40.1,-76.3,1
40.1,-76.3,1
40.1,-76.3,1
40.1,-76.3,1
40.1,-76.3,1
40.1,-76.3,1
40.1,-76.3,1
40.1,-76.3,1
40.1,-76.3,1
40.1,-76.3,1
40.1,-76.3,1
40.1,-76.3,1
40.1,-76.3,1
40.1,-76.3,1
40.1,-76.3,1
40.1,-76.3,1
40.1,-76.3,1
40.1,-76.3,1
40.1,-76.3,1
40.1,-76.3,1
40.1,-76.3,1
40.1,-76.3,1
40.1,-76.3,1
40.1,-76.3,1
40.1,-76.3,1
40.1,-76.3,1
40.1,-76.3,1
40.1,-76.3,1
40.1,-76.3,1
40.1,-76.3,1
40.1,-76.3,1
40.1,-76.3,1
40.1,-76.3,1
40.1,-76.3,1
40.1,-76.3,1
40.1,-76.3,1
40.1,-76.3,1
40.1,-76.3,1
40.1,-76.3,1
40.1,-76.3,1
40.1,-76.3,1
40.1,-76.3,1
40.1,-76.3,1
40.1,-76.3,1
40.1,-76.3,1
40.1,-76.3,1
40.1,-76.3,1
40.1,-76.3,1
40.1,-76.3,1
40.1,-76.3,1
40.1,-76.3,1
40.1,-76.3,1
40.1,-76.3,1
40.1,-76.3,1
40.1,-76.3,1
40.1,-76.3,1
40.1,-76.3,1
40.1,-76.3,1
40.1,-76.3,1
40.1,-76.3,1
40.1,-76.3,1
40.1,-76.3,1
40.1,-76.3,1
40.1,-76.3,1
40.1,-76.3,1
40.1,-76.3,1
40.1,-76.3,1
40.1,-76.3,1
40.1,-76.3,1
40.1,-76.3,1
40.1,-76.3,1
40.1,-76.3,1
40.1,-76.3,1
40.1,-76.3,1
40.1,-76.3,1
40.1,-76.3,1
40.1,-76.3,1
40.1,-76.3,1
40.1,-76.3,1
40.1,-76.3,1
40.1,-76.3,1
40.1,-76.3,1
40.1,-76.3,1
40.1,-76.3,1
40.1,-76.3,1
40.1,-76.3,1
40.1,-76.3,1
40.1,-76.3,1
40.1,-76.3,1
40.1,-76.3,1
40.1,-76.3,1
40.1,-76.3,1
40.1,-76.3,1
40.1,-76.3,1
40.1,-76.3,1
40.1,-76.3,1
40.1,-76.3,1
40.1,-76.3,1
40.1,-76.3,1
40.1,-76.3,1
40.1,-76.3,1
40.1,-76.3,1
40.1,-76.3,1
40.1,-76.3,1
40.1,-76.3,1
40.1,-76.3,1
40.1,-76.3,1
40.1,-76.3,1
40.1,-76.3,1
40.1,-76.3,1
40.1,-76.3,1
40.1,-76.3,1
40.1,-76.3,1
40.1,-76.3,1
40.1,-76.3,1
40.1,-76.3,1
40.1,-76.3,1
40.1,-76.3,1
40.1,-76.3,1
40.1,-76.3,1
40.1,-76.3,1
40.1,-76.3,1
40.1,-76.3,1
40.1,-76.3,1
40.1,-76.3,1
40.1,-76.3,1
40.1,-76.3,1
40.1,-76.3,1
40.1,-76.3,1
40.1,-76.3,1
40.1,-76.3,1
40.1,-76.3,1
40.1,-76.3,1
40.1,-76.3,1
40.1,-76.3,1
40.1,-76.3,1
40.1,-76.3,1
40.1,-76.3,1
40.1,-76.3,1
40.1,-76.3,1
40.1,-76.3,1
40.1,-76.3,1
40.1,-76.3,1
40.1,-76.3,1
40.1,-76.3,1
40.1,-76.3,1
40.1,-76.3,1
40.1,-76.3,1
40.1,-76.3,1
40.1,-76.3,1
40.1,-76.3,1
40.1,-76.3,1
40.1,-76.3,1
40.1,-76.3,1
40.1,-76.3,1
40.1,-76.3,1
40.1,-76.3,1
40.1,-76.3,1
40.1,-76.3,1
40.1,-76.3,1
40.1,-76.3,1
40.1,-76.3,1
40.1,-76.3,1
40.1,-76.3,1
40.1,-76.3,1
40.1,-76.3,1
40.1,-76.3,1
40.1,-76.3,1
40.1,-76.3,1
40.1,-76.3,1
40.1,-76.3,1
40.1,-76.3,1
40.1,-76.3,1
40.1,-76.3,1
40.1,-76.3,1
40.1,-76.3,1
40.1,-76.3,1
40.1,-76.3,1
40.1,-76.3,1
40.1,-76.3,1
40.1,-76.3,1
40.1,-76.3,1
40.1,-76.3,1
40.1,-76.3,1
40.1,-76.3,1
40.1,-76.3,1
40.1,-76.3,1
40.1,-76.3,1
40.1,-76.3,1
40.1,-76.3,1
40.1,-76.3,1
40.1,-76.3,1
40.1,-76.3,1
40.1,-76.3,1
40.1,-76.3,1
40.1,-76.3,1
40.1,-76.3,1
40.1,-76.3,1
40.1,-76.3,1
40.1,-76.3,1
40.1,-76.3,1
40.1,-76.3,1
40.1,-76.3,1
40.1,-76.3,1
40.1,-76.3,1
40.1,-76.3,1
40.1,-76.3,1
40.1,-76.3,1
40.1,-76.3,1
40.1,-76.3,1
40.1,-76.3,1
40.1,-76.3,1
40.1,-76.3,1
40.1,-76.3,1
40.1,-76.3,1
40.1,-76.3,1
40.1,-76.3,1
40.1,-76.3,1
40.1,-76.3,1
40.1,-76.3,1
40.1,-76.3,1
40.1,-76.3,1
40.1,-76.3,1
40.1,-76.3,1
40.1,-76.3,1
40.1,-76.3,1
40.1,-76.3,1
40.1,-76.3,1
40.1,-76.3,1
40.1,-76.3,1
40.1,-76.3,1
40.1,-76.3,1
40.1,-76.3,1
40.1,-76.3,1
40.1,-76.3,1
40.1,-76.3,1
40.1,-76.3,1
40.1,-76.3,1
40.1,-76.3,1
40.1,-76.3,1
40.1,-76.3,1
40.1,-76.3,1
40.1,-76.3,1
40.1,-76.3,1
40.1,-76.3,1
40.1,-76.3,1
40.1,-76.3,1
40.1,-76.3,1
40.1,-76.3,1
40.1,-76.3,1
40.1,-76.3,1
40.1,-76.3,1
40.1,-76.3,1
40.1,-76.3,1
40.1,-76.3,1
40.1,-76.3,1
40.1,-76.3,1
40.1,-76.3,1
40.1,-76.3,1
40.1,-76.3,1
40.1,-76.3,1
40.1,-76.3,1
40.1,-76.3,1
40.1,-76.3,1
40.1,-76.3,1
40.1,-76.3,1
40.1,-76.3,1
40.1,-76.3,1
40.1,-76.3,1
40.1,-76.3,1
40.1,-76.3,1
40.1,-76.3,1
40.1,-76.3,1
40.1,-76.3,1
40.1,-76.3,1
40.1,-76.3,1
40.1,-76.3,1
40.1,-76.3,1
40.1,-76.3,1
40.1,-76.3,1
40.1,-76.3,1
40.1,-76.3,1
40.1,-76.3,1
40.1,-76.3,1
40.1,-76.3,1
40.1,-76.3,1
40.1,-76.3,1
40.1,-76.3,1
40.1,-76.3,1
40.1,-76.3,1
40.1,-76.3,1
40.1,-76.3,1
40.1,-76.3,1
40.1,-76.3,1
40.1,-76.3,1
40.1,-76.3,1
40.1,-76.3,1
40.1,-76.3,1
40.1,-76.3,1
40.1,-76.3,1
40.1,-76.3,1
40.1,-76.3,1
40.1,-76.3,1
40.1,-76.3,1
40.1,-76.3,1
40.1,-76.3,1
40.1,-76.3,1
40.1,-76.3,1
40.1,-76.3,1
40.1,-76.3,1
40.1,-76.3,1
40.1,-76.3,1
40.1,-76.3,1
40.1,-76.3,1
40.1,-76.3,1
40.1,-76.3,1
40.1,-76.3,1
40.1,-76.3,1
40.1,-76.3,1
40.1,-76.3,1
40.1,-76.3,1
40.1,-76.3,1
40.1,-76.3,1
40.1,-76.3,1
40.1,-76.3,1
40.1,-76.3,1
40.1,-76.3,1
40.1,-76.3,1
40.1,-76.3,1
40.1,-76.3,1
40.1,-76.3,1
40.1,-76.3,1
40.1,-76.3,1
40.1,-76.3,1
40.1,-76.3,1
40.1,-76.3,1
40.1,-76.3,1
40.1,-76.3,1
40.1,-76.3,1
40.1,-76.3,1
40.1,-76.3,1
40.1,-76.3,1
40.1,-76.3,1
40.1,-76.3,1
40.1,-76.3,1
40.1,-76.3,1
40.1,-76.3,1
40.1,-76.3,1
40.1,-76.3,1
40.1,-76.3,1
40.1,-76.3,1
40.1,-76.3,1
40.1,-76.3,1
40.1,-76.3,1
40.1,-76.3,1
40.1,-76.3,1
40.1,-76.3,1
40.1,-76.3,1
40.1,-76.3,1
40.1,-76.3,1
40.1,-76.3,1
40.1,-76.3,1
40.1,-76.3,1
40.1,-76.3,1
40.1,-76.3,1
40.1,-76.3,1
40.1,-76.3,1
40.1,-76.3,1
40.1,-76.3,1
40.1,-76.3,1
40.1,-76.3,1
40.1,-76.3,1
40.1,-76.3,1
40.1,-76.3,1
40.1,-76.3,1
40.1,-76.3,1
40.1,-76.3,1
40.1,-76.3,1
40.1,-76.3,1
40.1,-76.3,1
40.1,-76.3,1
40.1,-76.3,1
40.1,-76.3,1
40.1,-76.3,1
40.1,-76.3,1
40.1,-76.3,1
40.1,-76.3,1
40.1,-76.3,1
40.1,-76.3,1
40.1,-76.3,1
40.1,-76.3,1
40.1,-76.3,1
40.1,-76.3,1
40.1,-76.3,1
40.1,-76.3,1
40.1,-76.3,1
40.1,-76.3,1
40.1,-76.3,1
40.1,-76.3,1
40.1,-76.3,1
40.1,-76.3,1
40.1,-76.3,1
40.1,-76.3,1
40.1,-76.3,1
40.1,-76.3,1
40.1,-76.3,1
40.1,-76.3,1
40.1,-76.3,1
40.1,-76.3,1
40.1,-76.3,1
40.1,-76.3,1
40.1,-76.3,1
40.1,-76.3,1
40.1,-76.3,1
40.1,-76.3,1
40.1,-76.3,1
40.1,-76.3,1
40.1,-76.3,1
40.1,-76.3,1
40.1,-76.3,1
40.1,-76.3,1
40.1,-76.3,1
40.1,-76.3,1
40.1,-76.3,1
40.1,-76.3,1
40.1,-76.3,1
40.1,-76.3,1
40.1,-76.3,1
40.1,-76.3,1
40.1,-76.3,1
40.1,-76.3,1
40.1,-76.3,1
40.1,-76.3,1
40.1,-76.3,1
40.1,-76.3,1
40.1,-76.3,1
40.1,-76.3,1
40.1,-76.3,1
40.1,-76.3,1
40.1,-76.3,1
40.1,-76.3,1
40.1,-76.3,1
40.1,-76.3,1
40.1,-76.3,1
40.1,-76.3,1
40.1,-76.3,1
40.1,-76.3,1
40.1,-76.3,1
40.1,-76.3,1
40.1,-76.3,1
40.1,-76.3,1
40.1,-76.3,1
40.1,-76.3,1
40.1,-76.3,1
40.1,-76.3,1
40.1,-76.3,1
40.1,-76.3,1
40.1,-76.3,1
40.1,-76.3,1
40.1,-76.3,1
40.1,-76.3,1
40.1,-76.3,1
40.1,-76.3,1
40.1,-76.3,1
40.1,-76.3,1
40.1,-76.3,1
40.1,-76.3,1
40.1,-76.3,1
40.1,-76.3,1
40.1,-76.3,1
40.1,-76.3,1
40.1,-76.3,1
40.1,-76.3,1
40.1,-76.3,1
40.1,-76.3,1
40.1,-76.3,1
40.1,-76.3,1
40.1,-76.3,1
40.1,-76.3,1
40.1,-76.3,1
40.1,-76.3,1
40.1,-76.3,1
40.1,-76.3,1
40.1,-76.3,1
40.1,-76.3,1
40.1,-76.3,1
40.1,-76.3,1
40.1,-76.3,1
40.1,-76.3,1
40.1,-76.3,1
40.1,-76.3,1
40.1,-76.3,1
40.1,-76.3,1
40.1,-76.3,1
40.1,-76.3,1
40.1,-76.3,1
40.1,-76.3,1
40.1,-76.3,1
40.1,-76.3,1
40.1,-76.3,1
40.1,-76.3,1
40.1,-76.3,1
40.1,-76.3,1
40.1,-76.3,1
40.1,-76.3,1
40.1,-76.3,1
40.1,-76.3,1
40.1,-76.3,1
40.1,-76.3,1
40.1,-76.3,1
40.1,-76.3,1
40.1,-76.3,1
40.1,-76.3,1
40.1,-76.3,1
40.1,-76.3,1
40.1,-76.3,1
40.1,-76.3,1
40.1,-76.3,1
40.1,-76.3,1
40.1,-76.3,1
40.1,-76.3,1
40.1,-76.3,1
40.1,-76.3,1
40.1,-76.3,1
40.1,-76.3,1
40.1,-76.3,1
40.1,-76.3,1
40.1,-76.3,1
40.1,-76.3,1
40.1,-76.3,1
40.1,-76.3,1
40.1,-76.3,1
40.1,-76.3,1
40.1,-76.3,1
40.1,-76.3,1
40.1,-76.3,1
40.1,-76.3,1
40.1,-76.3,1
40.1,-76.3,1
40.1,-76.3,1
40.1,-76.3,1
40.1,-76.3,1
40.1,-76.3,1
40.1,-76.3,1
40.1,-76.3,1
40.1,-76.3,1
40.1,-76.3,1
40.1,-76.3,1
40.1,-76.3,1
40.1,-76.3,1
40.1,-76.3,1
40.1,-76.3,1
40.1,-76.3,1
40.1,-76.3,1
40.1,-76.3,1
40.1,-76.3,1
40.1,-76.3,1
40.1,-76.3,1
40.1,-76.3,1
40.1,-76.3,1
40.1,-76.3,1
40.1,-76.3,1
40.1,-76.3,1
40.1,-76.3,1
40.1,-76.3,1
40.1,-76.3,1
40.1,-76.3,1
40.1,-76.3,1
40.1,-76.3,1
40.1,-76.3,1
40.1,-76.3,1
40.1,-76.3,1
40.1,-76.3,1
40.1,-76.3,1
40.1,-76.3,1
40.1,-76.3,1
40.1,-76.3,1
40.1,-76.3,1
40.1,-76.3,1
40.1,-76.3,1
40.1,-76.3,1
40.1,-76.3,1
40.1,-76.3,1
40.1,-76.3,1
40.1,-76.3,1
40.1,-76.3,1
40.1,-76.3,1
40.1,-76.3,1
40.1,-76.3,1
40.1,-76.3,1
40.1,-76.3,1
40.1,-76.3,1
40.1,-76.3,1
40.1,-76.3,1
40.1,-76.3,1
40.1,-76.3,1
40.1,-76.3,1
40.1,-76.3,1
40.1,-76.3,1
40.1,-76.3,1
40.1,-76.3,1
40.1,-76.3,1
40.1,-76.3,1
40.1,-76.3,1
40.1,-76.3,1
40.1,-76.3,1
40.1,-76.3,1
40.1,-76.3,1
40.1,-76.3,1
40.1,-76.3,1
40.1,-76.3,1
40.1,-76.3,1
40.1,-76.3,1
40.1,-76.3,1
40.1,-76.3,1
40.1,-76.3,1
40.1,-76.3,1
40.1,-76.3,1
40.1,-76.3,1
40.1,-76.3,1
40.1,-76.3,1
40.1,-76.3,1
40.1,-76.3,1
40.1,-76.3,1
40.1,-76.3,1
40.1,-76.3,1
40.1,-76.3,1
40.1,-76.3,1
40.1,-76.3,1
40.1,-76.3,1
40.1,-76.3,1
40.1,-76.3,1
40.1,-76.3,1
40.1,-76.3,1
40.1,-76.3,1
40.1,-76.3,1
40.1,-76.3,1
40.1,-76.3,1
40.1,-76.3,1
40.1,-76.3,1
40.1,-76.3,1
40.1,-76.3,1
40.1,-76.3,1
40.1,-76.3,1
40.1,-76.3,1
40.1,-76.3,1
40.1,-76.3,1
40.1,-76.3,1
40.1,-76.3,1
40.1,-76.3,1
40.1,-76.3,1
40.1,-76.3,1
40.1,-76.3,1
40.1,-76.3,1
40.1,-76.3,1
40.1,-76.3,1
40.1,-76.3,1
40.1,-76.3,1
40.1,-76.3,1
40.1,-76.3,1
40.1,-76.3,1
40.1,-76.3,1
40.1,-76.3,1
40.1,-76.3,1
40.1,-76.3,1
40.1,-76.3,1
40.1,-76.3,1
40.1,-76.3,1
40.1,-76.3,1
40.1,-76.3,1
40.1,-76.3,1
40.1,-76.3,1
40.1,-76.3,1
40.1,-76.3,1
40.1,-76.3,1
40.1,-76.3,1
40.1,-76.3,1
40.1,-76.3,1
40.1,-76.3,1
40.1,-76.3,1
40.1,-76.3,1
40.1,-76.3,1
40.1,-76.3,1
40.1,-76.3,1
40.1,-76.3,1
40.1,-76.3,1
40.1,-76.3,1
40.1,-76.3,1
40.1,-76.3,1
40.1,-76.3,1
40.1,-76.3,1
40.1,-76.3,1
40.1,-76.3,1
40.1,-76.3,1
40.1,-76.3,1
40.1,-76.3,1
40.1,-76.3,1
40.1,-76.3,1
40.1,-76.3,1
40.1,-76.3,1
40.1,-76.3,1
40.1,-76.3,1
40.1,-76.3,1
40.1,-76.3,1
40.1,-76.3,1
40.1,-76.3,1
40.1,-76.3,1
40.1,-76.3,1
40.1,-76.3,1
40.1,-76.3,1
40.1,-76.3,1
40.1,-76.3,1
40.1,-76.3,1
40.1,-76.3,1
40.1,-76.3,1
40.1,-76.3,1
40.1,-76.3,1
40.1,-76.3,1
40.1,-76.3,1
40.1,-76.3,1
40.1,-76.3,1
40.1,-76.3,1
40.1,-76.3,1
40.1,-76.3,1
40.1,-76.3,1
40.1,-76.3,1
40.1,-76.3,1
40.1,-76.3,1
40.1,-76.3,1
40.1,-76.3,1
40.1,-76.3,1
40.1,-76.3,1
40.1,-76.3,1
40.1,-76.3,1
40.1,-76.3,1
40.1,-76.3,1
40.1,-76.3,1
40.1,-76.3,1
40.1,-76.3,1
40.1,-76.3,1
40.1,-76.3,1
40.1,-76.3,1
40.1,-76.3,1
40.1,-76.3,1
40.1,-76.3,1
40.1,-76.3,1
40.1,-76.3,1
40.1,-76.3,1
40.1,-76.3,1
40.1,-76.3,1
40.1,-76.3,1
40.1,-76.3,1
40.1,-76.3,1
40.1,-76.3,1
40.1,-76.3,1
40.1,-76.3,1
40.1,-76.3,1
40.1,-76.3,1
40.1,-76.3,1
40.1,-76.3,1
40.1,-76.3,1
40.1,-76.3,1
40.1,-76.3,1
40.1,-76.3,1
40.1,-76.3,1
40.1,-76.3,1
40.1,-76.3,1
40.1,-76.3,1
40.1,-76.3,1
40.1,-76.3,1
40.1,-76.3,1
40.1,-76.3,1
40.1,-76.3,1
40.1,-76.3,1
40.1,-76.3,1
40.1,-76.3,1
40.1,-76.3,1
40.1,-76.3,1
40.1,-76.3,1
40.1,-76.3,1
40.1,-76.3,1
40.1,-76.3,1
40.1,-76.3,1
40.1,-76.3,1
40.1,-76.3,1
40.1,-76.3,1
40.1,-76.3,1
40.1,-76.3,1
40.1,-76.3,1
40.1,-76.3,1
40.1,-76.3,1
40.1,-76.3,1
40.1,-76.3,1
40.1,-76.3,1
40.1,-76.3,1
40.1,-76.3,1
40.1,-76.3,1
40.1,-76.3,1
40.1,-76.3,1
40.1,-76.3,1
40.1,-76.3,1
40.1,-76.3,1
40.1,-76.3,1
40.1,-76.3,1
40.1,-76.3,1
40.1,-76.3,1
40.1,-76.3,1
40.1,-76.3,1
40.1,-76.3,1
40.1,-76.3,1
40.1,-76.3,1
40.1,-76.3,1
40.1,-76.3,1
40.1,-76.3,1
40.1,-76.3,1
40.1,-76.3,1
40.1,-76.3,1
40.1,-76.3,1
40.1,-76.3,1
40.1,-76.3,1
40.1,-76.3,1
40.1,-76.3,1
40.1,-76.3,1
40.1,-76.3,1
40.1,-76.3,1
40.1,-76.3,1
40.1,-76.3,1
40.1,-76.3,1
40.1,-76.3,1
40.1,-76.3,1
40.1,-76.3,1
40.1,-76.3,1
40.1,-76.3,1
40.1,-76.3,1
40.1,-76.3,1
40.1,-76.3,1
40.1,-76.3,1
40.1,-76.3,1
40.1,-76.3,1
40.1,-76.3,1
40.1,-76.3,1
40.1,-76.3,1
40.1,-76.3,1
40.1,-76.3,1
40.1,-76.3,1
40.1,-76.3,1
40.1,-76.3,1
40.1,-76.3,1
40.1,-76.3,1
40.1,-76.3,1
40.1,-76.3,1
40.1,-76.3,1
40.1,-76.3,1
40.1,-76.3,1
40.1,-76.3,1
40.1,-76.3,1
40.1,-76.3,1
40.1,-76.3,1
40.1,-76.3,1
40.1,-76.3,1
40.1,-76.3,1
40.1,-76.3,1
40.1,-76.3,1
40.1,-76.3,1
40.1,-76.3,1
40.1,-76.3,1
40.1,-76.3,1
40.1,-76.3,1
40.1,-76.3,1
40.1,-76.3,1
40.1,-76.3,1
40.1,-76.3,1
40.1,-76.3,1
40.1,-76.3,1
40.1,-76.3,1
40.1,-76.3,1
40.1,-76.3,1
40.1,-76.3,1
40.1,-76.3,1
40.1,-76.3,1
40.1,-76.3,1
40.1,-76.3,1
40.1,-76.3,1
40.1,-76.3,1
40.1,-76.3,1
40.1,-76.3,1
40.1,-76.3,1
40.1,-76.3,1
40.1,-76.3,1
40.1,-76.3,1
40.1,-76.3,1
40.1,-76.3,1
40.1,-76.3,1
40.1,-76.3,1
40.1,-76.3,1
40.1,-76.3,1
40.1,-76.3,1
40.1,-76.3,1
40.1,-76.3,1
40.1,-76.3,1
40.1,-76.3,1
40.1,-76.3,1
40.1,-76.3,1
40.1,-76.3,1
40.1,-76.3,1
40.1,-76.3,1
40.1,-76.3,1
40.1,-76.3,1
40.1,-76.3,1
40.1,-76.3,1
40.1,-76.3,1
40.1,-76.3,1
40.1,-76.3,1
40.1,-76.3,1
40.3,-80.13,1
40.3,-80.13,1
40.3,-80.13,1
40.3,-80.13,1
40.3,-80.13,1
40.3,-80.13,1
40.3,-80.13,1
40.3,-80.13,1
40.3,-80.13,1
40.3,-80.13,1
40.3,-80.13,1
40.3,-80.13,1
40.3,-80.13,1
40.3,-80.13,1
40.3,-80.13,1
40.3,-80.13,1
40.3,-80.13,1
40.3,-80.13,1
40.3,-80.13,1
40.3,-80.13,1
40.3,-80.13,1
40.3,-80.13,1
40.3,-80.13,1
40.3,-80.13,1
40.3,-80.13,1
40.3,-80.13,1
40.3,-80.13,1
40.3,-80.13,1
40.3,-80.13,1
40.3,-80.13,1
40.3,-80.13,1
40.3,-80.13,1
40.3,-80.13,1
40.3,-80.13,1
40.3,-80.13,1
40.3,-80.13,1
40.3,-80.13,1
40.3,-80.13,1
40.3,-80.13,1
40.3,-80.13,1
40.3,-80.13,1
40.3,-80.13,1
40.3,-80.13,1
40.3,-80.13,1
40.3,-80.13,1
40.3,-80.13,1
40.3,-80.13,1
40.3,-80.13,1
40.3,-80.13,1
40.3,-80.13,1
40.3,-80.13,1
40.3,-80.13,1
40.3,-80.13,1
40.3,-80.13,1
40.3,-80.13,1
40.3,-80.13,1
40.3,-80.13,1
40.3,-80.13,1
40.3,-80.13,1
40.3,-80.13,1
40.3,-80.13,1
40.3,-80.13,1
40.3,-80.13,1
40.3,-80.13,1
40.3,-80.13,1
40.3,-80.13,1
40.3,-80.13,1
40.3,-80.13,1
40.3,-80.13,1
40.3,-80.13,1
40.3,-80.13,1
40.3,-80.13,1
40.3,-80.13,1
40.3,-76.4,1
40.3,-76.4,1
40.3,-76.4,1
40.3,-76.4,1
40.3,-76.4,1
40.3,-76.4,1
40.3,-76.4,1
40.3,-76.4,1
40.3,-76.4,1
40.3,-76.4,1
40.3,-76.4,1
40.3,-76.4,1
40.3,-76.4,1
40.3,-76.4,1
40.3,-76.4,1
40.3,-76.4,1
40.3,-76.4,1
40.3,-76.4,1
40.3,-76.4,1
40.3,-76.4,1
40.3,-76.4,1
40.3,-76.4,1
40.3,-76.4,1
40.3,-76.4,1
40.3,-76.4,1
40.3,-76.4,1
40.3,-76.4,1
40.3,-76.4,1
40.3,-76.4,1
40.3,-76.4,1
40.3,-76.4,1
40.3,-76.4,1
40.3,-76.4,1
40.3,-76.4,1
40.3,-76.4,1
40.3,-76.4,1
40.3,-76.4,1
40.3,-76.4,1
40.3,-76.4,1
40.3,-76.4,1
40.3,-76.4,1
40.3,-76.4,1
40.3,-76.4,1
40.3,-76.4,1
40.3,-76.4,1
40.3,-76.4,1
40.3,-76.4,1
40.3,-76.4,1
40.3,-76.4,1
40.3,-76.4,1
40.3,-76.4,1
40.3,-76.4,1
40.3,-76.4,1
40.3,-76.4,1
40.3,-76.4,1
40.3,-76.4,1
40.3,-76.4,1
40.3,-76.4,1
40.3,-76.4,1
40.3,-76.4,1
40.3,-76.4,1
40.3,-76.4,1
40.3,-76.4,1
40.3,-76.4,1
40.3,-76.4,1
40.3,-76.4,1
40.3,-76.4,1
40.3,-76.4,1
40.3,-76.4,1
40.3,-76.4,1
40.3,-76.4,1
40.3,-76.4,1
40.3,-76.4,1
40.3,-76.4,1
40.3,-76.4,1
40.3,-76.4,1
40.3,-76.4,1
40.3,-76.4,1
40.3,-76.4,1
40.3,-76.4,1
40.3,-76.4,1
40.3,-76.4,1
40.3,-76.4,1
40.3,-76.4,1
40.3,-76.4,1
40.3,-76.4,1
40.3,-76.4,1
40.3,-76.4,1
40.3,-76.4,1
40.3,-76.4,1
40.3,-76.4,1
40.3,-76.4,1
40.3,-76.4,1
40.3,-76.4,1
40.3,-76.4,1
40.3,-76.4,1
40.3,-76.4,1
40.3,-76.4,1
40.3,-76.4,1
40.3,-76.4,1
40.3,-76.4,1
40.3,-76.4,1
40.3,-76.4,1
40.3,-76.4,1
40.3,-76.4,1
40.3,-76.4,1
40.3,-76.4,1
40.3,-76.4,1
40.3,-76.4,1
40.3,-76.4,1
40.3,-76.4,1
40.3,-76.4,1
40.3,-76.4,1
40.3,-76.4,1
40.3,-76.4,1
40.3,-76.4,1
40.3,-76.4,1
40.3,-76.4,1
40.3,-76.4,1
40.3,-76.4,1
40.3,-76.4,1
40.3,-76.4,1
40.3,-76.4,1
40.3,-76.4,1
40.3,-76.4,1
40.3,-76.4,1
40.3,-76.4,1
40.3,-76.4,1
40.3,-76.4,1
40.3,-76.4,1
40.3,-76.4,1
40.3,-76.4,1
40.3,-76.4,1
40.3,-76.4,1
40.3,-76.4,1
40.3,-76.4,1
40.3,-76.4,1
40.3,-76.4,1
40.3,-76.4,1
40.3,-76.4,1
40.3,-76.4,1
40.3,-76.4,1
40.3,-76.4,1
40.3,-76.4,1
40.3,-76.4,1
40.3,-76.4,1
40.3,-76.4,1
40.3,-76.4,1
40.3,-76.4,1
40.3,-76.4,1
40.3,-76.4,1
40.3,-76.4,1
40.3,-76.4,1
40.3,-76.4,1
40.3,-76.4,1
40.3,-76.4,1
40.3,-76.4,1
40.3,-76.4,1
40.3,-76.4,1
40.3,-76.4,1
40.3,-76.4,1
40.3,-76.4,1
40.3,-76.4,1
40.3,-76.4,1
40.3,-76.4,1
40.3,-76.4,1
40.3,-76.4,1
40.3,-76.4,1
40.3,-76.4,1
40.3,-76.4,1
40.3,-76.4,1
40.3,-76.4,1
40.3,-76.4,1
40.3,-76.4,1
40.3,-76.4,1
40.3,-76.4,1
40.3,-76.4,1
40.3,-76.4,1
40.3,-76.4,1
40.3,-76.4,1
40.3,-76.4,1
40.3,-76.4,1
40.3,-76.4,1
40.3,-76.4,1
40.3,-76.4,1
40.3,-76.4,1
40.3,-76.4,1
40.3,-76.4,1
40.3,-76.4,1
40.3,-76.4,1
40.3,-76.4,1
40.3,-76.4,1
40.3,-76.4,1
40.3,-76.4,1
40.3,-76.4,1
40.3,-76.4,1
40.3,-76.4,1
40.3,-76.4,1
40.3,-76.4,1
40.3,-76.4,1
40.3,-76.4,1
40.3,-76.4,1
40.3,-76.4,1
40.3,-76.4,1
40.3,-76.4,1
40.3,-76.4,1
40.3,-76.4,1
40.3,-76.4,1
40.3,-76.4,1
40.3,-76.4,1
40.3,-76.4,1
40.3,-76.4,1
40.3,-76.4,1
40.3,-76.4,1
40.3,-76.4,1
40.3,-76.4,1
40.3,-76.4,1
40.3,-76.4,1
40.3,-76.4,1
40.3,-76.4,1
40.3,-76.4,1
40.3,-76.4,1
40.3,-76.4,1
40.3,-76.4,1
40.3,-76.4,1
40.3,-76.4,1
40.3,-76.4,1
40.3,-76.4,1
40.3,-76.4,1
40.3,-76.4,1
40.3,-76.4,1
40.3,-76.4,1
40.3,-76.4,1
40.3,-76.4,1
40.3,-76.4,1
40.3,-76.4,1
40.3,-76.4,1
40.3,-76.4,1
40.3,-76.4,1
40.3,-76.4,1
40.3,-76.4,1
40.3,-76.4,1
40.3,-76.4,1
40.3,-76.4,1
40.3,-76.4,1
40.3,-76.4,1
40.3,-76.4,1
40.3,-76.4,1
40.3,-76.4,1
40.3,-76.4,1
40.3,-76.4,1
40.3,-76.4,1
40.3,-76.4,1
40.3,-76.4,1
40.3,-76.4,1
40.3,-76.4,1
40.3,-76.4,1
40.3,-76.4,1
40.3,-76.4,1
40.3,-76.4,1
40.3,-76.4,1
40.3,-76.4,1
40.3,-76.4,1
40.3,-76.4,1
40.3,-76.4,1
40.3,-76.4,1
40.3,-76.4,1
40.3,-76.4,1
40.3,-76.4,1
40.3,-76.4,1
40.3,-76.4,1
40.3,-76.4,1
40.3,-76.4,1
40.3,-76.4,1
40.3,-76.4,1
40.3,-76.4,1
40.3,-76.4,1
40.3,-76.4,1
40.3,-76.4,1
40.3,-76.4,1
40.3,-76.4,1
40.3,-76.4,1
40.3,-76.4,1
40.3,-76.4,1
40.3,-76.4,1
40.3,-76.4,1
40.3,-76.4,1
40.3,-76.4,1
40.3,-76.4,1
40.3,-76.4,1
40.3,-76.4,1
40.3,-76.4,1
40.3,-76.4,1
40.3,-76.4,1
40.3,-76.4,1
40.3,-76.4,1
40.3,-76.4,1
40.3,-76.4,1
40.3,-76.4,1
40.3,-76.4,1
40.3,-76.4,1
40.3,-76.4,1
40.3,-76.4,1
40.3,-76.4,1
40.3,-76.4,1
40.3,-76.4,1
40.3,-76.4,1
40.3,-76.4,1
40.3,-76.4,1
40.3,-76.4,1
40.3,-76.4,1
40.3,-76.4,1
40.3,-76.4,1
40.3,-76.4,1
40.3,-76.4,1
40.3,-76.4,1
40.3,-76.4,1
40.3,-76.4,1
40.3,-76.4,1
40.3,-76.4,1
40.3,-76.4,1
40.3,-76.4,1
40.3,-76.4,1
40.3,-76.4,1
40.3,-76.4,1
40.3,-76.4,1
40.3,-76.4,1
40.3,-76.4,1
40.3,-76.4,1
40.3,-76.4,1
40.3,-76.4,1
40.3,-76.4,1
40.3,-76.4,1
40.3,-76.4,1
40.3,-76.4,1
40.3,-76.4,1
40.3,-76.4,1
40.3,-76.4,1
40.3,-76.4,1
40.3,-76.4,1
40.3,-76.4,1
40.3,-76.4,1
40.3,-76.4,1
40.3,-76.4,1
40.3,-76.4,1
40.3,-76.4,1
40.3,-76.4,1
40.3,-76.4,1
40.3,-76.4,1
40.3,-76.4,1
40.3,-76.4,1
40.3,-76.4,1
40.3,-76.4,1
40.3,-76.4,1
40.3,-76.4,1
40.3,-76.4,1
40.3,-76.4,1
40.3,-76.4,1
40.3,-76.4,1
40.3,-76.4,1
40.3,-76.4,1
40.3,-76.4,1
40.3,-76.4,1
40.3,-76.4,1
40.3,-76.4,1
40.3,-76.4,1
40.3,-76.4,1
40.3,-76.4,1
40.3,-76.4,1
40.3,-76.4,1
40.3,-76.4,1
40.3,-76.4,1
40.3,-76.4,1
40.3,-76.4,1
40.3,-76.4,1
40.3,-76.4,1
40.3,-76.4,1
40.3,-76.4,1
40.3,-76.4,1
40.3,-76.4,1
40.3,-76.4,1
40.3,-76.4,1
40.3,-76.4,1
40.3,-76.4,1
40.3,-76.4,1
40.3,-76.4,1
40.3,-76.4,1
40.3,-76.4,1
40.3,-76.4,1
40.3,-76.4,1
40.3,-76.4,1
40.3,-76.4,1
40.3,-76.4,1
40.3,-76.4,1
40.3,-76.4,1
40.3,-76.4,1
40.3,-76.4,1
40.3,-76.4,1
40.3,-76.4,1
40.3,-76.4,1
40.3,-76.4,1
40.3,-76.4,1
40.3,-76.4,1
40.3,-76.4,1
40.3,-76.4,1
40.3,-76.4,1
40.3,-76.4,1
40.3,-76.4,1
40.3,-76.4,1
40.3,-76.4,1
40.3,-76.4,1
40.3,-76.4,1
40.3,-76.4,1
40.3,-76.4,1
40.3,-76.4,1
40.3,-76.4,1
40.3,-76.4,1
40.3,-76.4,1
40.3,-76.4,1
40.3,-76.4,1
40.3,-76.4,1
40.3,-76.4,1
40.3,-76.4,1
40.3,-76.4,1
40.3,-76.4,1
40.3,-76.4,1
40.3,-76.4,1
40.3,-76.4,1
40.3,-76.4,1
40.3,-76.4,1
40.3,-76.4,1
40.3,-76.4,1
40.3,-76.4,1
40.3,-76.4,1
40.3,-76.4,1
40.3,-76.4,1
40.3,-76.4,1
40.3,-76.4,1
40.3,-76.4,1
40.3,-76.4,1
40.3,-76.4,1
40.3,-76.4,1
40.3,-76.4,1
40.3,-76.4,1
40.3,-76.4,1
40.3,-76.4,1
40.3,-76.4,1
40.3,-76.4,1
40.3,-76.4,1
40.3,-76.4,1
40.3,-76.4,1
40.3,-76.4,1
40.3,-76.4,1
40.3,-76.4,1
40.3,-76.4,1
40.3,-76.4,1
40.3,-76.4,1
40.3,-76.4,1
40.3,-76.4,1
40.3,-76.4,1
40.3,-76.4,1
40.3,-76.4,1
40.3,-76.4,1
40.3,-76.4,1
40.3,-76.4,1
40.3,-76.4,1
40.3,-76.4,1
40.3,-76.4,1
40.3,-76.4,1
40.3,-76.4,1
40.3,-76.4,1
40.3,-76.4,1
40.3,-76.4,1
40.3,-76.4,1
40.3,-76.4,1
40.3,-76.4,1
40.3,-76.4,1
40.3,-76.4,1
40.3,-76.4,1
40.3,-76.4,1
40.3,-76.4,1
40.3,-76.4,1
40.3,-76.4,1
40.3,-76.4,1
40.3,-76.4,1
40.3,-76.4,1
40.3,-76.4,1
40.3,-76.4,1
40.3,-76.4,1
40.3,-76.4,1
40.3,-76.4,1
40.3,-76.4,1
40.3,-76.4,1
40.3,-76.4,1
40.3,-76.4,1
40.3,-76.4,1
40.3,-76.4,1
40.3,-76.4,1
40.3,-76.4,1
40.3,-76.4,1
40.3,-76.4,1
40.3,-76.4,1
40.3,-76.4,1
40.3,-76.4,1
40.3,-76.4,1
40.3,-76.4,1
40.3,-76.4,1
40.3,-76.4,1
40.3,-76.4,1
40.3,-76.4,1
40.3,-76.4,1
40.3,-76.4,1
40.3,-76.4,1
40.3,-76.4,1
40.3,-76.4,1
40.3,-76.4,1
40.3,-76.4,1
40.3,-76.4,1
40.3,-76.4,1
40.3,-76.4,1
40.3,-76.4,1
40.3,-76.4,1
40.3,-76.4,1
40.3,-76.4,1
40.3,-76.4,1
40.3,-76.4,1
40.3,-76.4,1
40.3,-76.4,1
40.3,-76.4,1
40.3,-76.4,1
40.3,-76.4,1
40.3,-76.4,1
40.3,-76.4,1
40.3,-76.4,1
40.3,-76.4,1
40.3,-76.4,1
40.3,-76.4,1
40.3,-76.4,1
40.3,-76.4,1
40.3,-76.4,1
40.3,-76.4,1
40.3,-76.4,1
40.3,-76.4,1
40.3,-76.4,1
40.3,-76.4,1
40.3,-76.4,1
40.3,-76.4,1
40.3,-76.4,1
40.3,-76.4,1
40.3,-76.4,1
40.3,-76.4,1
40.3,-76.4,1
40.3,-76.4,1
40.3,-76.4,1
40.3,-76.4,1
40.3,-76.4,1
40.3,-76.4,1
40.3,-76.4,1
40.3,-76.4,1
40.3,-76.4,1
40.3,-76.4,1
40.3,-76.4,1
40.3,-76.4,1
40.3,-76.4,1
40.3,-76.4,1
40.3,-76.4,1
40.3,-76.4,1
40.3,-76.4,1
40.3,-76.4,1
40.3,-76.4,1
40.3,-76.4,1
40.3,-76.4,1
40.3,-76.4,1
40.3,-76.4,1
40.3,-76.4,1
40.3,-76.4,1
40.3,-76.4,1
40.3,-76.4,1
40.3,-76.4,1
40.3,-76.4,1
40.3,-76.4,1
40.3,-76.4,1
40.3,-76.4,1
40.3,-76.4,1
40.3,-76.4,1
40.3,-76.4,1
40.3,-76.4,1
40.3,-76.4,1
40.3,-76.4,1
40.3,-76.4,1
40.3,-76.4,1
40.3,-76.4,1
40.3,-76.4,1
40.3,-76.4,1
40.3,-76.4,1
40.3,-76.4,1
40.3,-76.4,1
40.3,-76.4,1
40.3,-76.4,1
40.3,-76.4,1
40.3,-76.4,1
40.3,-76.4,1
40.3,-76.4,1
40.3,-76.4,1
40.3,-76.4,1
40.3,-76.4,1
40.3,-76.4,1
40.3,-76.4,1
40.3,-76.4,1
40.3,-76.4,1
40.3,-76.4,1
40.3,-76.4,1
40.3,-76.4,1
40.3,-76.4,1
40.3,-76.4,1
40.3,-76.4,1
40.3,-76.4,1
40.3,-76.4,1
40.3,-76.4,1
40.3,-76.4,1
40.3,-76.4,1
40.3,-76.4,1
40.3,-76.4,1
40.3,-76.4,1
40.3,-76.4,1
40.3,-76.4,1
40.3,-76.4,1
40.3,-76.4,1
40.3,-76.4,1
40.3,-76.4,1
40.3,-76.4,1
40.3,-76.4,1
40.3,-76.4,1
40.3,-76.4,1
40.3,-76.4,1
40.3,-76.4,1
40.3,-76.4,1
40.3,-76.4,1
40.3,-76.4,1
40.3,-76.4,1
40.3,-76.4,1
40.3,-76.4,1
40.3,-76.4,1
40.3,-76.4,1
40.3,-76.4,1
40.3,-76.4,1
40.3,-76.4,1
40.3,-76.4,1
40.3,-76.4,1
40.3,-76.4,1
40.3,-76.4,1
40.3,-76.4,1
40.3,-76.4,1
40.3,-76.4,1
40.3,-76.4,1
40.3,-76.4,1
40.3,-76.4,1
40.3,-76.4,1
40.3,-76.4,1
40.3,-76.4,1
40.3,-76.4,1
40.3,-76.4,1
40.3,-76.4,1
40.3,-76.4,1
40.3,-76.4,1
40.3,-76.4,1
40.3,-76.4,1
40.3,-76.4,1
40.3,-76.4,1
40.3,-76.4,1
40.3,-76.4,1
40.3,-76.4,1
40.3,-76.4,1
40.3,-76.4,1
40.3,-76.4,1
40.3,-76.4,1
40.3,-76.4,1
40.3,-76.4,1
40.3,-76.4,1
40.3,-76.4,1
40.3,-76.4,1
40.3,-76.4,1
40.3,-76.4,1
40.3,-76.4,1
40.3,-76.4,1
40.3,-76.4,1
40.3,-76.4,1
40.3,-76.4,1
40.3,-76.4,1
40.3,-76.4,1
40.3,-76.4,1
40.3,-76.4,1
40.3,-76.4,1
40.3,-76.4,1
40.3,-76.4,1
40.3,-76.4,1
40.3,-76.4,1
40.3,-76.4,1
40.3,-76.4,1
40.3,-76.4,1
40.3,-76.4,1
40.3,-76.4,1
40.3,-76.4,1
40.3,-76.4,1
40.3,-76.4,1
40.3,-76.4,1
40.3,-76.4,1
40.3,-76.4,1
40.3,-76.4,1
40.3,-76.4,1
40.3,-76.4,1
40.3,-76.4,1
40.3,-76.4,1
40.3,-76.4,1
40.3,-76.4,1
40.3,-76.4,1
40.3,-76.4,1
40.3,-76.4,1
40.3,-76.4,1
40.3,-76.4,1
40.3,-76.4,1
40.3,-76.4,1
40.3,-76.4,1
40.3,-76.4,1
40.3,-76.4,1
40.3,-76.4,1
40.3,-76.4,1
40.3,-76.4,1
40.3,-76.4,1
40.3,-76.4,1
40.3,-76.4,1
40.3,-76.4,1
40.3,-76.4,1
40.3,-76.4,1
40.3,-76.4,1
40.3,-76.4,1
40.3,-76.4,1
40.3,-76.4,1
40.3,-76.4,1
40.3,-76.4,1
40.3,-76.4,1
40.3,-76.4,1
40.3,-76.4,1
40.3,-76.4,1
40.3,-76.4,1
40.3,-76.4,1
40.3,-76.4,1
40.3,-76.4,1
40.3,-76.4,1
40.3,-76.4,1
40.3,-76.4,1
40.3,-76.4,1
40.3,-76.4,1
40.3,-76.4,1
40.3,-76.4,1
40.3,-76.4,1
40.3,-76.4,1
40.3,-76.4,1
40.3,-76.4,1
40.3,-76.4,1
40.3,-76.4,1
40.3,-76.4,1
40.3,-76.4,1
40.3,-76.4,1
40.3,-76.4,1
40.3,-76.4,1
40.3,-76.4,1
40.3,-76.4,1
40.3,-76.4,1
40.3,-76.4,1
40.3,-76.4,1
40.3,-76.4,1
40.3,-76.4,1
40.3,-76.4,1
40.3,-76.4,1
40.3,-76.4,1
40.3,-76.4,1
40.3,-76.4,1
40.3,-76.4,1
40.3,-76.4,1
40.3,-76.4,1
40.3,-76.4,1
40.3,-76.4,1
40.3,-76.4,1
40.3,-76.4,1
40.3,-76.4,1
40.3,-76.4,1
40.3,-76.4,1
40.3,-76.4,1
40.3,-76.4,1
40.3,-76.4,1
40.3,-76.4,1
40.3,-76.4,1
40.3,-76.4,1
40.3,-76.4,1
40.3,-76.4,1
40.3,-76.4,1
40.3,-76.4,1
40.3,-76.4,1
40.3,-76.4,1
40.3,-76.4,1
40.3,-76.4,1
40.3,-76.4,1
40.3,-76.4,1
40.3,-76.4,1
40.3,-76.4,1
40.3,-76.4,1
40.3,-76.4,1
40.3,-76.4,1
40.3,-76.4,1
40.3,-76.4,1
40.3,-76.4,1
40.3,-76.4,1
40.3,-76.4,1
40.3,-76.4,1
40.3,-76.4,1
40.3,-76.4,1
40.3,-76.4,1
40.3,-76.4,1
40.3,-76.4,1
40.3,-76.4,1
40.3,-76.4,1
40.3,-76.4,1
40.3,-76.4,1
40.3,-76.4,1
40.3,-76.4,1
40.3,-76.4,1
40.3,-76.4,1
40.3,-76.4,1
40.3,-76.4,1
40.3,-76.4,1
40.3,-76.4,1
40.3,-76.4,1
40.3,-76.4,1
40.3,-76.4,1
40.3,-76.4,1
40.3,-76.4,1
40.3,-76.4,1
40.3,-76.4,1
40.3,-76.4,1
40.3,-76.4,1
40.3,-76.4,1
40.3,-76.4,1
40.3,-76.4,1
40.3,-76.4,1
40.3,-76.4,1
40.3,-76.4,1
40.3,-76.4,1
40.3,-76.4,1
40.3,-76.4,1
40.3,-76.4,1
40.3,-76.4,1
40.3,-76.4,1
40.3,-76.4,1
40.3,-76.4,1
40.3,-76.4,1
40.3,-76.4,1
40.3,-76.4,1
40.3,-76.4,1
40.3,-76.4,1
40.3,-76.4,1
40.3,-76.4,1
40.3,-76.4,1
40.3,-76.4,1
40.3,-76.4,1
40.3,-76.4,1
40.3,-76.4,1
40.3,-76.4,1
40.3,-76.4,1
40.3,-76.4,1
40.3,-76.4,1
40.3,-76.4,1
40.3,-76.4,1
40.3,-76.4,1
40.3,-76.4,1
40.3,-76.4,1
40.3,-76.4,1
40.3,-76.4,1
40.3,-76.4,1
40.3,-76.4,1
40.3,-76.4,1
40.3,-76.4,1
40.3,-76.4,1
40.3,-76.4,1
40.3,-76.4,1
41.29,-75.9,1
41.29,-75.9,1
41.29,-75.9,1
41.29,-75.9,1
41.29,-75.9,1
41.29,-75.9,1
41.29,-75.9,1
41.29,-75.9,1
41.29,-75.9,1
41.29,-75.9,1
41.29,-75.9,1
41.29,-75.9,1
41.29,-75.9,1
41.29,-75.9,1
41.29,-75.9,1
41.29,-75.9,1
41.29,-75.9,1
41.29,-75.9,1
41.29,-75.9,1
41.29,-75.9,1
41.29,-75.9,1
41.29,-75.9,1
41.29,-75.9,1
41.29,-75.9,1
41.29,-75.9,1
41.29,-75.9,1
41.29,-75.9,1
41.29,-75.9,1
41.29,-75.9,1
41.29,-75.9,1
41.29,-75.9,1
41.29,-75.9,1
41.29,-75.9,1
41.29,-75.9,1
41.29,-75.9,1
41.29,-75.9,1
41.29,-75.9,1
41.29,-75.9,1
41.29,-75.9,1
41.29,-75.9,1
41.29,-75.9,1
41.29,-75.9,1
41.29,-75.9,1
41.29,-75.9,1
41.29,-75.9,1
41.29,-75.9,1
41.29,-75.9,1
41.29,-75.9,1
41.29,-75.9,1
41.29,-75.9,1
41.29,-75.9,1
41.29,-75.9,1
41.29,-75.9,1
41.29,-75.9,1
41.29,-75.9,1
41.29,-75.9,1
41.29,-75.9,1
41.29,-75.9,1
41.29,-75.9,1
41.29,-75.9,1
41.29,-75.9,1
41.29,-75.9,1
41.29,-75.9,1
41.29,-75.9,1
41.29,-75.9,1
41.29,-75.9,1
41.29,-75.9,1
41.29,-75.9,1
41.29,-75.9,1
41.29,-75.9,1
41.29,-75.9,1
41.29,-75.9,1
41.29,-75.9,1
41.29,-75.9,1
41.29,-75.9,1
41.29,-75.9,1
41.29,-75.9,1
41.29,-75.9,1
41.29,-75.9,1
41.29,-75.9,1
41.29,-75.9,1
41.29,-75.9,1
41.29,-75.9,1
41.29,-75.9,1
41.29,-75.9,1
41.29,-75.9,1
41.29,-75.9,1
41.29,-75.9,1
41.29,-75.9,1
41.29,-75.9,1
41.29,-75.9,1
41.29,-75.9,1
41.29,-75.9,1
41.29,-75.9,1
41.29,-75.9,1
41.29,-75.9,1
41.29,-75.9,1
41.29,-75.9,1
41.29,-75.9,1
41.29,-75.9,1
41.29,-75.9,1
41.29,-75.9,1
41.29,-75.9,1
41.29,-75.9,1
41.29,-75.9,1
41.29,-75.9,1
41.29,-75.9,1
41.29,-75.9,1
41.29,-75.9,1
41.29,-75.9,1
41.29,-75.9,1
41.29,-75.9,1
41.29,-75.9,1
41.29,-75.9,1
41.29,-75.9,1
41.29,-75.9,1
41.29,-75.9,1
41.29,-75.9,1
41.29,-75.9,1
41.29,-75.9,1
41.29,-75.9,1
41.29,-75.9,1
41.29,-75.9,1
41.29,-75.9,1
41.29,-75.9,1
41.29,-75.9,1
41.29,-75.9,1
41.29,-75.9,1
41.29,-75.9,1
41.29,-75.9,1
41.29,-75.9,1
41.29,-75.9,1
41.29,-75.9,1
41.29,-75.9,1
41.29,-75.9,1
41.29,-75.9,1
41.29,-75.9,1
41.29,-75.9,1
41.29,-75.9,1
41.29,-75.9,1
41.29,-75.9,1
41.29,-75.9,1
41.29,-75.9,1
41.29,-75.9,1
41.29,-75.9,1
41.29,-75.9,1
41.29,-75.9,1
41.29,-75.9,1
41.29,-75.9,1
41.29,-75.9,1
41.29,-75.9,1
41.29,-75.9,1
41.29,-75.9,1
41.29,-75.9,1
41.29,-75.9,1
41.29,-75.9,1
41.29,-75.9,1
41.29,-75.9,1
41.29,-75.9,1
41.29,-75.9,1
41.29,-75.9,1
41.29,-75.9,1
41.29,-75.9,1
41.29,-75.9,1
41.29,-75.9,1
41.29,-75.9,1
41.29,-75.9,1
41.29,-75.9,1
41.29,-75.9,1
41.29,-75.9,1
41.29,-75.9,1
41.29,-75.9,1
41.29,-75.9,1
41.29,-75.9,1
41.29,-75.9,1
41.29,-75.9,1
41.29,-75.9,1
41.29,-75.9,1
41.29,-75.9,1
41.29,-75.9,1
41.29,-75.9,1
41.29,-75.9,1
41.29,-75.9,1
41.29,-75.9,1
41.29,-75.9,1
41.29,-75.9,1
41.29,-75.9,1
41.29,-75.9,1
41.29,-75.9,1
41.29,-75.9,1
41.29,-75.9,1
41.29,-75.9,1
41.29,-75.9,1
41.29,-75.9,1
41.29,-75.9,1
41.29,-75.9,1
41.29,-75.9,1
41.29,-75.9,1
41.29,-75.9,1
41.29,-75.9,1
41.29,-75.9,1
41.29,-75.9,1
41.29,-75.9,1
41.29,-75.9,1
41.29,-75.9,1
41.29,-75.9,1
41.29,-75.9,1
41.29,-75.9,1
41.29,-75.9,1
41.29,-75.9,1
41.29,-75.9,1
41.29,-75.9,1
41.29,-75.9,1
41.29,-75.9,1
41.29,-75.9,1
41.29,-75.9,1
41.29,-75.9,1
41.29,-75.9,1
41.29,-75.9,1
41.29,-75.9,1
41.29,-75.9,1
41.29,-75.9,1
41.29,-75.9,1
41.29,-75.9,1
41.29,-75.9,1
41.29,-75.9,1
41.29,-75.9,1
41.29,-75.9,1
41.29,-75.9,1
41.29,-75.9,1
41.29,-75.9,1
41.29,-75.9,1
41.29,-75.9,1
41.29,-75.9,1
41.29,-75.9,1
41.29,-75.9,1
41.29,-75.9,1
41.29,-75.9,1
41.29,-75.9,1
41.29,-75.9,1
41.29,-75.9,1
41.29,-75.9,1
41.29,-75.9,1
41.29,-75.9,1
41.29,-75.9,1
41.29,-75.9,1
41.29,-75.9,1
41.29,-75.9,1
41.29,-75.9,1
41.29,-75.9,1
41.29,-75.9,1
41.29,-75.9,1
41.29,-75.9,1
41.29,-75.9,1
41.29,-75.9,1
41.29,-75.9,1
41.29,-75.9,1
41.29,-75.9,1
41.29,-75.9,1
41.29,-75.9,1
41.29,-75.9,1
41.29,-75.9,1
41.29,-75.9,1
41.29,-75.9,1
41.29,-75.9,1
41.29,-75.9,1
41.29,-75.9,1
41.29,-75.9,1
41.29,-75.9,1
41.29,-75.9,1
41.29,-75.9,1
41.29,-75.9,1
41.29,-75.9,1
41.29,-75.9,1
41.29,-75.9,1
41.29,-75.9,1
41.29,-75.9,1
41.29,-75.9,1
41.29,-75.9,1
41.29,-75.9,1
41.29,-75.9,1
41.29,-75.9,1
41.29,-75.9,1
41.29,-75.9,1
41.29,-75.9,1
41.29,-75.9,1
41.29,-75.9,1
41.29,-75.9,1
41.29,-75.9,1
41.29,-75.9,1
41.29,-75.9,1
41.29,-75.9,1
41.29,-75.9,1
41.29,-75.9,1
41.29,-75.9,1
41.29,-75.9,1
41.29,-75.9,1
41.29,-75.9,1
41.29,-75.9,1
41.29,-75.9,1
41.29,-75.9,1
41.29,-75.9,1
41.29,-75.9,1
41.29,-75.9,1
41.29,-75.9,1
41.29,-75.9,1
41.29,-75.9,1
41.29,-75.9,1
41.29,-75.9,1
41.29,-75.9,1
41.29,-75.9,1
41.29,-75.9,1
41.29,-75.9,1
41.29,-75.9,1
41.29,-75.9,1
41.29,-75.9,1
41.29,-75.9,1
41.29,-75.9,1
41.29,-75.9,1
41.29,-75.9,1
41.29,-75.9,1
41.29,-75.9,1
41.29,-75.9,1
41.29,-75.9,1
41.29,-75.9,1
41.29,-75.9,1
41.29,-75.9,1
41.29,-75.9,1
41.29,-75.9,1
41.29,-75.9,1
41.29,-75.9,1
41.29,-75.9,1
41.29,-75.9,1
41.29,-75.9,1
41.29,-75.9,1
41.29,-75.9,1
41.29,-75.9,1
41.29,-75.9,1
41.29,-75.9,1
41.29,-75.9,1
41.29,-75.9,1
41.29,-75.9,1
41.29,-75.9,1
41.29,-75.9,1
41.29,-75.9,1
41.29,-75.9,1
41.29,-75.9,1
41.29,-75.9,1
41.29,-75.9,1
41.29,-75.9,1
41.29,-75.9,1
41.29,-75.9,1
41.29,-75.9,1
41.29,-75.9,1
41.29,-75.9,1
41.29,-75.9,1
41.29,-75.9,1
41.29,-75.9,1
41.29,-75.9,1
41.29,-75.9,1
41.29,-75.9,1
41.29,-75.9,1
41.29,-75.9,1
41.29,-75.9,1
41.29,-75.9,1
41.29,-75.9,1
41.29,-75.9,1
41.29,-75.9,1
41.29,-75.9,1
41.29,-75.9,1
41.29,-75.9,1
41.29,-75.9,1
41.29,-75.9,1
41.29,-75.9,1
41.29,-75.9,1
41.29,-75.9,1
41.29,-75.9,1
41.29,-75.9,1
41.29,-75.9,1
41.29,-75.9,1
41.29,-75.9,1
41.29,-75.9,1
41.29,-75.9,1
41.29,-75.9,1
41.29,-75.9,1
41.29,-75.9,1
41.29,-75.9,1
41.29,-75.9,1
41.29,-75.9,1
41.29,-75.9,1
41.29,-75.9,1
41.29,-75.9,1
41.29,-75.9,1
41.29,-75.9,1
41.29,-75.9,1
41.29,-75.9,1
41.29,-75.9,1
41.29,-75.9,1
41.29,-75.9,1
41.29,-75.9,1
41.29,-75.9,1
41.29,-75.9,1
41.29,-75.9,1
41.29,-75.9,1
41.29,-75.9,1
41.29,-75.9,1
41.29,-75.9,1
41.29,-75.9,1
41.29,-75.9,1
41.29,-75.9,1
41.29,-75.9,1
41.29,-75.9,1
41.29,-75.9,1
41.29,-75.9,1
41.29,-75.9,1
41.29,-75.9,1
41.29,-75.9,1
41.29,-75.9,1
41.29,-75.9,1
41.29,-75.9,1
41.29,-75.9,1
41.29,-75.9,1
41.29,-75.9,1
41.29,-75.9,1
41.29,-75.9,1
41.29,-75.9,1
41.29,-75.9,1
41.29,-75.9,1
41.29,-75.9,1
41.29,-75.9,1
41.29,-75.9,1
41.29,-75.9,1
41.29,-75.9,1
41.29,-75.9,1
41.29,-75.9,1
41.29,-75.9,1
41.29,-75.9,1
41.29,-75.9,1
41.29,-75.9,1
41.29,-75.9,1
41.29,-75.9,1
41.29,-75.9,1
41.29,-75.9,1
41.29,-75.9,1
41.29,-75.9,1
41.29,-75.9,1
41.29,-75.9,1
41.29,-75.9,1
41.29,-75.9,1
41.29,-75.9,1
41.29,-75.9,1
41.29,-75.9,1
41.29,-75.9,1
41.29,-75.9,1
41.29,-75.9,1
41.29,-75.9,1
41.29,-75.9,1
41.29,-75.9,1
41.29,-75.9,1
41.29,-75.9,1
41.29,-75.9,1
41.29,-75.9,1
41.29,-75.9,1
41.29,-75.9,1
41.29,-75.9,1
41.29,-75.9,1
41.29,-75.9,1
41.29,-75.9,1
41.29,-75.9,1
41.29,-75.9,1
41.29,-75.9,1
41.29,-75.9,1
41.29,-75.9,1
41.29,-75.9,1
41.29,-75.9,1
41.29,-75.9,1
41.29,-75.9,1
41.29,-75.9,1
41.29,-75.9,1
41.29,-75.9,1
41.29,-75.9,1
41.29,-75.9,1
41.29,-75.9,1
41.29,-75.9,1
41.29,-75.9,1
41.29,-75.9,1
41.29,-75.9,1
41.29,-75.9,1
41.29,-75.9,1
41.29,-75.9,1
41.29,-75.9,1
41.29,-75.9,1
41.29,-75.9,1
41.29,-75.9,1
41.29,-75.9,1
41.29,-75.9,1
41.29,-75.9,1
41.29,-75.9,1
41.29,-75.9,1
41.29,-75.9,1
41.29,-75.9,1
41.29,-75.9,1
41.29,-75.9,1
41.29,-75.9,1
41.29,-75.9,1
41.29,-75.9,1
41.29,-75.9,1
41.29,-75.9,1
41.29,-75.9,1
41.29,-75.9,1
41.29,-75.9,1
41.29,-75.9,1
41.29,-75.9,1
41.29,-75.9,1
41.29,-75.9,1
41.29,-75.9,1
41.29,-75.9,1
41.29,-75.9,1
41.29,-75.9,1
41.29,-75.9,1
41.29,-75.9,1
41.29,-75.9,1
41.29,-75.9,1
41.29,-75.9,1
41.29,-75.9,1
41.29,-75.9,1
41.29,-75.9,1
41.29,-75.9,1
41.29,-75.9,1
41.29,-75.9,1
41.29,-75.9,1
41.29,-75.9,1
41.29,-75.9,1
41.29,-75.9,1
41.29,-75.9,1
41.29,-75.9,1
41.29,-75.9,1
41.29,-75.9,1
41.29,-75.9,1
41.29,-75.9,1
41.29,-75.9,1
41.29,-75.9,1
41.29,-75.9,1
41.29,-75.9,1
41.29,-75.9,1
41.29,-75.9,1
41.29,-75.9,1
41.29,-75.9,1
41.29,-75.9,1
41.29,-75.9,1
41.29,-75.9,1
41.29,-75.9,1
41.29,-75.9,1
41.29,-75.9,1
41.29,-75.9,1
41.29,-75.9,1
41.29,-75.9,1
41.29,-75.9,1
41.29,-75.9,1
41.29,-75.9,1
41.29,-75.9,1
41.29,-75.9,1
41.29,-75.9,1
41.29,-75.9,1
41.29,-75.9,1
41.29,-75.9,1
41.29,-75.9,1
41.29,-75.9,1
41.29,-75.9,1
41.29,-75.9,1
41.29,-75.9,1
41.29,-75.9,1
41.29,-75.9,1
41.29,-75.9,1
41.29,-75.9,1
41.29,-75.9,1
41.29,-75.9,1
41.29,-75.9,1
41.29,-75.9,1
41.29,-75.9,1
41.29,-75.9,1
41.29,-75.9,1
41.29,-75.9,1
41.29,-75.9,1
41.29,-75.9,1
41.29,-75.9,1
41.29,-75.9,1
41.29,-75.9,1
41.29,-75.9,1
41.29,-75.9,1
41.29,-75.9,1
41.29,-75.9,1
41.29,-75.9,1
41.29,-75.9,1
41.29,-75.9,1
41.29,-75.9,1
41.29,-75.9,1
41.29,-75.9,1
41.29,-75.9,1
41.29,-75.9,1
41.29,-75.9,1
41.29,-75.9,1
41.29,-75.9,1
41.29,-75.9,1
41.29,-75.9,1
41.29,-75.9,1
41.29,-75.9,1
41.29,-75.9,1
41.29,-75.9,1
41.29,-75.9,1
41.29,-75.9,1
41.29,-75.9,1
41.29,-75.9,1
41.29,-75.9,1
41.29,-75.9,1
41.29,-75.9,1
41.29,-75.9,1
41.29,-75.9,1
41.29,-75.9,1
41.29,-75.9,1
41.29,-75.9,1
41.29,-75.9,1
41.29,-75.9,1
41.29,-75.9,1
41.29,-75.9,1
41.29,-75.9,1
41.29,-75.9,1
41.29,-75.9,1
41.29,-75.9,1
41.29,-75.9,1
41.29,-75.9,1
41.29,-75.9,1
41.29,-75.9,1
41.29,-75.9,1
41.29,-75.9,1
41.29,-75.9,1
41.29,-75.9,1
41.29,-75.9,1
41.29,-75.9,1
41.29,-75.9,1
41.29,-75.9,1
41.29,-75.9,1
41.29,-75.9,1
41.29,-75.9,1
41.29,-75.9,1
41.29,-75.9,1
41.29,-75.9,1
41.29,-75.9,1
41.29,-75.9,1
41.29,-75.9,1
41.29,-75.9,1
41.29,-75.9,1
41.29,-75.9,1
41.29,-75.9,1
41.29,-75.9,1
41.29,-75.9,1
41.29,-75.9,1
41.29,-75.9,1
41.29,-75.9,1
41.29,-75.9,1
41.29,-75.9,1
41.29,-75.9,1
41.29,-75.9,1
41.29,-75.9,1
41.29,-75.9,1
41.29,-75.9,1
41.29,-75.9,1
41.29,-75.9,1
41.29,-75.9,1
41.29,-75.9,1
41.29,-75.9,1
41.29,-75.9,1
41.29,-75.9,1
41.29,-75.9,1
41.29,-75.9,1
41.29,-75.9,1
41.29,-75.9,1
41.29,-75.9,1
41.29,-75.9,1
41.29,-75.9,1
41.29,-75.9,1
41.29,-75.9,1
41.29,-75.9,1
41.29,-75.9,1
41.29,-75.9,1
41.29,-75.9,1
41.29,-75.9,1
41.29,-75.9,1
41.29,-75.9,1
41.29,-75.9,1
41.29,-75.9,1
41.29,-75.9,1
41.29,-75.9,1
41.29,-75.9,1
41.29,-75.9,1
41.29,-75.9,1
41.29,-75.9,1
41.29,-75.9,1
41.29,-75.9,1
41.29,-75.9,1
41.29,-75.9,1
41.29,-75.9,1
41.29,-75.9,1
41.29,-75.9,1
41.29,-75.9,1
41.29,-75.9,1
41.29,-75.9,1
41.29,-75.9,1
41.29,-75.9,1
41.29,-75.9,1
41.29,-75.9,1
41.29,-75.9,1
41.29,-75.9,1
41.29,-75.9,1
41.29,-75.9,1
41.29,-75.9,1
41.29,-75.9,1
41.29,-75.9,1
41.29,-75.9,1
41.29,-75.9,1
41.29,-75.9,1
41.29,-75.9,1
41.29,-75.9,1
41.29,-75.9,1
41.29,-75.9,1
41.29,-75.9,1
41.29,-75.9,1
41.29,-75.9,1
41.29,-75.9,1
41.29,-75.9,1
41.29,-75.9,1
41.29,-75.9,1
41.29,-75.9,1
41.29,-75.9,1
41.29,-75.9,1
41.29,-75.9,1
41.29,-75.9,1
41.29,-75.9,1
41.29,-75.9,1
41.29,-75.9,1
41.29,-75.9,1
41.29,-75.9,1
41.29,-75.9,1
41.29,-75.9,1
41.29,-75.9,1
41.29,-75.9,1
41.29,-75.9,1
41.29,-75.9,1
41.29,-75.9,1
41.29,-75.9,1
41.29,-75.9,1
41.29,-75.9,1
41.29,-75.9,1
41.29,-75.9,1
41.29,-75.9,1
41.29,-75.9,1
41.29,-75.9,1
41.29,-75.9,1
41.29,-75.9,1
41.29,-75.9,1
41.29,-75.9,1
41.29,-75.9,1
41.29,-75.9,1
41.29,-75.9,1
41.29,-75.9,1
41.29,-75.9,1
41.29,-75.9,1
41.29,-75.9,1
41.29,-75.9,1
41.29,-75.9,1
41.29,-75.9,1
41.29,-75.9,1
41.29,-75.9,1
41.29,-75.9,1
41.29,-75.9,1
41.29,-75.9,1
41.29,-75.9,1
41.29,-75.9,1
41.29,-75.9,1
41.29,-75.9,1
41.29,-75.9,1
41.29,-75.9,1
41.29,-75.9,1
41.29,-75.9,1
41.29,-75.9,1
41.29,-75.9,1
41.29,-75.9,1
41.29,-75.9,1
41.29,-75.9,1
41.29,-75.9,1
41.29,-75.9,1
41.29,-75.9,1
41.29,-75.9,1
41.29,-75.9,1
41.29,-75.9,1
41.29,-75.9,1
41.29,-75.9,1
41.29,-75.9,1
41.29,-75.9,1
41.29,-75.9,1
41.29,-75.9,1
41.29,-75.9,1
41.29,-75.9,1
41.29,-75.9,1
41.29,-75.9,1
41.29,-75.9,1
41.29,-75.9,1
41.29,-75.9,1
41.29,-75.9,1
41.29,-75.9,1
41.29,-75.9,1
41.29,-75.9,1
41.29,-75.9,1
41.29,-75.9,1
41.29,-75.9,1
41.29,-75.9,1
41.29,-75.9,1
41.29,-75.9,1
41.29,-75.9,1
41.29,-75.9,1
41.29,-75.9,1
41.29,-75.9,1
41.29,-75.9,1
41.29,-75.9,1
41.29,-75.9,1
41.29,-75.9,1
41.29,-75.9,1
41.29,-75.9,1
41.29,-75.9,1
41.29,-75.9,1
41.29,-75.9,1
41.29,-75.9,1
41.29,-75.9,1
41.29,-75.9,1
41.29,-75.9,1
41.29,-75.9,1
41.29,-75.9,1
41.29,-75.9,1
41.29,-75.9,1
41.29,-75.9,1
41.29,-75.9,1
41.29,-75.9,1
41.29,-75.9,1
41.29,-75.9,1
41.29,-75.9,1
41.29,-75.9,1
41.29,-75.9,1
41.29,-75.9,1
41.29,-75.9,1
41.29,-75.9,1
41.29,-75.9,1
41.29,-75.9,1
41.29,-75.9,1
41.29,-75.9,1
41.29,-75.9,1
41.29,-75.9,1
41.29,-75.9,1
41.29,-75.9,1
41.29,-75.9,1
41.29,-75.9,1
41.29,-75.9,1
41.29,-75.9,1
41.29,-75.9,1
41.29,-75.9,1
41.29,-75.9,1
41.29,-75.9,1
41.29,-75.9,1
41.29,-75.9,1
41.29,-75.9,1
41.29,-75.9,1
41.29,-75.9,1
41.29,-75.9,1
41.29,-75.9,1
41.29,-75.9,1
41.29,-75.9,1
41.29,-75.9,1
41.29,-75.9,1
41.29,-75.9,1
41.29,-75.9,1
41.29,-75.9,1
41.29,-75.9,1
41.29,-75.9,1
41.29,-75.9,1
41.29,-75.9,1
41.29,-75.9,1
41.29,-75.9,1
41.29,-75.9,1
41.29,-75.9,1
41.29,-75.9,1
41.29,-75.9,1
41.29,-75.9,1
41.29,-75.9,1
41.29,-75.9,1
41.29,-75.9,1
41.29,-75.9,1
41.29,-75.9,1
41.29,-75.9,1
41.29,-75.9,1
41.29,-75.9,1
41.29,-75.9,1
41.29,-75.9,1
41.29,-75.9,1
41.29,-75.9,1
41.29,-75.9,1
41.29,-75.9,1
41.29,-75.9,1
41.29,-75.9,1
41.29,-75.9,1
41.29,-75.9,1
41.29,-75.9,1
41.29,-75.9,1
41.29,-75.9,1
41.29,-75.9,1
41.29,-75.9,1
41.29,-75.9,1
41.29,-75.9,1
41.29,-75.9,1
41.29,-75.9,1
41.29,-75.9,1
41.29,-75.9,1
41.29,-75.9,1
41.29,-75.9,1
41.29,-75.9,1
41.29,-75.9,1
41.29,-75.9,1
41.29,-75.9,1
41.29,-75.9,1
41.29,-75.9,1
41.29,-75.9,1
41.29,-75.9,1
41.29,-75.9,1
41.29,-75.9,1
41.29,-75.9,1
41.29,-75.9,1
41.29,-75.9,1
41.29,-75.9,1
41.29,-75.9,1
41.29,-75.9,1
41.29,-75.9,1
41.29,-75.9,1
41.29,-75.9,1
41.29,-75.9,1
41.29,-75.9,1
41.29,-75.9,1
41.29,-75.9,1
41.29,-75.9,1
41.29,-75.9,1
41.29,-75.9,1
41.29,-75.9,1
41.29,-75.9,1
41.29,-75.9,1
41.29,-75.9,1
41.29,-75.9,1
41.29,-75.9,1
41.29,-75.9,1
41.29,-75.9,1
41.29,-75.9,1
41.29,-75.9,1
41.29,-75.9,1
41.29,-75.9,1
41.29,-75.9,1
41.29,-75.9,1
41.29,-75.9,1
41.29,-75.9,1
41.29,-75.9,1
41.29,-75.9,1
41.29,-75.9,1
41.29,-75.9,1
41.29,-75.9,1
41.29,-75.9,1
41.29,-75.9,1
41.29,-75.9,1
41.29,-75.9,1
41.29,-75.9,1
41.29,-75.9,1
41.29,-75.9,1
41.29,-75.9,1
41.29,-75.9,1
41.29,-75.9,1
41.29,-75.9,1
41.29,-75.9,1
41.29,-75.9,1
41.29,-75.9,1
41.29,-75.9,1
41.29,-75.9,1
41.29,-75.9,1
41.29,-75.9,1
41.29,-75.9,1
41.29,-75.9,1
41.29,-75.9,1
41.29,-75.9,1
41.29,-75.9,1
41.29,-75.9,1
41.29,-75.9,1
41.29,-75.9,1
41.29,-75.9,1
41.29,-75.9,1
41.29,-75.9,1
41.29,-75.9,1
41.29,-75.9,1
41.29,-75.9,1
41.29,-75.9,1
41.29,-75.9,1
41.29,-75.9,1
41.29,-75.9,1
41.29,-75.9,1
41.29,-75.9,1
41.29,-75.9,1
41.29,-75.9,1
41.29,-75.9,1
41.29,-75.9,1
41.29,-75.9,1
41.29,-75.9,1
41.29,-75.9,1
41.29,-75.9,1
41.29,-75.9,1
41.29,-75.9,1
41.29,-75.9,1
41.29,-75.9,1
41.29,-75.9,1
41.29,-75.9,1
41.29,-75.9,1
41.29,-75.9,1
41.29,-75.9,1
41.29,-75.9,1
41.29,-75.9,1
41.29,-75.9,1
41.29,-75.9,1
41.29,-75.9,1
41.29,-75.9,1
41.29,-75.9,1
41.29,-75.9,1
41.29,-75.9,1
41.29,-75.9,1
41.29,-75.9,1
41.29,-75.9,1
41.29,-75.9,1
41.29,-75.9,1
41.29,-75.9,1
41.29,-75.9,1
41.29,-75.9,1
41.29,-75.9,1
41.29,-75.9,1
41.29,-75.9,1
41.29,-75.9,1
41.29,-75.9,1
41.29,-75.9,1
41.29,-75.9,1
41.29,-75.9,1
41.29,-75.9,1
41.29,-75.9,1
41.29,-75.9,1
41.29,-75.9,1
41.29,-75.9,1
41.29,-75.9,1
41.29,-75.9,1
41.29,-75.9,1
41.29,-75.9,1
41.29,-75.9,1
41.29,-75.9,1
41.29,-75.9,1
41.29,-75.9,1
41.29,-75.9,1
41.29,-75.9,1
41.29,-75.9,1
41.29,-75.9,1
41.29,-75.9,1
41.29,-75.9,1
41.29,-75.9,1
41.29,-75.9,1
41.29,-75.9,1
41.29,-75.9,1
41.29,-75.9,1
41.29,-75.9,1
41.29,-75.9,1
41.29,-75.9,1
41.29,-75.9,1
41.29,-75.9,1
41.29,-75.9,1
41.29,-75.9,1
41.29,-75.9,1
41.29,-75.9,1
41.29,-75.9,1
41.29,-75.9,1
41.29,-75.9,1
41.29,-75.9,1
41.29,-75.9,1
41.29,-75.9,1
41.29,-75.9,1
41.29,-75.9,1
41.29,-75.9,1
41.29,-75.9,1
41.29,-75.9,1
41.29,-75.9,1
41.29,-75.9,1
41.29,-75.9,1
41.29,-75.9,1
41.29,-75.9,1
41.29,-75.9,1
41.29,-75.9,1
41.29,-75.9,1
41.29,-75.9,1
41.29,-75.9,1
41.29,-75.9,1
41.29,-75.9,1
41.29,-75.9,1
41.29,-75.9,1
41.29,-75.9,1
41.29,-75.9,1
41.29,-75.9,1
41.29,-75.9,1
41.29,-75.9,1
41.29,-75.9,1
41.29,-75.9,1
41.29,-75.9,1
41.29,-75.9,1
41.29,-75.9,1
41.29,-75.9,1
41.29,-75.9,1
41.29,-75.9,1
41.29,-75.9,1
41.29,-75.9,1
41.29,-75.9,1
41.29,-75.9,1
41.29,-75.9,1
41.29,-75.9,1
41.29,-75.9,1
41.29,-75.9,1
41.29,-75.9,1
41.29,-75.9,1
41.29,-75.9,1
41.29,-75.9,1
41.29,-75.9,1
41.29,-75.9,1
41.29,-75.9,1
41.29,-75.9,1
41.29,-75.9,1
41.29,-75.9,1
41.29,-75.9,1
41.29,-75.9,1
41.29,-75.9,1
41.29,-75.9,1
41.29,-75.9,1
41.29,-75.9,1
41.29,-75.9,1
41.29,-75.9,1
41.29,-75.9,1
41.29,-75.9,1
41.29,-75.9,1
41.29,-75.9,1
41.29,-75.9,1
41.29,-75.9,1
41.29,-75.9,1
41.29,-75.9,1
41.29,-75.9,1
41.29,-75.9,1
41.29,-75.9,1
41.29,-75.9,1
41.29,-75.9,1
41.29,-75.9,1
41.29,-75.9,1
41.29,-75.9,1
41.29,-75.9,1
41.29,-75.9,1
41.29,-75.9,1
41.29,-75.9,1
41.29,-75.9,1
41.29,-75.9,1
41.29,-75.9,1
41.29,-75.9,1
41.29,-75.9,1
41.29,-75.9,1
41.29,-75.9,1
41.29,-75.9,1
41.29,-75.9,1
41.29,-75.9,1
41.29,-75.9,1
41.29,-75.9,1
41.29,-75.9,1
41.29,-75.9,1
41.29,-75.9,1
41.29,-75.9,1
41.29,-75.9,1
41.29,-75.9,1
41.29,-75.9,1
41.29,-75.9,1
41.29,-75.9,1
41.29,-75.9,1
41.29,-75.9,1
41.29,-75.9,1
41.29,-75.9,1
41.29,-75.9,1
41.29,-75.9,1
41.29,-75.9,1
41.29,-75.9,1
41.29,-75.9,1
41.29,-75.9,1
41.29,-75.9,1
41.29,-75.9,1
41.29,-75.9,1
41.29,-75.9,1
41.29,-75.9,1
41.29,-75.9,1
41.29,-75.9,1
41.29,-75.9,1
41.29,-75.9,1
41.29,-75.9,1
41.29,-75.9,1
41.29,-75.9,1
41.29,-75.9,1
41.29,-75.9,1
41.29,-75.9,1
41.29,-75.9,1
41.29,-75.9,1
41.29,-75.9,1
41.29,-75.9,1
41.29,-75.9,1
41.29,-75.9,1
41.29,-75.9,1
41.29,-75.9,1
41.29,-75.9,1
41.29,-75.9,1
41.29,-75.9,1
41.29,-75.9,1
41.29,-75.9,1
41.29,-75.9,1
41.29,-75.9,1
41.29,-75.9,1
41.29,-75.9,1
41.29,-75.9,1
41.29,-75.9,1
41.29,-75.9,1
41.29,-75.9,1
41.29,-75.9,1
41.29,-75.9,1
41.29,-75.9,1
41.29,-75.9,1
41.29,-75.9,1
41.29,-75.9,1
41.29,-75.9,1
41.29,-75.9,1
41.29,-75.9,1
41.29,-75.9,1
41.29,-75.9,1
41.29,-75.9,1
41.29,-75.9,1
41.29,-75.9,1
41.29,-75.9,1
41.29,-75.9,1
41.29,-75.9,1
41.29,-75.9,1
41.29,-75.9,1
41.29,-75.9,1
41.29,-75.9,1
41.29,-75.9,1
41.29,-75.9,1
41.29,-75.9,1
41.29,-75.9,1
41.29,-75.9,1
41.29,-75.9,1
41.29,-75.9,1
41.29,-75.9,1
41.29,-75.9,1
41.29,-75.9,1
41.29,-75.9,1
41.29,-75.9,1
41.29,-75.9,1
41.29,-75.9,1
41.29,-75.9,1
41.29,-75.9,1
41.29,-75.9,1
41.29,-75.9,1
41.29,-75.9,1
41.29,-75.9,1
41.29,-75.9,1
41.29,-75.9,1
41.29,-75.9,1
41.29,-75.9,1
41.29,-75.9,1
41.29,-75.9,1
41.29,-75.9,1
41.29,-75.9,1
41.29,-75.9,1
41.29,-75.9,1
41.29,-75.9,1
41.29,-75.9,1
41.29,-75.9,1
41.29,-75.9,1
41.29,-75.9,1
41.29,-75.9,1
41.29,-75.9,1
41.29,-75.9,1
41.29,-75.9,1
41.29,-75.9,1
41.29,-75.9,1
41.29,-75.9,1
41.29,-75.9,1
41.29,-75.9,1
41.29,-75.9,1
41.29,-75.9,1
41.29,-75.9,1
41.29,-75.9,1
41.29,-75.9,1
41.29,-75.9,1
41.29,-75.9,1
41.29,-75.9,1
41.29,-75.9,1
41.29,-75.9,1
41.29,-75.9,1
41.29,-75.9,1
41.29,-75.9,1
41.29,-75.9,1
41.29,-75.9,1
41.29,-75.9,1
41.29,-75.9,1
41.29,-75.9,1
41.29,-75.9,1
41.29,-75.9,1
41.29,-75.9,1
41.29,-75.9,1
41.29,-75.9,1
41.29,-75.9,1
41.29,-75.9,1
41.29,-75.9,1
41.29,-75.9,1
41.29,-75.9,1
41.29,-75.9,1
41.29,-75.9,1
41.29,-75.9,1
41.29,-75.9,1
41.29,-75.9,1
41.29,-75.9,1
41.29,-75.9,1
41.29,-75.9,1
41.29,-75.9,1
41.29,-75.9,1
41.29,-75.9,1
41.29,-75.9,1
41.29,-75.9,1
41.29,-75.9,1
41.29,-75.9,1
41.29,-75.9,1
41.29,-75.9,1
41.29,-75.9,1
41.29,-75.9,1
41.29,-75.9,1
41.29,-75.9,1
41.29,-75.9,1
41.29,-75.9,1
41.29,-75.9,1
41.29,-75.9,1
41.29,-75.9,1
41.29,-75.9,1
41.29,-75.9,1
41.29,-75.9,1
41.29,-75.9,1
41.29,-75.9,1
41.29,-75.9,1
41.29,-75.9,1
41.29,-75.9,1
41.29,-75.9,1
41.29,-75.9,1
41.29,-75.9,1
41.29,-75.9,1
41.29,-75.9,1
41.29,-75.9,1
41.29,-75.9,1
41.29,-75.9,1
41.29,-75.9,1
41.29,-75.9,1
41.29,-75.9,1
41.29,-75.9,1
41.29,-75.9,1
41.29,-75.9,1
41.29,-75.9,1
41.29,-75.9,1
41.29,-75.9,1
41.29,-75.9,1
41.29,-75.9,1
41.29,-75.9,1
41.29,-75.9,1
41.29,-75.9,1
41.29,-75.9,1
41.29,-75.9,1
41.29,-75.9,1
41.29,-75.9,1
41.29,-75.9,1
41.29,-75.9,1
41.29,-75.9,1
41.29,-75.9,1
41.29,-75.9,1
41.29,-75.9,1
41.29,-75.9,1
41.29,-75.9,1
41.29,-75.9,1
41.29,-75.9,1
41.29,-75.9,1
41.29,-75.9,1
41.29,-75.9,1
41.29,-75.9,1
41.29,-75.9,1
41.29,-75.9,1
41.29,-75.9,1
41.29,-75.9,1
41.29,-75.9,1
41.29,-75.9,1
41.29,-75.9,1
41.29,-75.9,1
41.29,-75.9,1
41.29,-75.9,1
41.29,-75.9,1
41.29,-75.9,1
41.29,-75.9,1
41.29,-75.9,1
41.29,-75.9,1
41.29,-75.9,1
41.29,-75.9,1
41.29,-75.9,1
41.29,-75.9,1
41.29,-75.9,1
41.29,-75.9,1
41.29,-75.9,1
41.29,-75.9,1
41.29,-75.9,1
41.29,-75.9,1
41.29,-75.9,1
41.29,-75.9,1
41.29,-75.9,1
41.29,-75.9,1
41.29,-75.9,1
41.29,-75.9,1
41.29,-75.9,1
41.29,-75.9,1
41.29,-75.9,1
41.29,-75.9,1
41.29,-75.9,1
41.29,-75.9,1
41.29,-75.9,1
41.29,-75.9,1
41.29,-75.9,1
41.29,-75.9,1
41.29,-75.9,1
41.29,-75.9,1
41.29,-75.9,1
41.29,-75.9,1
41.29,-75.9,1
41.29,-75.9,1
41.29,-75.9,1
41.29,-75.9,1
41.29,-75.9,1
41.29,-75.9,1
41.29,-75.9,1
41.29,-75.9,1
41.29,-75.9,1
41.29,-75.9,1
41.29,-75.9,1
41.29,-75.9,1
41.29,-75.9,1
41.29,-75.9,1
41.29,-75.9,1
41.29,-75.9,1
41.29,-75.9,1
41.29,-75.9,1
41.29,-75.9,1
41.29,-75.9,1
41.29,-75.9,1
41.29,-75.9,1
41.29,-75.9,1
41.29,-75.9,1
41.29,-75.9,1
41.29,-75.9,1
41.29,-75.9,1
41.29,-75.9,1
41.29,-75.9,1
41.29,-75.9,1
41.29,-75.9,1
41.29,-75.9,1
41.29,-75.9,1
41.29,-75.9,1
41.29,-75.9,1
41.29,-75.9,1
41.29,-75.9,1
41.29,-75.9,1
41.29,-75.9,1
41.29,-75.9,1
41.29,-75.9,1
41.29,-75.9,1
41.29,-75.9,1
41.29,-75.9,1
41.29,-75.9,1
41.29,-75.9,1
41.29,-75.9,1
41.29,-75.9,1
41.29,-75.9,1
41.29,-75.9,1
41.29,-75.9,1
41.29,-75.9,1
41.29,-75.9,1
41.29,-75.9,1
41.29,-75.9,1
41.29,-75.9,1
41.29,-75.9,1
41.29,-75.9,1
41.29,-75.9,1
41.29,-75.9,1
41.29,-75.9,1
41.29,-75.9,1
41.29,-75.9,1
41.29,-75.9,1
41.29,-75.9,1
41.29,-75.9,1
41.29,-75.9,1
41.29,-75.9,1
41.29,-75.9,1
41.29,-75.9,1
41.29,-75.9,1
41.29,-75.9,1
41.29,-75.9,1
41.29,-75.9,1
41.29,-75.9,1
41.29,-75.9,1
41.29,-75.9,1
41.29,-75.9,1
41.29,-75.9,1
41.29,-75.9,1
41.29,-75.9,1
41.29,-75.9,1
41.29,-75.9,1
41.29,-75.9,1
41.29,-75.9,1
41.29,-75.9,1
41.29,-75.9,1
41.29,-75.9,1
41.29,-75.9,1
41.29,-75.9,1
41.29,-75.9,1
41.29,-75.9,1
41.29,-75.9,1
41.29,-75.9,1
41.29,-75.9,1
41.29,-75.9,1
41.29,-75.9,1
41.29,-75.9,1
41.29,-75.9,1
41.29,-75.9,1
41.29,-75.9,1
41.29,-75.9,1
41.29,-75.9,1
41.29,-75.9,1
41.29,-75.9,1
41.29,-75.9,1
41.29,-75.9,1
41.29,-75.9,1
41.29,-75.9,1
41.29,-75.9,1
41.29,-75.9,1
41.29,-75.9,1
41.29,-75.9,1
41.29,-75.9,1
41.29,-75.9,1
41.29,-75.9,1
41.29,-75.9,1
41.29,-75.9,1
41.29,-75.9,1
41.29,-75.9,1
41.29,-75.9,1
41.29,-75.9,1
41.29,-75.9,1
41.29,-75.9,1
41.29,-75.9,1
41.29,-75.9,1
41.29,-75.9,1
41.29,-75.9,1
41.29,-75.9,1
41.29,-75.9,1
41.29,-75.9,1
41.29,-75.9,1
41.29,-75.9,1
41.29,-75.9,1
41.29,-75.9,1
41.29,-75.9,1
41.29,-75.9,1
41.29,-75.9,1
41.29,-75.9,1
41.29,-75.9,1
41.29,-75.9,1
41.29,-75.9,1
41.29,-75.9,1
41.29,-75.9,1
41.29,-75.9,1
41.29,-75.9,1
41.29,-75.9,1
41.29,-75.9,1
41.29,-75.9,1
41.29,-75.9,1
41.29,-75.9,1
41.29,-75.9,1
41.29,-75.9,1
41.29,-75.9,1
41.29,-75.9,1
41.29,-75.9,1
41.29,-75.9,1
41.29,-75.9,1
41.29,-75.9,1
41.29,-75.9,1
41.29,-75.9,1
41.29,-75.9,1
41.29,-75.9,1
41.29,-75.9,1
41.29,-75.9,1
41.29,-75.9,1
41.29,-75.9,1
41.29,-75.9,1
41.29,-75.9,1
41.29,-75.9,1
41.29,-75.9,1
41.29,-75.9,1
41.29,-75.9,1
41.29,-75.9,1
41.29,-75.9,1
41.29,-75.9,1
41.29,-75.9,1
41.29,-75.9,1
41.29,-75.9,1
41.29,-75.9,1
41.29,-75.9,1
41.29,-75.9,1
41.29,-75.9,1
41.29,-75.9,1
41.29,-75.9,1
41.29,-75.9,1
41.29,-75.9,1
41.29,-75.9,1
41.29,-75.9,1
41.29,-75.9,1
41.29,-75.9,1
41.29,-75.9,1
41.29,-75.9,1
41.29,-75.9,1
41.29,-75.9,1
41.29,-75.9,1
41.29,-75.9,1
41.29,-75.9,1
41.29,-75.9,1
41.29,-75.9,1
41.29,-75.9,1
41.29,-75.9,1
41.29,-75.9,1
41.29,-75.9,1
41.29,-75.9,1
41.29,-75.9,1
41.29,-75.9,1
41.29,-75.9,1
41.29,-75.9,1
41.29,-75.9,1
41.29,-75.9,1
41.29,-75.9,1
41.29,-75.9,1
41.29,-75.9,1
41.29,-75.9,1
41.29,-75.9,1
41.29,-75.9,1
41.29,-75.9,1
41.29,-75.9,1
41.29,-75.9,1
41.29,-75.9,1
41.29,-75.9,1
41.29,-75.9,1
41.29,-75.9,1
41.29,-75.9,1
41.29,-75.9,1
41.29,-75.9,1
41.29,-75.9,1
41.29,-75.9,1
41.29,-75.9,1
41.29,-75.9,1
41.29,-75.9,1
41.29,-75.9,1
41.29,-75.9,1
41.29,-75.9,1
41.29,-75.9,1
41.29,-75.9,1
41.29,-75.9,1
41.29,-75.9,1
41.29,-75.9,1
41.29,-75.9,1
41.29,-75.9,1
41.29,-75.9,1
41.29,-75.9,1
41.29,-75.9,1
41.29,-75.9,1
41.29,-75.9,1
41.29,-75.9,1
41.29,-75.9,1
41.29,-75.9,1
41.29,-75.9,1
41.29,-75.9,1
41.29,-75.9,1
41.29,-75.9,1
41.29,-75.9,1
41.29,-75.9,1
41.29,-75.9,1
41.29,-75.9,1
41.29,-75.9,1
41.29,-75.9,1
41.29,-75.9,1
41.29,-75.9,1
41.29,-75.9,1
41.29,-75.9,1
41.29,-75.9,1
41.29,-75.9,1
41.29,-75.9,1
41.29,-75.9,1
41.29,-75.9,1
41.29,-75.9,1
41.29,-75.9,1
41.29,-75.9,1
41.29,-75.9,1
41.29,-75.9,1
41.29,-75.9,1
41.29,-75.9,1
41.29,-75.9,1
41.29,-75.9,1
41.29,-75.9,1
41.29,-75.9,1
41.29,-75.9,1
41.29,-75.9,1
41.29,-75.9,1
41.29,-75.9,1
41.29,-75.9,1
41.29,-75.9,1
41.29,-75.9,1
41.29,-75.9,1
41.29,-75.9,1
41.29,-75.9,1
41.29,-75.9,1
41.29,-75.9,1
41.29,-75.9,1
41.29,-75.9,1
41.29,-75.9,1
41.29,-75.9,1
41.29,-75.9,1
41.29,-75.9,1
41.29,-75.9,1
41.29,-75.9,1
41.29,-75.9,1
41.29,-75.9,1
41.29,-75.9,1
41.29,-75.9,1
41.29,-75.9,1
41.29,-75.9,1
41.29,-75.9,1
41.29,-75.9,1
41.29,-75.9,1
41.29,-75.9,1
41.29,-75.9,1
41.29,-75.9,1
41.29,-75.9,1
41.29,-75.9,1
41.29,-75.9,1
41.29,-75.9,1
41.29,-75.9,1
41.29,-75.9,1
41.29,-75.9,1
41.29,-75.9,1
41.29,-75.9,1
41.29,-75.9,1
41.29,-75.9,1
41.29,-75.9,1
41.29,-75.9,1
41.29,-75.9,1
41.29,-75.9,1
41.29,-75.9,1
41.29,-75.9,1
41.29,-75.9,1
41.29,-75.9,1
41.29,-75.9,1
41.29,-75.9,1
41.29,-75.9,1
41.29,-75.9,1
41.29,-75.9,1
41.29,-75.9,1
41.29,-75.9,1
41.29,-75.9,1
41.29,-75.9,1
41.29,-75.9,1
41.29,-75.9,1
41.29,-75.9,1
41.29,-75.9,1
41.29,-75.9,1
41.29,-75.9,1
41.29,-75.9,1
41.29,-75.9,1
41.29,-75.9,1
41.29,-75.9,1
41.29,-75.9,1
41.29,-75.9,1
41.29,-75.9,1
41.29,-75.9,1
41.29,-75.9,1
41.29,-75.9,1
41.29,-75.9,1
41.29,-75.9,1
41.29,-75.9,1
41.29,-75.9,1
41.29,-75.9,1
41.29,-75.9,1
41.29,-75.9,1
41.29,-75.9,1
41.29,-75.9,1
41.29,-75.9,1
41.29,-75.9,1
41.29,-75.9,1
41.29,-75.9,1
41.29,-75.9,1
41.29,-75.9,1
41.29,-75.9,1
41.29,-75.9,1
41.29,-75.9,1
41.29,-75.9,1
41.29,-75.9,1
41.29,-75.9,1
41.29,-75.9,1
41.29,-75.9,1
41.29,-75.9,1
41.29,-75.9,1
41.29,-75.9,1
41.29,-75.9,1
41.29,-75.9,1
41.29,-75.9,1
41.29,-75.9,1
41.29,-75.9,1
41.29,-75.9,1
41.29,-75.9,1
41.29,-75.9,1
41.29,-75.9,1
41.29,-75.9,1
41.29,-75.9,1
41.29,-75.9,1
41.29,-75.9,1
41.29,-75.9,1
41.29,-75.9,1
41.29,-75.9,1
41.29,-75.9,1
41.29,-75.9,1
41.29,-75.9,1
41.29,-75.9,1
41.29,-75.9,1
41.29,-75.9,1
41.29,-75.9,1
41.29,-75.9,1
41.29,-75.9,1
41.29,-75.9,1
41.29,-75.9,1
41.29,-75.9,1
41.29,-75.9,1
41.29,-75.9,1
41.29,-75.9,1
41.29,-75.9,1
41.29,-75.9,1
41.29,-75.9,1
41.29,-75.9,1
41.29,-75.9,1
41.29,-75.9,1
41.29,-75.9,1
41.29,-75.9,1
41.29,-75.9,1
41.29,-75.9,1
41.29,-75.9,1
41.29,-75.9,1
41.29,-75.9,1
41.29,-75.9,1
41.29,-75.9,1
41.29,-75.9,1
41.29,-75.9,1
41.29,-75.9,1
41.29,-75.9,1
41.29,-75.9,1
41.29,-75.9,1
41.29,-75.9,1
41.29,-75.9,1
41.29,-75.9,1
41.29,-75.9,1
41.29,-75.9,1
41.29,-75.9,1
41.29,-75.9,1
41.29,-75.9,1
41.29,-75.9,1
41.29,-75.9,1
41.29,-75.9,1
41.29,-75.9,1
41.29,-75.9,1
41.29,-75.9,1
41.29,-75.9,1
41.29,-75.9,1
41.29,-75.9,1
41.29,-75.9,1
41.29,-75.9,1
41.29,-75.9,1
41.29,-75.9,1
41.29,-75.9,1
41.29,-75.9,1
41.29,-75.9,1
41.29,-75.9,1
41.29,-75.9,1
41.29,-75.9,1
41.29,-75.9,1
41.29,-75.9,1
41.29,-75.9,1
41.29,-75.9,1
41.29,-75.9,1
41.29,-75.9,1
41.29,-75.9,1
41.29,-75.9,1
41.29,-75.9,1
41.29,-75.9,1
41.29,-75.9,1
41.29,-75.9,1
41.29,-75.9,1
41.29,-75.9,1
41.29,-75.9,1
41.29,-75.9,1
41.29,-75.9,1
41.29,-75.9,1
41.29,-75.9,1
41.29,-75.9,1
41.29,-75.9,1
41.29,-75.9,1
41.29,-75.9,1
41.29,-75.9,1
41.29,-75.9,1
41.29,-75.9,1
41.29,-75.9,1
41.29,-75.9,1
41.29,-75.9,1
41.29,-75.9,1
41.29,-75.9,1
41.29,-75.9,1
41.29,-75.9,1
41.29,-75.9,1
41.29,-75.9,1
41.29,-75.9,1
41.29,-75.9,1
41.29,-75.9,1
41.29,-75.9,1
41.29,-75.9,1
41.29,-75.9,1
41.29,-75.9,1
41.29,-75.9,1
41.29,-75.9,1
41.29,-75.9,1
41.29,-75.9,1
41.29,-75.9,1
41.29,-75.9,1
41.29,-75.9,1
41.29,-75.9,1
41.29,-75.9,1
41.29,-75.9,1
41.29,-75.9,1
41.29,-75.9,1
41.29,-75.9,1
41.29,-75.9,1
41.29,-75.9,1
41.29,-75.9,1
41.29,-75.9,1
41.29,-75.9,1
41.29,-75.9,1
41.29,-75.9,1
41.29,-75.9,1
41.29,-75.9,1
41.29,-75.9,1
41.29,-75.9,1
41.29,-75.9,1
41.29,-75.9,1
41.29,-75.9,1
41.29,-75.9,1
41.29,-75.9,1
41.29,-75.9,1
41.29,-75.9,1
41.29,-75.9,1
41.29,-75.9,1
41.29,-75.9,1
41.29,-75.9,1
41.29,-75.9,1
41.29,-75.9,1
41.29,-75.9,1
41.29,-75.9,1
41.29,-75.9,1
41.29,-75.9,1
41.29,-75.9,1
41.29,-75.9,1
41.29,-75.9,1
41.29,-75.9,1
41.29,-75.9,1
41.29,-75.9,1
41.29,-75.9,1
41.29,-75.9,1
41.29,-75.9,1
41.29,-75.9,1
41.29,-75.9,1
41.29,-75.9,1
41.29,-75.9,1
41.29,-75.9,1
41.29,-75.9,1
41.29,-75.9,1
41.29,-75.9,1
41.29,-75.9,1
41.29,-75.9,1
41.29,-75.9,1
41.29,-75.9,1
41.29,-75.9,1
41.29,-75.9,1
41.29,-75.9,1
41.29,-75.9,1
41.29,-75.9,1
41.29,-75.9,1
41.29,-75.9,1
41.29,-75.9,1
41.29,-75.9,1
41.29,-75.9,1
41.29,-75.9,1
41.29,-75.9,1
41.29,-75.9,1
41.29,-75.9,1
41.29,-75.9,1
41.29,-75.9,1
41.29,-75.9,1
41.29,-75.9,1
41.29,-75.9,1
41.29,-75.9,1
41.29,-75.9,1
41.29,-75.9,1
41.29,-75.9,1
41.29,-75.9,1
41.29,-75.9,1
41.29,-75.9,1
41.29,-75.9,1
41.29,-75.9,1
41.29,-75.9,1
41.29,-75.9,1
41.29,-75.9,1
41.29,-75.9,1
41.29,-75.9,1
41.29,-75.9,1
41.29,-75.9,1
41.29,-75.9,1
41.29,-75.9,1
41.29,-75.9,1
41.29,-75.9,1
41.29,-75.9,1
41.29,-75.9,1
41.29,-75.9,1
41.29,-75.9,1
41.29,-75.9,1
41.29,-75.9,1
41.29,-75.9,1
41.29,-75.9,1
41.29,-75.9,1
41.29,-75.9,1
41.29,-75.9,1
41.29,-75.9,1
41.29,-75.9,1
41.29,-75.9,1
41.29,-75.9,1
41.29,-75.9,1
41.29,-75.9,1
41.29,-75.9,1
41.29,-75.9,1
41.29,-75.9,1
41.29,-75.9,1
41.29,-75.9,1
41.29,-75.9,1
41.29,-75.9,1
41.29,-75.9,1
41.29,-75.9,1
41.29,-75.9,1
41.29,-75.9,1
41.29,-75.9,1
41.29,-75.9,1
41.29,-75.9,1
41.29,-75.9,1
41.29,-75.9,1
41.29,-75.9,1
41.29,-75.9,1
41.29,-75.9,1
41.29,-75.9,1
41.29,-75.9,1
41.29,-75.9,1
41.29,-75.9,1
41.29,-75.9,1
41.29,-75.9,1
41.29,-75.9,1
41.29,-75.9,1
41.29,-75.9,1
41.29,-75.9,1
41.29,-75.9,1
41.29,-75.9,1
41.29,-75.9,1
41.29,-75.9,1
41.29,-75.9,1
41.29,-75.9,1
41.29,-75.9,1
41.29,-75.9,1
41.29,-75.9,1
41.29,-75.9,1
41.29,-75.9,1
41.29,-75.9,1
41.29,-75.9,1
41.29,-75.9,1
41.29,-75.9,1
41.29,-75.9,1
41.29,-75.9,1
41.29,-75.9,1
41.29,-75.9,1
41.29,-75.9,1
41.29,-75.9,1
41.29,-75.9,1
41.29,-75.9,1
41.29,-75.9,1
41.29,-75.9,1
41.29,-75.9,1
41.29,-75.9,1
41.29,-75.9,1
41.29,-75.9,1
41.29,-75.9,1
41.29,-75.9,1
41.29,-75.9,1
41.29,-75.9,1
41.29,-75.9,1
41.29,-75.9,1
41.29,-75.9,1
41.29,-75.9,1
41.29,-75.9,1
41.29,-75.9,1
41.29,-75.9,1
41.29,-75.9,1
41.29,-75.9,1
41.29,-75.9,1
41.29,-75.9,1
41.29,-75.9,1
41.29,-75.9,1
41.29,-75.9,1
41.29,-75.9,1
41.29,-75.9,1
41.29,-75.9,1
41.29,-75.9,1
41.29,-75.9,1
41.29,-75.9,1
41.29,-75.9,1
41.29,-75.9,1
41.29,-75.9,1
41.29,-75.9,1
41.29,-75.9,1
41.29,-75.9,1
41.29,-75.9,1
41.29,-75.9,1
41.29,-75.9,1
41.29,-75.9,1
41.29,-75.9,1
41.29,-75.9,1
41.29,-75.9,1
41.29,-75.9,1
41.29,-75.9,1
41.29,-75.9,1
41.29,-75.9,1
41.29,-75.9,1
41.29,-75.9,1
41.29,-75.9,1
41.29,-75.9,1
41.29,-75.9,1
41.29,-75.9,1
41.29,-75.9,1
41.29,-75.9,1
41.29,-75.9,1
41.29,-75.9,1
41.29,-75.9,1
41.29,-75.9,1
41.29,-75.9,1
41.29,-75.9,1
41.29,-75.9,1
41.29,-75.9,1
41.29,-75.9,1
41.29,-75.9,1
41.29,-75.9,1
41.29,-75.9,1
41.29,-75.9,1
41.29,-75.9,1
41.29,-75.9,1
41.29,-75.9,1
41.29,-75.9,1
41.29,-75.9,1
41.29,-75.9,1
41.29,-75.9,1
41.29,-75.9,1
41.29,-75.9,1
41.29,-75.9,1
41.29,-75.9,1
41.29,-75.9,1
41.29,-75.9,1
41.29,-75.9,1
41.29,-75.9,1
41.29,-75.9,1
41.29,-75.9,1
41.29,-75.9,1
41.29,-75.9,1
41.29,-75.9,1
41.29,-75.9,1
41.29,-75.9,1
41.29,-75.9,1
41.29,-75.9,1
41.29,-75.9,1
41.29,-75.9,1
41.29,-75.9,1
41.29,-75.9,1
41.29,-75.9,1
41.29,-75.9,1
41.29,-75.9,1
41.29,-75.9,1
41.29,-75.9,1
41.29,-75.9,1
41.29,-75.9,1
41.29,-75.9,1
41.29,-75.9,1
41.29,-75.9,1
41.29,-75.9,1
41.29,-75.9,1
41.29,-75.9,1
41.29,-75.9,1
41.29,-75.9,1
41.29,-75.9,1
41.29,-75.9,1
41.29,-75.9,1
41.29,-75.9,1
41.29,-75.9,1
41.29,-75.9,1
41.29,-75.9,1
41.29,-75.9,1
41.29,-75.9,1
41.29,-75.9,1
41.29,-75.9,1
41.29,-75.9,1
41.29,-75.9,1
41.29,-75.9,1
41.29,-75.9,1
41.29,-75.9,1
41.29,-75.9,1
41.29,-75.9,1
41.29,-75.9,1
41.29,-75.9,1
41.29,-75.9,1
41.29,-75.9,1
41.29,-75.9,1
41.29,-75.9,1
41.29,-75.9,1
41.29,-75.9,1
41.29,-75.9,1
41.29,-75.9,1
41.29,-75.9,1
41.29,-75.9,1
41.29,-75.9,1
41.29,-75.9,1
41.29,-75.9,1
41.29,-75.9,1
41.29,-75.9,1
41.29,-75.9,1
41.29,-75.9,1
41.29,-75.9,1
41.29,-75.9,1
41.29,-75.9,1
41.29,-75.9,1
41.29,-75.9,1
41.29,-75.9,1
41.29,-75.9,1
41.29,-75.9,1
41.29,-75.9,1
41.29,-75.9,1
41.29,-75.9,1
41.29,-75.9,1
41.29,-75.9,1
41.29,-75.9,1
41.29,-75.9,1
41.29,-75.9,1
41.29,-75.9,1
41.29,-75.9,1
41.29,-75.9,1
41.29,-75.9,1
41.29,-75.9,1
41.29,-75.9,1
41.29,-75.9,1
41.29,-75.9,1
41.29,-75.9,1
41.29,-75.9,1
41.29,-75.9,1
41.29,-75.9,1
41.29,-75.9,1
41.29,-75.9,1
41.29,-75.9,1
41.29,-75.9,1
41.29,-75.9,1
41.29,-75.9,1
41.29,-75.9,1
41.29,-75.9,1
41.29,-75.9,1
41.29,-75.9,1
41.29,-75.9,1
41.29,-75.9,1
41.29,-75.9,1
41.29,-75.9,1
41.29,-75.9,1
41.29,-75.9,1
41.29,-75.9,1
41.29,-75.9,1
41.29,-75.9,1
41.29,-75.9,1
41.29,-75.9,1
41.29,-75.9,1
41.29,-75.9,1
41.29,-75.9,1
41.29,-75.9,1
41.29,-75.9,1
41.29,-75.9,1
41.29,-75.9,1
41.29,-75.9,1
41.29,-75.9,1
41.29,-75.9,1
41.29,-75.9,1
41.29,-75.9,1
41.29,-75.9,1
41.29,-75.9,1
41.29,-75.9,1
41.29,-75.9,1
41.29,-75.9,1
41.29,-75.9,1
41.29,-75.9,1
41.29,-75.9,1
41.29,-75.9,1
41.29,-75.9,1
41.29,-75.9,1
41.29,-75.9,1
41.29,-75.9,1
41.29,-75.9,1
41.29,-75.9,1
41.29,-75.9,1
41.29,-75.9,1
41.29,-75.9,1
41.29,-75.9,1
41.29,-75.9,1
41.29,-75.9,1
41.29,-75.9,1
41.29,-75.9,1
41.29,-75.9,1
41.29,-75.9,1
41.29,-75.9,1
41.29,-75.9,1
41.29,-75.9,1
41.29,-75.9,1
41.29,-75.9,1
41.29,-75.9,1
41.29,-75.9,1
41.29,-75.9,1
41.29,-75.9,1
41.29,-75.9,1
41.29,-75.9,1
41.29,-75.9,1
41.29,-75.9,1
41.29,-75.9,1
41.29,-75.9,1
41.29,-75.9,1
41.29,-75.9,1
41.29,-75.9,1
41.29,-75.9,1
41.29,-75.9,1
41.29,-75.9,1
41.29,-75.9,1
41.29,-75.9,1
41.29,-75.9,1
41.29,-75.9,1
41.29,-75.9,1
41.29,-75.9,1
41.29,-75.9,1
41.29,-75.9,1
41.29,-75.9,1
41.29,-75.9,1
41.29,-75.9,1
41.29,-75.9,1
41.29,-75.9,1
41.29,-75.9,1
41.29,-75.9,1
41.29,-75.9,1
41.29,-75.9,1
41.29,-75.9,1
41.29,-75.9,1
41.29,-75.9,1
41.29,-75.9,1
41.29,-75.9,1
41.29,-75.9,1
41.29,-75.9,1
41.29,-75.9,1
41.29,-75.9,1
41.29,-75.9,1
41.29,-75.9,1
41.29,-75.9,1
41.29,-75.9,1
41.29,-75.9,1
41.29,-75.9,1
41.29,-75.9,1
41.29,-75.9,1
41.29,-75.9,1
41.29,-75.9,1
41.29,-75.9,1
41.29,-75.9,1
41.29,-75.9,1
41.29,-75.9,1
41.29,-75.9,1
41.29,-75.9,1
41.29,-75.9,1
41.29,-75.9,1
41.29,-75.9,1
41.29,-75.9,1
41.29,-75.9,1
41.29,-75.9,1
41.29,-75.9,1
41.29,-75.9,1
41.29,-75.9,1
41.29,-75.9,1
41.29,-75.9,1
41.29,-75.9,1
41.29,-75.9,1
41.29,-75.9,1
41.29,-75.9,1
41.29,-75.9,1
41.29,-75.9,1
41.29,-75.9,1
41.29,-75.9,1
41.29,-75.9,1
41.29,-75.9,1
41.29,-75.9,1
41.29,-75.9,1
41.29,-75.9,1
41.29,-75.9,1
41.29,-75.9,1
41.29,-75.9,1
41.29,-75.9,1
41.29,-75.9,1
41.29,-75.9,1
41.29,-75.9,1
41.29,-75.9,1
41.29,-75.9,1
41.29,-75.9,1
41.29,-75.9,1
41.29,-75.9,1
41.29,-75.9,1
41.29,-75.9,1
41.29,-75.9,1
41.29,-75.9,1
41.29,-75.9,1
41.29,-75.9,1
41.29,-75.9,1
41.29,-75.9,1
41.29,-75.9,1
41.29,-75.9,1
41.29,-75.9,1
41.29,-75.9,1
41.29,-75.9,1
41.29,-75.9,1
41.29,-75.9,1
41.29,-75.9,1
41.29,-75.9,1
41.29,-75.9,1
41.29,-75.9,1
41.29,-75.9,1
41.29,-75.9,1
41.29,-75.9,1
41.29,-75.9,1
41.29,-75.9,1
41.29,-75.9,1
41.29,-75.9,1
41.29,-75.9,1
41.29,-75.9,1
41.29,-75.9,1
41.29,-75.9,1
41.29,-75.9,1
41.29,-75.9,1
41.29,-75.9,1
41.29,-75.9,1
41.29,-75.9,1
41.29,-75.9,1
41.29,-75.9,1
41.29,-75.9,1
41.29,-75.9,1
41.29,-75.9,1
41.29,-75.9,1
41.29,-75.9,1
41.29,-75.9,1
41.29,-75.9,1
41.29,-75.9,1
41.29,-75.9,1
41.29,-75.9,1
41.29,-75.9,1
41.29,-75.9,1
41.29,-75.9,1
41.29,-75.9,1
41.29,-75.9,1
41.29,-75.9,1
41.29,-75.9,1
41.29,-75.9,1
41.29,-75.9,1
41.29,-75.9,1
41.29,-75.9,1
41.29,-75.9,1
41.29,-75.9,1
41.29,-75.9,1
41.29,-75.9,1
41.29,-75.9,1
41.29,-75.9,1
41.29,-75.9,1
41.29,-75.9,1
41.29,-75.9,1
41.29,-75.9,1
41.29,-75.9,1
41.29,-75.9,1
41.29,-75.9,1
41.29,-75.9,1
41.29,-75.9,1
41.29,-75.9,1
41.29,-75.9,1
41.29,-75.9,1
41.29,-75.9,1
41.29,-75.9,1
41.29,-75.9,1
41.29,-75.9,1
41.29,-75.9,1
41.29,-75.9,1
41.29,-75.9,1
41.29,-75.9,1
41.29,-75.9,1
41.29,-75.9,1
41.29,-75.9,1
41.29,-75.9,1
41.29,-75.9,1
41.29,-75.9,1
41.29,-75.9,1
41.29,-75.9,1
41.29,-75.9,1
41.29,-75.9,1
41.29,-75.9,1
41.29,-75.9,1
41.29,-75.9,1
41.29,-75.9,1
41.29,-75.9,1
41.29,-75.9,1
41.29,-75.9,1
41.29,-75.9,1
41.29,-75.9,1
41.29,-75.9,1
41.29,-75.9,1
41.29,-75.9,1
41.29,-75.9,1
41.29,-75.9,1
41.29,-75.9,1
41.29,-75.9,1
41.29,-75.9,1
41.29,-75.9,1
41.29,-75.9,1
41.29,-75.9,1
41.29,-75.9,1
41.29,-75.9,1
41.29,-75.9,1
41.29,-75.9,1
41.29,-75.9,1
41.29,-75.9,1
41.29,-75.9,1
41.34,-75.87,1
41.34,-75.87,1
41.34,-75.87,1
41.34,-75.87,1
41.34,-75.87,1
41.34,-75.87,1
41.34,-75.87,1
41.34,-75.87,1
41.34,-75.87,1
41.34,-75.87,1
41.34,-75.87,1
41.34,-75.87,1
41.34,-75.87,1
41.34,-75.87,1
41.34,-75.87,1
41.34,-75.87,1
41.34,-75.87,1
41.34,-75.87,1
41.34,-75.87,1
41.34,-75.87,1
41.34,-75.87,1
41.34,-75.87,1
41.34,-75.87,1
41.34,-75.87,1
41.34,-75.87,1
41.34,-75.87,1
41.34,-75.87,1
41.34,-75.87,1
41.34,-75.87,1
41.34,-75.87,1
41.34,-75.87,1
41.34,-75.87,1
41.34,-75.87,1
41.34,-75.87,1
41.34,-75.87,1
41.34,-75.87,1
41.34,-75.87,1
41.34,-75.87,1
41.34,-75.87,1
41.34,-75.87,1
41.34,-75.87,1
41.34,-75.87,1
41.34,-75.87,1
41.34,-75.87,1
41.34,-75.87,1
41.34,-75.87,1
41.34,-75.87,1
41.34,-75.87,1
41.34,-75.87,1
41.34,-75.87,1
41.34,-75.87,1
41.34,-75.87,1
41.34,-75.87,1
41.34,-75.87,1
41.34,-75.87,1
41.34,-75.87,1
41.34,-75.87,1
41.34,-75.87,1
41.34,-75.87,1
41.34,-75.87,1
41.34,-75.87,1
41.34,-75.87,1
41.34,-75.87,1
41.34,-75.87,1
41.34,-75.87,1
41.34,-75.87,1
41.34,-75.87,1
41.34,-75.87,1
41.34,-75.87,1
41.34,-75.87,1
41.34,-75.87,1
41.34,-75.87,1
41.34,-75.87,1
41.34,-75.87,1
41.34,-75.87,1
41.34,-75.87,1
41.34,-75.87,1
41.34,-75.87,1
41.34,-75.87,1
41.34,-75.87,1
41.34,-75.87,1
41.34,-75.87,1
41.34,-75.87,1
41.34,-75.87,1
41.34,-75.87,1
41.34,-75.87,1
41.34,-75.87,1
41.34,-75.87,1
41.34,-75.87,1
41.34,-75.87,1
41.34,-75.87,1
41.34,-75.87,1
41.34,-75.87,1
41.34,-75.87,1
41.34,-75.87,1
41.34,-75.87,1
41.34,-75.87,1
41.34,-75.87,1
41.34,-75.87,1
41.34,-75.87,1
41.34,-75.87,1
41.34,-75.87,1
41.34,-75.87,1
41.34,-75.87,1
41.34,-75.87,1
41.34,-75.87,1
41.34,-75.87,1
41.34,-75.87,1
41.34,-75.87,1
41.34,-75.87,1
41.34,-75.87,1
41.34,-75.87,1
41.34,-75.87,1
41.34,-75.87,1
41.34,-75.87,1
41.34,-75.87,1
41.34,-75.87,1
41.34,-75.87,1
41.34,-75.87,1
41.34,-75.87,1
41.34,-75.87,1
41.34,-75.87,1
41.34,-75.87,1
41.34,-75.87,1
41.34,-75.87,1
41.34,-75.87,1
41.34,-75.87,1
41.34,-75.87,1
41.34,-75.87,1
41.34,-75.87,1
41.34,-75.87,1
41.34,-75.87,1
41.34,-75.87,1
41.34,-75.87,1
41.34,-75.87,1
41.34,-75.87,1
41.34,-75.87,1
41.34,-75.87,1
41.34,-75.87,1
41.34,-75.87,1
41.34,-75.87,1
41.34,-75.87,1
41.34,-75.87,1
41.34,-75.87,1
41.34,-75.87,1
41.34,-75.87,1
41.34,-75.87,1
41.34,-75.87,1
41.34,-75.87,1
41.34,-75.87,1
41.34,-75.87,1
41.34,-75.87,1
41.99,-80.13,1
41.99,-80.13,1
41.99,-80.13,1
41.99,-80.13,1
41.99,-80.13,1
41.99,-80.13,1
41.99,-80.13,1
41.99,-80.13,1
41.99,-80.13,1
41.99,-80.13,1
41.99,-80.13,1
41.2,-80.2,1
41.2,-80.2,1
41.2,-80.2,1
41.2,-80.2,1
41.2,-80.2,1
41.2,-80.2,1
41.2,-80.2,1
41.2,-80.2,1
41.2,-80.2,1
41.2,-80.2,1
41.2,-80.2,1
41.2,-80.2,1
41.2,-80.2,1
41.2,-80.2,1
41.2,-80.2,1
41.2,-80.2,1
41.2,-80.2,1
41.2,-80.2,1
41.2,-80.2,1
41.2,-80.2,1
41.2,-80.2,1
41.2,-80.2,1
41.2,-80.2,1
41.2,-80.2,1
41.2,-80.2,1
41.2,-80.2,1
41.2,-80.2,1
41.2,-80.2,1
41.2,-80.2,1
41.2,-80.2,1
41.2,-80.2,1
41.2,-80.2,1
41.2,-80.2,1
41.2,-80.2,1
41.2,-80.2,1
41.2,-80.2,1
41.2,-80.2,1
41.2,-80.2,1
41.2,-80.2,1
41.2,-80.2,1
41.2,-80.2,1
41.2,-80.2,1
41.2,-80.2,1
41.2,-80.2,1
41.2,-80.2,1
41.2,-80.2,1
41.2,-80.2,1
41.2,-80.2,1
41.2,-80.2,1
41.2,-80.2,1
41.2,-80.2,1
41.2,-80.2,1
41.2,-80.2,1
41.2,-80.2,1
41.2,-80.2,1
41.2,-80.2,1
41.2,-80.2,1
41.2,-80.2,1
41.2,-80.2,1
41.2,-80.2,1
41.2,-80.2,1
41.2,-80.2,1
41.2,-80.2,1
41.2,-80.2,1
41.2,-80.2,1
41.2,-80.2,1
41.2,-80.2,1
41.2,-80.2,1
41.2,-80.2,1
41.2,-80.2,1
41.2,-80.2,1
41.2,-80.2,1
41.2,-80.2,1
41.2,-80.2,1
41.2,-80.2,1
41.2,-80.2,1
41.2,-80.2,1
41.2,-80.2,1
41.2,-80.2,1
41.2,-80.2,1
41.2,-80.2,1
41.2,-80.2,1
41.2,-80.2,1
41.2,-80.2,1
41.2,-80.2,1
41.2,-80.2,1
41.2,-80.2,1
41.2,-80.2,1
41.2,-80.2,1
41.2,-80.2,1
41.2,-80.2,1
41.2,-80.2,1
41.2,-80.2,1
41.2,-80.2,1
41.2,-80.2,1
41.2,-80.2,1
40.49,-77.55,1
40.49,-77.55,1
40.49,-77.55,1
40.49,-77.55,1
40.49,-77.55,1
40.49,-77.55,1
40.49,-77.55,1
40.49,-77.55,1
40.49,-77.55,1
40.49,-77.55,1
40.49,-77.55,1
40.49,-77.55,1
40.49,-77.55,1
40.49,-77.55,1
40.49,-77.55,1
40.49,-77.55,1
40.49,-77.55,1
40.49,-77.55,1
40.49,-77.55,1
40.49,-77.55,1
40.49,-77.55,1
40.49,-77.55,1
40.49,-77.55,1
40.49,-77.55,1
40.49,-77.55,1
40.49,-77.55,1
40.49,-77.55,1
40.49,-77.55,1
40.49,-77.55,1
40.49,-77.55,1
40.49,-77.55,1
40.49,-77.55,1
40.49,-77.55,1
40.49,-77.55,1
40.49,-77.55,1
40.49,-77.55,1
40.49,-77.55,1
40.49,-77.55,1
40.49,-77.55,1
40.49,-77.55,1
40.49,-77.55,1
40.49,-77.55,1
40.49,-77.55,1
40.49,-77.55,1
40.49,-77.55,1
40.49,-77.55,1
40.49,-77.55,1
40.49,-77.55,1
40.49,-77.55,1
40.49,-77.55,1
40.49,-77.55,1
40.49,-77.55,1
40.49,-77.55,1
40.49,-77.55,1
40.49,-77.55,1
40.49,-77.55,1
40.49,-77.55,1
41.7,-76.5,1
41.7,-76.5,1
41.7,-76.5,1
41.7,-76.5,1
41.7,-76.5,1
41.7,-76.5,1
41.7,-76.5,1
41.7,-76.5,1
41.7,-76.5,1
41.7,-76.5,1
41.7,-76.5,1
41.7,-76.5,1
41.7,-76.5,1
41.7,-76.5,1
41.7,-76.5,1
41.7,-76.5,1
41.7,-76.5,1
41.7,-76.5,1
41.7,-76.5,1
41.7,-76.5,1
41.7,-76.5,1
41.7,-76.5,1
41.7,-76.5,1
41.7,-76.5,1
41.7,-76.5,1
41.7,-76.5,1
41.7,-76.5,1
41.7,-76.5,1
41.7,-76.5,1
41.7,-76.5,1
41.7,-76.5,1
41.7,-76.5,1
41.7,-76.5,1
41.7,-76.5,1
41.7,-76.5,1
41.7,-76.5,1
41.7,-76.5,1
41.7,-76.5,1
41.7,-76.5,1
41.7,-76.5,1
41.7,-76.5,1
41.7,-76.5,1
41.7,-76.5,1
41.7,-76.5,1
41.7,-76.5,1
41.7,-76.5,1
41.7,-76.5,1
41.7,-76.5,1
41.7,-76.5,1
41.7,-76.5,1
41.7,-76.5,1
41.7,-76.5,1
41.7,-76.5,1
41.7,-76.5,1
41.7,-76.5,1
41.7,-76.5,1
41.7,-76.5,1
41.7,-76.5,1
41.7,-76.5,1
41.7,-76.5,1
41.7,-76.5,1
41.7,-76.5,1
41.7,-76.5,1
41.7,-76.5,1
41.7,-76.5,1
41.7,-76.5,1
41.7,-76.5,1
41.7,-76.5,1
41.7,-76.5,1
41.7,-76.5,1
41.7,-76.5,1
41.7,-76.5,1
41.7,-76.5,1
41.7,-76.5,1
41.7,-76.5,1
41.7,-76.5,1
41.7,-76.5,1
41.7,-76.5,1
41.7,-76.5,1
41.7,-76.5,1
41.7,-76.5,1
41.7,-76.5,1
41.7,-76.5,1
41.7,-76.5,1
41.7,-76.5,1
41.7,-76.5,1
41.7,-76.5,1
41.7,-76.5,1
41.7,-76.5,1
41.7,-76.5,1
41.7,-76.5,1
41.7,-76.5,1
41.7,-76.5,1
41.7,-76.5,1
41.7,-76.5,1
41.7,-76.5,1
41.7,-76.5,1
41.7,-76.5,1
41.7,-76.5,1
41.7,-76.5,1
41.7,-76.5,1
41.7,-76.5,1
41.7,-76.5,1
41.7,-76.5,1
41.7,-76.5,1
41.7,-76.5,1
41.7,-76.5,1
41.7,-76.5,1
41.7,-76.5,1
41.7,-76.5,1
41.7,-76.5,1
41.7,-76.5,1
41.7,-76.5,1
41.7,-76.5,1
41.7,-76.5,1
41.7,-76.5,1
41.7,-76.5,1
41.7,-76.5,1
41.7,-76.5,1
41.7,-76.5,1
41.7,-76.5,1
41.7,-76.5,1
41.7,-76.5,1
41.7,-76.5,1
41.7,-76.5,1
41.7,-76.5,1
41.7,-76.5,1
41.7,-76.5,1
41.7,-76.5,1
41.7,-76.5,1
41.7,-76.5,1
41.7,-76.5,1
41.7,-76.5,1
41.7,-76.5,1
41.7,-76.5,1
41.7,-76.5,1
41.7,-76.5,1
41.7,-76.5,1
41.7,-76.5,1
41.7,-76.5,1
41.7,-76.5,1
41.7,-76.5,1
41.7,-76.5,1
41.7,-76.5,1
41.7,-76.5,1
41.7,-76.5,1
41.7,-76.5,1
41.7,-76.5,1
41.7,-76.5,1
41.7,-76.5,1
41.7,-76.5,1
41.7,-76.5,1
41.7,-76.5,1
41.7,-76.5,1
41.7,-76.5,1
41.7,-76.5,1
41.7,-76.5,1
41.7,-76.5,1
41.7,-76.5,1
41.7,-76.5,1
41.7,-76.5,1
41.7,-76.5,1
41.7,-76.5,1
41.7,-76.5,1
41.7,-76.5,1
41.7,-76.5,1
41.7,-76.5,1
41.7,-76.5,1
41.7,-76.5,1
41.7,-76.5,1
41.7,-76.5,1
41.7,-76.5,1
41.7,-76.5,1
41.7,-76.5,1
41.7,-76.5,1
41.7,-76.5,1
41.7,-76.5,1
41.7,-76.5,1
41.7,-76.5,1
41.7,-76.5,1
41.7,-76.5,1
41.7,-76.5,1
41.7,-76.5,1
41.7,-76.5,1
41.7,-76.5,1
41.7,-76.5,1
41.7,-76.5,1
41.7,-76.5,1
41.7,-76.5,1
41.7,-76.5,1
41.7,-76.5,1
41.7,-76.5,1
41.7,-76.5,1
41.7,-76.5,1
41.7,-76.5,1
41.7,-76.5,1
41.7,-76.5,1
41.7,-76.5,1
41.7,-76.5,1
41.7,-76.5,1
41.7,-76.5,1
41.7,-76.5,1
41.7,-76.5,1
41.7,-76.5,1
41.7,-76.5,1
41.7,-76.5,1
41.7,-76.5,1
41.7,-76.5,1
41.7,-76.5,1
41.7,-76.5,1
41.7,-76.5,1
41.7,-76.5,1
41.7,-76.5,1
41.7,-76.5,1
41.7,-76.5,1
41.7,-76.5,1
41.7,-76.5,1
41.7,-76.5,1
41.7,-76.5,1
41.7,-76.5,1
41.7,-76.5,1
41.7,-76.5,1
41.7,-76.5,1
41.7,-76.5,1
41.7,-76.5,1
41.7,-76.5,1
41.7,-76.5,1
41.7,-76.5,1
41.7,-76.5,1
41.7,-76.5,1
41.7,-76.5,1
41.7,-76.5,1
41.7,-76.5,1
41.7,-76.5,1
41.7,-76.5,1
41.7,-76.5,1
41.7,-76.5,1
41.7,-76.5,1
41.7,-76.5,1
41.7,-76.5,1
41.7,-76.5,1
41.7,-76.5,1
41.7,-76.5,1
41.7,-76.5,1
41.7,-76.5,1
41.7,-76.5,1
41.7,-76.5,1
41.7,-76.5,1
41.7,-76.5,1
41.7,-76.5,1
41.7,-76.5,1
41.7,-76.5,1
41.7,-76.5,1
41.7,-76.5,1
41.7,-76.5,1
41.7,-76.5,1
41.7,-76.5,1
41.7,-76.5,1
41.7,-76.5,1
41.7,-76.5,1
41.7,-76.5,1
41.7,-76.5,1
41.7,-76.5,1
41.7,-76.5,1
41.7,-76.5,1
41.7,-76.5,1
41.7,-76.5,1
41.7,-76.5,1
41.7,-76.5,1
41.7,-76.5,1
41.7,-76.5,1
41.7,-76.5,1
41.7,-76.5,1
41.7,-76.5,1
41.7,-76.5,1
41.7,-76.5,1
41.7,-76.5,1
41.7,-76.5,1
41.7,-76.5,1
41.7,-76.5,1
41.7,-76.5,1
41.7,-76.5,1
41.7,-76.5,1
41.7,-76.5,1
41.7,-76.5,1
41.7,-76.5,1
41.7,-76.5,1
41.7,-76.5,1
41.7,-76.5,1
41.7,-76.5,1
41.7,-76.5,1
41.7,-76.5,1
41.7,-76.5,1
41.7,-76.5,1
41.7,-76.5,1
41.7,-76.5,1
41.7,-76.5,1
41.7,-76.5,1
41.7,-76.5,1
41.7,-76.5,1
41.7,-76.5,1
41.7,-76.5,1
41.7,-76.5,1
41.7,-76.5,1
41.7,-76.5,1
41.7,-76.5,1
41.7,-76.5,1
41.7,-76.5,1
41.7,-76.5,1
41.7,-76.5,1
41.7,-76.5,1
41.7,-76.5,1
41.7,-76.5,1
41.7,-76.5,1
41.7,-76.5,1
41.7,-76.5,1
41.7,-76.5,1
41.7,-76.5,1
41.7,-76.5,1
41.7,-76.5,1
41.7,-76.5,1
41.7,-76.5,1
41.7,-76.5,1
41.7,-76.5,1
41.7,-76.5,1
41.7,-76.5,1
41.7,-76.5,1
41.7,-76.5,1
41.7,-76.5,1
41.7,-76.5,1
41.7,-76.5,1
41.7,-76.5,1
41.7,-76.5,1
41.7,-76.5,1
41.7,-76.5,1
41.7,-76.5,1
41.7,-76.5,1
41.7,-76.5,1
41.7,-76.5,1
41.7,-76.5,1
41.7,-76.5,1
41.7,-76.5,1
41.7,-76.5,1
41.7,-76.5,1
41.7,-76.5,1
41.7,-76.5,1
41.7,-76.5,1
41.7,-76.5,1
41.7,-76.5,1
41.7,-76.5,1
41.7,-76.5,1
41.7,-76.5,1
41.7,-76.5,1
41.7,-76.5,1
41.7,-76.5,1
41.7,-76.5,1
41.7,-76.5,1
41.7,-76.5,1
41.7,-76.5,1
41.7,-76.5,1
41.7,-76.5,1
41.7,-76.5,1
41.7,-76.5,1
41.7,-76.5,1
41.7,-76.5,1
41.7,-76.5,1
41.7,-76.5,1
41.7,-76.5,1
41.7,-76.5,1
41.7,-76.5,1
41.7,-76.5,1
41.7,-76.5,1
41.7,-76.5,1
41.7,-76.5,1
41.7,-76.5,1
41.7,-76.5,1
41.7,-76.5,1
41.7,-76.5,1
41.7,-76.5,1
41.7,-76.5,1
41.7,-76.5,1
41.7,-76.5,1
41.7,-76.5,1
41.7,-76.5,1
41.7,-76.5,1
41.7,-76.5,1
41.7,-76.5,1
41.7,-76.5,1
41.7,-76.5,1
41.7,-76.5,1
41.7,-76.5,1
41.7,-76.5,1
41.7,-76.5,1
41.7,-76.5,1
41.7,-76.5,1
41.7,-76.5,1
41.7,-76.5,1
41.7,-76.5,1
41.7,-76.5,1
41.7,-76.5,1
41.7,-76.5,1
41.7,-76.5,1
41.7,-76.5,1
41.7,-76.5,1
41.7,-76.5,1
41.7,-76.5,1
41.7,-76.5,1
41.7,-76.5,1
41.7,-76.5,1
41.7,-76.5,1
41.7,-76.5,1
41.7,-76.5,1
41.7,-76.5,1
41.7,-76.5,1
41.7,-76.5,1
41.7,-76.5,1
41.7,-76.5,1
41.7,-76.5,1
41.7,-76.5,1
41.7,-76.5,1
41.7,-76.5,1
41.7,-76.5,1
41.7,-76.5,1
41.7,-76.5,1
41.7,-76.5,1
41.7,-76.5,1
41.7,-76.5,1
41.7,-76.5,1
41.7,-76.5,1
41.7,-76.5,1
41.7,-76.5,1
41.7,-76.5,1
41.7,-76.5,1
41.7,-76.5,1
41.7,-76.5,1
41.7,-76.5,1
41.7,-76.5,1
41.7,-76.5,1
41.7,-76.5,1
41.7,-76.5,1
41.7,-76.5,1
41.7,-76.5,1
41.7,-76.5,1
41.7,-76.5,1
41.7,-76.5,1
41.7,-76.5,1
41.7,-76.5,1
41.7,-76.5,1
41.7,-76.5,1
41.7,-76.5,1
41.7,-76.5,1
41.7,-76.5,1
41.7,-76.5,1
41.7,-76.5,1
41.7,-76.5,1
41.7,-76.5,1
41.7,-76.5,1
41.7,-76.5,1
41.7,-76.5,1
41.7,-76.5,1
41.7,-76.5,1
41.7,-76.5,1
41.7,-76.5,1
41.7,-76.5,1
41.7,-76.5,1
41.7,-76.5,1
41.7,-76.5,1
41.7,-76.5,1
41.7,-76.5,1
41.7,-76.5,1
41.7,-76.5,1
41.7,-76.5,1
41.7,-76.5,1
41.7,-76.5,1
41.7,-76.5,1
41.7,-76.5,1
41.7,-76.5,1
41.7,-76.5,1
41.7,-76.5,1
41.7,-76.5,1
41.7,-76.5,1
41.7,-76.5,1
41.7,-76.5,1
41.7,-76.5,1
41.7,-76.5,1
41.7,-76.5,1
41.7,-76.5,1
41.7,-76.5,1
41.7,-76.5,1
41.7,-76.5,1
41.7,-76.5,1
41.7,-76.5,1
41.7,-76.5,1
41.7,-76.5,1
41.7,-76.5,1
41.7,-76.5,1
41.7,-76.5,1
41.7,-76.5,1
41.7,-76.5,1
41.7,-76.5,1
41.7,-76.5,1
41.7,-76.5,1
41.7,-76.5,1
41.7,-76.5,1
41.7,-76.5,1
41.7,-76.5,1
41.7,-76.5,1
41.7,-76.5,1
41.7,-76.5,1
41.7,-76.5,1
41.7,-76.5,1
41.7,-76.5,1
41.7,-76.5,1
41.7,-76.5,1
41.7,-76.5,1
41.7,-76.5,1
41.7,-76.5,1
41.7,-76.5,1
41.7,-76.5,1
41.7,-76.5,1
41.7,-76.5,1
41.7,-76.5,1
41.7,-76.5,1
41.7,-76.5,1
41.7,-76.5,1
41.7,-76.5,1
41.7,-76.5,1
41.7,-76.5,1
41.7,-76.5,1
41.7,-76.5,1
41.7,-76.5,1
41.7,-76.5,1
41.7,-76.5,1
41.7,-76.5,1
41.7,-76.5,1
41.7,-76.5,1
41.7,-76.5,1
41.7,-76.5,1
41.7,-76.5,1
41.7,-76.5,1
41.7,-76.5,1
41.7,-76.5,1
41.7,-76.5,1
41.7,-76.5,1
41.7,-76.5,1
41.7,-76.5,1
41.7,-76.5,1
41.7,-76.5,1
41.7,-76.5,1
41.7,-76.5,1
41.7,-76.5,1
41.7,-76.5,1
41.7,-76.5,1
41.7,-76.5,1
41.7,-76.5,1
41.7,-76.5,1
41.7,-76.5,1
41.7,-76.5,1
41.7,-76.5,1
41.7,-76.5,1
41.7,-76.5,1
41.7,-76.5,1
41.7,-76.5,1
41.7,-76.5,1
41.7,-76.5,1
41.7,-76.5,1
41.7,-76.5,1
41.7,-76.5,1
41.7,-76.5,1
41.7,-76.5,1
41.7,-76.5,1
41.7,-76.5,1
41.7,-76.5,1
41.7,-76.5,1
41.7,-76.5,1
41.7,-76.5,1
41.7,-76.5,1
41.7,-76.5,1
41.7,-76.5,1
41.7,-76.5,1
41.7,-76.5,1
41.7,-76.5,1
41.7,-76.5,1
41.7,-76.5,1
41.7,-76.5,1
41.7,-76.5,1
41.7,-76.5,1
41.7,-76.5,1
41.7,-76.5,1
41.7,-76.5,1
41.7,-76.5,1
41.7,-76.5,1
41.7,-76.5,1
41.7,-76.5,1
41.7,-76.5,1
41.7,-76.5,1
41.7,-76.5,1
41.7,-76.5,1
41.7,-76.5,1
41.7,-76.5,1
41.7,-76.5,1
41.7,-76.5,1
41.7,-76.5,1
41.7,-76.5,1
41.7,-76.5,1
41.7,-76.5,1
41.7,-76.5,1
41.7,-76.5,1
41.7,-76.5,1
41.7,-76.5,1
41.7,-76.5,1
41.7,-76.5,1
41.7,-76.5,1
41.7,-76.5,1
41.7,-76.5,1
41.7,-76.5,1
41.7,-76.5,1
41.7,-76.5,1
41.7,-76.5,1
41.7,-76.5,1
41.7,-76.5,1
41.7,-76.5,1
41.7,-76.5,1
41.7,-76.5,1
41.7,-76.5,1
41.7,-76.5,1
41.7,-76.5,1
41.7,-76.5,1
41.7,-76.5,1
41.7,-76.5,1
41.7,-76.5,1
41.7,-76.5,1
41.7,-76.5,1
41.7,-76.5,1
41.7,-76.5,1
41.7,-76.5,1
41.7,-76.5,1
41.7,-76.5,1
41.7,-76.5,1
41.7,-76.5,1
41.7,-76.5,1
41.7,-76.5,1
41.7,-76.5,1
41.7,-76.5,1
41.7,-76.5,1
41.7,-76.5,1
41.7,-76.5,1
41.7,-76.5,1
41.7,-76.5,1
41.7,-76.5,1
41.7,-76.5,1
41.7,-76.5,1
41.7,-76.5,1
41.7,-76.5,1
41.7,-76.5,1
41.7,-76.5,1
41.7,-76.5,1
41.7,-76.5,1
41.7,-76.5,1
41.7,-76.5,1
41.7,-76.5,1
41.7,-76.5,1
41.7,-76.5,1
41.7,-76.5,1
41.7,-76.5,1
41.7,-76.5,1
41.7,-76.5,1
41.7,-76.5,1
41.7,-76.5,1
41.7,-76.5,1
41.7,-76.5,1
41.7,-76.5,1
41.7,-76.5,1
41.7,-76.5,1
41.7,-76.5,1
41.7,-76.5,1
41.7,-76.5,1
41.7,-76.5,1
41.7,-76.5,1
41.7,-76.5,1
41.7,-76.5,1
41.7,-76.5,1
41.7,-76.5,1
41.7,-76.5,1
41.7,-76.5,1
41.7,-76.5,1
41.7,-76.5,1
41.7,-76.5,1
41.7,-76.5,1
41.7,-76.5,1
41.7,-76.5,1
41.7,-76.5,1
41.7,-76.5,1
41.7,-76.5,1
41.7,-76.5,1
41.7,-76.5,1
41.7,-76.5,1
41.7,-76.5,1
41.7,-76.5,1
41.7,-76.5,1
41.7,-76.5,1
41.7,-76.5,1
41.7,-76.5,1
41.7,-76.5,1
41.7,-76.5,1
41.7,-76.5,1
41.7,-76.5,1
41.7,-76.5,1
41.7,-76.5,1
41.7,-76.5,1
41.7,-76.5,1
41.7,-76.5,1
41.7,-76.5,1
41.7,-76.5,1
41.7,-76.5,1
41.7,-76.5,1
41.7,-76.5,1
41.7,-76.5,1
41.7,-76.5,1
41.7,-76.5,1
41.7,-76.5,1
41.7,-76.5,1
41.7,-76.5,1
41.7,-76.5,1
41.7,-76.5,1
41.7,-76.5,1
41.7,-76.5,1
41.7,-76.5,1
41.7,-76.5,1
41.7,-76.5,1
41.7,-76.5,1
41.7,-76.5,1
41.7,-76.5,1
41.7,-76.5,1
41.7,-76.5,1
41.7,-76.5,1
41.7,-76.5,1
41.7,-76.5,1
41.7,-76.5,1
41.7,-76.5,1
41.7,-76.5,1
41.7,-76.5,1
41.7,-76.5,1
41.7,-76.5,1
41.7,-76.5,1
41.7,-76.5,1
41.7,-76.5,1
41.7,-76.5,1
41.7,-76.5,1
41.7,-76.5,1
41.7,-76.5,1
41.7,-76.5,1
41.7,-76.5,1
41.7,-76.5,1
41.7,-76.5,1
41.7,-76.5,1
41.7,-76.5,1
41.7,-76.5,1
41.7,-76.5,1
41.7,-76.5,1
41.7,-76.5,1
41.7,-76.5,1
41.7,-76.5,1
41.7,-76.5,1
41.7,-76.5,1
41.7,-76.5,1
41.7,-76.5,1
41.7,-76.5,1
41.7,-76.5,1
41.7,-76.5,1
41.7,-76.5,1
41.7,-76.5,1
41.7,-76.5,1
41.7,-76.5,1
41.7,-76.5,1
41.7,-76.5,1
41.7,-76.5,1
41.7,-76.5,1
41.7,-76.5,1
41.7,-76.5,1
41.7,-76.5,1
41.7,-76.5,1
41.7,-76.5,1
41.7,-76.5,1
41.7,-76.5,1
41.7,-76.5,1
41.7,-76.5,1
41.7,-76.5,1
41.7,-76.5,1
41.7,-76.5,1
41.7,-76.5,1
41.7,-76.5,1
41.7,-76.5,1
41.7,-76.5,1
41.7,-76.5,1
41.7,-76.5,1
41.7,-76.5,1
41.7,-76.5,1
41.7,-76.5,1
41.7,-76.5,1
41.7,-76.5,1
41.7,-76.5,1
41.7,-76.5,1
41.7,-76.5,1
41.7,-76.5,1
41.7,-76.5,1
41.7,-76.5,1
41.7,-76.5,1
41.7,-76.5,1
41.7,-76.5,1
41.7,-76.5,1
41.7,-76.5,1
41.7,-76.5,1
41.7,-76.5,1
41.7,-76.5,1
41.7,-76.5,1
41.7,-76.5,1
41.7,-76.5,1
41.7,-76.5,1
41.7,-76.5,1
41.7,-76.5,1
41.7,-76.5,1
41.7,-76.5,1
41.7,-76.5,1
41.7,-76.5,1
41.7,-76.5,1
41.7,-76.5,1
41.7,-76.5,1
41.7,-76.5,1
41.7,-76.5,1
41.7,-76.5,1
41.7,-76.5,1
41.7,-76.5,1
41.7,-76.5,1
41.7,-76.5,1
41.7,-76.5,1
41.7,-76.5,1
41.7,-76.5,1
41.7,-76.5,1
41.7,-76.5,1
41.7,-76.5,1
41.7,-76.5,1
41.7,-76.5,1
41.7,-76.5,1
41.7,-76.5,1
41.7,-76.5,1
41.7,-76.5,1
41.7,-76.5,1
41.7,-76.5,1
41.7,-76.5,1
41.7,-76.5,1
41.7,-76.5,1
41.7,-76.5,1
41.7,-76.5,1
41.7,-76.5,1
41.7,-76.5,1
41.7,-76.5,1
41.7,-76.5,1
41.7,-76.5,1
41.7,-76.5,1
41.7,-76.5,1
41.7,-76.5,1
41.7,-76.5,1
41.7,-76.5,1
41.7,-76.5,1
41.7,-76.5,1
41.7,-76.5,1
41.7,-76.5,1
41.7,-76.5,1
41.7,-76.5,1
41.7,-76.5,1
41.7,-76.5,1
41.7,-76.5,1
41.7,-76.5,1
41.7,-76.5,1
41.7,-76.5,1
41.7,-76.5,1
41.7,-76.5,1
41.7,-76.5,1
41.7,-76.5,1
41.7,-76.5,1
41.7,-76.5,1
41.7,-76.5,1
41.7,-76.5,1
41.7,-76.5,1
41.7,-76.5,1
41.7,-76.5,1
41.7,-76.5,1
41.7,-76.5,1
41.7,-76.5,1
41.7,-76.5,1
41.7,-76.5,1
41.7,-76.5,1
41.7,-76.5,1
41.7,-76.5,1
41.7,-76.5,1
41.7,-76.5,1
41.7,-76.5,1
41.7,-76.5,1
41.7,-76.5,1
41.7,-76.5,1
41.7,-76.5,1
41.7,-76.5,1
41.7,-76.5,1
41.7,-76.5,1
41.7,-76.5,1
41.7,-76.5,1
41.7,-76.5,1
41.7,-76.5,1
41.7,-76.5,1
41.7,-76.5,1
41.7,-76.5,1
41.7,-76.5,1
41.7,-76.5,1
41.7,-76.5,1
41.7,-76.5,1
41.7,-76.5,1
41.7,-76.5,1
41.7,-76.5,1
41.7,-76.5,1
41.7,-76.5,1
41.7,-76.5,1
41.7,-76.5,1
41.7,-76.5,1
41.7,-76.5,1
41.7,-76.5,1
41.7,-76.5,1
41.7,-76.5,1
41.7,-76.5,1
41.7,-76.5,1
41.7,-76.5,1
41.7,-76.5,1
41.7,-76.5,1
41.7,-76.5,1
41.7,-76.5,1
41.7,-76.5,1
41.7,-76.5,1
41.7,-76.5,1
41.7,-76.5,1
41.7,-76.5,1
41.7,-76.5,1
41.7,-76.5,1
41.7,-76.5,1
41.7,-76.5,1
41.7,-76.5,1
41.7,-76.5,1
41.7,-76.5,1
41.7,-76.5,1
41.7,-76.5,1
41.7,-76.5,1
41.7,-76.5,1
41.7,-76.5,1
41.7,-76.5,1
41.7,-76.5,1
41.7,-76.5,1
41.7,-76.5,1
41.7,-76.5,1
41.7,-76.5,1
41.7,-76.5,1
41.7,-76.5,1
41.7,-76.5,1
41.7,-76.5,1
41.7,-76.5,1
41.7,-76.5,1
41.7,-76.5,1
41.7,-76.5,1
41.7,-76.5,1
41.7,-76.5,1
41.7,-76.5,1
41.7,-76.5,1
41.7,-76.5,1
41.7,-76.5,1
41.7,-76.5,1
41.7,-76.5,1
41.7,-76.5,1
41.7,-76.5,1
41.7,-76.5,1
41.7,-76.5,1
41.7,-76.5,1
41.7,-76.5,1
41.7,-76.5,1
41.7,-76.5,1
41.7,-76.5,1
41.7,-76.5,1
41.7,-76.5,1
41.7,-76.5,1
41.7,-76.5,1
41.7,-76.5,1
41.7,-76.5,1
41.7,-76.5,1
41.7,-76.5,1
41.7,-76.5,1
41.7,-76.5,1
41.7,-76.5,1
41.7,-76.5,1
41.7,-76.5,1
41.7,-76.5,1
41.7,-76.5,1
41.7,-76.5,1
41.7,-76.5,1
41.7,-76.5,1
41.7,-76.5,1
41.7,-76.5,1
41.7,-76.5,1
41.7,-76.5,1
41.7,-76.5,1
41.7,-76.5,1
41.7,-76.5,1
41.7,-76.5,1
41.7,-76.5,1
41.7,-76.5,1
41.7,-76.5,1
41.7,-76.5,1
41.7,-76.5,1
41.7,-76.5,1
41.7,-76.5,1
41.7,-76.5,1
41.7,-76.5,1
41.7,-76.5,1
41.7,-76.5,1
41.7,-76.5,1
41.7,-76.5,1
41.7,-76.5,1
41.7,-76.5,1
41.7,-76.5,1
41.7,-76.5,1
41.7,-76.5,1
41.7,-76.5,1
41.7,-76.5,1
41.7,-76.5,1
41.7,-76.5,1
41.7,-76.5,1
41.7,-76.5,1
41.7,-76.5,1
41.7,-76.5,1
41.7,-76.5,1
41.7,-76.5,1
41.7,-76.5,1
41.7,-76.5,1
41.7,-76.5,1
41.7,-76.5,1
41.7,-76.5,1
41.7,-76.5,1
41.7,-76.5,1
41.7,-76.5,1
41.7,-76.5,1
41.7,-76.5,1
41.7,-76.5,1
41.7,-76.5,1
41.7,-76.5,1
41.7,-76.5,1
41.7,-76.5,1
41.7,-76.5,1
41.7,-76.5,1
41.7,-76.5,1
41.7,-76.5,1
41.7,-76.5,1
41.7,-76.5,1
41.7,-76.5,1
41.7,-76.5,1
41.7,-76.5,1
41.7,-76.5,1
41.7,-76.5,1
41.7,-76.5,1
41.7,-76.5,1
41.7,-76.5,1
41.7,-76.5,1
41.7,-76.5,1
41.7,-76.5,1
41.7,-76.5,1
41.7,-76.5,1
41.7,-76.5,1
41.7,-76.5,1
41.7,-76.5,1
41.7,-76.5,1
41.7,-76.5,1
41.7,-76.5,1
41.7,-76.5,1
41.7,-76.5,1
41.7,-76.5,1
41.7,-76.5,1
41.7,-76.5,1
41.7,-76.5,1
41.7,-76.5,1
41.7,-76.5,1
41.7,-76.5,1
41.7,-76.5,1
41.7,-76.5,1
41.7,-76.5,1
41.7,-76.5,1
41.7,-76.5,1
41.7,-76.5,1
41.7,-76.5,1
41.7,-76.5,1
41.7,-76.5,1
41.7,-76.5,1
41.7,-76.5,1
41.7,-76.5,1
41.7,-76.5,1
41.7,-76.5,1
41.7,-76.5,1
41.7,-76.5,1
41.7,-76.5,1
41.7,-76.5,1
41.7,-76.5,1
41.7,-76.5,1
41.7,-76.5,1
41.7,-76.5,1
41.7,-76.5,1
41.7,-76.5,1
41.7,-76.5,1
41.7,-76.5,1
41.7,-76.5,1
41.7,-76.5,1
41.7,-76.5,1
41.7,-76.5,1
41.7,-76.5,1
41.7,-76.5,1
41.7,-76.5,1
41.7,-76.5,1
41.7,-76.5,1
41.7,-76.5,1
41.7,-76.5,1
41.7,-76.5,1
41.7,-76.5,1
41.7,-76.5,1
41.7,-76.5,1
41.7,-76.5,1
41.7,-76.5,1
41.7,-76.5,1
41.7,-76.5,1
41.7,-76.5,1
41.7,-76.5,1
41.7,-76.5,1
41.7,-76.5,1
41.7,-76.5,1
41.7,-76.5,1
41.7,-76.5,1
41.7,-76.5,1
41.7,-76.5,1
41.7,-76.5,1
41.7,-76.5,1
41.7,-76.5,1
41.7,-76.5,1
41.7,-76.5,1
41.7,-76.5,1
41.7,-76.5,1
41.7,-76.5,1
41.7,-76.5,1
41.7,-76.5,1
41.7,-76.5,1
41.7,-76.5,1
41.7,-76.5,1
41.7,-76.5,1
41.7,-76.5,1
41.7,-76.5,1
41.7,-76.5,1
41.7,-76.5,1
41.7,-76.5,1
41.7,-76.5,1
41.7,-76.5,1
41.7,-76.5,1
41.7,-76.5,1
41.7,-76.5,1
41.7,-76.5,1
41.7,-76.5,1
41.7,-76.5,1
41.7,-76.5,1
41.7,-76.5,1
41.7,-76.5,1
41.7,-76.5,1
41.7,-76.5,1
41.7,-76.5,1
41.7,-76.5,1
41.7,-76.5,1
41.7,-76.5,1
41.7,-76.5,1
41.7,-76.5,1
41.7,-76.5,1
41.7,-76.5,1
41.7,-76.5,1
41.7,-76.5,1
41.7,-76.5,1
41.7,-76.5,1
41.7,-76.5,1
41.7,-76.5,1
41.7,-76.5,1
41.7,-76.5,1
41.7,-76.5,1
41.7,-76.5,1
41.7,-76.5,1
41.7,-76.5,1
41.7,-76.5,1
41.7,-76.5,1
41.7,-76.5,1
41.7,-76.5,1
41.7,-76.5,1
41.7,-76.5,1
41.7,-76.5,1
41.7,-76.5,1
41.7,-76.5,1
41.7,-76.5,1
41.7,-76.5,1
41.7,-76.5,1
41.7,-76.5,1
41.7,-76.5,1
41.7,-76.5,1
41.7,-76.5,1
41.7,-76.5,1
41.7,-76.5,1
41.7,-76.5,1
41.7,-76.5,1
41.7,-76.5,1
41.7,-76.5,1
41.7,-76.5,1
41.7,-76.5,1
41.7,-76.5,1
41.7,-76.5,1
41.7,-76.5,1
41.7,-76.5,1
41.7,-76.5,1
41.7,-76.5,1
41.7,-76.5,1
41.7,-76.5,1
41.7,-76.5,1
41.7,-76.5,1
41.7,-76.5,1
41.7,-76.5,1
41.7,-76.5,1
41.7,-76.5,1
41.7,-76.5,1
41.7,-76.5,1
41.7,-76.5,1
41.7,-76.5,1
41.7,-76.5,1
41.7,-76.5,1
41.7,-76.5,1
41.7,-76.5,1
41.7,-76.5,1
41.7,-76.5,1
41.7,-76.5,1
41.7,-76.5,1
41.7,-76.5,1
41.7,-76.5,1
41.7,-76.5,1
41.7,-76.5,1
41.7,-76.5,1
41.7,-76.5,1
41.7,-76.5,1
41.7,-76.5,1
41.7,-76.5,1
41.7,-76.5,1
41.7,-76.5,1
41.7,-76.5,1
41.7,-76.5,1
41.7,-76.5,1
41.7,-76.5,1
41.7,-76.5,1
41.7,-76.5,1
41.7,-76.5,1
41.7,-76.5,1
41.7,-76.5,1
41.7,-76.5,1
41.7,-76.5,1
41.7,-76.5,1
41.7,-76.5,1
41.7,-76.5,1
41.7,-76.5,1
41.7,-76.5,1
41.7,-76.5,1
41.7,-76.5,1
41.7,-76.5,1
41.7,-76.5,1
41.7,-76.5,1
41.7,-76.5,1
41.7,-76.5,1
41.7,-76.5,1
41.7,-76.5,1
41.2,-76.9,1
41.2,-76.9,1
41.2,-76.9,1
41.2,-76.9,1
41.2,-76.9,1
41.2,-76.9,1
41.2,-76.9,1
41.2,-76.9,1
41.2,-76.9,1
41.2,-76.9,1
41.2,-76.9,1
41.2,-76.9,1
41.2,-76.9,1
41.2,-76.9,1
41.2,-76.9,1
41.2,-76.9,1
41.2,-76.9,1
41.2,-76.9,1
41.2,-76.9,1
41.2,-76.9,1
41.2,-76.9,1
41.2,-76.9,1
41.2,-76.9,1
41.2,-76.9,1
41.2,-76.9,1
41.2,-76.9,1
41.2,-76.9,1
41.2,-76.9,1
41.2,-76.9,1
41.2,-76.9,1
41.2,-76.9,1
41.2,-76.9,1
41.2,-76.9,1
41.2,-76.9,1
41.2,-76.9,1
41.2,-76.9,1
41.2,-76.9,1
41.2,-76.9,1
41.2,-76.9,1
41.2,-76.9,1
41.2,-76.9,1
41.2,-76.9,1
41.2,-76.9,1
41.2,-76.9,1
41.2,-76.9,1
41.2,-76.9,1
41.2,-76.9,1
41.2,-76.9,1
41.2,-76.9,1
41.2,-76.9,1
41.2,-76.9,1
41.2,-76.9,1
41.2,-76.9,1
41.2,-76.9,1
41.2,-76.9,1
41.2,-76.9,1
41.2,-76.9,1
41.2,-76.9,1
41.2,-76.9,1
41.2,-76.9,1
41.2,-76.9,1
41.2,-76.9,1
41.2,-76.9,1
41.2,-76.9,1
41.2,-76.9,1
41.2,-76.9,1
41.2,-76.9,1
41.2,-76.9,1
41.2,-76.9,1
41.2,-76.9,1
41.2,-76.9,1
41.2,-76.9,1
41.2,-76.9,1
41.2,-76.9,1
41.2,-76.9,1
41.2,-76.9,1
41.2,-76.9,1
41.2,-76.9,1
41.2,-76.9,1
41.2,-76.9,1
41.2,-76.9,1
41.2,-76.9,1
41.2,-76.9,1
41.2,-76.9,1
41.2,-76.9,1
41.2,-76.9,1
41.2,-76.9,1
41.2,-76.9,1
41.2,-76.9,1
41.2,-76.9,1
41.2,-76.9,1
41.2,-76.9,1
41.2,-76.9,1
41.2,-76.9,1
41.2,-76.9,1
41.2,-76.9,1
41.2,-76.9,1
41.2,-76.9,1
41.2,-76.9,1
41.2,-76.9,1
41.2,-76.9,1
41.2,-76.9,1
41.2,-76.9,1
41.2,-76.9,1
41.2,-76.9,1
41.2,-76.9,1
41.2,-76.9,1
41.2,-76.9,1
41.2,-76.9,1
41.2,-76.9,1
41.2,-76.9,1
41.2,-76.9,1
41.2,-76.9,1
41.2,-76.9,1
41.2,-76.9,1
41.2,-76.9,1
41.2,-76.9,1
41.2,-76.9,1
41.2,-76.9,1
41.2,-76.9,1
41.2,-76.9,1
41.2,-76.9,1
41.2,-76.9,1
41.2,-76.9,1
41.2,-76.9,1
41.2,-76.9,1
41.2,-76.9,1
41.2,-76.9,1
41.2,-76.9,1
41.2,-76.9,1
41.2,-76.9,1
41.2,-76.9,1
41.2,-76.9,1
41.2,-76.9,1
41.2,-76.9,1
41.2,-76.9,1
41.2,-76.9,1
41.2,-76.9,1
41.2,-76.9,1
41.2,-76.9,1
41.2,-76.9,1
41.2,-76.9,1
41.2,-76.9,1
41.2,-76.9,1
41.2,-76.9,1
41.2,-76.9,1
41.2,-76.9,1
41.2,-76.9,1
41.2,-76.9,1
41.2,-76.9,1
41.2,-76.9,1
41.2,-76.9,1
41.2,-76.9,1
41.2,-76.9,1
41.2,-76.9,1
41.2,-76.9,1
41.2,-76.9,1
41.2,-76.9,1
41.2,-76.9,1
41.2,-76.9,1
41.2,-76.9,1
41.2,-76.9,1
41.2,-76.9,1
41.2,-76.9,1
41.2,-76.9,1
41.2,-76.9,1
41.2,-76.9,1
41.2,-76.9,1
41.2,-76.9,1
41.2,-76.9,1
41.2,-76.9,1
41.2,-76.9,1
41.2,-76.9,1
41.2,-76.9,1
41.2,-76.9,1
41.2,-76.9,1
41.2,-76.9,1
41.2,-76.9,1
41.2,-76.9,1
41.2,-76.9,1
41.2,-76.9,1
41.2,-76.9,1
41.2,-76.9,1
41.2,-76.9,1
41.2,-76.9,1
41.2,-76.9,1
41.2,-76.9,1
41.2,-76.9,1
41.2,-76.9,1
41.2,-76.9,1
41.2,-76.9,1
41.2,-76.9,1
41.2,-76.9,1
41.2,-76.9,1
41.2,-76.9,1
41.2,-76.9,1
41.2,-76.9,1
41.2,-76.9,1
41.2,-76.9,1
41.2,-76.9,1
41.2,-76.9,1
41.2,-76.9,1
41.2,-76.9,1
41.2,-76.9,1
41.2,-76.9,1
41.2,-76.9,1
41.2,-76.9,1
41.2,-76.9,1
41.2,-76.9,1
41.2,-76.9,1
41.2,-76.9,1
41.2,-76.9,1
41.2,-76.9,1
41.2,-76.9,1
41.2,-76.9,1
41.2,-76.9,1
41.2,-76.9,1
41.2,-76.9,1
41.2,-76.9,1
41.2,-76.9,1
41.2,-76.9,1
41.2,-76.9,1
41.2,-76.9,1
41.2,-76.9,1
41.2,-76.9,1
41.2,-76.9,1
41.2,-76.9,1
41.2,-76.9,1
41.2,-76.9,1
41.2,-76.9,1
41.2,-76.9,1
41.2,-76.9,1
41.2,-76.9,1
41.2,-76.9,1
41.2,-76.9,1
41.2,-76.9,1
41.2,-76.9,1
41.2,-76.9,1
41.2,-76.9,1
41.2,-76.9,1
41.2,-76.9,1
41.2,-76.9,1
41.2,-76.9,1
41.2,-76.9,1
41.2,-76.9,1
41.2,-76.9,1
41.2,-76.9,1
41.2,-76.9,1
41.2,-76.9,1
41.2,-76.9,1
41.2,-76.9,1
41.2,-76.9,1
41.2,-76.9,1
41.2,-76.9,1
41.2,-76.9,1
41.2,-76.9,1
41.2,-76.9,1
41.2,-76.9,1
41.2,-76.9,1
41.2,-76.9,1
41.2,-76.9,1
41.2,-76.9,1
41.2,-76.9,1
41.2,-76.9,1
41.2,-76.9,1
41.2,-76.9,1
41.2,-76.9,1
41.2,-76.9,1
41.2,-76.9,1
41.2,-76.9,1
41.2,-76.9,1
41.2,-76.9,1
41.2,-76.9,1
41.2,-76.9,1
41.2,-76.9,1
41.2,-76.9,1
41.2,-76.9,1
41.2,-76.9,1
41.2,-76.9,1
41.2,-76.9,1
41.2,-76.9,1
41.2,-76.9,1
41.2,-76.9,1
41.2,-76.9,1
41.2,-76.9,1
41.2,-76.9,1
41.2,-76.9,1
41.2,-76.9,1
41.2,-76.9,1
41.2,-76.9,1
41.2,-76.9,1
41.2,-76.9,1
41.2,-76.9,1
41.2,-76.9,1
41.2,-76.9,1
41.2,-76.9,1
41.2,-76.9,1
41.2,-76.9,1
41.2,-76.9,1
41.2,-76.9,1
41.2,-76.9,1
41.2,-76.9,1
41.2,-76.9,1
41.2,-76.9,1
41.2,-76.9,1
41.2,-76.9,1
41.2,-76.9,1
41.2,-76.9,1
41.2,-76.9,1
41.2,-76.9,1
41.2,-76.9,1
41.2,-76.9,1
41.2,-76.9,1
41.2,-76.9,1
41.2,-76.9,1
41.2,-76.9,1
41.2,-76.9,1
41.2,-76.9,1
41.2,-76.9,1
41.2,-76.9,1
41.2,-76.9,1
41.2,-76.9,1
41.2,-76.9,1
41.2,-76.9,1
41.2,-76.9,1
41.2,-76.9,1
41.2,-76.9,1
41.2,-76.9,1
41.2,-76.9,1
41.2,-76.9,1
41.2,-76.9,1
41.2,-76.9,1
41.2,-76.9,1
41.2,-76.9,1
41.2,-76.9,1
41.2,-76.9,1
41.2,-76.9,1
41.2,-76.9,1
41.2,-76.9,1
41.2,-76.9,1
41.2,-76.9,1
41.2,-76.9,1
41.2,-76.9,1
41.2,-76.9,1
41.2,-76.9,1
41.2,-76.9,1
41.2,-76.9,1
41.2,-76.9,1
41.2,-76.9,1
41.2,-76.9,1
41.2,-76.9,1
41.2,-76.9,1
41.2,-76.9,1
41.2,-76.9,1
41.2,-76.9,1
41.2,-76.9,1
41.2,-76.9,1
41.2,-76.9,1
41.2,-76.9,1
41.2,-76.9,1
41.2,-76.9,1
41.2,-76.9,1
41.2,-76.9,1
41.2,-76.9,1
41.2,-76.9,1
41.2,-76.9,1
41.2,-76.9,1
41.2,-76.9,1
41.2,-76.9,1
41.2,-76.9,1
41.2,-76.9,1
41.2,-76.9,1
41.2,-76.9,1
41.2,-76.9,1
41.2,-76.9,1
41.2,-76.9,1
41.2,-76.9,1
41.2,-76.9,1
41.2,-76.9,1
41.2,-76.9,1
41.2,-76.9,1
41.2,-76.9,1
41.2,-76.9,1
41.2,-76.9,1
41.2,-76.9,1
41.2,-76.9,1
41.2,-76.9,1
41.2,-76.9,1
41.2,-76.9,1
41.2,-76.9,1
41.2,-76.9,1
41.2,-76.9,1
41.2,-76.9,1
41.2,-76.9,1
41.2,-76.9,1
41.2,-76.9,1
41.2,-76.9,1
41.2,-76.9,1
41.2,-76.9,1
41.2,-76.9,1
41.2,-76.9,1
41.2,-76.9,1
41.2,-76.9,1
41.2,-76.9,1
41.2,-76.9,1
41.2,-76.9,1
41.2,-76.9,1
41.2,-76.9,1
41.2,-76.9,1
41.2,-76.9,1
41.2,-76.9,1
41.2,-76.9,1
41.2,-76.9,1
41.2,-76.9,1
41.2,-76.9,1
41.2,-76.9,1
41.2,-76.9,1
41.2,-76.9,1
41.2,-76.9,1
41.2,-76.9,1
41.2,-76.9,1
41.2,-76.9,1
41.2,-76.9,1
41.2,-76.9,1
41.2,-76.9,1
41.2,-76.9,1
41.2,-76.9,1
41.2,-76.9,1
41.2,-76.9,1
41.2,-76.9,1
41.2,-76.9,1
41.2,-76.9,1
41.2,-76.9,1
41.2,-76.9,1
41.2,-76.9,1
41.2,-76.9,1
41.2,-76.9,1
41.2,-76.9,1
41.2,-76.9,1
41.2,-76.9,1
41.2,-76.9,1
41.2,-76.9,1
41.2,-76.9,1
41.2,-76.9,1
41.2,-76.9,1
41.2,-76.9,1
41.2,-76.9,1
41.2,-76.9,1
41.2,-76.9,1
41.2,-76.9,1
41.2,-76.9,1
41.2,-76.9,1
41.2,-76.9,1
41.2,-76.9,1
41.2,-76.9,1
41.2,-76.9,1
41.2,-76.9,1
41.2,-76.9,1
41.2,-76.9,1
41.2,-76.9,1
41.2,-76.9,1
41.2,-76.9,1
41.2,-76.9,1
41.2,-76.9,1
41.2,-76.9,1
41.2,-76.9,1
41.2,-76.9,1
41.2,-76.9,1
41.2,-76.9,1
41.2,-76.9,1
41.2,-76.9,1
41.2,-76.9,1
41.2,-76.9,1
41.2,-76.9,1
41.2,-76.9,1
41.2,-76.9,1
41.2,-76.9,1
41.2,-76.9,1
41.2,-76.9,1
41.2,-76.9,1
41.2,-76.9,1
41.2,-76.9,1
41.2,-76.9,1
41.2,-76.9,1
41.2,-76.9,1
41.2,-76.9,1
41.2,-76.9,1
41.2,-76.9,1
41.2,-76.9,1
41.2,-76.9,1
41.2,-76.9,1
41.2,-76.9,1
41.2,-76.9,1
41.2,-76.9,1
41.2,-76.9,1
41.2,-76.9,1
41.2,-76.9,1
41.2,-76.9,1
41.2,-76.9,1
41.2,-76.9,1
41.2,-76.9,1
41.2,-76.9,1
41.2,-76.9,1
41.2,-76.9,1
41.2,-76.9,1
41.2,-76.9,1
41.2,-76.9,1
41.2,-76.9,1
41.2,-76.9,1
41.2,-76.9,1
41.2,-76.9,1
41.2,-76.9,1
41.2,-76.9,1
41.2,-76.9,1
41.2,-76.9,1
41.2,-76.9,1
41.2,-76.9,1
41.2,-76.9,1
41.2,-76.9,1
41.2,-76.9,1
41.2,-76.9,1
41.2,-76.9,1
41.2,-76.9,1
41.2,-76.9,1
41.2,-76.9,1
41.2,-76.9,1
41.2,-76.9,1
41.2,-76.9,1
41.2,-76.9,1
41.2,-76.9,1
41.2,-76.9,1
41.2,-76.9,1
41.2,-76.9,1
41.2,-76.9,1
41.2,-76.9,1
41.2,-76.9,1
41.2,-76.9,1
41.2,-76.9,1
41.2,-76.9,1
41.2,-76.9,1
41.2,-76.9,1
41.2,-76.9,1
41.2,-76.9,1
41.2,-76.9,1
41.2,-76.9,1
41.2,-76.9,1
41.2,-76.9,1
41.2,-76.9,1
41.2,-76.9,1
41.2,-76.9,1
41.2,-76.9,1
41.2,-76.9,1
41.2,-76.9,1
41.2,-76.9,1
41.2,-76.9,1
41.2,-76.9,1
41.2,-76.9,1
41.2,-76.9,1
41.2,-76.9,1
41.2,-76.9,1
41.2,-76.9,1
41.2,-76.9,1
41.2,-76.9,1
41.2,-76.9,1
41.2,-76.9,1
41.2,-76.9,1
41.2,-76.9,1
41.2,-76.9,1
41.2,-76.9,1
41.2,-76.9,1
41.2,-76.9,1
41.2,-76.9,1
41.2,-76.9,1
41.2,-76.9,1
41.2,-76.9,1
41.2,-76.9,1
41.2,-76.9,1
41.2,-76.9,1
41.2,-76.9,1
41.2,-76.9,1
41.2,-76.9,1
41.2,-76.9,1
41.2,-76.9,1
41.2,-76.9,1
41.2,-76.9,1
41.2,-76.9,1
41.2,-76.9,1
41.2,-76.9,1
41.2,-76.9,1
41.2,-76.9,1
41.2,-76.9,1
41.2,-76.9,1
41.2,-76.9,1
41.2,-76.9,1
41.2,-76.9,1
41.2,-76.9,1
41.2,-76.9,1
41.2,-76.9,1
41.2,-76.9,1
41.2,-76.9,1
41.2,-76.9,1
41.2,-76.9,1
41.2,-76.9,1
41.2,-76.9,1
41.2,-76.9,1
41.2,-76.9,1
41.2,-76.9,1
41.2,-76.9,1
41.2,-76.9,1
41.2,-76.9,1
41.2,-76.9,1
41.2,-76.9,1
41.2,-76.9,1
41.2,-76.9,1
41.2,-76.9,1
41.2,-76.9,1
41.2,-76.9,1
41.2,-76.9,1
41.2,-76.9,1
41.2,-76.9,1
41.2,-76.9,1
41.2,-76.9,1
41.2,-76.9,1
41.2,-76.9,1
41.2,-76.9,1
41.2,-76.9,1
41.2,-76.9,1
41.2,-76.9,1
41.2,-76.9,1
41.2,-76.9,1
41.2,-76.9,1
41.2,-76.9,1
41.2,-76.9,1
41.2,-76.9,1
41.2,-76.9,1
41.2,-76.9,1
41.2,-76.9,1
41.2,-76.9,1
41.2,-76.9,1
41.2,-76.9,1
41.2,-76.9,1
41.2,-76.9,1
41.2,-76.9,1
41.2,-76.9,1
41.2,-76.9,1
41.2,-76.9,1
41.2,-76.9,1
41.2,-76.9,1
41.2,-76.9,1
41.2,-76.9,1
41.2,-76.9,1
41.2,-76.9,1
41.2,-76.9,1
41.2,-76.9,1
41.2,-76.9,1
41.2,-76.9,1
41.2,-76.9,1
41.2,-76.9,1
41.2,-76.9,1
41.2,-76.9,1
41.2,-76.9,1
41.2,-76.9,1
41.2,-76.9,1
41.2,-76.9,1
41.2,-76.9,1
41.2,-76.9,1
41.2,-76.9,1
41.2,-76.9,1
41.2,-76.9,1
41.2,-76.9,1
41.2,-76.9,1
41.2,-76.9,1
41.2,-76.9,1
41.2,-76.9,1
41.2,-76.9,1
41.2,-76.9,1
41.2,-76.9,1
41.2,-76.9,1
41.2,-76.9,1
41.2,-76.9,1
41.2,-76.9,1
41.2,-76.9,1
41.2,-76.9,1
41.2,-76.9,1
41.2,-76.9,1
41.2,-76.9,1
41.2,-76.9,1
41.2,-76.9,1
41.2,-76.9,1
41.2,-76.9,1
41.2,-76.9,1
41.2,-76.9,1
41.2,-76.9,1
41.2,-76.9,1
41.2,-76.9,1
41.2,-76.9,1
41.2,-76.9,1
41.2,-76.9,1
41.2,-76.9,1
41.2,-76.9,1
41.2,-76.9,1
41.2,-76.9,1
41.2,-76.9,1
41.2,-76.9,1
41.2,-76.9,1
41.2,-76.9,1
41.2,-76.9,1
41.2,-76.9,1
41.2,-76.9,1
41.2,-76.9,1
41.2,-76.9,1
41.2,-76.9,1
41.2,-76.9,1
41.2,-76.9,1
41.2,-76.9,1
41.2,-76.9,1
41.2,-76.9,1
41.2,-76.9,1
41.2,-76.9,1
41.2,-76.9,1
41.2,-76.9,1
41.2,-76.9,1
41.2,-76.9,1
41.2,-76.9,1
41.2,-76.9,1
41.2,-76.9,1
41.2,-76.9,1
41.2,-76.9,1
41.2,-76.9,1
41.2,-76.9,1
41.2,-76.9,1
41.2,-76.9,1
41.2,-76.9,1
41.2,-76.9,1
41.2,-76.9,1
41.2,-76.9,1
41.2,-76.9,1
41.2,-76.9,1
41.2,-76.9,1
41.2,-76.9,1
41.2,-76.9,1
41.2,-76.9,1
41.2,-76.9,1
41.2,-76.9,1
41.2,-76.9,1
41.2,-76.9,1
41.2,-76.9,1
41.2,-76.9,1
41.2,-76.9,1
41.2,-76.9,1
41.2,-76.9,1
41.2,-76.9,1
41.2,-76.9,1
41.2,-76.9,1
41.2,-76.9,1
41.2,-76.9,1
41.2,-76.9,1
41.2,-76.9,1
41.2,-76.9,1
41.2,-76.9,1
41.2,-76.9,1
41.2,-76.9,1
41.2,-76.9,1
41.2,-76.9,1
41.2,-76.9,1
41.2,-76.9,1
41.2,-76.9,1
41.2,-76.9,1
41.2,-76.9,1
41.2,-76.9,1
41.2,-76.9,1
41.2,-76.9,1
41.2,-76.9,1
41.2,-76.9,1
41.2,-76.9,1
41.2,-76.9,1
41.2,-76.9,1
41.2,-76.9,1
41.2,-76.9,1
41.2,-76.9,1
41.2,-76.9,1
41.2,-76.9,1
41.2,-76.9,1
41.2,-76.9,1
41.2,-76.9,1
41.2,-76.9,1
41.2,-76.9,1
41.2,-76.9,1
41.2,-76.9,1
41.2,-76.9,1
41.2,-76.9,1
41.2,-76.9,1
41.2,-76.9,1
41.2,-76.9,1
41.2,-76.9,1
41.2,-76.9,1
41.2,-76.9,1
41.2,-76.9,1
41.2,-76.9,1
41.2,-76.9,1
41.2,-76.9,1
41.2,-76.9,1
41.2,-76.9,1
41.2,-76.9,1
41.2,-76.9,1
41.2,-76.9,1
41.2,-76.9,1
41.2,-76.9,1
41.2,-76.9,1
41.2,-76.9,1
41.2,-76.9,1
41.2,-76.9,1
41.2,-76.9,1
41.2,-76.9,1
41.2,-76.9,1
41.2,-76.9,1
41.2,-76.9,1
41.2,-76.9,1
41.2,-76.9,1
41.2,-76.9,1
41.2,-76.9,1
41.2,-76.9,1
41.2,-76.9,1
41.2,-76.9,1
41.2,-76.9,1
41.2,-76.9,1
41.2,-76.9,1
41.2,-76.9,1
41.2,-76.9,1
41.2,-76.9,1
41.2,-76.9,1
41.2,-76.9,1
41.2,-76.9,1
41.2,-76.9,1
41.2,-76.9,1
41.2,-76.9,1
41.2,-76.9,1
41.2,-76.9,1
41.2,-76.9,1
41.2,-76.9,1
41.2,-76.9,1
41.2,-76.9,1
41.2,-76.9,1
41.2,-76.9,1
41.2,-76.9,1
41.2,-76.9,1
41.2,-76.9,1
41.2,-76.9,1
41.2,-76.9,1
41.2,-76.9,1
41.2,-76.9,1
41.2,-76.9,1
41.2,-76.9,1
41.2,-76.9,1
41.2,-76.9,1
41.2,-76.9,1
41.2,-76.9,1
41.2,-76.9,1
41.2,-76.9,1
41.2,-76.9,1
41.2,-76.9,1
41.2,-76.9,1
41.2,-76.9,1
41.2,-76.9,1
41.2,-76.9,1
41.2,-76.9,1
41.2,-76.9,1
41.2,-76.9,1
41.2,-76.9,1
41.2,-76.9,1
41.2,-76.9,1
41.2,-76.9,1
41.2,-76.9,1
41.2,-76.9,1
41.2,-76.9,1
41.2,-76.9,1
41.2,-76.9,1
41.2,-76.9,1
41.2,-76.9,1
41.2,-76.9,1
41.2,-76.9,1
41.2,-76.9,1
41.2,-76.9,1
41.2,-76.9,1
41.2,-76.9,1
41.2,-76.9,1
41.2,-76.9,1
41.2,-76.9,1
41.2,-76.9,1
41.2,-76.9,1
41.2,-76.9,1
41.2,-76.9,1
41.2,-76.9,1
41.2,-76.9,1
41.2,-76.9,1
41.2,-76.9,1
41.2,-76.9,1
41.2,-76.9,1
41.2,-76.9,1
41.2,-76.9,1
41.2,-76.9,1
41.2,-76.9,1
41.2,-76.9,1
41.2,-76.9,1
41.2,-76.9,1
41.2,-76.9,1
41.2,-76.9,1
41.2,-76.9,1
41.2,-76.9,1
41.2,-76.9,1
41.2,-76.9,1
41.2,-76.9,1
41.2,-76.9,1
41.2,-76.9,1
41.2,-76.9,1
41.2,-76.9,1
41.2,-76.9,1
41.2,-76.9,1
41.2,-76.9,1
41.2,-76.9,1
41.2,-76.9,1
41.2,-76.9,1
41.2,-76.9,1
41.2,-76.9,1
41.2,-76.9,1
41.2,-76.9,1
41.2,-76.9,1
41.2,-76.9,1
41.2,-76.9,1
41.2,-76.9,1
41.2,-76.9,1
41.2,-76.9,1
41.2,-76.9,1
41.2,-76.9,1
41.2,-76.9,1
41.2,-76.9,1
41.2,-76.9,1
41.2,-76.9,1
41.2,-76.9,1
41.2,-76.9,1
41.2,-76.9,1
41.2,-76.9,1
41.2,-76.9,1
41.2,-76.9,1
41.2,-76.9,1
41.2,-76.9,1
41.2,-76.9,1
41.2,-76.9,1
41.2,-76.9,1
41.2,-76.9,1
41.2,-76.9,1
41.2,-76.9,1
41.2,-76.9,1
41.2,-76.9,1
41.2,-76.9,1
41.2,-76.9,1
41.2,-76.9,1
41.2,-76.9,1
41.2,-76.9,1
41.2,-76.9,1
41.2,-76.9,1
41.2,-76.9,1
41.2,-76.9,1
41.2,-76.9,1
41.2,-76.9,1
41.2,-76.9,1
41.2,-76.9,1
41.2,-76.9,1
41.2,-76.9,1
41.2,-76.9,1
41.2,-76.9,1
41.2,-76.9,1
41.2,-76.9,1
41.2,-76.9,1
41.2,-76.9,1
41.2,-76.9,1
41.2,-76.9,1
41.2,-76.9,1
41.2,-76.9,1
41.2,-76.9,1
41.2,-76.9,1
41.2,-76.9,1
41.2,-76.9,1
41.2,-76.9,1
41.2,-76.9,1
41.2,-76.9,1
41.2,-76.9,1
41.2,-76.9,1
41.2,-76.9,1
41.2,-76.9,1
41.2,-76.9,1
41.2,-76.9,1
41.2,-76.9,1
41.2,-76.9,1
41.2,-76.9,1
41.2,-76.9,1
41.2,-76.9,1
41.2,-76.9,1
41.2,-76.9,1
41.2,-76.9,1
41.2,-76.9,1
41.2,-76.9,1
41.2,-76.9,1
41.2,-76.9,1
41.2,-76.9,1
41.2,-76.9,1
41.2,-76.9,1
41.2,-76.9,1
41.2,-76.9,1
41.2,-76.9,1
41.2,-76.9,1
41.2,-76.9,1
41.2,-76.9,1
41.2,-76.9,1
41.2,-76.9,1
41.2,-76.9,1
41.2,-76.9,1
41.2,-76.9,1
41.2,-76.9,1
41.2,-76.9,1
41.2,-76.9,1
41.2,-76.9,1
41.2,-76.9,1
41.2,-76.9,1
41.2,-76.9,1
41.2,-76.9,1
41.2,-76.9,1
41.2,-76.9,1
41.2,-76.9,1
41.2,-76.9,1
41.2,-76.9,1
41.2,-76.9,1
41.2,-76.9,1
41.2,-76.9,1
41.2,-76.9,1
41.2,-76.9,1
41.2,-76.9,1
41.2,-76.9,1
41.2,-76.9,1
41.2,-76.9,1
41.2,-76.9,1
41.2,-76.9,1
41.2,-76.9,1
41.2,-76.9,1
41.2,-76.9,1
41.2,-76.9,1
41.2,-76.9,1
41.2,-76.9,1
41.2,-76.9,1
41.2,-76.9,1
41.2,-76.9,1
41.2,-76.9,1
41.2,-76.9,1
41.2,-76.9,1
41.2,-76.9,1
41.2,-76.9,1
41.2,-76.9,1
41.2,-76.9,1
41.2,-76.9,1
41.2,-76.9,1
41.2,-76.9,1
41.2,-76.9,1
41.2,-76.9,1
41.2,-76.9,1
41.2,-76.9,1
41.2,-76.9,1
41.2,-76.9,1
41.2,-76.9,1
41.2,-76.9,1
41.2,-76.9,1
41.2,-76.9,1
41.2,-76.9,1
41.2,-76.9,1
41.2,-76.9,1
41.2,-76.9,1
41.2,-76.9,1
41.2,-76.9,1
41.2,-76.9,1
41.2,-76.9,1
41.2,-76.9,1
41.2,-76.9,1
41.2,-76.9,1
41.2,-76.9,1
41.2,-76.9,1
41.2,-76.9,1
41.2,-76.9,1
41.2,-76.9,1
41.2,-76.9,1
41.2,-76.9,1
41.2,-76.9,1
41.2,-76.9,1
41.2,-76.9,1
41.2,-76.9,1
41.2,-76.9,1
41.2,-76.9,1
41.2,-76.9,1
41.2,-76.9,1
41.2,-76.9,1
41.2,-76.9,1
41.2,-76.9,1
41.2,-76.9,1
41.2,-76.9,1
41.2,-76.9,1
41.2,-76.9,1
41.2,-76.9,1
41.2,-76.9,1
41.2,-76.9,1
41.2,-76.9,1
41.2,-76.9,1
41.2,-76.9,1
41.2,-76.9,1
41.2,-76.9,1
41.2,-76.9,1
41.2,-76.9,1
41.2,-76.9,1
41.2,-76.9,1
41.2,-76.9,1
41.2,-76.9,1
41.2,-76.9,1
41.2,-76.9,1
41.2,-76.9,1
41.2,-76.9,1
41.2,-76.9,1
41.2,-76.9,1
41.2,-76.9,1
41.2,-76.9,1
41.2,-76.9,1
41.2,-76.9,1
41.2,-76.9,1
41.2,-76.9,1
41.2,-76.9,1
41.2,-76.9,1
41.2,-76.9,1
41.2,-76.9,1
41.2,-76.9,1
41.2,-76.9,1
41.2,-76.9,1
41.2,-76.9,1
41.2,-76.9,1
41.2,-76.9,1
41.2,-76.9,1
41.2,-76.9,1
41.2,-76.9,1
41.2,-76.9,1
41.2,-76.9,1
41.2,-76.9,1
41.2,-76.9,1
41.2,-76.9,1
41.2,-76.9,1
41.2,-76.9,1
41.2,-76.9,1
41.2,-76.9,1
41.2,-76.9,1
41.2,-76.9,1
41.2,-76.9,1
41.2,-76.9,1
41.2,-76.9,1
41.2,-76.9,1
41.2,-76.9,1
41.2,-76.9,1
41.2,-76.9,1
41.2,-76.9,1
41.2,-76.9,1
41.2,-76.9,1
41.2,-76.9,1
41.2,-76.9,1
41.2,-76.9,1
41.2,-76.9,1
41.2,-76.9,1
41.2,-76.9,1
41.2,-76.9,1
41.2,-76.9,1
41.2,-76.9,1
41.2,-76.9,1
41.2,-76.9,1
41.2,-76.9,1
41.2,-76.9,1
41.2,-76.9,1
41.2,-76.9,1
41.2,-76.9,1
41.2,-76.9,1
41.2,-76.9,1
41.2,-76.9,1
41.2,-76.9,1
41.2,-76.9,1
41.2,-76.9,1
41.2,-76.9,1
41.2,-76.9,1
41.2,-76.9,1
41.2,-76.9,1
41.2,-76.9,1
41.2,-76.9,1
41.2,-76.9,1
41.2,-76.9,1
41.2,-76.9,1
41.2,-76.9,1
41.2,-76.9,1
41.2,-76.9,1
41.2,-76.9,1
41.2,-76.9,1
41.2,-76.9,1
41.2,-76.9,1
41.2,-76.9,1
41.2,-76.9,1
41.2,-76.9,1
41.2,-76.9,1
41.2,-76.9,1
41.2,-76.9,1
41.2,-76.9,1
41.2,-76.9,1
41.2,-76.9,1
41.2,-76.9,1
41.2,-76.9,1
41.2,-76.9,1
41.2,-76.9,1
41.2,-76.9,1
41.2,-76.9,1
41.2,-76.9,1
41.2,-76.9,1
41.2,-76.9,1
41.2,-76.9,1
41.2,-76.9,1
41.2,-76.9,1
41.2,-76.9,1
41.2,-76.9,1
41.2,-76.9,1
41.2,-76.9,1
41.2,-76.9,1
41.2,-76.9,1
41.2,-76.9,1
41.2,-76.9,1
41.2,-76.9,1
41.2,-76.9,1
41.2,-76.9,1
41.2,-76.9,1
41.2,-76.9,1
41.2,-76.9,1
41.2,-76.9,1
41.2,-76.9,1
41.2,-76.9,1
41.2,-76.9,1
41.2,-76.9,1
41.2,-76.9,1
41.2,-76.9,1
41.2,-76.9,1
41.2,-76.9,1
41.2,-76.9,1
41.2,-76.9,1
41.2,-76.9,1
41.2,-76.9,1
41.2,-76.9,1
41.2,-76.9,1
41.2,-76.9,1
41.2,-76.9,1
41.2,-76.9,1
41.2,-76.9,1
41.2,-76.9,1
41.2,-76.9,1
41.2,-76.9,1
41.2,-76.9,1
41.2,-76.9,1
41.2,-76.9,1
41.2,-76.9,1
41.2,-76.9,1
41.2,-76.9,1
41.2,-76.9,1
41.2,-76.9,1
41.2,-76.9,1
41.2,-76.9,1
41.2,-76.9,1
41.2,-76.9,1
41.2,-76.9,1
41.2,-76.9,1
41.2,-76.9,1
41.2,-76.9,1
41.2,-76.9,1
41.2,-76.9,1
41.2,-76.9,1
41.2,-76.9,1
41.2,-76.9,1
41.2,-76.9,1
41.2,-76.9,1
41.2,-76.9,1
41.2,-76.9,1
41.2,-76.9,1
41.2,-76.9,1
41.2,-76.9,1
41.2,-76.9,1
41.2,-76.9,1
41.2,-76.9,1
41.2,-76.9,1
41.2,-76.9,1
41.2,-76.9,1
41.2,-76.9,1
41.2,-76.9,1
41.2,-76.9,1
41.2,-76.9,1
41.2,-76.9,1
41.2,-76.9,1
41.2,-76.9,1
41.2,-76.9,1
41.2,-76.9,1
41.2,-76.9,1
41.2,-76.9,1
41.2,-76.9,1
41.2,-76.9,1
41.2,-76.9,1
41.2,-76.9,1
41.2,-76.9,1
41.2,-76.9,1
41.2,-76.9,1
41.2,-76.9,1
41.2,-76.9,1
41.2,-76.9,1
41.2,-76.9,1
41.2,-76.9,1
41.2,-76.9,1
41.2,-76.9,1
41.2,-76.9,1
41.2,-76.9,1
41.2,-76.9,1
41.2,-76.9,1
41.2,-76.9,1
41.2,-76.9,1
41.2,-76.9,1
41.2,-76.9,1
41.2,-76.9,1
41.2,-76.9,1
41.2,-76.9,1
41.2,-76.9,1
41.2,-76.9,1
41.2,-76.9,1
41.2,-76.9,1
41.2,-76.9,1
41.2,-76.9,1
41.2,-76.9,1
41.2,-76.9,1
41.2,-76.9,1
41.2,-76.9,1
41.2,-76.9,1
41.2,-76.9,1
41.2,-76.9,1
41.2,-76.9,1
41.2,-76.9,1
41.2,-76.9,1
41.2,-76.9,1
41.2,-76.9,1
41.2,-76.9,1
41.2,-76.9,1
41.2,-76.9,1
41.2,-76.9,1
41.2,-76.9,1
41.2,-76.9,1
41.2,-76.9,1
41.2,-76.9,1
41.2,-76.9,1
41.2,-76.9,1
41.2,-76.9,1
41.2,-76.9,1
41.2,-76.9,1
41.2,-76.9,1
41.2,-76.9,1
41.2,-76.9,1
41.2,-76.9,1
41.2,-76.9,1
41.2,-76.9,1
41.2,-76.9,1
41.2,-76.9,1
41.2,-76.9,1
41.2,-76.9,1
41.2,-76.9,1
41.2,-76.9,1
41.2,-76.9,1
41.2,-76.9,1
41.2,-76.9,1
41.2,-76.9,1
41.2,-76.9,1
41.2,-76.9,1
41.2,-76.9,1
41.2,-76.9,1
41.2,-76.9,1
41.2,-76.9,1
41.2,-76.9,1
41.2,-76.9,1
41.2,-76.9,1
41.2,-76.9,1
41.2,-76.9,1
41.2,-76.9,1
41.2,-76.9,1
41.2,-76.9,1
41.2,-76.9,1
41.2,-76.9,1
41.2,-76.9,1
41.2,-76.9,1
41.2,-76.9,1
41.2,-76.9,1
41.2,-76.9,1
41.2,-76.9,1
41.2,-76.9,1
41.2,-76.9,1
41.2,-76.9,1
41.2,-76.9,1
41.2,-76.9,1
41.2,-76.9,1
41.2,-76.9,1
41.2,-76.9,1
41.2,-76.9,1
41.2,-76.9,1
41.2,-76.9,1
41.2,-76.9,1
41.2,-76.9,1
41.2,-76.9,1
41.2,-76.9,1
41.2,-76.9,1
41.2,-76.9,1
41.2,-76.9,1
41.2,-76.9,1
41.2,-76.9,1
41.2,-76.9,1
41.2,-76.9,1
41.2,-76.9,1
41.2,-76.9,1
41.2,-76.9,1
41.2,-76.9,1
41.2,-76.9,1
41.2,-76.9,1
41.2,-76.9,1
41.2,-76.9,1
41.2,-76.9,1
41.2,-76.9,1
41.2,-76.9,1
41.2,-76.9,1
41.2,-76.9,1
41.2,-76.9,1
41.2,-76.9,1
41.2,-76.9,1
41.2,-76.9,1
41.2,-76.9,1
41.2,-76.9,1
41.2,-76.9,1
41.2,-76.9,1
41.2,-76.9,1
41.2,-76.9,1
41.2,-76.9,1
41.2,-76.9,1
41.2,-76.9,1
41.2,-76.9,1
41.2,-76.9,1
41.2,-76.9,1
41.2,-76.9,1
41.2,-76.9,1
41.2,-76.9,1
41.2,-76.9,1
41.2,-76.9,1
41.2,-76.9,1
41.2,-76.9,1
41.2,-76.9,1
41.2,-76.9,1
41.2,-76.9,1
41.2,-76.9,1
41.2,-76.9,1
41.2,-76.9,1
41.2,-76.9,1
41.2,-76.9,1
41.2,-76.9,1
41.2,-76.9,1
41.2,-76.9,1
41.2,-76.9,1
41.2,-76.9,1
41.2,-76.9,1
41.2,-76.9,1
41.2,-76.9,1
41.2,-76.9,1
41.2,-76.9,1
41.2,-76.9,1
41.2,-76.9,1
41.2,-76.9,1
41.2,-76.9,1
41.2,-76.9,1
41.2,-76.9,1
41.2,-76.9,1
41.2,-76.9,1
41.2,-76.9,1
41.2,-76.9,1
41.2,-76.9,1
41.2,-76.9,1
41.2,-76.9,1
41.2,-76.9,1
41.2,-76.9,1
41.2,-76.9,1
41.2,-76.9,1
41.2,-76.9,1
41.2,-76.9,1
41.2,-76.9,1
41.2,-76.9,1
41.2,-76.9,1
41.2,-76.9,1
41.2,-76.9,1
41.2,-76.9,1
41.2,-76.9,1
41.2,-76.9,1
41.2,-76.9,1
41.2,-76.9,1
41.2,-76.9,1
41.2,-76.9,1
41.2,-76.9,1
41.2,-76.9,1
41.2,-76.9,1
41.2,-76.9,1
41.2,-76.9,1
41.2,-76.9,1
41.2,-76.9,1
41.2,-76.9,1
41.2,-76.9,1
41.2,-76.9,1
41.2,-76.9,1
41.2,-76.9,1
41.2,-76.9,1
41.2,-76.9,1
41.2,-76.9,1
41.2,-76.9,1
41.2,-76.9,1
41.2,-76.9,1
41.2,-76.9,1
41.2,-76.9,1
41.2,-76.9,1
41.2,-76.9,1
41.2,-76.9,1
41.2,-76.9,1
41.2,-76.9,1
41.2,-76.9,1
41.2,-76.9,1
41.2,-76.9,1
41.2,-76.9,1
41.2,-76.9,1
41.2,-76.9,1
41.2,-76.9,1
41.2,-76.9,1
41.2,-76.9,1
41.2,-76.9,1
41.2,-76.9,1
41.2,-76.9,1
41.2,-76.9,1
41.2,-76.9,1
41.2,-76.9,1
41.2,-76.9,1
41.2,-76.9,1
41.2,-76.9,1
41.2,-76.9,1
41.2,-76.9,1
41.2,-76.9,1
41.2,-76.9,1
41.2,-76.9,1
41.2,-76.9,1
41.2,-76.9,1
41.2,-76.9,1
41.2,-76.9,1
41.2,-76.9,1
41.2,-76.9,1
41.2,-76.9,1
41.2,-76.9,1
41.2,-76.9,1
41.2,-76.9,1
41.2,-76.9,1
41.2,-76.9,1
41.2,-76.9,1
41.2,-76.9,1
41.2,-76.9,1
41.2,-76.9,1
41.2,-76.9,1
41.2,-76.9,1
41.2,-76.9,1
41.2,-76.9,1
41.2,-76.9,1
41.2,-76.9,1
41.2,-76.9,1
41.2,-76.9,1
41.2,-76.9,1
41.2,-76.9,1
41.2,-76.9,1
41.2,-76.9,1
41.2,-76.9,1
41.2,-76.9,1
41.2,-76.9,1
41.2,-76.9,1
41.2,-76.9,1
41.2,-76.9,1
41.2,-76.9,1
41.2,-76.9,1
41.2,-76.9,1
41.2,-76.9,1
41.2,-76.9,1
41.2,-76.9,1
41.2,-76.9,1
41.2,-76.9,1
41.2,-76.9,1
41.2,-76.9,1
41.2,-76.9,1
41.2,-76.9,1
41.2,-76.9,1
41.2,-76.9,1
41.2,-76.9,1
41.2,-76.9,1
41.2,-76.9,1
41.2,-76.9,1
41.2,-76.9,1
41.2,-76.9,1
41.2,-76.9,1
41.2,-76.9,1
41.2,-76.9,1
41.2,-76.9,1
41.2,-76.9,1
41.2,-76.9,1
41.2,-76.9,1
41.2,-76.9,1
41.2,-76.9,1
41.2,-76.9,1
41.2,-76.9,1
41.2,-76.9,1
41.2,-76.9,1
41.2,-76.9,1
41.2,-76.9,1
41.2,-76.9,1
41.2,-76.9,1
41.2,-76.9,1
41.2,-76.9,1
41.2,-76.9,1
41.2,-76.9,1
41.2,-76.9,1
41.2,-76.9,1
41.2,-76.9,1
41.2,-76.9,1
41.2,-76.9,1
41.2,-76.9,1
41.2,-76.9,1
41.2,-76.9,1
41.2,-76.9,1
41.2,-76.9,1
41.2,-76.9,1
41.2,-76.9,1
41.2,-76.9,1
41.2,-76.9,1
41.2,-76.9,1
41.2,-76.9,1
41.2,-76.9,1
41.2,-76.9,1
41.2,-76.9,1
41.2,-76.9,1
41.2,-76.9,1
41.2,-76.9,1
41.2,-76.9,1
41.2,-76.9,1
41.2,-76.9,1
41.2,-76.9,1
41.2,-76.9,1
41.2,-76.9,1
41.2,-76.9,1
41.2,-76.9,1
41.2,-76.9,1
41.2,-76.9,1
41.2,-76.9,1
41.2,-76.9,1
41.2,-76.9,1
41.2,-76.9,1
41.2,-76.9,1
41.2,-76.9,1
41.2,-76.9,1
41.2,-76.9,1
41.2,-76.9,1
41.2,-76.9,1
41.2,-76.9,1
41.2,-76.9,1
41.2,-76.9,1
41.2,-76.9,1
41.2,-76.9,1
41.2,-76.9,1
41.2,-76.9,1
41.2,-76.9,1
41.2,-76.9,1
41.2,-76.9,1
41.2,-76.9,1
41.2,-76.9,1
41.2,-76.9,1
41.2,-76.9,1
41.2,-76.9,1
41.2,-76.9,1
41.2,-76.9,1
41.2,-76.9,1
41.2,-76.9,1
41.2,-76.9,1
41.2,-76.9,1
41.2,-76.9,1
41.2,-76.9,1
41.2,-76.9,1
41.2,-76.9,1
41.2,-76.9,1
41.2,-76.9,1
41.2,-76.9,1
41.2,-76.9,1
41.2,-76.9,1
41.2,-76.9,1
41.2,-76.9,1
41.2,-76.9,1
41.2,-76.9,1
41.2,-76.9,1
41.2,-76.9,1
41.2,-76.9,1
41.2,-76.9,1
41.2,-76.9,1
41.2,-76.9,1
41.2,-76.9,1
41.2,-76.9,1
41.2,-76.9,1
41.2,-76.9,1
41.2,-76.9,1
41.2,-76.9,1
41.2,-76.9,1
41.2,-76.9,1
41.2,-76.9,1
41.2,-76.9,1
41.2,-76.9,1
41.2,-76.9,1
41.2,-76.9,1
41.2,-76.9,1
41.2,-76.9,1
41.2,-76.9,1
41.2,-76.9,1
41.2,-76.9,1
41.2,-76.9,1
41.2,-76.9,1
41.2,-76.9,1
41.2,-76.9,1
41.2,-76.9,1
41.2,-76.9,1
41.2,-76.9,1
41.2,-76.9,1
41.2,-76.9,1
41.2,-76.9,1
41.2,-76.9,1
41.2,-76.9,1
41.2,-76.9,1
41.2,-76.9,1
41.2,-76.9,1
41.2,-76.9,1
41.2,-76.9,1
41.2,-76.9,1
41.2,-76.9,1
41.2,-76.9,1
41.2,-76.9,1
41.2,-76.9,1
41.2,-76.9,1
41.2,-76.9,1
41.2,-76.9,1
41.2,-76.9,1
41.2,-76.9,1
41.2,-76.9,1
41.2,-76.9,1
41.2,-76.9,1
41.2,-76.9,1
41.2,-76.9,1
41.2,-76.9,1
41.2,-76.9,1
41.2,-76.9,1
41.2,-76.9,1
41.2,-76.9,1
41.2,-76.9,1
41.2,-76.9,1
41.2,-76.9,1
41.2,-76.9,1
41.2,-76.9,1
41.2,-76.9,1
41.2,-76.9,1
41.2,-76.9,1
41.2,-76.9,1
41.2,-76.9,1
41.2,-76.9,1
41.2,-76.9,1
41.2,-76.9,1
41.2,-76.9,1
41.2,-76.9,1
41.2,-76.9,1
41.2,-76.9,1
41.2,-76.9,1
41.2,-76.9,1
41.2,-76.9,1
41.2,-76.9,1
41.2,-76.9,1
41.2,-76.9,1
41.2,-76.9,1
41.2,-76.9,1
41.2,-76.9,1
41.2,-76.9,1
41.2,-76.9,1
41.2,-76.9,1
41.2,-76.9,1
41.2,-76.9,1
41.2,-76.9,1
41.2,-76.9,1
41.2,-76.9,1
41.2,-76.9,1
41.2,-76.9,1
41.2,-76.9,1
41.2,-76.9,1
41.2,-76.9,1
41.2,-76.9,1
41.2,-76.9,1
41.2,-76.9,1
41.2,-76.9,1
41.2,-76.9,1
41.2,-76.9,1
41.2,-76.9,1
41.2,-76.9,1
41.2,-76.9,1
41.2,-76.9,1
41.2,-76.9,1
41.2,-76.9,1
41.2,-76.9,1
41.2,-76.9,1
41.2,-76.9,1
41.2,-76.9,1
41.2,-76.9,1
41.2,-76.9,1
41.2,-76.9,1
41.2,-76.9,1
41.2,-76.9,1
41.2,-76.9,1
41.2,-76.9,1
41.2,-76.9,1
41.2,-76.9,1
41.2,-76.9,1
41.2,-76.9,1
41.2,-76.9,1
41.2,-76.9,1
41.2,-76.9,1
41.2,-76.9,1
41.2,-76.9,1
41.2,-76.9,1
41.2,-76.9,1
41.2,-76.9,1
41.2,-76.9,1
41.2,-76.9,1
41.2,-76.9,1
41.2,-76.9,1
41.2,-76.9,1
41.2,-76.9,1
41.2,-76.9,1
41.2,-76.9,1
41.2,-76.9,1
41.2,-76.9,1
41.2,-76.9,1
41.2,-76.9,1
41.2,-76.9,1
41.2,-76.9,1
41.2,-76.9,1
41.2,-76.9,1
41.2,-76.9,1
41.2,-76.9,1
41.2,-76.9,1
41.2,-76.9,1
41.2,-76.9,1
41.2,-76.9,1
41.2,-76.9,1
41.2,-76.9,1
41.2,-76.9,1
41.2,-76.9,1
41.2,-76.9,1
41.2,-76.9,1
41.2,-76.9,1
41.2,-76.9,1
41.2,-76.9,1
41.2,-76.9,1
41.2,-76.9,1
41.2,-76.9,1
41.2,-76.9,1
41.2,-76.9,1
41.2,-76.9,1
41.2,-76.9,1
41.2,-76.9,1
41.2,-76.9,1
41.2,-76.9,1
41.2,-76.9,1
41.2,-76.9,1
41.2,-76.9,1
41.2,-76.9,1
41.2,-76.9,1
41.2,-76.9,1
41.2,-76.9,1
41.2,-76.9,1
41.2,-76.9,1
41.2,-76.9,1
41.2,-76.9,1
41.2,-76.9,1
41.2,-76.9,1
41.2,-76.9,1
41.2,-76.9,1
41.2,-76.9,1
41.2,-76.9,1
41.2,-76.9,1
41.2,-76.9,1
41.2,-76.9,1
41.2,-76.9,1
41.2,-76.9,1
41.2,-76.9,1
41.2,-76.9,1
41.2,-76.9,1
41.2,-76.9,1
41.2,-76.9,1
41.2,-76.9,1
41.2,-76.9,1
41.2,-76.9,1
41.2,-76.9,1
41.2,-76.9,1
41.2,-76.9,1
41.2,-76.9,1
41.2,-76.9,1
41.2,-76.9,1
41.2,-76.9,1
41.2,-76.9,1
41.2,-76.9,1
41.2,-76.9,1
41.2,-76.9,1
41.2,-76.9,1
41.2,-76.9,1
41.2,-76.9,1
41.2,-76.9,1
41.2,-76.9,1
41.2,-76.9,1
41.2,-76.9,1
41.2,-76.9,1
41.2,-76.9,1
41.2,-76.9,1
41.2,-76.9,1
41.2,-76.9,1
41.2,-76.9,1
41.2,-76.9,1
41.2,-76.9,1
41.2,-76.9,1
41.2,-76.9,1
41.2,-76.9,1
41.2,-76.9,1
41.2,-76.9,1
41.2,-76.9,1
41.2,-76.9,1
41.2,-76.9,1
41.2,-76.9,1
41.2,-76.9,1
41.2,-76.9,1
41.2,-76.9,1
41.2,-76.9,1
41.2,-76.9,1
41.2,-76.9,1
41.2,-76.9,1
41.2,-76.9,1
41.2,-76.9,1
41.2,-76.9,1
41.2,-76.9,1
41.2,-76.9,1
41.2,-76.9,1
41.2,-76.9,1
41.2,-76.9,1
41.2,-76.9,1
41.2,-76.9,1
41.2,-76.9,1
41.2,-76.9,1
41.2,-76.9,1
41.2,-76.9,1
41.2,-76.9,1
41.2,-76.9,1
41.2,-76.9,1
41.2,-76.9,1
41.2,-76.9,1
41.2,-76.9,1
41.2,-76.9,1
41.2,-76.9,1
41.2,-76.9,1
41.2,-76.9,1
41.2,-76.9,1
41.2,-76.9,1
41.2,-76.9,1
41.2,-76.9,1
41.2,-76.9,1
41.2,-76.9,1
41.2,-76.9,1
41.2,-76.9,1
41.2,-76.9,1
41.2,-76.9,1
41.2,-76.9,1
41.2,-76.9,1
41.2,-76.9,1
41.2,-76.9,1
41.2,-76.9,1
41.2,-76.9,1
41.2,-76.9,1
41.2,-76.9,1
41.2,-76.9,1
41.2,-76.9,1
41.2,-76.9,1
41.2,-76.9,1
41.2,-76.9,1
41.2,-76.9,1
41.2,-76.9,1
41.2,-76.9,1
41.2,-76.9,1
41.2,-76.9,1
41.2,-76.9,1
41.2,-76.9,1
41.2,-76.9,1
41.2,-76.9,1
41.2,-76.9,1
41.2,-76.9,1
41.2,-76.9,1
41.2,-76.9,1
41.2,-76.9,1
41.2,-76.9,1
41.2,-76.9,1
41.2,-76.9,1
41.2,-76.9,1
41.2,-76.9,1
41.2,-76.9,1
41.2,-76.9,1
41.2,-76.9,1
41.2,-76.9,1
41.2,-76.9,1
41.2,-76.9,1
41.2,-76.9,1
41.2,-76.9,1
41.2,-76.9,1
41.2,-76.9,1
41.2,-76.9,1
41.2,-76.9,1
41.2,-76.9,1
41.2,-76.9,1
41.2,-76.9,1
41.2,-76.9,1
41.2,-76.9,1
41.2,-76.9,1
41.2,-76.9,1
41.2,-76.9,1
41.2,-76.9,1
41.2,-76.9,1
41.2,-76.9,1
41.2,-76.9,1
41.2,-76.9,1
41.2,-76.9,1
41.2,-76.9,1
41.2,-76.9,1
41.2,-76.9,1
41.2,-76.9,1
41.2,-76.9,1
41.2,-76.9,1
41.2,-76.9,1
41.2,-76.9,1
41.2,-76.9,1
41.2,-76.9,1
41.2,-76.9,1
41.2,-76.9,1
41.2,-76.9,1
41.2,-76.9,1
41.2,-76.9,1
41.2,-76.9,1
41.2,-76.9,1
41.2,-76.9,1
41.2,-76.9,1
41.2,-76.9,1
41.2,-76.9,1
41.2,-76.9,1
41.2,-76.9,1
41.2,-76.9,1
41.2,-76.9,1
41.2,-76.9,1
41.2,-76.9,1
41.2,-76.9,1
41.2,-76.9,1
41.2,-76.9,1
41.2,-76.9,1
41.2,-76.9,1
41.2,-76.9,1
41.2,-76.9,1
41.2,-76.9,1
41.2,-76.9,1
41.2,-76.9,1
41.2,-76.9,1
41.2,-76.9,1
41.2,-76.9,1
41.2,-76.9,1
41.2,-76.9,1
41.2,-76.9,1
41.2,-76.9,1
41.2,-76.9,1
41.2,-76.9,1
41.2,-76.9,1
41.2,-76.9,1
41.2,-76.9,1
41.2,-76.9,1
41.2,-76.9,1
41.2,-76.9,1
41.2,-76.9,1
41.2,-76.9,1
41.2,-76.9,1
41.2,-76.9,1
41.2,-76.9,1
41.2,-76.9,1
41.2,-76.9,1
41.2,-76.9,1
41.2,-76.9,1
41.2,-76.9,1
41.2,-76.9,1
41.2,-76.9,1
41.2,-76.9,1
41.2,-76.9,1
41.2,-76.9,1
41.2,-76.9,1
41.2,-76.9,1
41.2,-76.9,1
41.2,-76.9,1
41.2,-76.9,1
41.2,-76.9,1
41.2,-76.9,1
41.2,-76.9,1
41.2,-76.9,1
41.2,-76.9,1
41.2,-76.9,1
41.2,-76.9,1
41.2,-76.9,1
41.2,-76.9,1
41.2,-76.9,1
41.2,-76.9,1
41.2,-76.9,1
41.2,-76.9,1
41.2,-76.9,1
41.2,-76.9,1
41.2,-76.9,1
41.2,-76.9,1
41.2,-76.9,1
41.2,-76.9,1
41.2,-76.9,1
41.2,-76.9,1
41.2,-76.9,1
41.2,-76.9,1
41.2,-76.9,1
41.2,-76.9,1
41.2,-76.9,1
41.2,-76.9,1
41.2,-76.9,1
41.2,-76.9,1
41.2,-76.9,1
41.2,-76.9,1
41.2,-76.9,1
41.2,-76.9,1
41.2,-76.9,1
41.2,-76.9,1
41.2,-76.9,1
41.2,-76.9,1
41.2,-76.9,1
41.2,-76.9,1
41.2,-76.9,1
41.2,-76.9,1
41.2,-76.9,1
41.2,-76.9,1
41.2,-76.9,1
41.2,-76.9,1
41.2,-76.9,1
41.2,-76.9,1
41.2,-76.9,1
41.2,-76.9,1
41.2,-76.9,1
41.2,-76.9,1
41.2,-76.9,1
41.2,-76.9,1
41.2,-76.9,1
41.2,-76.9,1
41.2,-76.9,1
41.2,-76.9,1
41.2,-76.9,1
41.2,-76.9,1
41.2,-76.9,1
41.2,-76.9,1
41.2,-76.9,1
41.2,-76.9,1
41.2,-76.9,1
41.2,-76.9,1
41.2,-76.9,1
41.2,-76.9,1
41.2,-76.9,1
41.2,-76.9,1
41.2,-76.9,1
41.2,-76.9,1
41.2,-76.9,1
41.2,-76.9,1
41.2,-76.9,1
41.2,-76.9,1
41.2,-76.9,1
41.2,-76.9,1
41.2,-76.9,1
41.2,-76.9,1
41.2,-76.9,1
41.2,-76.9,1
41.2,-76.9,1
41.2,-76.9,1
41.2,-76.9,1
41.2,-76.9,1
41.2,-76.9,1
41.2,-76.9,1
41.2,-76.9,1
41.2,-76.9,1
41.2,-76.9,1
41.2,-76.9,1
41.2,-76.9,1
41.2,-76.9,1
41.2,-76.9,1
41.2,-76.9,1
41.2,-76.9,1
41.2,-76.9,1
41.2,-76.9,1
41.2,-76.9,1
41.2,-76.9,1
41.2,-76.9,1
41.2,-76.9,1
41.2,-76.9,1
41.2,-76.9,1
41.2,-76.9,1
41.2,-76.9,1
41.2,-76.9,1
41.2,-76.9,1
41.2,-76.9,1
41.2,-76.9,1
41.2,-76.9,1
41.2,-76.9,1
41.2,-76.9,1
41.2,-76.9,1
41.2,-76.9,1
41.2,-76.9,1
41.2,-76.9,1
41.2,-76.9,1
41.2,-76.9,1
41.2,-76.9,1
41.2,-76.9,1
41.2,-76.9,1
41.2,-76.9,1
41.2,-76.9,1
41.2,-76.9,1
41.2,-76.9,1
41.2,-76.9,1
41.2,-76.9,1
41.2,-76.9,1
41.2,-76.9,1
41.2,-76.9,1
41.2,-76.9,1
41.2,-76.9,1
41.2,-76.9,1
41.2,-76.9,1
41.2,-76.9,1
41.2,-76.9,1
41.2,-76.9,1
41.2,-76.9,1
41.2,-76.9,1
41.2,-76.9,1
41.2,-76.9,1
41.2,-76.9,1
41.2,-76.9,1
41.2,-76.9,1
41.2,-76.9,1
41.2,-76.9,1
41.2,-76.9,1
41.2,-76.9,1
41.2,-76.9,1
41.2,-76.9,1
41.2,-76.9,1
41.2,-76.9,1
41.2,-76.9,1
41.2,-76.9,1
41.2,-76.9,1
41.2,-76.9,1
41.2,-76.9,1
41.2,-76.9,1
41.2,-76.9,1
41.2,-76.9,1
41.2,-76.9,1
41.2,-76.9,1
41.2,-76.9,1
41.2,-76.9,1
41.2,-76.9,1
41.2,-76.9,1
41.2,-76.9,1
41.2,-76.9,1
41.2,-76.9,1
41.2,-76.9,1
41.2,-76.9,1
41.2,-76.9,1
41.2,-76.9,1
41.2,-76.9,1
41.2,-76.9,1
41.2,-76.9,1
41.2,-76.9,1
41.2,-76.9,1
41.2,-76.9,1
41.2,-76.9,1
41.2,-76.9,1
41.2,-76.9,1
41.2,-76.9,1
41.2,-76.9,1
41.2,-76.9,1
41.2,-76.9,1
41.2,-76.9,1
41.2,-76.9,1
41.2,-76.9,1
41.2,-76.9,1
41.2,-76.9,1
41.2,-76.9,1
41.2,-76.9,1
41.2,-76.9,1
41.2,-76.9,1
41.2,-76.9,1
41.2,-76.9,1
41.2,-76.9,1
41.2,-76.9,1
41.2,-76.9,1
41.2,-76.9,1
41.2,-76.9,1
41.2,-76.9,1
41.2,-76.9,1
41.2,-76.9,1
41.2,-76.9,1
41.2,-76.9,1
41.2,-76.9,1
41.2,-76.9,1
41.2,-76.9,1
41.2,-76.9,1
41.2,-76.9,1
41.2,-76.9,1
41.2,-76.9,1
41.2,-76.9,1
41.2,-76.9,1
41.2,-76.9,1
41.2,-76.9,1
41.2,-76.9,1
41.2,-76.9,1
41.2,-76.9,1
41.2,-76.9,1
41.2,-76.9,1
41.2,-76.9,1
41.2,-76.9,1
41.2,-76.9,1
41.2,-76.9,1
41.2,-76.9,1
41.2,-76.9,1
41.2,-76.9,1
41.2,-76.9,1
41.2,-76.9,1
41.2,-76.9,1
41.2,-76.9,1
41.2,-76.9,1
41.2,-76.9,1
41.2,-76.9,1
41.2,-76.9,1
41.2,-76.9,1
41.2,-76.9,1
41.2,-76.9,1
41.2,-76.9,1
41.2,-76.9,1
41.2,-76.9,1
41.2,-76.9,1
41.2,-76.9,1
41.2,-76.9,1
41.2,-76.9,1
41.2,-76.9,1
41.2,-76.9,1
41.2,-76.9,1
41.2,-76.9,1
41.2,-76.9,1
41.2,-76.9,1
41.2,-76.9,1
41.2,-76.9,1
41.2,-76.9,1
41.2,-76.9,1
41.2,-76.9,1
41.2,-76.9,1
41.2,-76.9,1
41.2,-76.9,1
41.2,-76.9,1
41.2,-76.9,1
41.2,-76.9,1
41.2,-76.9,1
41.2,-76.9,1
41.2,-76.9,1
41.2,-76.9,1
41.2,-76.9,1
41.2,-76.9,1
41.2,-76.9,1
41.2,-76.9,1
41.2,-76.9,1
41.2,-76.9,1
41.2,-76.9,1
41.2,-76.9,1
41.2,-76.9,1
41.2,-76.9,1
41.2,-76.9,1
41.2,-76.9,1
41.2,-76.9,1
41.2,-76.9,1
41.2,-76.9,1
41.2,-76.9,1
41.2,-76.9,1
41.2,-76.9,1
41.2,-76.9,1
41.2,-76.9,1
41.2,-76.9,1
41.2,-76.9,1
41.2,-76.9,1
41.2,-76.9,1
41.2,-76.9,1
41.2,-76.9,1
41.2,-76.9,1
41.2,-76.9,1
41.2,-76.9,1
41.2,-76.9,1
41.2,-76.9,1
41.2,-76.9,1
41.2,-76.9,1
41.2,-76.9,1
41.2,-76.9,1
41.2,-76.9,1
41.2,-76.9,1
41.2,-76.9,1
41.2,-76.9,1
41.2,-76.9,1
41.2,-76.9,1
41.2,-76.9,1
41.2,-76.9,1
41.2,-76.9,1
41.2,-76.9,1
41.2,-76.9,1
41.2,-76.9,1
41.2,-76.9,1
41.2,-76.9,1
41.2,-76.9,1
41.2,-76.9,1
41.2,-76.9,1
41.2,-76.9,1
41.2,-76.9,1
41.2,-76.9,1
41.2,-76.9,1
41.2,-76.9,1
41.2,-76.9,1
41.2,-76.9,1
41.2,-76.9,1
41.2,-76.9,1
41.2,-76.9,1
41.2,-76.9,1
41.2,-76.9,1
41.2,-76.9,1
41.2,-76.9,1
41.2,-76.9,1
41.2,-76.9,1
41.2,-76.9,1
41.2,-76.9,1
41.2,-76.9,1
41.2,-76.9,1
41.2,-76.9,1
41.2,-76.9,1
41.2,-76.9,1
41.2,-76.9,1
41.2,-76.9,1
41.2,-76.9,1
41.2,-76.9,1
41.2,-76.9,1
41.2,-76.9,1
41.2,-76.9,1
41.2,-76.9,1
41.2,-76.9,1
41.2,-76.9,1
41.2,-76.9,1
41.2,-76.9,1
41.2,-76.9,1
41.2,-76.9,1
41.2,-76.9,1
41.2,-76.9,1
41.2,-76.9,1
41.2,-76.9,1
41.2,-76.9,1
41.2,-76.9,1
41.2,-76.9,1
41.2,-76.9,1
41.2,-76.9,1
41.2,-76.9,1
41.2,-76.9,1
41.2,-76.9,1
41.2,-76.9,1
41.2,-76.9,1
41.2,-76.9,1
41.2,-76.9,1
41.2,-76.9,1
41.2,-76.9,1
41.2,-76.9,1
41.2,-76.9,1
41.2,-76.9,1
41.2,-76.9,1
41.2,-76.9,1
41.2,-76.9,1
41.2,-76.9,1
41.2,-76.9,1
41.2,-76.9,1
41.2,-76.9,1
41.2,-76.9,1
41.2,-76.9,1
41.2,-76.9,1
41.2,-76.9,1
41.2,-76.9,1
41.2,-76.9,1
41.2,-76.9,1
41.2,-76.9,1
41.2,-76.9,1
41.2,-76.9,1
41.2,-76.9,1
41.2,-76.9,1
41.2,-76.9,1
41.2,-76.9,1
41.2,-76.9,1
41.2,-76.9,1
41.2,-76.9,1
41.2,-76.9,1
41.2,-76.9,1
41.2,-76.9,1
41.2,-76.9,1
41.2,-76.9,1
41.2,-76.9,1
41.2,-76.9,1
41.2,-76.9,1
41.2,-76.9,1
41.2,-76.9,1
41.2,-76.9,1
41.2,-76.9,1
41.2,-76.9,1
41.2,-76.9,1
41.2,-76.9,1
41.2,-76.9,1
41.2,-76.9,1
41.2,-76.9,1
41.2,-76.9,1
41.2,-76.9,1
41.2,-76.9,1
41.2,-76.9,1
41.2,-76.9,1
41.2,-76.9,1
41.2,-76.9,1
41.2,-76.9,1
41.2,-76.9,1
41.2,-76.9,1
41.2,-76.9,1
41.2,-76.9,1
41.2,-76.9,1
41.2,-76.9,1
41.2,-76.9,1
41.2,-76.9,1
41.2,-76.9,1
41.2,-76.9,1
41.2,-76.9,1
41.2,-76.9,1
41.2,-76.9,1
41.2,-76.9,1
41.2,-76.9,1
41.2,-76.9,1
41.2,-76.9,1
41.2,-76.9,1
41.2,-76.9,1
41.2,-76.9,1
41.2,-76.9,1
41.2,-76.9,1
41.2,-76.9,1
41.2,-76.9,1
41.2,-76.9,1
41.2,-76.9,1
41.2,-76.9,1
41.2,-76.9,1
41.2,-76.9,1
41.2,-76.9,1
41.2,-76.9,1
41.2,-76.9,1
41.2,-76.9,1
41.2,-76.9,1
41.2,-76.9,1
41.2,-76.9,1
41.2,-76.9,1
41.2,-76.9,1
41.2,-76.9,1
41.2,-76.9,1
41.2,-76.9,1
41.2,-76.9,1
41.2,-76.9,1
41.2,-76.9,1
41.2,-76.9,1
41.2,-76.9,1
41.2,-76.9,1
41.2,-76.9,1
41.2,-76.9,1
41.2,-76.9,1
41.2,-76.9,1
41.2,-76.9,1
41.2,-76.9,1
41.2,-76.9,1
41.2,-76.9,1
41.2,-76.9,1
41.2,-76.9,1
41.2,-76.9,1
41.2,-76.9,1
41.2,-76.9,1
41.2,-76.9,1
41.2,-76.9,1
41.2,-76.9,1
41.2,-76.9,1
41.2,-76.9,1
41.2,-76.9,1
41.2,-76.9,1
41.2,-76.9,1
41.2,-76.9,1
41.2,-76.9,1
41.2,-76.9,1
41.2,-76.9,1
41.2,-76.9,1
41.2,-76.9,1
41.2,-76.9,1
41.2,-76.9,1
41.2,-76.9,1
41.2,-76.9,1
41.2,-76.9,1
41.2,-76.9,1
41.2,-76.9,1
41.2,-76.9,1
41.2,-76.9,1
41.2,-76.9,1
41.2,-76.9,1
41.2,-76.9,1
41.2,-76.9,1
41.2,-76.9,1
41.2,-76.9,1
41.2,-76.9,1
41.2,-76.9,1
41.2,-76.9,1
41.2,-76.9,1
41.2,-76.9,1
41.2,-76.9,1
41.2,-76.9,1
41.2,-76.9,1
41.2,-76.9,1
41.2,-76.9,1
41.2,-76.9,1
41.2,-76.9,1
41.2,-76.9,1
41.2,-76.9,1
41.2,-76.9,1
41.2,-76.9,1
41.2,-76.9,1
41.2,-76.9,1
41.2,-76.9,1
41.2,-76.9,1
41.2,-76.9,1
41.2,-76.9,1
41.2,-76.9,1
41.2,-76.9,1
41.2,-76.9,1
41.2,-76.9,1
41.2,-76.9,1
41.2,-76.9,1
41.2,-76.9,1
41.2,-76.9,1
41.2,-76.9,1
41.2,-76.9,1
41.2,-76.9,1
41.2,-76.9,1
41.2,-76.9,1
41.2,-76.9,1
41.2,-76.9,1
41.2,-76.9,1
41.2,-76.9,1
41.2,-76.9,1
41.2,-76.9,1
41.2,-76.9,1
41.2,-76.9,1
41.2,-76.9,1
41.2,-76.9,1
41.2,-76.9,1
41.2,-76.9,1
41.2,-76.9,1
41.2,-76.9,1
41.2,-76.9,1
41.2,-76.9,1
41.2,-76.9,1
41.2,-76.9,1
41.2,-76.9,1
41.2,-76.9,1
41.2,-76.9,1
41.2,-76.9,1
41.2,-76.9,1
41.2,-76.9,1
41.2,-76.9,1
41.2,-76.9,1
41.2,-76.9,1
41.2,-76.9,1
41.2,-76.9,1
41.2,-76.9,1
41.2,-76.9,1
41.2,-76.9,1
41.2,-76.9,1
41.2,-76.9,1
41.2,-76.9,1
41.2,-76.9,1
41.2,-76.9,1
41.2,-76.9,1
41.2,-76.9,1
41.2,-76.9,1
41.2,-76.9,1
41.2,-76.9,1
41.2,-76.9,1
41.2,-76.9,1
41.2,-76.9,1
41.2,-76.9,1
41.2,-76.9,1
41.2,-76.9,1
41.2,-76.9,1
41.2,-76.9,1
41.2,-76.9,1
41.2,-76.9,1
41.2,-76.9,1
41.2,-76.9,1
41.2,-76.9,1
41.2,-76.9,1
41.2,-76.9,1
41.2,-76.9,1
41.2,-76.9,1
41.2,-76.9,1
41.2,-76.9,1
41.2,-76.9,1
41.2,-76.9,1
41.2,-76.9,1
41.2,-76.9,1
41.2,-76.9,1
41.2,-76.9,1
41.2,-76.9,1
41.2,-76.9,1
41.2,-76.9,1
41.2,-76.9,1
41.2,-76.9,1
41.2,-76.9,1
41.2,-76.9,1
41.2,-76.9,1
41.2,-76.9,1
41.2,-76.9,1
41.2,-76.9,1
41.2,-76.9,1
41.2,-76.9,1
41.2,-76.9,1
41.2,-76.9,1
41.2,-76.9,1
41.2,-76.9,1
41.2,-76.9,1
41.2,-76.9,1
41.2,-76.9,1
41.2,-76.9,1
41.2,-76.9,1
41.2,-76.9,1
41.2,-76.9,1
41.2,-76.9,1
41.2,-76.9,1
41.2,-76.9,1
41.2,-76.9,1
41.2,-76.9,1
41.2,-76.9,1
41.2,-76.9,1
41.2,-76.9,1
41.2,-76.9,1
41.2,-76.9,1
41.2,-76.9,1
41.2,-76.9,1
41.2,-76.9,1
41.2,-76.9,1
41.2,-76.9,1
41.2,-76.9,1
41.2,-76.9,1
41.2,-76.9,1
41.2,-76.9,1
41.2,-76.9,1
41.2,-76.9,1
41.2,-76.9,1
41.2,-76.9,1
41.2,-76.9,1
41.2,-76.9,1
41.2,-76.9,1
41.2,-76.9,1
41.2,-76.9,1
41.2,-76.9,1
41.2,-76.9,1
41.2,-76.9,1
41.2,-76.9,1
41.2,-76.9,1
41.2,-76.9,1
41.2,-76.9,1
41.2,-76.9,1
41.2,-76.9,1
41.2,-76.9,1
41.2,-76.9,1
41.2,-76.9,1
41.2,-76.9,1
41.2,-76.9,1
41.2,-76.9,1
41.2,-76.9,1
41.2,-76.9,1
41.2,-76.9,1
41.2,-76.9,1
41.2,-76.9,1
41.2,-76.9,1
41.2,-76.9,1
41.2,-76.9,1
41.2,-76.9,1
41.2,-76.9,1
41.2,-76.9,1
41.2,-76.9,1
41.2,-76.9,1
41.2,-76.9,1
41.2,-76.9,1
41.2,-76.9,1
41.2,-76.9,1
41.2,-76.9,1
41.2,-76.9,1
41.2,-76.9,1
41.2,-76.9,1
41.2,-76.9,1
41.2,-76.9,1
41.2,-76.9,1
41.2,-76.9,1
41.2,-76.9,1
41.2,-76.9,1
41.2,-76.9,1
41.2,-76.9,1
41.2,-76.9,1
41.2,-76.9,1
41.2,-76.9,1
41.2,-76.9,1
41.2,-76.9,1
41.2,-76.9,1
41.2,-76.9,1
41.2,-76.9,1
41.2,-76.9,1
41.2,-76.9,1
41.2,-76.9,1
41.2,-76.9,1
41.2,-76.9,1
41.2,-76.9,1
41.2,-76.9,1
41.2,-76.9,1
41.2,-76.9,1
41.2,-76.9,1
41.2,-76.9,1
41.2,-76.9,1
41.2,-76.9,1
41.2,-76.9,1
41.2,-76.9,1
41.2,-76.9,1
41.2,-76.9,1
41.2,-76.9,1
41.2,-76.9,1
41.2,-76.9,1
41.2,-76.9,1
41.2,-76.9,1
41.2,-76.9,1
41.2,-76.9,1
41.2,-76.9,1
41.2,-76.9,1
41.2,-76.9,1
41.2,-76.9,1
41.2,-76.9,1
41.2,-76.9,1
41.2,-76.9,1
41.2,-76.9,1
41.2,-76.9,1
41.2,-76.9,1
41.2,-76.9,1
41.2,-76.9,1
41.2,-76.9,1
41.2,-76.9,1
41.2,-76.9,1
41.2,-76.9,1
41.2,-76.9,1
41.2,-76.9,1
41.2,-76.9,1
41.2,-76.9,1
41.2,-76.9,1
41.2,-76.9,1
41.2,-76.9,1
41.2,-76.9,1
41.2,-76.9,1
41.2,-76.9,1
41.2,-76.9,1
41.2,-76.9,1
41.2,-76.9,1
41.2,-76.9,1
41.2,-76.9,1
41.2,-76.9,1
41.2,-76.9,1
41.2,-76.9,1
41.2,-76.9,1
41.2,-76.9,1
41.2,-76.9,1
41.2,-76.9,1
41.2,-76.9,1
41.2,-76.9,1
41.2,-76.9,1
41.2,-76.9,1
41.2,-76.9,1
41.2,-76.9,1
41.2,-76.9,1
41.2,-76.9,1
41.2,-76.9,1
41.2,-76.9,1
41.2,-76.9,1
41.2,-76.9,1
41.2,-76.9,1
41.2,-76.9,1
41.2,-76.9,1
41.2,-76.9,1
41.2,-76.9,1
41.2,-76.9,1
41.2,-76.9,1
41.2,-76.9,1
41.2,-76.9,1
41.2,-76.9,1
41.2,-76.9,1
41.2,-76.9,1
41.2,-76.9,1
41.2,-76.9,1
41.2,-76.9,1
41.2,-76.9,1
41.2,-76.9,1
41.2,-76.9,1
41.2,-76.9,1
41.2,-76.9,1
41.2,-76.9,1
41.2,-76.9,1
41.2,-76.9,1
41.2,-76.9,1
41.2,-76.9,1
41.2,-76.9,1
41.2,-76.9,1
41.2,-76.9,1
41.2,-76.9,1
41.2,-76.9,1
41.2,-76.9,1
41.2,-76.9,1
41.2,-76.9,1
41.2,-76.9,1
41.2,-76.9,1
41.2,-76.9,1
41.2,-76.9,1
41.2,-76.9,1
41.2,-76.9,1
41.2,-76.9,1
41.2,-76.9,1
41.2,-76.9,1
41.2,-76.9,1
41.2,-76.9,1
41.2,-76.9,1
41.2,-76.9,1
41.2,-76.9,1
41.2,-76.9,1
41.2,-76.9,1
41.2,-76.9,1
41.2,-76.9,1
41.2,-76.9,1
41.2,-76.9,1
41.2,-76.9,1
41.2,-76.9,1
41.2,-76.9,1
41.2,-76.9,1
41.2,-76.9,1
41.2,-76.9,1
41.2,-76.9,1
41.2,-76.9,1
41.2,-76.9,1
41.2,-76.9,1
41.2,-76.9,1
41.2,-76.9,1
41.2,-76.9,1
41.2,-76.9,1
41.2,-76.9,1
41.2,-76.9,1
41.2,-76.9,1
41.2,-76.9,1
41.2,-76.9,1
41.2,-76.9,1
41.2,-76.9,1
41.2,-76.9,1
41.2,-76.9,1
41.2,-76.9,1
41.2,-76.9,1
41.2,-76.9,1
41.2,-76.9,1
41.2,-76.9,1
41.2,-76.9,1
41.2,-76.9,1
41.2,-76.9,1
41.2,-76.9,1
41.2,-76.9,1
41.2,-76.9,1
41.2,-76.9,1
41.2,-76.9,1
41.2,-76.9,1
41.2,-76.9,1
41.2,-76.9,1
41.2,-76.9,1
41.2,-76.9,1
41.2,-76.9,1
41.2,-76.9,1
41.2,-76.9,1
41.2,-76.9,1
41.2,-76.9,1
41.2,-76.9,1
41.2,-76.9,1
41.2,-76.9,1
41.2,-76.9,1
41.2,-76.9,1
41.2,-76.9,1
41.2,-76.9,1
41.2,-76.9,1
41.2,-76.9,1
41.2,-76.9,1
41.2,-76.9,1
41.2,-76.9,1
41.2,-76.9,1
41.2,-76.9,1
41.2,-76.9,1
41.2,-76.9,1
41.2,-76.9,1
41.2,-76.9,1
41.2,-76.9,1
41.2,-76.9,1
41.2,-76.9,1
41.2,-76.9,1
41.2,-76.9,1
41.2,-76.9,1
41.2,-76.9,1
41.2,-76.9,1
41.2,-76.9,1
41.2,-76.9,1
41.2,-76.9,1
41.2,-76.9,1
41.2,-76.9,1
41.2,-76.9,1
41.2,-76.9,1
41.2,-76.9,1
41.2,-76.9,1
41.2,-76.9,1
41.2,-76.9,1
41.2,-76.9,1
41.2,-76.9,1
41.2,-76.9,1
41.2,-76.9,1
41.2,-76.9,1
41.2,-76.9,1
41.2,-76.9,1
41.2,-76.9,1
41.2,-76.9,1
41.2,-76.9,1
41.2,-76.9,1
41.2,-76.9,1
41.2,-76.9,1
41.2,-76.9,1
41.2,-76.9,1
41.2,-76.9,1
41.2,-76.9,1
41.2,-76.9,1
41.2,-76.9,1
41.2,-76.9,1
41.2,-76.9,1
41.2,-76.9,1
41.2,-76.9,1
41.2,-76.9,1
41.2,-76.9,1
41.2,-76.9,1
41.2,-76.9,1
41.2,-76.9,1
41.2,-76.9,1
41.2,-76.9,1
41.2,-76.9,1
41.2,-76.9,1
41.2,-76.9,1
41.2,-76.9,1
41.2,-76.9,1
41.2,-76.9,1
41.2,-76.9,1
41.2,-76.9,1
41.2,-76.9,1
41.2,-76.9,1
41.2,-76.9,1
41.2,-76.9,1
41.2,-76.9,1
41.2,-76.9,1
41.2,-76.9,1
41.2,-76.9,1
41.2,-76.9,1
41.2,-76.9,1
41.2,-76.9,1
41.2,-76.9,1
41.2,-76.9,1
41.2,-76.9,1
41.2,-76.9,1
41.2,-76.9,1
41.2,-76.9,1
41.2,-76.9,1
41.2,-76.9,1
41.2,-76.9,1
41.2,-76.9,1
41.2,-76.9,1
41.2,-76.9,1
41.2,-76.9,1
41.2,-76.9,1
41.2,-76.9,1
41.2,-76.9,1
41.2,-76.9,1
41.2,-76.9,1
41.2,-76.9,1
41.2,-76.9,1
41.2,-76.9,1
41.2,-76.9,1
41.2,-76.9,1
41.2,-76.9,1
41.2,-76.9,1
41.2,-76.9,1
41.2,-76.9,1
41.2,-76.9,1
41.2,-76.9,1
41.2,-76.9,1
41.2,-76.9,1
41.2,-76.9,1
41.2,-76.9,1
41.2,-76.9,1
41.2,-76.9,1
41.2,-76.9,1
41.2,-76.9,1
41.2,-76.9,1
41.2,-76.9,1
41.2,-76.9,1
41.2,-76.9,1
41.2,-76.9,1
41.2,-76.9,1
41.2,-76.9,1
41.2,-76.9,1
41.2,-76.9,1
41.2,-76.9,1
41.2,-76.9,1
41.2,-76.9,1
41.2,-76.9,1
41.2,-76.9,1
41.2,-76.9,1
41.2,-76.9,1
41.2,-76.9,1
41.2,-76.9,1
41.2,-76.9,1
41.2,-76.9,1
41.2,-76.9,1
41.2,-76.9,1
41.2,-76.9,1
41.2,-76.9,1
41.2,-76.9,1
41.2,-76.9,1
41.2,-76.9,1
41.2,-76.9,1
41.2,-76.9,1
41.2,-76.9,1
41.2,-76.9,1
41.2,-76.9,1
41.2,-76.9,1
41.2,-76.9,1
41.2,-76.9,1
41.2,-76.9,1
41.2,-76.9,1
41.2,-76.9,1
41.2,-76.9,1
41.2,-76.9,1
41.2,-76.9,1
41.2,-76.9,1
41.2,-76.9,1
41.2,-76.9,1
41.2,-76.9,1
41.2,-76.9,1
41.2,-76.9,1
41.2,-76.9,1
41.2,-76.9,1
41.2,-76.9,1
41.2,-76.9,1
41.2,-76.9,1
41.2,-76.9,1
41.2,-76.9,1
41.2,-76.9,1
41.2,-76.9,1
41.2,-76.9,1
41.2,-76.9,1
41.2,-76.9,1
41.2,-76.9,1
41.2,-76.9,1
41.2,-76.9,1
41.2,-76.9,1
41.2,-76.9,1
41.2,-76.9,1
41.2,-76.9,1
41.2,-76.9,1
41.2,-76.9,1
41.2,-76.9,1
41.2,-76.9,1
41.2,-76.9,1
41.2,-76.9,1
41.2,-76.9,1
41.2,-76.9,1
41.2,-76.9,1
41.2,-76.9,1
41.2,-76.9,1
41.2,-76.9,1
41.2,-76.9,1
41.2,-76.9,1
41.2,-76.9,1
41.2,-76.9,1
41.2,-76.9,1
41.2,-76.9,1
41.2,-76.9,1
41.2,-76.9,1
41.2,-76.9,1
41.2,-76.9,1
41.2,-76.9,1
41.2,-76.9,1
41.2,-76.9,1
41.2,-76.9,1
41.2,-76.9,1
41.2,-76.9,1
41.2,-76.9,1
41.2,-76.9,1
41.2,-76.9,1
41.2,-76.9,1
41.2,-76.9,1
41.2,-76.9,1
41.2,-76.9,1
41.2,-76.9,1
41.2,-76.9,1
41.2,-76.9,1
41.2,-76.9,1
41.2,-76.9,1
41.2,-76.9,1
41.2,-76.9,1
41.2,-76.9,1
41.2,-76.9,1
41.2,-76.9,1
41.2,-76.9,1
41.2,-76.9,1
41.2,-76.9,1
41.2,-76.9,1
41.2,-76.9,1
41.2,-76.9,1
41.2,-76.9,1
41.2,-76.9,1
41.2,-76.9,1
41.2,-76.9,1
41.2,-76.9,1
41.2,-76.9,1
41.2,-76.9,1
41.2,-76.9,1
41.2,-76.9,1
41.2,-76.9,1
41.2,-76.9,1
41.2,-76.9,1
41.2,-76.9,1
41.2,-76.9,1
41.2,-76.9,1
41.2,-76.9,1
41.2,-76.9,1
41.2,-76.9,1
41.2,-76.9,1
41.2,-76.9,1
41.2,-76.9,1
41.2,-76.9,1
41.2,-76.9,1
41.2,-76.9,1
41.2,-76.9,1
41.2,-76.9,1
41.2,-76.9,1
41.2,-76.9,1
41.2,-76.9,1
41.2,-76.9,1
41.2,-76.9,1
41.2,-76.9,1
41.2,-76.9,1
41.2,-76.9,1
41.2,-76.9,1
41.2,-76.9,1
41.2,-76.9,1
41.2,-76.9,1
41.2,-76.9,1
41.2,-76.9,1
41.2,-76.9,1
41.2,-76.9,1
41.2,-76.9,1
41.2,-76.9,1
41.2,-76.9,1
41.2,-76.9,1
41.2,-76.9,1
41.2,-76.9,1
41.2,-76.9,1
41.2,-76.9,1
41.2,-76.9,1
41.2,-76.9,1
41.2,-76.9,1
41.2,-76.9,1
41.2,-76.9,1
41.2,-76.9,1
41.2,-76.9,1
41.2,-76.9,1
41.2,-76.9,1
41.2,-76.9,1
41.2,-76.9,1
41.2,-76.9,1
41.2,-76.9,1
41.2,-76.9,1
41.2,-76.9,1
41.2,-76.9,1
41.2,-76.9,1
41.2,-76.9,1
41.2,-76.9,1
41.2,-76.9,1
41.2,-76.9,1
41.2,-76.9,1
41.2,-76.9,1
41.2,-76.9,1
41.2,-76.9,1
41.2,-76.9,1
41.2,-76.9,1
41.2,-76.9,1
41.2,-76.9,1
41.2,-76.9,1
41.2,-76.9,1
41.2,-76.9,1
41.2,-76.9,1
41.2,-76.9,1
41.2,-76.9,1
41.2,-76.9,1
41.2,-76.9,1
41.2,-76.9,1
41.2,-76.9,1
41.2,-76.9,1
41.2,-76.9,1
41.2,-76.9,1
41.2,-76.9,1
41.2,-76.9,1
41.2,-76.9,1
41.2,-76.9,1
41.2,-76.9,1
41.2,-76.9,1
41.2,-76.9,1
41.2,-76.9,1
41.2,-76.9,1
41.2,-76.9,1
41.2,-76.9,1
41.2,-76.9,1
41.2,-76.9,1
41.2,-76.9,1
41.2,-76.9,1
41.2,-76.9,1
41.2,-76.9,1
41.2,-76.9,1
41.2,-76.9,1
41.2,-76.9,1
41.2,-76.9,1
41.2,-76.9,1
41.2,-76.9,1
41.2,-76.9,1
41.2,-76.9,1
41.2,-76.9,1
41.2,-76.9,1
41.2,-76.9,1
41.2,-76.9,1
41.2,-76.9,1
41.2,-76.9,1
41.2,-76.9,1
41.2,-76.9,1
41.2,-76.9,1
41.2,-76.9,1
41.2,-76.9,1
41.2,-76.9,1
41.2,-76.9,1
41.2,-76.9,1
41.2,-76.9,1
41.2,-76.9,1
41.2,-76.9,1
41.2,-76.9,1
41.2,-76.9,1
41.2,-76.9,1
41.2,-76.9,1
41.2,-76.9,1
41.2,-76.9,1
41.2,-76.9,1
41.2,-76.9,1
41.2,-76.9,1
41.2,-76.9,1
41.2,-76.9,1
41.2,-76.9,1
41.2,-76.9,1
41.2,-76.9,1
41.2,-76.9,1
41.2,-76.9,1
41.2,-76.9,1
41.2,-76.9,1
41.2,-76.9,1
41.2,-76.9,1
41.2,-76.9,1
41.2,-76.9,1
41.2,-76.9,1
41.2,-76.9,1
41.2,-76.9,1
41.2,-76.9,1
41.2,-76.9,1
41.2,-76.9,1
41.2,-76.9,1
41.2,-76.9,1
41.2,-76.9,1
41.2,-76.9,1
41.2,-76.9,1
41.2,-76.9,1
41.2,-76.9,1
41.2,-76.9,1
41.2,-76.9,1
41.2,-76.9,1
41.2,-76.9,1
41.2,-76.9,1
41.2,-76.9,1
41.2,-76.9,1
41.2,-76.9,1
41.2,-76.9,1
41.2,-76.9,1
41.2,-76.9,1
41.2,-76.9,1
41.2,-76.9,1
41.2,-76.9,1
41.2,-76.9,1
41.2,-76.9,1
41.2,-76.9,1
41.2,-76.9,1
41.2,-76.9,1
41.2,-76.9,1
41.2,-76.9,1
41.2,-76.9,1
41.2,-76.9,1
41.2,-76.9,1
41.2,-76.9,1
41.2,-76.9,1
41.2,-76.9,1
41.2,-76.9,1
41.2,-76.9,1
41.2,-76.9,1
41.2,-76.9,1
41.2,-76.9,1
41.2,-76.9,1
41.2,-76.9,1
41.2,-76.9,1
41.2,-76.9,1
41.2,-76.9,1
41.2,-76.9,1
41.2,-76.9,1
41.2,-76.9,1
41.2,-76.9,1
41.2,-76.9,1
41.2,-76.9,1
41.2,-76.9,1
41.2,-76.9,1
41.2,-76.9,1
41.2,-76.9,1
41.2,-76.9,1
41.2,-76.9,1
41.2,-76.9,1
41.2,-76.9,1
41.2,-76.9,1
41.2,-76.9,1
41.2,-76.9,1
41.2,-76.9,1
41.2,-76.9,1
41.2,-76.9,1
41.2,-76.9,1
41.2,-76.9,1
41.2,-76.9,1
41.2,-76.9,1
41.2,-76.9,1
41.2,-76.9,1
41.2,-76.9,1
41.2,-76.9,1
41.2,-76.9,1
41.2,-76.9,1
41.2,-76.9,1
41.2,-76.9,1
41.2,-76.9,1
41.2,-76.9,1
41.2,-76.9,1
41.2,-76.9,1
41.2,-76.9,1
41.2,-76.9,1
41.2,-76.9,1
41.2,-76.9,1
41.2,-76.9,1
41.2,-76.9,1
41.2,-76.9,1
41.2,-76.9,1
41.2,-76.9,1
41.2,-76.9,1
41.2,-76.9,1
41.2,-76.9,1
41.2,-76.9,1
41.2,-76.9,1
41.2,-76.9,1
41.2,-76.9,1
41.2,-76.9,1
41.2,-76.9,1
41.2,-76.9,1
41.2,-76.9,1
41.2,-76.9,1
41.2,-76.9,1
41.2,-76.9,1
41.2,-76.9,1
41.2,-76.9,1
41.2,-76.9,1
41.2,-76.9,1
41.2,-76.9,1
41.2,-76.9,1
41.2,-76.9,1
41.2,-76.9,1
41.2,-76.9,1
41.2,-76.9,1
41.2,-76.9,1
41.2,-76.9,1
41.2,-76.9,1
41.2,-76.9,1
41.2,-76.9,1
41.2,-76.9,1
41.2,-76.9,1
41.2,-76.9,1
41.2,-76.9,1
41.2,-76.9,1
41.2,-76.9,1
41.2,-76.9,1
41.2,-76.9,1
41.2,-76.9,1
41.2,-76.9,1
41.2,-76.9,1
41.2,-76.9,1
41.2,-76.9,1
41.2,-76.9,1
41.2,-76.9,1
41.2,-76.9,1
41.2,-76.9,1
41.2,-76.9,1
41.2,-76.9,1
41.2,-76.9,1
41.2,-76.9,1
41.2,-76.9,1
41.2,-76.9,1
41.2,-76.9,1
41.2,-76.9,1
41.2,-76.9,1
41.2,-76.9,1
41.2,-76.9,1
41.2,-76.9,1
41.2,-76.9,1
41.2,-76.9,1
41.2,-76.9,1
41.2,-76.9,1
41.2,-76.9,1
41.2,-76.9,1
41.2,-76.9,1
41.2,-76.9,1
41.2,-76.9,1
41.2,-76.9,1
41.2,-76.9,1
41.2,-76.9,1
41.2,-76.9,1
41.2,-76.9,1
41.2,-76.9,1
41.2,-76.9,1
41.2,-76.9,1
41.2,-76.9,1
41.2,-76.9,1
41.2,-76.9,1
41.2,-76.9,1
41.2,-76.9,1
41.2,-76.9,1
41.2,-76.9,1
41.2,-76.9,1
41.2,-76.9,1
41.2,-76.9,1
41.2,-76.9,1
41.2,-76.9,1
41.2,-76.9,1
41.2,-76.9,1
41.2,-76.9,1
41.2,-76.9,1
41.2,-76.9,1
41.2,-76.9,1
41.2,-76.9,1
41.2,-76.9,1
41.2,-76.9,1
41.2,-76.9,1
41.2,-76.9,1
41.2,-76.9,1
41.2,-76.9,1
41.2,-76.9,1
41.2,-76.9,1
41.2,-76.9,1
41.2,-76.9,1
41.2,-76.9,1
41.2,-76.9,1
41.2,-76.9,1
41.2,-76.9,1
41.2,-76.9,1
41.2,-76.9,1
41.2,-76.9,1
41.2,-76.9,1
41.2,-76.9,1
41.2,-76.9,1
41.2,-76.9,1
41.2,-76.9,1
41.2,-76.9,1
41.2,-76.9,1
41.2,-76.9,1
41.2,-76.9,1
41.2,-76.9,1
41.2,-76.9,1
41.2,-76.9,1
41.2,-76.9,1
41.2,-76.9,1
41.2,-76.9,1
41.2,-76.9,1
41.2,-76.9,1
41.2,-76.9,1
41.2,-76.9,1
41.2,-76.9,1
41.2,-76.9,1
41.2,-76.9,1
41.2,-76.9,1
41.2,-76.9,1
41.2,-76.9,1
41.2,-76.9,1
41.2,-76.9,1
41.2,-76.9,1
41.2,-76.9,1
41.2,-76.9,1
41.2,-76.9,1
41.2,-76.9,1
41.2,-76.9,1
41.2,-76.9,1
41.2,-76.9,1
41.2,-76.9,1
41.2,-76.9,1
41.2,-76.9,1
41.2,-76.9,1
41.2,-76.9,1
41.2,-76.9,1
41.2,-76.9,1
41.2,-76.9,1
41.2,-76.9,1
41.2,-76.9,1
41.2,-76.9,1
41.2,-76.9,1
41.2,-76.9,1
41.2,-76.9,1
41.2,-76.9,1
41.2,-76.9,1
41.2,-76.9,1
41.2,-76.9,1
41.2,-76.9,1
41.2,-76.9,1
41.2,-76.9,1
41.2,-76.9,1
41.2,-76.9,1
41.2,-76.9,1
41.2,-76.9,1
41.2,-76.9,1
41.2,-76.9,1
41.2,-76.9,1
41.2,-76.9,1
41.2,-76.9,1
41.2,-76.9,1
41.2,-76.9,1
41.2,-76.9,1
41.2,-76.9,1
41.2,-76.9,1
41.2,-76.9,1
41.2,-76.9,1
41.2,-76.9,1
41.2,-76.9,1
41.2,-76.9,1
41.2,-76.9,1
41.2,-76.9,1
41.2,-76.9,1
41.2,-76.9,1
41.2,-76.9,1
41.2,-76.9,1
41.2,-76.9,1
41.2,-76.9,1
41.2,-76.9,1
41.2,-76.9,1
41.2,-76.9,1
41.2,-76.9,1
41.2,-76.9,1
41.2,-76.9,1
41.2,-76.9,1
41.2,-76.9,1
41.2,-76.9,1
41.2,-76.9,1
41.2,-76.9,1
41.2,-76.9,1
41.2,-76.9,1
41.2,-76.9,1
41.2,-76.9,1
41.2,-76.9,1
41.2,-76.9,1
41.2,-76.9,1
41.2,-76.9,1
41.2,-76.9,1
41.2,-76.9,1
41.2,-76.9,1
41.2,-76.9,1
41.2,-76.9,1
41.2,-76.9,1
41.2,-76.9,1
41.2,-76.9,1
41.2,-76.9,1
41.2,-76.9,1
41.2,-76.9,1
41.2,-76.9,1
41.2,-76.9,1
41.2,-76.9,1
41.2,-76.9,1
41.2,-76.9,1
41.2,-76.9,1
41.2,-76.9,1
41.2,-76.9,1
41.2,-76.9,1
41.2,-76.9,1
41.2,-76.9,1
41.2,-76.9,1
41.2,-76.9,1
41.2,-76.9,1
41.2,-76.9,1
41.2,-76.9,1
41.2,-76.9,1
41.2,-76.9,1
41.2,-76.9,1
41.2,-76.9,1
41.2,-76.9,1
41.2,-76.9,1
41.2,-76.9,1
41.2,-76.9,1
41.2,-76.9,1
41.2,-76.9,1
41.2,-76.9,1
41.2,-76.9,1
41.2,-76.9,1
41.2,-76.9,1
41.2,-76.9,1
41.2,-76.9,1
41.2,-76.9,1
41.2,-76.9,1
41.2,-76.9,1
41.2,-76.9,1
41.2,-76.9,1
41.2,-76.9,1
41.2,-76.9,1
41.2,-76.9,1
41.2,-76.9,1
41.2,-76.9,1
41.2,-76.9,1
41.2,-76.9,1
41.2,-76.9,1
41.2,-76.9,1
41.2,-76.9,1
41.2,-76.9,1
41.2,-76.9,1
41.2,-76.9,1
41.2,-76.9,1
41.2,-76.9,1
41.2,-76.9,1
41.2,-76.9,1
41.2,-76.9,1
41.2,-76.9,1
41.2,-76.9,1
41.2,-76.9,1
41.2,-76.9,1
41.2,-76.9,1
41.2,-76.9,1
41.2,-76.9,1
41.2,-76.9,1
41.2,-76.9,1
41.2,-76.9,1
41.2,-76.9,1
41.2,-76.9,1
41.2,-76.9,1
41.2,-76.9,1
41.2,-76.9,1
41.2,-76.9,1
41.2,-76.9,1
41.2,-76.9,1
41.2,-76.9,1
41.2,-76.9,1
41.2,-76.9,1
41.2,-76.9,1
41.2,-76.9,1
41.2,-76.9,1
41.2,-76.9,1
41.2,-76.9,1
41.2,-76.9,1
41.2,-76.9,1
41.2,-76.9,1
41.2,-76.9,1
41.2,-76.9,1
41.2,-76.9,1
41.2,-76.9,1
41.2,-76.9,1
41.2,-76.9,1
41.2,-76.9,1
41.2,-76.9,1
41.2,-76.9,1
41.2,-76.9,1
41.2,-76.9,1
41.2,-76.9,1
41.2,-76.9,1
41.2,-76.9,1
41.2,-76.9,1
41.2,-76.9,1
41.2,-76.9,1
41.2,-76.9,1
41.2,-76.9,1
41.2,-76.9,1
41.2,-76.9,1
41.2,-76.9,1
41.2,-76.9,1
41.2,-76.9,1
41.2,-76.9,1
41.2,-76.9,1
41.2,-76.9,1
41.2,-76.9,1
41.2,-76.9,1
41.2,-76.9,1
41.2,-76.9,1
41.2,-76.9,1
41.2,-76.9,1
41.2,-76.9,1
41.2,-76.9,1
41.2,-76.9,1
41.2,-76.9,1
41.2,-76.9,1
41.2,-76.9,1
41.2,-76.9,1
41.2,-76.9,1
41.2,-76.9,1
41.2,-76.9,1
41.2,-76.9,1
41.2,-76.9,1
41.2,-76.9,1
41.2,-76.9,1
41.2,-76.9,1
41.2,-76.9,1
41.2,-76.9,1
41.2,-76.9,1
41.2,-76.9,1
41.2,-76.9,1
41.2,-76.9,1
41.2,-76.9,1
41.2,-76.9,1
41.2,-76.9,1
41.2,-76.9,1
41.2,-76.9,1
41.2,-76.9,1
41.2,-76.9,1
41.2,-76.9,1
41.2,-76.9,1
41.2,-76.9,1
41.2,-76.9,1
41.2,-76.9,1
41.2,-76.9,1
41.2,-76.9,1
41.2,-76.9,1
41.2,-76.9,1
41.2,-76.9,1
41.2,-76.9,1
41.2,-76.9,1
41.2,-76.9,1
41.2,-76.9,1
41.2,-76.9,1
41.2,-76.9,1
41.2,-76.9,1
41.2,-76.9,1
41.2,-76.9,1
41.2,-76.9,1
41.2,-76.9,1
41.2,-76.9,1
41.2,-76.9,1
41.2,-76.9,1
41.2,-76.9,1
41.2,-76.9,1
41.2,-76.9,1
41.2,-76.9,1
41.2,-76.9,1
41.2,-76.9,1
41.2,-76.9,1
41.2,-76.9,1
41.2,-76.9,1
41.2,-76.9,1
41.2,-76.9,1
41.2,-76.9,1
41.2,-76.9,1
41.2,-76.9,1
41.2,-76.9,1
41.2,-76.9,1
41.2,-76.9,1
41.2,-76.9,1
41.2,-76.9,1
41.2,-76.9,1
41.2,-76.9,1
41.2,-76.9,1
41.2,-76.9,1
41.2,-76.9,1
41.2,-76.9,1
41.2,-76.9,1
41.2,-76.9,1
41.2,-76.9,1
41.2,-76.9,1
41.2,-76.9,1
41.2,-76.9,1
41.2,-76.9,1
41.2,-76.9,1
41.2,-76.9,1
41.2,-76.9,1
41.2,-76.9,1
41.2,-76.9,1
41.2,-76.9,1
41.2,-76.9,1
41.2,-76.9,1
41.2,-76.9,1
41.2,-76.9,1
41.2,-76.9,1
41.2,-76.9,1
41.2,-76.9,1
41.2,-76.9,1
41.2,-76.9,1
41.2,-76.9,1
41.2,-76.9,1
41.2,-76.9,1
41.2,-76.9,1
41.2,-76.9,1
41.2,-76.9,1
41.2,-76.9,1
41.2,-76.9,1
41.2,-76.9,1
41.2,-76.9,1
41.2,-76.9,1
41.2,-76.9,1
41.2,-76.9,1
41.2,-76.9,1
41.2,-76.9,1
41.2,-76.9,1
41.2,-76.9,1
41.2,-76.9,1
41.2,-76.9,1
41.2,-76.9,1
41.2,-76.9,1
41.2,-76.9,1
41.2,-76.9,1
41.2,-76.9,1
41.2,-76.9,1
41.2,-76.9,1
41.2,-76.9,1
41.2,-76.9,1
41.2,-76.9,1
41.2,-76.9,1
41.2,-76.9,1
41.2,-76.9,1
41.2,-76.9,1
41.2,-76.9,1
41.2,-76.9,1
41.2,-76.9,1
41.2,-76.9,1
41.2,-76.9,1
41.2,-76.9,1
41.2,-76.9,1
41.2,-76.9,1
41.2,-76.9,1
41.2,-76.9,1
41.2,-76.9,1
41.2,-76.9,1
41.2,-76.9,1
41.2,-76.9,1
41.2,-76.9,1
41.2,-76.9,1
41.2,-76.9,1
41.2,-76.9,1
41.2,-76.9,1
41.2,-76.9,1
41.2,-76.9,1
41.2,-76.9,1
41.2,-76.9,1
41.2,-76.9,1
41.2,-76.9,1
41.2,-76.9,1
41.2,-76.9,1
41.2,-76.9,1
41.2,-76.9,1
41.2,-76.9,1
41.2,-76.9,1
41.2,-76.9,1
41.2,-76.9,1
41.2,-76.9,1
41.2,-76.9,1
41.2,-76.9,1
41.2,-76.9,1
41.2,-76.9,1
41.2,-76.9,1
41.2,-76.9,1
41.2,-76.9,1
41.2,-76.9,1
41.2,-76.9,1
41.2,-76.9,1
41.2,-76.9,1
41.2,-76.9,1
41.2,-76.9,1
41.2,-76.9,1
41.2,-76.9,1
41.2,-76.9,1
41.2,-76.9,1
41.2,-76.9,1
41.2,-76.9,1
41.2,-76.9,1
41.2,-76.9,1
41.2,-76.9,1
41.2,-76.9,1
41.2,-76.9,1
41.2,-76.9,1
41.2,-76.9,1
41.2,-76.9,1
41.2,-76.9,1
41.2,-76.9,1
41.2,-76.9,1
41.2,-76.9,1
41.2,-76.9,1
41.2,-76.9,1
41.2,-76.9,1
41.2,-76.9,1
41.2,-76.9,1
41.2,-76.9,1
41.2,-76.9,1
41.2,-76.9,1
41.2,-76.9,1
41.2,-76.9,1
41.2,-76.9,1
41.2,-76.9,1
41.2,-76.9,1
41.2,-76.9,1
41.2,-76.9,1
41.2,-76.9,1
41.2,-76.9,1
41.2,-76.9,1
41.2,-76.9,1
41.2,-76.9,1
41.2,-76.9,1
41.2,-76.9,1
41.2,-76.9,1
41.2,-76.9,1
41.2,-76.9,1
41.2,-76.9,1
41.2,-76.9,1
41.2,-76.9,1
41.2,-76.9,1
41.2,-76.9,1
41.2,-76.9,1
41.2,-76.9,1
41.2,-76.9,1
41.2,-76.9,1
41.2,-76.9,1
41.2,-76.9,1
41.2,-76.9,1
41.2,-76.9,1
41.2,-76.9,1
41.2,-76.9,1
41.2,-76.9,1
41.2,-76.9,1
41.2,-76.9,1
41.2,-76.9,1
41.2,-76.9,1
41.2,-76.9,1
41.2,-76.9,1
41.2,-76.9,1
41.2,-76.9,1
41.2,-76.9,1
41.2,-76.9,1
41.2,-76.9,1
41.2,-76.9,1
41.2,-76.9,1
41.2,-76.9,1
41.2,-76.9,1
41.2,-76.9,1
41.2,-76.9,1
41.2,-76.9,1
41.2,-76.9,1
41.2,-76.9,1
41.2,-76.9,1
41.2,-76.9,1
41.2,-76.9,1
41.2,-76.9,1
41.2,-76.9,1
41.2,-76.9,1
41.2,-76.9,1
41.2,-76.9,1
41.2,-76.9,1
41.2,-76.9,1
41.2,-76.9,1
41.2,-76.9,1
41.2,-76.9,1
41.2,-76.9,1
41.2,-76.9,1
41.2,-76.9,1
41.2,-76.9,1
41.2,-76.9,1
41.2,-76.9,1
41.2,-76.9,1
41.2,-76.9,1
41.2,-76.9,1
41.2,-76.9,1
41.2,-76.9,1
41.2,-76.9,1
41.2,-76.9,1
41.2,-76.9,1
41.2,-76.9,1
41.2,-76.9,1
41.2,-76.9,1
41.2,-76.9,1
41.2,-76.9,1
41.2,-76.9,1
41.2,-76.9,1
41.2,-76.9,1
41.2,-76.9,1
41.2,-76.9,1
41.2,-76.9,1
41.2,-76.9,1
41.2,-76.9,1
41.2,-76.9,1
41.2,-76.9,1
41.2,-76.9,1
41.2,-76.9,1
41.2,-76.9,1
41.2,-76.9,1
41.2,-76.9,1
41.2,-76.9,1
41.2,-76.9,1
41.2,-76.9,1
41.2,-76.9,1
41.2,-76.9,1
41.2,-76.9,1
41.2,-76.9,1
41.2,-76.9,1
41.2,-76.9,1
41.2,-76.9,1
41.2,-76.9,1
41.2,-76.9,1
41.2,-76.9,1
41.2,-76.9,1
41.2,-76.9,1
41.2,-76.9,1
41.2,-76.9,1
41.2,-76.9,1
41.2,-76.9,1
41.2,-76.9,1
41.2,-76.9,1
41.2,-76.9,1
41.2,-76.9,1
41.2,-76.9,1
41.2,-76.9,1
41.2,-76.9,1
41.2,-76.9,1
41.2,-76.9,1
41.2,-76.9,1
41.2,-76.9,1
41.2,-76.9,1
41.2,-76.9,1
41.2,-76.9,1
41.2,-76.9,1
41.2,-76.9,1
41.2,-76.9,1
41.2,-76.9,1
41.2,-76.9,1
41.2,-76.9,1
41.2,-76.9,1
41.2,-76.9,1
41.2,-76.9,1
41.2,-76.9,1
41.2,-76.9,1
41.2,-76.9,1
41.2,-76.9,1
41.2,-76.9,1
41.2,-76.9,1
41.2,-76.9,1
41.2,-76.9,1
41.2,-76.9,1
41.2,-76.9,1
41.2,-76.9,1
41.2,-76.9,1
41.2,-76.9,1
41.2,-76.9,1
41.2,-76.9,1
41.2,-76.9,1
41.2,-76.9,1
41.2,-76.9,1
41.2,-76.9,1
41.2,-76.9,1
41.2,-76.9,1
41.2,-76.9,1
41.2,-76.9,1
41.2,-76.9,1
41.2,-76.9,1
41.2,-76.9,1
41.2,-76.9,1
41.2,-76.9,1
41.2,-76.9,1
41.2,-76.9,1
41.2,-76.9,1
41.2,-76.9,1
41.2,-76.9,1
41.2,-76.9,1
41.2,-76.9,1
41.2,-76.9,1
41.2,-76.9,1
41.2,-76.9,1
41.2,-76.9,1
41.2,-76.9,1
41.2,-76.9,1
41.2,-76.9,1
41.2,-76.9,1
41.2,-76.9,1
41.2,-76.9,1
41.2,-76.9,1
41.2,-76.9,1
41.2,-76.9,1
41.2,-76.9,1
41.2,-76.9,1
41.2,-76.9,1
41.2,-76.9,1
41.2,-76.9,1
41.2,-76.9,1
41.2,-76.9,1
41.2,-76.9,1
41.2,-76.9,1
41.2,-76.9,1
41.2,-76.9,1
41.2,-76.9,1
41.2,-76.9,1
41.2,-76.9,1
41.2,-76.9,1
41.2,-76.9,1
41.2,-76.9,1
41.2,-76.9,1
41.2,-76.9,1
41.2,-76.9,1
41.2,-76.9,1
41.2,-76.9,1
41.2,-76.9,1
41.2,-76.9,1
41.2,-76.9,1
41.2,-76.9,1
41.2,-76.9,1
41.2,-76.9,1
41.2,-76.9,1
41.2,-76.9,1
41.2,-76.9,1
41.2,-76.9,1
41.2,-76.9,1
41.2,-76.9,1
41.2,-76.9,1
41.2,-76.9,1
41.2,-76.9,1
41.2,-76.9,1
41.2,-76.9,1
41.2,-76.9,1
41.2,-76.9,1
41.2,-76.9,1
41.2,-76.9,1
41.2,-76.9,1
41.2,-76.9,1
41.2,-76.9,1
41.2,-76.9,1
41.2,-76.9,1
41.2,-76.9,1
41.2,-76.9,1
41.2,-76.9,1
41.2,-76.9,1
41.2,-76.9,1
41.2,-76.9,1
41.2,-76.9,1
41.2,-76.9,1
41.2,-76.9,1
41.2,-76.9,1
41.2,-76.9,1
41.2,-76.9,1
41.2,-76.9,1
41.2,-76.9,1
41.2,-76.9,1
41.2,-76.9,1
41.2,-76.9,1
41.2,-76.9,1
41.2,-76.9,1
41.2,-76.9,1
41.2,-76.9,1
41.2,-76.9,1
41.2,-76.9,1
41.2,-76.9,1
41.2,-76.9,1
41.2,-76.9,1
41.2,-76.9,1
41.2,-76.9,1
41.2,-76.9,1
41.2,-76.9,1
41.2,-76.9,1
41.2,-76.9,1
41.2,-76.9,1
41.2,-76.9,1
41.2,-76.9,1
41.2,-76.9,1
41.2,-76.9,1
41.2,-76.9,1
41.2,-76.9,1
41.2,-76.9,1
41.2,-76.9,1
41.2,-76.9,1
41.2,-76.9,1
41.2,-76.9,1
41.2,-76.9,1
41.2,-76.9,1
41.2,-76.9,1
41.2,-76.9,1
41.2,-76.9,1
41.2,-76.9,1
41.2,-76.9,1
41.2,-76.9,1
41.2,-76.9,1
41.2,-76.9,1
41.2,-76.9,1
41.2,-76.9,1
41.2,-76.9,1
41.2,-76.9,1
41.2,-76.9,1
41.2,-76.9,1
41.2,-76.9,1
41.2,-76.9,1
41.2,-76.9,1
41.2,-76.9,1
41.2,-76.9,1
41.2,-76.9,1
41.2,-76.9,1
41.2,-76.9,1
41.2,-76.9,1
41.2,-76.9,1
41.2,-76.9,1
41.2,-76.9,1
41.2,-76.9,1
41.2,-76.9,1
41.2,-76.9,1
41.2,-76.9,1
41.2,-76.9,1
41.2,-76.9,1
41.2,-76.9,1
41.2,-76.9,1
41.2,-76.9,1
41.2,-76.9,1
41.2,-76.9,1
41.2,-76.9,1
41.2,-76.9,1
41.2,-76.9,1
41.2,-76.9,1
41.2,-76.9,1
41.2,-76.9,1
41.2,-76.9,1
41.2,-76.9,1
41.2,-76.9,1
41.2,-76.9,1
41.2,-76.9,1
41.2,-76.9,1
41.2,-76.9,1
41.2,-76.9,1
41.2,-76.9,1
41.2,-76.9,1
41.2,-76.9,1
41.2,-76.9,1
41.2,-76.9,1
41.2,-76.9,1
41.2,-76.9,1
41.2,-76.9,1
41.2,-76.9,1
41.2,-76.9,1
41.2,-76.9,1
41.2,-76.9,1
41.2,-76.9,1
41.2,-76.9,1
41.2,-76.9,1
41.2,-76.9,1
41.2,-76.9,1
41.2,-76.9,1
41.2,-76.9,1
41.2,-76.9,1
41.2,-76.9,1
41.2,-76.9,1
41.2,-76.9,1
41.2,-76.9,1
41.2,-76.9,1
41.2,-76.9,1
41.2,-76.9,1
41.2,-76.9,1
41.2,-76.9,1
41.2,-76.9,1
41.2,-76.9,1
41.2,-76.9,1
41.2,-76.9,1
41.2,-76.9,1
41.2,-76.9,1
41.2,-76.9,1
41.2,-76.9,1
41.2,-76.9,1
41.2,-76.9,1
41.2,-76.9,1
41.2,-76.9,1
41.2,-76.9,1
41.2,-76.9,1
41.2,-76.9,1
41.2,-76.9,1
41.2,-76.9,1
41.2,-76.9,1
41.2,-76.9,1
41.2,-76.9,1
41.2,-76.9,1
41.2,-76.9,1
41.2,-76.9,1
41.2,-76.9,1
41.2,-76.9,1
41.2,-76.9,1
41.2,-76.9,1
41.2,-76.9,1
41.2,-76.9,1
41.2,-76.9,1
41.2,-76.9,1
41.2,-76.9,1
41.2,-76.9,1
41.2,-76.9,1
41.2,-76.9,1
41.2,-76.9,1
41.2,-76.9,1
41.2,-76.9,1
41.2,-76.9,1
41.2,-76.9,1
41.2,-76.9,1
41.2,-76.9,1
41.2,-76.9,1
41.2,-76.9,1
41.2,-76.9,1
41.2,-76.9,1
41.2,-76.9,1
41.2,-76.9,1
41.2,-76.9,1
41.2,-76.9,1
41.2,-76.9,1
41.2,-76.9,1
41.2,-76.9,1
41.2,-76.9,1
41.2,-76.9,1
41.2,-76.9,1
41.2,-76.9,1
41.2,-76.9,1
41.2,-76.9,1
41.2,-76.9,1
41.2,-76.9,1
41.2,-76.9,1
41.2,-76.9,1
41.2,-76.9,1
41.2,-76.9,1
41.2,-76.9,1
41.2,-76.9,1
41.2,-76.9,1
41.2,-76.9,1
41.2,-76.9,1
41.2,-76.9,1
41.2,-76.9,1
41.2,-76.9,1
41.2,-76.9,1
41.2,-76.9,1
41.2,-76.9,1
41.2,-76.9,1
41.2,-76.9,1
41.2,-76.9,1
41.2,-76.9,1
41.2,-76.9,1
41.2,-76.9,1
41.2,-76.9,1
41.2,-76.9,1
41.2,-76.9,1
41.2,-76.9,1
41.2,-76.9,1
41.2,-76.9,1
41.2,-76.9,1
41.2,-76.9,1
41.2,-76.9,1
41.2,-76.9,1
41.2,-76.9,1
41.2,-76.9,1
41.2,-76.9,1
41.2,-76.9,1
41.2,-76.9,1
41.2,-76.9,1
41.2,-76.9,1
41.2,-76.9,1
41.2,-76.9,1
41.2,-76.9,1
41.2,-76.9,1
41.2,-76.9,1
41.2,-76.9,1
41.2,-76.9,1
41.2,-76.9,1
41.2,-76.9,1
41.2,-76.9,1
41.2,-76.9,1
41.2,-76.9,1
41.2,-76.9,1
41.2,-76.9,1
41.2,-76.9,1
41.2,-76.9,1
41.2,-76.9,1
41.2,-76.9,1
41.2,-76.9,1
41.2,-76.9,1
41.2,-76.9,1
41.2,-76.9,1
41.2,-76.9,1
41.2,-76.9,1
41.2,-76.9,1
41.2,-76.9,1
41.2,-76.9,1
41.2,-76.9,1
41.2,-76.9,1
41.2,-76.9,1
41.2,-76.9,1
41.2,-76.9,1
41.2,-76.9,1
41.2,-76.9,1
41.2,-76.9,1
41.2,-76.9,1
41.2,-76.9,1
41.2,-76.9,1
41.2,-76.9,1
41.2,-76.9,1
41.2,-76.9,1
41.2,-76.9,1
41.2,-76.9,1
41.2,-76.9,1
41.2,-76.9,1
41.2,-76.9,1
41.2,-76.9,1
41.2,-76.9,1
41.2,-76.9,1
41.2,-76.9,1
41.2,-76.9,1
41.2,-76.9,1
41.2,-76.9,1
41.2,-76.9,1
41.2,-76.9,1
41.2,-76.9,1
41.2,-76.9,1
41.2,-76.9,1
41.2,-76.9,1
41.2,-76.9,1
41.2,-76.9,1
41.2,-76.9,1
41.2,-76.9,1
41.2,-76.9,1
41.2,-76.9,1
41.2,-76.9,1
41.2,-76.9,1
41.2,-76.9,1
41.2,-76.9,1
41.2,-76.9,1
41.2,-76.9,1
41.2,-76.9,1
41.2,-76.9,1
41.2,-76.9,1
41.2,-76.9,1
41.2,-76.9,1
41.2,-76.9,1
41.2,-76.9,1
41.2,-76.9,1
41.2,-76.9,1
41.2,-76.9,1
41.2,-76.9,1
41.2,-76.9,1
41.2,-76.9,1
41.2,-76.9,1
41.2,-76.9,1
41.2,-76.9,1
41.2,-76.9,1
41.2,-76.9,1
41.2,-76.9,1
41.2,-76.9,1
41.2,-76.9,1
41.2,-76.9,1
41.2,-76.9,1
41.2,-76.9,1
41.2,-76.9,1
41.2,-76.9,1
41.2,-76.9,1
41.2,-76.9,1
41.2,-76.9,1
41.2,-76.9,1
41.2,-76.9,1
41.2,-76.9,1
41.2,-76.9,1
41.2,-76.9,1
41.2,-76.9,1
41.2,-76.9,1
41.2,-76.9,1
41.2,-76.9,1
41.2,-76.9,1
41.2,-76.9,1
41.2,-76.9,1
41.2,-76.9,1
41.2,-76.9,1
41.2,-76.9,1
41.2,-76.9,1
41.2,-76.9,1
41.2,-76.9,1
41.2,-76.9,1
41.2,-76.9,1
41.2,-76.9,1
41.2,-76.9,1
41.2,-76.9,1
41.2,-76.9,1
41.2,-76.9,1
41.2,-76.9,1
41.2,-76.9,1
41.2,-76.9,1
41.2,-76.9,1
41.2,-76.9,1
41.2,-76.9,1
41.2,-76.9,1
41.2,-76.9,1
41.2,-76.9,1
41.2,-76.9,1
41.2,-76.9,1
41.2,-76.9,1
41.2,-76.9,1
41.2,-76.9,1
41.2,-76.9,1
41.2,-76.9,1
41.2,-76.9,1
41.2,-76.9,1
41.2,-76.9,1
41.2,-76.9,1
41.2,-76.9,1
41.2,-76.9,1
41.2,-76.9,1
41.2,-76.9,1
41.2,-76.9,1
41.2,-76.9,1
41.2,-76.9,1
41.2,-76.9,1
41.2,-76.9,1
41.2,-76.9,1
41.2,-76.9,1
41.2,-76.9,1
41.2,-76.9,1
41.2,-76.9,1
41.2,-76.9,1
41.2,-76.9,1
41.2,-76.9,1
41.2,-76.9,1
41.2,-76.9,1
41.2,-76.9,1
41.2,-76.9,1
41.2,-76.9,1
41.2,-76.9,1
41.2,-76.9,1
41.2,-76.9,1
41.2,-76.9,1
41.2,-76.9,1
41.2,-76.9,1
41.2,-76.9,1
41.2,-76.9,1
41.2,-76.9,1
41.2,-76.9,1
41.2,-76.9,1
41.2,-76.9,1
41.2,-76.9,1
41.2,-76.9,1
41.2,-76.9,1
41.2,-76.9,1
41.2,-76.9,1
41.2,-76.9,1
41.2,-76.9,1
41.2,-76.9,1
41.2,-76.9,1
41.2,-76.9,1
41.2,-76.9,1
41.2,-76.9,1
41.2,-76.9,1
41.2,-76.9,1
41.2,-76.9,1
41.2,-76.9,1
41.2,-76.9,1
41.2,-76.9,1
41.2,-76.9,1
41.2,-76.9,1
41.2,-76.9,1
41.2,-76.9,1
41.2,-76.9,1
41.2,-76.9,1
41.2,-76.9,1
41.2,-76.9,1
41.2,-76.9,1
41.2,-76.9,1
41.2,-76.9,1
41.2,-76.9,1
41.2,-76.9,1
41.2,-76.9,1
41.2,-76.9,1
41.2,-76.9,1
41.2,-76.9,1
41.2,-76.9,1
41.2,-76.9,1
41.2,-76.9,1
41.2,-76.9,1
41.2,-76.9,1
41.2,-76.9,1
41.2,-76.9,1
41.2,-76.9,1
41.2,-76.9,1
41.2,-76.9,1
41.2,-76.9,1
41.2,-76.9,1
41.2,-76.9,1
41.2,-76.9,1
41.2,-76.9,1
41.2,-76.9,1
41.2,-76.9,1
41.2,-76.9,1
41.2,-76.9,1
41.2,-76.9,1
41.2,-76.9,1
41.2,-76.9,1
41.2,-76.9,1
41.2,-76.9,1
41.2,-76.9,1
41.2,-76.9,1
41.2,-76.9,1
41.2,-76.9,1
41.2,-76.9,1
41.2,-76.9,1
41.2,-76.9,1
41.2,-76.9,1
41.2,-76.9,1
41.2,-76.9,1
41.2,-76.9,1
41.2,-76.9,1
41.2,-76.9,1
41.2,-76.9,1
41.2,-76.9,1
41.2,-76.9,1
41.2,-76.9,1
41.2,-76.9,1
41.2,-76.9,1
41.2,-76.9,1
41.2,-76.9,1
41.2,-76.9,1
41.2,-76.9,1
41.2,-76.9,1
41.2,-76.9,1
41.2,-76.9,1
41.2,-76.9,1
41.2,-76.9,1
41.2,-76.9,1
41.2,-76.9,1
41.2,-76.9,1
41.2,-76.9,1
41.2,-76.9,1
41.2,-76.9,1
41.2,-76.9,1
41.2,-76.9,1
41.2,-76.9,1
41.2,-76.9,1
41.2,-76.9,1
41.2,-76.9,1
41.2,-76.9,1
41.2,-76.9,1
41.2,-76.9,1
41.2,-76.9,1
41.2,-76.9,1
41.2,-76.9,1
41.2,-76.9,1
41.2,-76.9,1
41.2,-76.9,1
41.2,-76.9,1
41.2,-76.9,1
41.2,-76.9,1
41.2,-76.9,1
41.2,-76.9,1
41.2,-76.9,1
41.2,-76.9,1
41.2,-76.9,1
41.2,-76.9,1
41.2,-76.9,1
41.2,-76.9,1
41.2,-76.9,1
41.2,-76.9,1
41.2,-76.9,1
41.2,-76.9,1
41.2,-76.9,1
41.2,-76.9,1
41.2,-76.9,1
41.2,-76.9,1
41.2,-76.9,1
41.2,-76.9,1
41.2,-76.9,1
41.2,-76.9,1
41.2,-76.9,1
41.2,-76.9,1
41.2,-76.9,1
41.2,-76.9,1
41.2,-76.9,1
41.2,-76.9,1
41.2,-76.9,1
41.2,-76.9,1
41.2,-76.9,1
41.2,-76.9,1
41.2,-76.9,1
41.2,-76.9,1
41.2,-76.9,1
41.2,-76.9,1
41.2,-76.9,1
41.2,-76.9,1
41.2,-76.9,1
41.2,-76.9,1
41.2,-76.9,1
41.2,-76.9,1
41.2,-76.9,1
41.2,-76.9,1
41.2,-76.9,1
41.2,-76.9,1
41.2,-76.9,1
41.2,-76.9,1
41.2,-76.9,1
41.2,-76.9,1
41.2,-76.9,1
41.2,-76.9,1
41.2,-76.9,1
41.2,-76.9,1
41.2,-76.9,1
41.2,-76.9,1
41.2,-76.9,1
41.2,-76.9,1
41.2,-76.9,1
41.2,-76.9,1
41.2,-76.9,1
41.2,-76.9,1
41.2,-76.9,1
41.2,-76.9,1
41.2,-76.9,1
41.2,-76.9,1
41.2,-76.9,1
41.2,-76.9,1
41.2,-76.9,1
41.2,-76.9,1
41.2,-76.9,1
41.2,-76.9,1
41.2,-76.9,1
41.2,-76.9,1
41.2,-76.9,1
41.2,-76.9,1
41.2,-76.9,1
41.2,-76.9,1
41.2,-76.9,1
41.2,-76.9,1
41.2,-76.9,1
41.2,-76.9,1
41.2,-76.9,1
41.2,-76.9,1
41.2,-76.9,1
41.2,-76.9,1
41.2,-76.9,1
41.2,-76.9,1
41.2,-76.9,1
41.2,-76.9,1
41.2,-76.9,1
41.2,-76.9,1
41.2,-76.9,1
41.2,-76.9,1
41.2,-76.9,1
41.2,-76.9,1
41.2,-76.9,1
41.2,-76.9,1
41.2,-76.9,1
41.2,-76.9,1
41.2,-76.9,1
41.2,-76.9,1
41.2,-76.9,1
41.2,-76.9,1
41.2,-76.9,1
41.2,-76.9,1
41.2,-76.9,1
41.2,-76.9,1
41.2,-76.9,1
41.2,-76.9,1
41.2,-76.9,1
41.2,-76.9,1
41.2,-76.9,1
41.2,-76.9,1
41.2,-76.9,1
41.2,-76.9,1
41.2,-76.9,1
41.2,-76.9,1
41.2,-76.9,1
41.2,-76.9,1
41.2,-76.9,1
41.2,-76.9,1
41.2,-76.9,1
41.2,-76.9,1
41.2,-76.9,1
41.2,-76.9,1
41.2,-76.9,1
41.2,-76.9,1
41.2,-76.9,1
41.2,-76.9,1
41.2,-76.9,1
41.2,-76.9,1
41.2,-76.9,1
41.2,-76.9,1
41.2,-76.9,1
41.2,-76.9,1
41.2,-76.9,1
41.2,-76.9,1
41.2,-76.9,1
41.2,-76.9,1
41.2,-76.9,1
41.2,-76.9,1
41.2,-76.9,1
41.2,-76.9,1
41.2,-76.9,1
41.2,-76.9,1
41.2,-76.9,1
41.2,-76.9,1
41.2,-76.9,1
41.2,-76.9,1
41.2,-76.9,1
41.2,-76.9,1
41.2,-76.9,1
41.2,-76.9,1
41.2,-76.9,1
41.2,-76.9,1
41.2,-76.9,1
41.2,-76.9,1
41.2,-76.9,1
41.2,-76.9,1
41.2,-76.9,1
41.2,-76.9,1
41.2,-76.9,1
41.2,-76.9,1
41.2,-76.9,1
41.2,-76.9,1
41.2,-76.9,1
41.2,-76.9,1
41.2,-76.9,1
41.2,-76.9,1
41.2,-76.9,1
41.2,-76.9,1
41.2,-76.9,1
41.2,-76.9,1
41.2,-76.9,1
41.2,-76.9,1
41.2,-76.9,1
41.2,-76.9,1
41.2,-76.9,1
41.2,-76.9,1
41.2,-76.9,1
41.2,-76.9,1
41.2,-76.9,1
41.2,-76.9,1
41.2,-76.9,1
41.2,-76.9,1
41.2,-76.9,1
41.2,-76.9,1
41.2,-76.9,1
41.2,-76.9,1
41.2,-76.9,1
41.2,-76.9,1
41.2,-76.9,1
41.2,-76.9,1
41.2,-76.9,1
41.2,-76.9,1
41.2,-76.9,1
41.2,-76.9,1
41.2,-76.9,1
41.2,-76.9,1
41.2,-76.9,1
41.2,-76.9,1
41.2,-76.9,1
41.2,-76.9,1
41.2,-76.9,1
41.2,-76.9,1
41.2,-76.9,1
41.2,-76.9,1
41.2,-76.9,1
41.2,-76.9,1
41.2,-76.9,1
41.2,-76.9,1
41.2,-76.9,1
41.2,-76.9,1
41.2,-76.9,1
41.2,-76.9,1
41.2,-76.9,1
41.2,-76.9,1
41.2,-76.9,1
41.2,-76.9,1
41.2,-76.9,1
41.2,-76.9,1
41.2,-76.9,1
41.2,-76.9,1
41.2,-76.9,1
41.2,-76.9,1
41.2,-76.9,1
41.2,-76.9,1
41.2,-76.9,1
41.2,-76.9,1
41.2,-76.9,1
41.2,-76.9,1
41.2,-76.9,1
41.2,-76.9,1
41.2,-76.9,1
41.2,-76.9,1
41.2,-76.9,1
41.2,-76.9,1
41.2,-76.9,1
41.2,-76.9,1
41.2,-76.9,1
41.2,-76.9,1
41.2,-76.9,1
41.2,-76.9,1
41.2,-76.9,1
41.2,-76.9,1
41.2,-76.9,1
41.2,-76.9,1
41.2,-76.9,1
41.2,-76.9,1
41.2,-76.9,1
41.2,-76.9,1
41.2,-76.9,1
41.2,-76.9,1
41.2,-76.9,1
41.2,-76.9,1
41.2,-76.9,1
41.2,-76.9,1
41.2,-76.9,1
41.2,-76.9,1
41.2,-76.9,1
41.2,-76.9,1
41.2,-76.9,1
41.2,-76.9,1
41.2,-76.9,1
41.2,-76.9,1
41.2,-76.9,1
41.2,-76.9,1
41.2,-76.9,1
41.2,-76.9,1
41.2,-76.9,1
41.2,-76.9,1
41.2,-76.9,1
41.2,-76.9,1
41.2,-76.9,1
41.2,-76.9,1
41.2,-76.9,1
41.2,-76.9,1
41.2,-76.9,1
41.2,-76.9,1
41.2,-76.9,1
41.2,-76.9,1
41.2,-76.9,1
41.2,-76.9,1
41.2,-76.9,1
41.2,-76.9,1
41.2,-76.9,1
41.2,-76.9,1
41.2,-76.9,1
41.2,-76.9,1
41.2,-76.9,1
41.2,-76.9,1
41.2,-76.9,1
41.2,-76.9,1
41.2,-76.9,1
41.2,-76.9,1
41.2,-76.9,1
41.2,-76.9,1
41.2,-76.9,1
41.2,-76.9,1
41.2,-76.9,1
41.2,-76.9,1
41.2,-76.9,1
41.2,-76.9,1
41.2,-76.9,1
41.2,-76.9,1
41.2,-76.9,1
41.2,-76.9,1
41.2,-76.9,1
41.2,-76.9,1
41.2,-76.9,1
41.2,-76.9,1
41.2,-76.9,1
41.2,-76.9,1
41.2,-76.9,1
41.2,-76.9,1
41.2,-76.9,1
41.2,-76.9,1
41.2,-76.9,1
41.2,-76.9,1
41.2,-76.9,1
41.2,-76.9,1
41.2,-76.9,1
41.2,-76.9,1
41.2,-76.9,1
41.2,-76.9,1
41.2,-76.9,1
41.2,-76.9,1
41.2,-76.9,1
41.2,-76.9,1
41.2,-76.9,1
41.2,-76.9,1
41.2,-76.9,1
41.2,-76.9,1
41.2,-76.9,1
41.2,-76.9,1
41.2,-76.9,1
41.2,-76.9,1
41.2,-76.9,1
41.2,-76.9,1
41.2,-76.9,1
41.2,-76.9,1
41.2,-76.9,1
41.2,-76.9,1
41.2,-76.9,1
41.2,-76.9,1
41.2,-76.9,1
41.2,-76.9,1
41.2,-76.9,1
41.2,-76.9,1
41.2,-76.9,1
41.2,-76.9,1
41.2,-76.9,1
41.2,-76.9,1
41.2,-76.9,1
41.2,-76.9,1
41.2,-76.9,1
41.2,-76.9,1
41.2,-76.9,1
41.2,-76.9,1
41.2,-76.9,1
41.2,-76.9,1
41.2,-76.9,1
41.2,-76.9,1
41.2,-76.9,1
41.2,-76.9,1
41.2,-76.9,1
41.2,-76.9,1
41.2,-76.9,1
41.2,-76.9,1
41.2,-76.9,1
41.2,-76.9,1
41.2,-76.9,1
41.2,-76.9,1
41.2,-76.9,1
41.2,-76.9,1
41.2,-76.9,1
41.2,-76.9,1
41.2,-76.9,1
41.2,-76.9,1
41.2,-76.9,1
41.2,-76.9,1
41.2,-76.9,1
41.2,-76.9,1
41.2,-76.9,1
41.2,-76.9,1
41.2,-76.9,1
41.2,-76.9,1
41.2,-76.9,1
41.2,-76.9,1
41.2,-76.9,1
41.2,-76.9,1
41.2,-76.9,1
41.2,-76.9,1
41.2,-76.9,1
41.2,-76.9,1
41.2,-76.9,1
41.2,-76.9,1
41.2,-76.9,1
41.2,-76.9,1
41.2,-76.9,1
41.2,-76.9,1
41.2,-76.9,1
41.2,-76.9,1
41.2,-76.9,1
41.2,-76.9,1
41.2,-76.9,1
41.2,-76.9,1
41.2,-76.9,1
41.2,-76.9,1
41.2,-76.9,1
41.2,-76.9,1
41.2,-76.9,1
41.2,-76.9,1
41.2,-76.9,1
41.2,-76.9,1
41.2,-76.9,1
41.2,-76.9,1
41.2,-76.9,1
41.2,-76.9,1
41.2,-76.9,1
41.2,-76.9,1
41.2,-76.9,1
41.2,-76.9,1
41.2,-76.9,1
41.2,-76.9,1
41.2,-76.9,1
41.2,-76.9,1
41.2,-76.9,1
41.2,-76.9,1
41.2,-76.9,1
41.2,-76.9,1
41.2,-76.9,1
41.2,-76.9,1
41.2,-76.9,1
41.2,-76.9,1
41.2,-76.9,1
41.2,-76.9,1
41.2,-76.9,1
41.2,-76.9,1
41.2,-76.9,1
41.2,-76.9,1
41.2,-76.9,1
41.2,-76.9,1
41.2,-76.9,1
41.2,-76.9,1
41.2,-76.9,1
41.2,-76.9,1
41.2,-76.9,1
41.2,-76.9,1
41.2,-76.9,1
41.2,-76.9,1
41.2,-76.9,1
41.2,-76.9,1
41.2,-76.9,1
41.2,-76.9,1
41.2,-76.9,1
41.2,-76.9,1
41.2,-76.9,1
41.2,-76.9,1
41.2,-76.9,1
41.2,-76.9,1
41.2,-76.9,1
41.2,-76.9,1
41.2,-76.9,1
41.2,-76.9,1
41.2,-76.9,1
41.2,-76.9,1
41.2,-76.9,1
41.2,-76.9,1
41.2,-76.9,1
41.2,-76.9,1
41.2,-76.9,1
41.2,-76.9,1
41.2,-76.9,1
41.2,-76.9,1
41.2,-76.9,1
41.2,-76.9,1
41.2,-76.9,1
41.2,-76.9,1
41.2,-76.9,1
41.2,-76.9,1
41.2,-76.9,1
41.2,-76.9,1
41.2,-76.9,1
41.2,-76.9,1
41.2,-76.9,1
41.2,-76.9,1
41.2,-76.9,1
41.2,-76.9,1
41.2,-76.9,1
41.2,-76.9,1
41.2,-76.9,1
41.2,-76.9,1
41.2,-76.9,1
41.2,-76.9,1
41.2,-76.9,1
41.2,-76.9,1
41.2,-76.9,1
41.2,-76.9,1
41.2,-76.9,1
41.2,-76.9,1
41.2,-76.9,1
41.2,-76.9,1
41.2,-76.9,1
41.2,-76.9,1
41.2,-76.9,1
41.2,-76.9,1
41.2,-76.9,1
41.2,-76.9,1
41.2,-76.9,1
41.2,-76.9,1
41.2,-76.9,1
41.2,-76.9,1
41.2,-76.9,1
41.2,-76.9,1
41.2,-76.9,1
41.2,-76.9,1
41.2,-76.9,1
41.2,-76.9,1
41.2,-76.9,1
41.2,-76.9,1
41.2,-76.9,1
41.2,-76.9,1
41.2,-76.9,1
41.2,-76.9,1
41.2,-76.9,1
41.2,-76.9,1
41.2,-76.9,1
41.2,-76.9,1
41.2,-76.9,1
41.2,-76.9,1
41.2,-76.9,1
41.2,-76.9,1
41.2,-76.9,1
41.2,-76.9,1
41.2,-76.9,1
41.2,-76.9,1
41.2,-76.9,1
41.2,-76.9,1
41.2,-76.9,1
41.2,-76.9,1
41.2,-76.9,1
41.2,-76.9,1
41.2,-76.9,1
41.2,-76.9,1
41.2,-76.9,1
41.2,-76.9,1
41.2,-76.9,1
41.2,-76.9,1
41.2,-76.9,1
41.2,-76.9,1
41.2,-76.9,1
41.2,-76.9,1
41.2,-76.9,1
41.2,-76.9,1
41.2,-76.9,1
41.2,-76.9,1
41.2,-76.9,1
41.2,-76.9,1
41.2,-76.9,1
41.2,-76.9,1
41.2,-76.9,1
41.2,-76.9,1
41.2,-76.9,1
41.2,-76.9,1
41.2,-76.9,1
41.2,-76.9,1
41.2,-76.9,1
41.2,-76.9,1
41.2,-76.9,1
41.2,-76.9,1
41.2,-76.9,1
41.2,-76.9,1
41.2,-76.9,1
41.2,-76.9,1
41.2,-76.9,1
41.2,-76.9,1
41.2,-76.9,1
41.2,-76.9,1
41.2,-76.9,1
41.2,-76.9,1
41.2,-76.9,1
41.2,-76.9,1
41.2,-76.9,1
41.2,-76.9,1
41.2,-76.9,1
41.2,-76.9,1
41.2,-76.9,1
41.2,-76.9,1
41.2,-76.9,1
41.2,-76.9,1
41.2,-76.9,1
41.2,-76.9,1
41.2,-76.9,1
41.2,-76.9,1
41.2,-76.9,1
41.2,-76.9,1
41.2,-76.9,1
41.2,-76.9,1
41.2,-76.9,1
41.2,-76.9,1
41.2,-76.9,1
41.2,-76.9,1
41.2,-76.9,1
41.2,-76.9,1
41.2,-76.9,1
41.2,-76.9,1
41.2,-76.9,1
41.2,-76.9,1
41.2,-76.9,1
41.2,-76.9,1
41.2,-76.9,1
41.2,-76.9,1
41.2,-76.9,1
41.2,-76.9,1
41.2,-76.9,1
41.2,-76.9,1
41.2,-76.9,1
41.2,-76.9,1
41.2,-76.9,1
41.2,-76.9,1
41.2,-76.9,1
41.2,-76.9,1
41.2,-76.9,1
41.2,-76.9,1
41.2,-76.9,1
41.2,-76.9,1
41.2,-76.9,1
41.2,-76.9,1
41.2,-76.9,1
41.2,-76.9,1
41.2,-76.9,1
41.2,-76.9,1
41.2,-76.9,1
41.2,-76.9,1
41.2,-76.9,1
41.2,-76.9,1
41.2,-76.9,1
41.2,-76.9,1
41.2,-76.9,1
41.2,-76.9,1
41.2,-76.9,1
41.2,-76.9,1
41.2,-76.9,1
41.2,-76.9,1
41.2,-76.9,1
41.2,-76.9,1
41.2,-76.9,1
41.2,-76.9,1
41.2,-76.9,1
41.2,-76.9,1
41.2,-76.9,1
41.2,-76.9,1
41.2,-76.9,1
41.2,-76.9,1
41.2,-76.9,1
41.2,-76.9,1
41.2,-76.9,1
41.2,-76.9,1
41.2,-76.9,1
41.2,-76.9,1
41.2,-76.9,1
41.2,-76.9,1
41.2,-76.9,1
41.2,-76.9,1
41.2,-76.9,1
41.2,-76.9,1
41.2,-76.9,1
41.2,-76.9,1
41.2,-76.9,1
41.2,-76.9,1
41.2,-76.9,1
41.2,-76.9,1
41.2,-76.9,1
41.2,-76.9,1
41.2,-76.9,1
41.2,-76.9,1
41.2,-76.9,1
41.2,-76.9,1
41.2,-76.9,1
41.2,-76.9,1
41.2,-76.9,1
41.2,-76.9,1
41.2,-76.9,1
41.2,-76.9,1
41.2,-76.9,1
41.2,-76.9,1
41.2,-76.9,1
41.2,-76.9,1
41.2,-76.9,1
41.2,-76.9,1
41.2,-76.9,1
41.2,-76.9,1
41.2,-76.9,1
41.2,-76.9,1
41.2,-76.9,1
41.2,-76.9,1
41.2,-76.9,1
41.2,-76.9,1
41.2,-76.9,1
41.2,-76.9,1
41.2,-76.9,1
41.2,-76.9,1
41.2,-76.9,1
41.2,-76.9,1
41.2,-76.9,1
41.2,-76.9,1
41.2,-76.9,1
41.2,-76.9,1
41.2,-76.9,1
41.2,-76.9,1
41.2,-76.9,1
41.2,-76.9,1
41.2,-76.9,1
41.2,-76.9,1
41.2,-76.9,1
41.2,-76.9,1
41.2,-76.9,1
41.2,-76.9,1
41.2,-76.9,1
41.2,-76.9,1
41.2,-76.9,1
41.2,-76.9,1
41.2,-76.9,1
41.2,-76.9,1
41.2,-76.9,1
41.2,-76.9,1
41.2,-76.9,1
41.2,-76.9,1
41.2,-76.9,1
41.2,-76.9,1
41.2,-76.9,1
41.2,-76.9,1
41.2,-76.9,1
41.2,-76.9,1
41.2,-76.9,1
41.2,-76.9,1
41.2,-76.9,1
41.2,-76.9,1
41.2,-76.9,1
41.2,-76.9,1
41.2,-76.9,1
41.2,-76.9,1
41.2,-76.9,1
41.2,-76.9,1
41.2,-76.9,1
41.2,-76.9,1
41.2,-76.9,1
41.2,-76.9,1
41.2,-76.9,1
41.2,-76.9,1
41.2,-76.9,1
41.2,-76.9,1
41.2,-76.9,1
41.2,-76.9,1
41.2,-76.9,1
41.2,-76.9,1
41.2,-76.9,1
41.2,-76.9,1
41.2,-76.9,1
41.2,-76.9,1
41.2,-76.9,1
41.2,-76.9,1
41.2,-76.9,1
41.2,-76.9,1
41.2,-76.9,1
41.2,-76.9,1
41.2,-76.9,1
41.2,-76.9,1
41.2,-76.9,1
41.2,-76.9,1
41.2,-76.9,1
41.2,-76.9,1
41.2,-76.9,1
41.2,-76.9,1
41.2,-76.9,1
41.2,-76.9,1
41.2,-76.9,1
41.2,-76.9,1
41.2,-76.9,1
41.2,-76.9,1
41.2,-76.9,1
41.2,-76.9,1
41.2,-76.9,1
41.2,-76.9,1
41.2,-76.9,1
41.2,-76.9,1
41.2,-76.9,1
41.2,-76.9,1
41.2,-76.9,1
41.2,-76.9,1
41.2,-76.9,1
41.2,-76.9,1
41.2,-76.9,1
41.2,-76.9,1
41.2,-76.9,1
41.2,-76.9,1
41.2,-76.9,1
41.2,-76.9,1
41.2,-76.9,1
41.2,-76.9,1
41.2,-76.9,1
41.2,-76.9,1
41.2,-76.9,1
41.2,-76.9,1
41.2,-76.9,1
41.2,-76.9,1
41.2,-76.9,1
41.2,-76.9,1
41.2,-76.9,1
41.2,-76.9,1
41.2,-76.9,1
41.2,-76.9,1
41.2,-76.9,1
41.2,-76.9,1
41.2,-76.9,1
41.2,-76.9,1
41.2,-76.9,1
41.2,-76.9,1
41.2,-76.9,1
41.2,-76.9,1
41.2,-76.9,1
41.2,-76.9,1
41.2,-76.9,1
41.2,-76.9,1
41.2,-76.9,1
41.2,-76.9,1
41.2,-76.9,1
41.2,-76.9,1
41.2,-76.9,1
41.2,-76.9,1
41.2,-76.9,1
41.2,-76.9,1
41.2,-76.9,1
41.2,-76.9,1
41.2,-76.9,1
41.2,-76.9,1
41.2,-76.9,1
41.2,-76.9,1
41.2,-76.9,1
41.2,-76.9,1
41.2,-76.9,1
41.2,-76.9,1
41.2,-76.9,1
41.2,-76.9,1
41.2,-76.9,1
41.2,-76.9,1
41.2,-76.9,1
41.2,-76.9,1
41.2,-76.9,1
41.2,-76.9,1
41.2,-76.9,1
41.2,-76.9,1
41.2,-76.9,1
41.2,-76.9,1
41.2,-76.9,1
41.2,-76.9,1
41.2,-76.9,1
41.2,-76.9,1
41.2,-76.9,1
41.2,-76.9,1
41.2,-76.9,1
41.2,-76.9,1
41.2,-76.9,1
41.2,-76.9,1
41.2,-76.9,1
41.2,-76.9,1
41.2,-76.9,1
41.2,-76.9,1
41.2,-76.9,1
41.2,-76.9,1
41.2,-76.9,1
41.2,-76.9,1
41.2,-76.9,1
41.2,-76.9,1
41.2,-76.9,1
41.2,-76.9,1
41.2,-76.9,1
41.2,-76.9,1
41.2,-76.9,1
41.2,-76.9,1
41.2,-76.9,1
41.2,-76.9,1
41.2,-76.9,1
41.2,-76.9,1
41.2,-76.9,1
41.2,-76.9,1
41.2,-76.9,1
41.2,-76.9,1
41.2,-76.9,1
41.2,-76.9,1
41.2,-76.9,1
41.2,-76.9,1
41.2,-76.9,1
41.2,-76.9,1
41.2,-76.9,1
41.2,-76.9,1
41.2,-76.9,1
41.2,-76.9,1
41.2,-76.9,1
41.2,-76.9,1
41.2,-76.9,1
41.2,-76.9,1
41.2,-76.9,1
41.2,-76.9,1
41.2,-76.9,1
41.2,-76.9,1
41.2,-76.9,1
41.2,-76.9,1
41.2,-76.9,1
41.2,-76.9,1
41.2,-76.9,1
41.2,-76.9,1
41.2,-76.9,1
41.2,-76.9,1
41.2,-76.9,1
41.2,-76.9,1
41.2,-76.9,1
41.2,-76.9,1
41.2,-76.9,1
41.2,-76.9,1
41.2,-76.9,1
41.2,-76.9,1
41.2,-76.9,1
41.2,-76.9,1
41.2,-76.9,1
41.2,-76.9,1
41.2,-76.9,1
41.2,-76.9,1
41.2,-76.9,1
41.2,-76.9,1
41.2,-76.9,1
41.2,-76.9,1
41.2,-76.9,1
41.2,-76.9,1
41.2,-76.9,1
41.2,-76.9,1
41.2,-76.9,1
41.2,-76.9,1
41.2,-76.9,1
41.2,-76.9,1
41.2,-76.9,1
41.2,-76.9,1
41.2,-76.9,1
41.2,-76.9,1
41.2,-76.9,1
41.2,-76.9,1
41.2,-76.9,1
41.2,-76.9,1
41.2,-76.9,1
41.2,-76.9,1
41.2,-76.9,1
41.2,-76.9,1
41.2,-76.9,1
41.2,-76.9,1
41.2,-76.9,1
41.2,-76.9,1
41.2,-76.9,1
41.2,-76.9,1
41.2,-76.9,1
41.2,-76.9,1
41.2,-76.9,1
41.2,-76.9,1
41.2,-76.9,1
41.2,-76.9,1
41.2,-76.9,1
41.2,-76.9,1
41.2,-76.9,1
41.2,-76.9,1
41.2,-76.9,1
41.2,-76.9,1
41.2,-76.9,1
41.2,-76.9,1
41.2,-76.9,1
41.2,-76.9,1
41.2,-76.9,1
41.2,-76.9,1
41.2,-76.9,1
41.2,-76.9,1
41.2,-76.9,1
41.2,-76.9,1
41.2,-76.9,1
41.2,-76.9,1
41.2,-76.9,1
41.2,-76.9,1
41.2,-76.9,1
41.2,-76.9,1
41.2,-76.9,1
41.2,-76.9,1
41.2,-76.9,1
41.2,-76.9,1
41.2,-76.9,1
41.2,-76.9,1
41.2,-76.9,1
41.2,-76.9,1
41.2,-76.9,1
41.2,-76.9,1
41.2,-76.9,1
41.2,-76.9,1
41.2,-76.9,1
41.2,-76.9,1
41.2,-76.9,1
41.2,-76.9,1
41.2,-76.9,1
41.2,-76.9,1
41.2,-76.9,1
41.2,-76.9,1
41.2,-76.9,1
41.2,-76.9,1
41.2,-76.9,1
41.2,-76.9,1
41.2,-76.9,1
41.2,-76.9,1
41.2,-76.9,1
41.2,-76.9,1
41.2,-76.9,1
41.2,-76.9,1
41.2,-76.9,1
41.2,-76.9,1
41.2,-76.9,1
41.2,-76.9,1
41.2,-76.9,1
41.2,-76.9,1
41.2,-76.9,1
41.2,-76.9,1
41.2,-76.9,1
41.2,-76.9,1
41.2,-76.9,1
41.2,-76.9,1
41.2,-76.9,1
41.2,-76.9,1
41.2,-76.9,1
41.2,-76.9,1
41.2,-76.9,1
41.2,-76.9,1
41.2,-76.9,1
41.2,-76.9,1
41.2,-76.9,1
41.2,-76.9,1
41.2,-76.9,1
41.2,-76.9,1
41.2,-76.9,1
41.2,-76.9,1
41.2,-76.9,1
41.2,-76.9,1
41.2,-76.9,1
41.2,-76.9,1
41.2,-76.9,1
41.2,-76.9,1
41.2,-76.9,1
41.2,-76.9,1
41.2,-76.9,1
41.2,-76.9,1
41.2,-76.9,1
41.2,-76.9,1
41.2,-76.9,1
41.2,-76.9,1
41.2,-76.9,1
41.2,-76.9,1
41.2,-76.9,1
41.2,-76.9,1
41.2,-76.9,1
41.2,-76.9,1
41.2,-76.9,1
41.2,-76.9,1
41.2,-76.9,1
41.2,-76.9,1
41.2,-76.9,1
41.2,-76.9,1
41.2,-76.9,1
41.2,-76.9,1
41.2,-76.9,1
41.2,-76.9,1
41.2,-76.9,1
41.2,-76.9,1
41.2,-76.9,1
41.2,-76.9,1
41.2,-76.9,1
41.2,-76.9,1
41.2,-76.9,1
41.2,-76.9,1
41.2,-76.9,1
41.2,-76.9,1
41.2,-76.9,1
41.2,-76.9,1
41.2,-76.9,1
41.2,-76.9,1
41.2,-76.9,1
41.2,-76.9,1
41.2,-76.9,1
41.2,-76.9,1
41.2,-76.9,1
41.2,-76.9,1
41.2,-76.9,1
41.2,-76.9,1
41.2,-76.9,1
41.2,-76.9,1
41.2,-76.9,1
41.2,-76.9,1
41.2,-76.9,1
41.2,-76.9,1
41.2,-76.9,1
41.2,-76.9,1
41.2,-76.9,1
41.2,-76.9,1
41.2,-76.9,1
41.2,-76.9,1
41.2,-76.9,1
41.2,-76.9,1
41.2,-76.9,1
41.2,-76.9,1
41.2,-76.9,1
41.2,-76.9,1
41.2,-76.9,1
41.2,-76.9,1
41.2,-76.9,1
41.2,-76.9,1
41.2,-76.9,1
41.2,-76.9,1
41.2,-76.9,1
41.2,-76.9,1
41.2,-76.9,1
41.2,-76.9,1
41.2,-76.9,1
41.2,-76.9,1
41.2,-76.9,1
41.2,-76.9,1
41.2,-76.9,1
41.2,-76.9,1
41.2,-76.9,1
41.2,-76.9,1
41.2,-76.9,1
41.2,-76.9,1
41.2,-76.9,1
41.2,-76.9,1
41.2,-76.9,1
41.2,-76.9,1
41.2,-76.9,1
41.2,-76.9,1
41.2,-76.9,1
41.2,-76.9,1
41.2,-76.9,1
41.2,-76.9,1
41.2,-76.9,1
41.2,-76.9,1
41.2,-76.9,1
41.2,-76.9,1
41.2,-76.9,1
41.2,-76.9,1
41.2,-76.9,1
41.2,-76.9,1
41.2,-76.9,1
41.2,-76.9,1
41.2,-76.9,1
41.2,-76.9,1
41.2,-76.9,1
41.2,-76.9,1
41.2,-76.9,1
41.2,-76.9,1
41.2,-76.9,1
41.2,-76.9,1
41.2,-76.9,1
41.2,-76.9,1
41.2,-76.9,1
41.2,-76.9,1
41.2,-76.9,1
41.2,-76.9,1
41.2,-76.9,1
41.2,-76.9,1
41.2,-76.9,1
41.2,-76.9,1
41.2,-76.9,1
41.2,-76.9,1
41.2,-76.9,1
41.2,-76.9,1
41.2,-76.9,1
41.2,-76.9,1
41.2,-76.9,1
41.2,-76.9,1
41.2,-76.9,1
41.2,-76.9,1
41.2,-76.9,1
41.2,-76.9,1
41.2,-76.9,1
41.2,-76.9,1
41.2,-76.9,1
41.2,-76.9,1
41.2,-76.9,1
41.2,-76.9,1
41.2,-76.9,1
41.2,-76.9,1
41.2,-76.9,1
41.2,-76.9,1
41.2,-76.9,1
41.2,-76.9,1
41.2,-76.9,1
41.2,-76.9,1
41.2,-76.9,1
41.2,-76.9,1
41.2,-76.9,1
41.2,-76.9,1
41.2,-76.9,1
41.2,-76.9,1
41.2,-76.9,1
41.2,-76.9,1
41.2,-76.9,1
41.2,-76.9,1
41.2,-76.9,1
41.2,-76.9,1
41.2,-76.9,1
41.2,-76.9,1
41.2,-76.9,1
41.2,-76.9,1
41.2,-76.9,1
41.2,-76.9,1
41.2,-76.9,1
41.2,-76.9,1
41.2,-76.9,1
41.2,-76.9,1
41.2,-76.9,1
41.2,-76.9,1
41.2,-76.9,1
41.2,-76.9,1
41.2,-76.9,1
41.2,-76.9,1
41.2,-76.9,1
41.2,-76.9,1
41.2,-76.9,1
41.2,-76.9,1
41.2,-76.9,1
41.2,-76.9,1
41.2,-76.9,1
41.2,-76.9,1
41.2,-76.9,1
41.2,-76.9,1
41.2,-76.9,1
41.2,-76.9,1
41.2,-76.9,1
41.2,-76.9,1
41.2,-76.9,1
41.2,-76.9,1
41.2,-76.9,1
41.2,-76.9,1
41.2,-76.9,1
41.2,-76.9,1
41.2,-76.9,1
41.2,-76.9,1
41.2,-76.9,1
41.2,-76.9,1
41.2,-76.9,1
41.2,-76.9,1
41.2,-76.9,1
41.2,-76.9,1
41.2,-76.9,1
41.2,-76.9,1
41.2,-76.9,1
41.2,-76.9,1
41.2,-76.9,1
41.2,-76.9,1
41.2,-76.9,1
41.2,-76.9,1
41.2,-76.9,1
41.2,-76.9,1
41.2,-76.9,1
41.2,-76.9,1
41.2,-76.9,1
41.2,-76.9,1
41.2,-76.9,1
41.2,-76.9,1
41.2,-76.9,1
41.2,-76.9,1
41.2,-76.9,1
41.2,-76.9,1
41.2,-76.9,1
41.2,-76.9,1
41.2,-76.9,1
41.2,-76.9,1
41.2,-76.9,1
41.2,-76.9,1
41.2,-76.9,1
41.2,-76.9,1
41.2,-76.9,1
41.2,-76.9,1
41.2,-76.9,1
41.2,-76.9,1
41.2,-76.9,1
41.2,-76.9,1
41.2,-76.9,1
41.2,-76.9,1
41.2,-76.9,1
41.2,-76.9,1
41.2,-76.9,1
41.2,-76.9,1
41.2,-76.9,1
41.2,-76.9,1
41.2,-76.9,1
41.2,-76.9,1
41.2,-76.9,1
41.2,-76.9,1
41.2,-76.9,1
41.2,-76.9,1
41.2,-76.9,1
41.2,-76.9,1
41.2,-76.9,1
41.2,-76.9,1
41.2,-76.9,1
41.2,-76.9,1
41.2,-76.9,1
41.2,-76.9,1
41.2,-76.9,1
41.2,-76.9,1
41.2,-76.9,1
41.2,-76.9,1
41.2,-76.9,1
41.2,-76.9,1
41.2,-76.9,1
41.2,-76.9,1
41.2,-76.9,1
41.2,-76.9,1
41.2,-76.9,1
41.2,-76.9,1
41.2,-76.9,1
41.2,-76.9,1
41.2,-76.9,1
41.2,-76.9,1
41.2,-76.9,1
41.2,-76.9,1
41.2,-76.9,1
41.2,-76.9,1
41.2,-76.9,1
41.2,-76.9,1
41.2,-76.9,1
41.2,-76.9,1
41.2,-76.9,1
41.2,-76.9,1
41.2,-76.9,1
41.2,-76.9,1
41.2,-76.9,1
41.2,-76.9,1
41.2,-76.9,1
41.2,-76.9,1
41.2,-76.9,1
41.2,-76.9,1
41.2,-76.9,1
41.2,-76.9,1
41.2,-76.9,1
41.2,-76.9,1
41.2,-76.9,1
41.2,-76.9,1
41.2,-76.9,1
41.2,-76.9,1
41.29,-76.88,1
41.29,-76.88,1
41.29,-76.88,1
41.29,-76.88,1
41.29,-76.88,1
41.29,-76.88,1
41.29,-76.88,1
41.29,-76.88,1
41.29,-76.88,1
41.29,-76.88,1
41.29,-76.88,1
41.29,-76.88,1
41.29,-76.88,1
41.29,-76.88,1
41.29,-76.88,1
41.29,-76.88,1
41.29,-76.88,1
41.29,-76.88,1
41.29,-76.88,1
41.29,-76.88,1
41.29,-76.88,1
41.29,-76.88,1
41.29,-76.88,1
41.29,-76.88,1
41.29,-76.88,1
41.29,-76.88,1
41.29,-76.88,1
41.29,-76.88,1
41.29,-76.88,1
41.29,-76.88,1
41.29,-76.88,1
41.29,-76.88,1
41.29,-76.88,1
41.29,-76.88,1
41.29,-76.88,1
41.29,-76.88,1
41.29,-76.88,1
41.29,-76.88,1
41.29,-76.88,1
41.29,-76.88,1
41.29,-76.88,1
41.29,-76.88,1
41.29,-76.88,1
41.29,-76.88,1
41.29,-76.88,1
41.29,-76.88,1
41.29,-76.88,1
41.29,-76.88,1
41.29,-76.88,1
41.29,-76.88,1
40.71,-75.48,1
40.71,-75.48,1
40.71,-75.48,1
40.71,-75.48,1
40.71,-75.48,1
40.71,-75.48,1
40.71,-75.48,1
40.71,-75.48,1
40.71,-75.48,1
40.71,-75.48,1
40.71,-75.48,1
40.71,-75.48,1
40.71,-75.48,1
40.71,-75.48,1
40.71,-75.48,1
40.71,-75.48,1
40.71,-75.48,1
40.71,-75.48,1
40.71,-75.48,1
40.71,-75.48,1
40.71,-75.48,1
40.71,-75.48,1
40.71,-75.48,1
40.71,-75.48,1
40.71,-75.48,1
40.71,-75.48,1
40.71,-75.48,1
40.71,-75.48,1
40.71,-75.48,1
40.71,-75.48,1
40.71,-75.48,1
40.71,-75.48,1
40.71,-75.48,1
40.71,-75.48,1
40.71,-75.48,1
40.71,-75.48,1
40.71,-75.48,1
40.71,-75.48,1
40.71,-75.48,1
40.71,-75.48,1
40.71,-75.48,1
40.71,-75.48,1
40.71,-75.48,1
40.71,-75.48,1
40.71,-75.48,1
40.71,-75.48,1
40.71,-75.48,1
40.71,-75.48,1
40.71,-75.48,1
40.71,-75.48,1
40.71,-75.48,1
40.71,-75.48,1
40.71,-75.48,1
40.71,-75.48,1
40.71,-75.48,1
40.71,-75.48,1
40.71,-75.48,1
40.71,-75.48,1
40.71,-75.48,1
40.71,-75.48,1
40.71,-75.48,1
40.71,-75.48,1
40.71,-75.48,1
40.71,-75.48,1
40.71,-75.48,1
40.71,-75.48,1
40.71,-75.48,1
40.71,-75.48,1
40.71,-75.48,1
40.71,-75.48,1
40.71,-75.48,1
40.71,-75.48,1
40.71,-75.48,1
40.71,-75.48,1
40.71,-75.48,1
40.71,-75.48,1
40.71,-75.48,1
40.71,-75.48,1
40.71,-75.48,1
40.71,-75.48,1
40.71,-75.48,1
40.71,-75.48,1
40.71,-75.48,1
40.71,-75.48,1
40.71,-75.48,1
40.71,-75.48,1
40.71,-75.48,1
40.71,-75.48,1
40.71,-75.48,1
40.71,-75.48,1
40.71,-75.48,1
40.71,-75.48,1
40.71,-75.48,1
40.71,-75.48,1
40.71,-75.48,1
40.71,-75.48,1
40.71,-75.48,1
40.71,-75.48,1
40.71,-75.48,1
40.71,-75.48,1
40.71,-75.48,1
40.71,-75.48,1
40.71,-75.48,1
40.71,-75.48,1
40.71,-75.48,1
40.71,-75.48,1
40.71,-75.48,1
40.71,-75.48,1
40.71,-75.48,1
40.71,-75.48,1
40.71,-75.48,1
40.71,-75.48,1
40.71,-75.48,1
40.71,-75.48,1
40.71,-75.48,1
40.71,-75.48,1
40.71,-75.48,1
40.71,-75.48,1
40.71,-75.48,1
40.71,-75.48,1
40.71,-75.48,1
40.71,-75.48,1
40.71,-75.48,1
40.71,-75.48,1
40.71,-75.48,1
40.71,-75.48,1
40.71,-75.48,1
40.71,-75.48,1
40.71,-75.48,1
40.71,-75.48,1
40.71,-75.48,1
40.71,-75.48,1
40.71,-75.48,1
40.71,-75.48,1
40.71,-75.48,1
40.71,-75.48,1
40.71,-75.48,1
40.71,-75.48,1
40.71,-75.48,1
40.71,-75.48,1
40.71,-75.48,1
40.71,-75.48,1
40.71,-75.48,1
40.71,-75.48,1
40.71,-75.48,1
40.71,-75.48,1
40.71,-75.48,1
40.71,-75.48,1
40.71,-75.48,1
40.71,-75.48,1
40.71,-75.48,1
40.71,-75.48,1
40.71,-75.48,1
40.71,-75.48,1
40.71,-75.48,1
40.71,-75.48,1
40.71,-75.48,1
40.71,-75.48,1
40.71,-75.48,1
40.71,-75.48,1
40.71,-75.48,1
40.71,-75.48,1
40.71,-75.48,1
40.71,-75.48,1
40.71,-75.48,1
40.71,-75.48,1
40.71,-75.48,1
40.71,-75.48,1
40.71,-75.48,1
40.71,-75.48,1
40.71,-75.48,1
40.71,-75.48,1
40.71,-75.48,1
40.71,-75.48,1
40.71,-75.48,1
40.71,-75.48,1
40.71,-75.48,1
40.71,-75.48,1
40.71,-75.48,1
40.71,-75.48,1
40.71,-75.48,1
40.71,-75.48,1
40.71,-75.48,1
40.71,-75.48,1
40.71,-75.48,1
40.71,-75.48,1
40.71,-75.48,1
40.71,-75.48,1
40.71,-75.48,1
40.71,-75.48,1
40.71,-75.48,1
40.71,-75.48,1
40.71,-75.48,1
40.71,-75.48,1
40.71,-75.48,1
40.71,-75.48,1
40.71,-75.48,1
40.71,-75.48,1
40.71,-75.48,1
40.71,-75.48,1
40.71,-75.48,1
40.71,-75.48,1
40.71,-75.48,1
40.71,-75.48,1
40.71,-75.48,1
40.71,-75.48,1
40.71,-75.48,1
40.71,-75.48,1
40.71,-75.48,1
40.71,-75.48,1
40.71,-75.48,1
40.71,-75.48,1
40.71,-75.48,1
40.71,-75.48,1
40.71,-75.48,1
40.71,-75.48,1
40.71,-75.48,1
40.71,-75.48,1
40.71,-75.48,1
40.71,-75.48,1
40.71,-75.48,1
40.71,-75.48,1
40.71,-75.48,1
40.71,-75.48,1
40.71,-75.48,1
40.71,-75.48,1
40.71,-75.48,1
40.71,-75.48,1
40.71,-75.48,1
40.71,-75.48,1
40.71,-75.48,1
40.71,-75.48,1
40.71,-75.48,1
40.71,-75.48,1
40.71,-75.48,1
40.71,-75.48,1
40.71,-75.48,1
40.71,-75.48,1
40.71,-75.48,1
40.71,-75.48,1
40.71,-75.48,1
40.71,-75.48,1
40.71,-75.48,1
40.71,-75.48,1
40.71,-75.48,1
40.71,-75.48,1
40.71,-75.48,1
40.71,-75.48,1
40.71,-75.48,1
40.71,-75.48,1
40.71,-75.48,1
40.71,-75.48,1
40.71,-75.48,1
40.71,-75.48,1
40.71,-75.48,1
40.71,-75.48,1
40.71,-75.48,1
40.71,-75.48,1
40.71,-75.48,1
40.71,-75.48,1
40.71,-75.48,1
40.71,-75.48,1
40.71,-75.48,1
40.71,-75.48,1
40.71,-75.48,1
40.71,-75.48,1
40.71,-75.48,1
40.71,-75.48,1
40.71,-75.48,1
40.71,-75.48,1
40.71,-75.48,1
40.71,-75.48,1
40.71,-75.48,1
40.71,-75.48,1
40.71,-75.48,1
40.71,-75.48,1
40.71,-75.48,1
40.71,-75.48,1
40.71,-75.48,1
40.71,-75.48,1
40.71,-75.48,1
40.71,-75.48,1
40.71,-75.48,1
40.71,-75.48,1
40.71,-75.48,1
40.71,-75.48,1
40.71,-75.48,1
40.71,-75.48,1
40.71,-75.48,1
40.71,-75.48,1
40.71,-75.48,1
40.71,-75.48,1
40.71,-75.48,1
40.71,-75.48,1
40.71,-75.48,1
40.71,-75.48,1
40.71,-75.48,1
40.71,-75.48,1
40.71,-75.48,1
40.71,-75.48,1
40.71,-75.48,1
40.71,-75.48,1
40.71,-75.48,1
40.71,-75.48,1
40.71,-75.48,1
40.71,-75.48,1
40.71,-75.48,1
40.71,-75.48,1
40.71,-75.48,1
40.71,-75.48,1
40.71,-75.48,1
40.71,-75.48,1
40.71,-75.48,1
40.71,-75.48,1
40.71,-75.48,1
40.71,-75.48,1
40.71,-75.48,1
40.71,-75.48,1
40.71,-75.48,1
40.71,-75.48,1
40.71,-75.48,1
40.71,-75.48,1
40.71,-75.48,1
40.71,-75.48,1
40.71,-75.48,1
40.71,-75.48,1
40.71,-75.48,1
40.71,-75.48,1
40.71,-75.48,1
40.71,-75.48,1
40.71,-75.48,1
40.71,-75.48,1
40.71,-75.48,1
40.71,-75.48,1
40.71,-75.48,1
40.71,-75.48,1
40.71,-75.48,1
40.71,-75.48,1
40.71,-75.48,1
40.71,-75.48,1
40.71,-75.48,1
40.71,-75.48,1
40.71,-75.48,1
40.71,-75.48,1
40.71,-75.48,1
40.71,-75.48,1
40.71,-75.48,1
40.71,-75.48,1
40.71,-75.48,1
40.71,-75.48,1
40.71,-75.48,1
40.71,-75.48,1
40.71,-75.48,1
40.71,-75.48,1
40.71,-75.48,1
40.71,-75.48,1
40.71,-75.48,1
40.71,-75.48,1
40.71,-75.48,1
40.71,-75.48,1
40.71,-75.48,1
40.71,-75.48,1
40.71,-75.48,1
40.71,-75.48,1
40.71,-75.48,1
40.71,-75.48,1
40.71,-75.48,1
40.71,-75.48,1
40.71,-75.48,1
40.71,-75.48,1
40.71,-75.48,1
40.71,-75.48,1
40.71,-75.48,1
40.71,-75.48,1
40.71,-75.48,1
40.71,-75.48,1
40.71,-75.48,1
40.71,-75.48,1
40.71,-75.48,1
40.71,-75.48,1
40.71,-75.48,1
40.71,-75.48,1
40.71,-75.48,1
40.71,-75.48,1
40.71,-75.48,1
40.71,-75.48,1
40.71,-75.48,1
40.71,-75.48,1
40.71,-75.48,1
40.71,-75.48,1
40.71,-75.48,1
40.71,-75.48,1
40.71,-75.48,1
40.71,-75.48,1
40.71,-75.48,1
40.71,-75.48,1
40.71,-75.48,1
40.71,-75.48,1
40.71,-75.48,1
40.71,-75.48,1
40.71,-75.48,1
40.71,-75.48,1
40.71,-75.48,1
40.71,-75.48,1
40.71,-75.48,1
40.71,-75.48,1
40.71,-75.48,1
40.71,-75.48,1
40.71,-75.48,1
40.71,-75.48,1
40.71,-75.48,1
40.71,-75.48,1
40.71,-75.48,1
40.71,-75.48,1
40.71,-75.48,1
40.71,-75.48,1
40.71,-75.48,1
40.71,-75.48,1
40.71,-75.48,1
40.71,-75.48,1
40.71,-75.48,1
40.71,-75.48,1
40.71,-75.48,1
40.71,-75.48,1
40.71,-75.48,1
40.71,-75.48,1
40.71,-75.48,1
40.71,-75.48,1
40.71,-75.48,1
40.71,-75.48,1
40.71,-75.48,1
40.71,-75.48,1
40.71,-75.48,1
40.71,-75.48,1
40.71,-75.48,1
40.71,-75.48,1
40.71,-75.48,1
40.71,-75.48,1
40.71,-75.48,1
40.71,-75.48,1
40.71,-75.48,1
40.71,-75.48,1
40.71,-75.48,1
40.71,-75.48,1
40.71,-75.48,1
40.71,-75.48,1
40.71,-75.48,1
40.71,-75.48,1
40.71,-75.48,1
40.71,-75.48,1
40.71,-75.48,1
40.71,-75.48,1
40.71,-75.48,1
40.71,-75.48,1
40.71,-75.48,1
40.71,-75.48,1
40.71,-75.48,1
40.71,-75.48,1
40.71,-75.48,1
40.71,-75.48,1
40.71,-75.48,1
40.71,-75.48,1
40.71,-75.48,1
40.71,-75.48,1
40.71,-75.48,1
40.71,-75.48,1
40.71,-75.48,1
40.71,-75.48,1
40.71,-75.48,1
40.71,-75.48,1
40.71,-75.48,1
40.71,-75.48,1
40.71,-75.48,1
40.71,-75.48,1
40.71,-75.48,1
40.71,-75.48,1
40.71,-75.48,1
40.71,-75.48,1
40.71,-75.48,1
40.71,-75.48,1
40.71,-75.48,1
40.71,-75.48,1
40.71,-75.48,1
40.71,-75.48,1
40.71,-75.48,1
40.71,-75.48,1
40.71,-75.48,1
40.71,-75.48,1
40.71,-75.48,1
40.71,-75.48,1
40.71,-75.48,1
40.71,-75.48,1
40.71,-75.48,1
40.71,-75.48,1
40.71,-75.48,1
40.71,-75.48,1
40.71,-75.48,1
40.71,-75.48,1
40.71,-75.48,1
40.71,-75.48,1
40.71,-75.48,1
40.71,-75.48,1
40.71,-75.48,1
40.71,-75.48,1
40.71,-75.48,1
40.71,-75.48,1
40.71,-75.48,1
40.71,-75.48,1
40.71,-75.48,1
40.71,-75.48,1
40.71,-75.48,1
40.71,-75.48,1
40.71,-75.48,1
40.71,-75.48,1
40.71,-75.48,1
40.71,-75.48,1
40.71,-75.48,1
40.71,-75.48,1
40.71,-75.48,1
40.71,-75.48,1
40.71,-75.48,1
40.71,-75.48,1
40.71,-75.48,1
40.71,-75.48,1
40.71,-75.48,1
40.71,-75.48,1
40.71,-75.48,1
40.71,-75.48,1
40.71,-75.48,1
40.71,-75.48,1
40.71,-75.48,1
40.71,-75.48,1
40.71,-75.48,1
40.71,-75.48,1
40.71,-75.48,1
40.71,-75.48,1
40.71,-75.48,1
40.71,-75.48,1
40.71,-75.48,1
40.71,-75.48,1
40.71,-75.48,1
40.71,-75.48,1
40.71,-75.48,1
40.71,-75.48,1
40.71,-75.48,1
40.71,-75.48,1
40.71,-75.48,1
40.71,-75.48,1
40.71,-75.48,1
40.71,-75.48,1
40.71,-75.48,1
40.71,-75.48,1
40.71,-75.48,1
40.71,-75.48,1
40.71,-75.48,1
40.71,-75.48,1
40.71,-75.48,1
40.71,-75.48,1
40.71,-75.48,1
40.71,-75.48,1
40.71,-75.48,1
40.71,-75.48,1
40.71,-75.48,1
40.71,-75.48,1
40.71,-75.48,1
40.71,-75.48,1
40.71,-75.48,1
40.71,-75.48,1
40.71,-75.48,1
40.71,-75.48,1
40.71,-75.48,1
40.71,-75.48,1
40.71,-75.48,1
40.71,-75.48,1
40.71,-75.48,1
40.71,-75.48,1
40.71,-75.48,1
40.71,-75.48,1
40.71,-75.48,1
40.71,-75.48,1
40.71,-75.48,1
40.71,-75.48,1
40.71,-75.48,1
40.71,-75.48,1
40.71,-75.48,1
40.71,-75.48,1
40.71,-75.48,1
40.71,-75.48,1
40.71,-75.48,1
40.71,-75.48,1
40.71,-75.48,1
40.71,-75.48,1
40.71,-75.48,1
40.71,-75.48,1
40.71,-75.48,1
40.71,-75.48,1
40.71,-75.48,1
40.71,-75.48,1
40.71,-75.48,1
40.71,-75.48,1
40.71,-75.48,1
40.71,-75.48,1
40.71,-75.48,1
40.71,-75.48,1
40.71,-75.48,1
40.71,-75.48,1
40.71,-75.48,1
40.71,-75.48,1
40.71,-75.48,1
40.71,-75.48,1
40.71,-75.48,1
40.71,-75.48,1
40.71,-75.48,1
40.71,-75.48,1
40.71,-75.48,1
40.71,-75.48,1
40.71,-75.48,1
40.71,-75.48,1
40.71,-75.48,1
40.71,-75.48,1
40.71,-75.48,1
40.71,-75.48,1
40.71,-75.48,1
40.71,-75.48,1
40.71,-75.48,1
40.71,-75.48,1
40.71,-75.48,1
40.71,-75.48,1
40.71,-75.48,1
40.71,-75.48,1
40.71,-75.48,1
40.71,-75.48,1
40.71,-75.48,1
40.71,-75.48,1
40.71,-75.48,1
40.71,-75.48,1
40.71,-75.48,1
40.71,-75.48,1
40.71,-75.48,1
40.71,-75.48,1
40.71,-75.48,1
40.71,-75.48,1
40.71,-75.48,1
40.71,-75.48,1
40.71,-75.48,1
40.71,-75.48,1
40.71,-75.48,1
40.71,-75.48,1
40.71,-75.48,1
40.71,-75.48,1
40.71,-75.48,1
40.71,-75.48,1
40.71,-75.48,1
40.71,-75.48,1
40.71,-75.48,1
40.71,-75.48,1
40.71,-75.48,1
40.71,-75.48,1
40.71,-75.48,1
40.71,-75.48,1
40.71,-75.48,1
40.71,-75.48,1
40.71,-75.48,1
40.71,-75.48,1
40.71,-75.48,1
40.71,-75.48,1
40.71,-75.48,1
40.71,-75.48,1
40.71,-75.48,1
40.71,-75.48,1
40.71,-75.48,1
40.71,-75.48,1
40.71,-75.48,1
40.71,-75.48,1
40.71,-75.48,1
40.71,-75.48,1
40.71,-75.48,1
40.71,-75.48,1
40.71,-75.48,1
40.71,-75.48,1
40.71,-75.48,1
40.71,-75.48,1
40.71,-75.48,1
40.71,-75.48,1
40.71,-75.48,1
40.71,-75.48,1
40.71,-75.48,1
40.71,-75.48,1
40.71,-75.48,1
40.71,-75.48,1
40.71,-75.48,1
40.71,-75.48,1
40.71,-75.48,1
40.71,-75.48,1
40.71,-75.48,1
40.71,-75.48,1
40.71,-75.48,1
40.71,-75.48,1
40.71,-75.48,1
40.71,-75.48,1
40.71,-75.48,1
40.71,-75.48,1
40.71,-75.48,1
40.71,-75.48,1
40.71,-75.48,1
40.71,-75.48,1
40.71,-75.48,1
40.71,-75.48,1
40.71,-75.48,1
40.71,-75.48,1
40.71,-75.48,1
40.71,-75.48,1
40.71,-75.48,1
40.71,-75.48,1
40.71,-75.48,1
40.71,-75.48,1
40.71,-75.48,1
40.71,-75.48,1
40.71,-75.48,1
40.71,-75.48,1
40.71,-75.48,1
40.71,-75.48,1
40.71,-75.48,1
40.71,-75.48,1
40.71,-75.48,1
40.71,-75.48,1
40.71,-75.48,1
40.71,-75.48,1
40.71,-75.48,1
40.71,-75.48,1
40.71,-75.48,1
40.71,-75.48,1
40.71,-75.48,1
40.71,-75.48,1
40.71,-75.48,1
40.71,-75.48,1
40.71,-75.48,1
40.71,-75.48,1
40.71,-75.48,1
40.71,-75.48,1
40.71,-75.48,1
40.71,-75.48,1
40.71,-75.48,1
40.71,-75.48,1
40.71,-75.48,1
40.71,-75.48,1
40.71,-75.48,1
40.71,-75.48,1
40.71,-75.48,1
40.71,-75.48,1
40.71,-75.48,1
40.71,-75.48,1
40.71,-75.48,1
40.71,-75.48,1
40.71,-75.48,1
40.71,-75.48,1
40.71,-75.48,1
40.71,-75.48,1
40.71,-75.48,1
40.71,-75.48,1
40.71,-75.48,1
40.71,-75.48,1
40.71,-75.48,1
40.71,-75.48,1
40.71,-75.48,1
40.71,-75.48,1
40.71,-75.48,1
40.71,-75.48,1
40.71,-75.48,1
40.71,-75.48,1
40.71,-75.48,1
40.71,-75.48,1
40.71,-75.48,1
40.71,-75.48,1
40.71,-75.48,1
40.71,-75.48,1
40.71,-75.48,1
40.71,-75.48,1
40.71,-75.48,1
40.71,-75.48,1
40.71,-75.48,1
40.71,-75.48,1
40.71,-75.48,1
40.71,-75.48,1
40.71,-75.48,1
40.71,-75.48,1
40.71,-75.48,1
40.71,-75.48,1
40.71,-75.48,1
40.71,-75.48,1
40.71,-75.48,1
40.71,-75.48,1
40.71,-75.48,1
40.71,-75.48,1
40.71,-75.48,1
40.71,-75.48,1
40.71,-75.48,1
40.71,-75.48,1
40.71,-75.48,1
40.71,-75.48,1
40.71,-75.48,1
40.71,-75.48,1
40.71,-75.48,1
40.71,-75.48,1
40.71,-75.48,1
40.71,-75.48,1
40.71,-75.48,1
40.71,-75.48,1
40.71,-75.48,1
40.71,-75.48,1
40.71,-75.48,1
40.71,-75.48,1
40.71,-75.48,1
40.71,-75.48,1
40.71,-75.48,1
40.71,-75.48,1
40.71,-75.48,1
40.71,-75.48,1
40.71,-75.48,1
40.71,-75.48,1
40.71,-75.48,1
40.71,-75.48,1
40.71,-75.48,1
40.71,-75.48,1
40.71,-75.48,1
40.71,-75.48,1
40.71,-75.48,1
40.71,-75.48,1
40.71,-75.48,1
40.71,-75.48,1
40.71,-75.48,1
40.71,-75.48,1
40.71,-75.48,1
40.71,-75.48,1
40.71,-75.48,1
40.71,-75.48,1
40.71,-75.48,1
40.71,-75.48,1
40.71,-75.48,1
40.71,-75.48,1
40.71,-75.48,1
40.71,-75.48,1
40.71,-75.48,1
40.71,-75.48,1
40.71,-75.48,1
40.71,-75.48,1
40.71,-75.48,1
40.71,-75.48,1
40.71,-75.48,1
40.71,-75.48,1
40.71,-75.48,1
40.71,-75.48,1
40.71,-75.48,1
40.71,-75.48,1
40.71,-75.48,1
40.71,-75.48,1
40.71,-75.48,1
40.71,-75.48,1
40.71,-75.48,1
40.71,-75.48,1
40.71,-75.48,1
40.71,-75.48,1
40.71,-75.48,1
40.71,-75.48,1
40.71,-75.48,1
40.71,-75.48,1
40.71,-75.48,1
40.71,-75.48,1
40.71,-75.48,1
40.71,-75.48,1
40.71,-75.48,1
40.71,-75.48,1
40.71,-75.48,1
40.71,-75.48,1
40.71,-75.48,1
40.71,-75.48,1
40.71,-75.48,1
40.71,-75.48,1
40.71,-75.48,1
40.71,-75.48,1
40.71,-75.48,1
40.71,-75.48,1
40.71,-75.48,1
40.71,-75.48,1
40.71,-75.48,1
40.71,-75.48,1
40.71,-75.48,1
40.71,-75.48,1
40.71,-75.48,1
40.71,-75.48,1
40.71,-75.48,1
40.71,-75.48,1
40.71,-75.48,1
40.71,-75.48,1
40.71,-75.48,1
40.71,-75.48,1
40.71,-75.48,1
40.71,-75.48,1
40.71,-75.48,1
40.71,-75.48,1
40.71,-75.48,1
40.71,-75.48,1
40.71,-75.48,1
40.71,-75.48,1
40.71,-75.48,1
40.71,-75.48,1
40.71,-75.48,1
40.71,-75.48,1
40.71,-75.48,1
40.71,-75.48,1
40.71,-75.48,1
40.71,-75.48,1
40.71,-75.48,1
40.71,-75.48,1
40.71,-75.48,1
40.71,-75.48,1
40.71,-75.48,1
40.71,-75.48,1
40.71,-75.48,1
40.71,-75.48,1
40.71,-75.48,1
40.71,-75.48,1
40.71,-75.48,1
40.71,-75.48,1
40.71,-75.48,1
40.71,-75.48,1
40.71,-75.48,1
40.71,-75.48,1
40.71,-75.48,1
40.71,-75.48,1
40.71,-75.48,1
40.71,-75.48,1
40.71,-75.48,1
40.71,-75.48,1
40.71,-75.48,1
40.71,-75.48,1
40.71,-75.48,1
40.71,-75.48,1
40.71,-75.48,1
40.71,-75.48,1
40.71,-75.48,1
40.71,-75.48,1
40.71,-75.48,1
40.71,-75.48,1
40.71,-75.48,1
40.71,-75.48,1
40.71,-75.48,1
40.71,-75.48,1
40.71,-75.48,1
40.71,-75.48,1
40.71,-75.48,1
40.71,-75.48,1
40.71,-75.48,1
40.71,-75.48,1
40.71,-75.48,1
40.71,-75.48,1
40.71,-75.48,1
40.71,-75.48,1
40.71,-75.48,1
40.71,-75.48,1
40.71,-75.48,1
40.71,-75.48,1
40.71,-75.48,1
40.71,-75.48,1
40.71,-75.48,1
40.71,-75.48,1
40.71,-75.48,1
40.71,-75.48,1
40.71,-75.48,1
40.71,-75.48,1
40.71,-75.48,1
40.71,-75.48,1
40.71,-75.48,1
40.71,-75.48,1
40.71,-75.48,1
40.71,-75.48,1
40.71,-75.48,1
40.71,-75.48,1
40.71,-75.48,1
40.71,-75.48,1
40.71,-75.48,1
40.71,-75.48,1
40.71,-75.48,1
40.71,-75.48,1
40.71,-75.48,1
40.71,-75.48,1
40.71,-75.48,1
40.71,-75.48,1
40.71,-75.48,1
40.71,-75.48,1
40.71,-75.48,1
40.71,-75.48,1
40.71,-75.48,1
40.71,-75.48,1
40.71,-75.48,1
40.71,-75.48,1
40.71,-75.48,1
40.71,-75.48,1
40.71,-75.48,1
40.71,-75.48,1
40.71,-75.48,1
40.71,-75.48,1
40.71,-75.48,1
40.71,-75.48,1
40.71,-75.48,1
40.71,-75.48,1
40.71,-75.48,1
40.71,-75.48,1
40.71,-75.48,1
40.71,-75.48,1
40.71,-75.48,1
40.71,-75.48,1
40.71,-75.48,1
40.71,-75.48,1
40.71,-75.48,1
40.71,-75.48,1
40.71,-75.48,1
40.71,-75.48,1
40.71,-75.48,1
40.71,-75.48,1
40.71,-75.48,1
40.71,-75.48,1
40.71,-75.48,1
40.71,-75.48,1
40.71,-75.48,1
40.71,-75.48,1
40.71,-75.48,1
40.71,-75.48,1
40.71,-75.48,1
40.71,-75.48,1
40.71,-75.48,1
40.71,-75.48,1
40.71,-75.48,1
40.71,-75.48,1
40.71,-75.48,1
40.71,-75.48,1
40.71,-75.48,1
40.71,-75.48,1
40.71,-75.48,1
40.71,-75.48,1
40.71,-75.48,1
40.71,-75.48,1
40.71,-75.48,1
40.71,-75.48,1
40.71,-75.48,1
40.71,-75.48,1
40.71,-75.48,1
40.71,-75.48,1
40.71,-75.48,1
40.71,-75.48,1
40.71,-75.48,1
40.71,-75.48,1
40.71,-75.48,1
40.71,-75.48,1
40.71,-75.48,1
40.71,-75.48,1
40.71,-75.48,1
40.71,-75.48,1
40.71,-75.48,1
40.71,-75.48,1
40.71,-75.48,1
40.71,-75.48,1
40.71,-75.48,1
40.71,-75.48,1
40.71,-75.48,1
40.71,-75.48,1
40.71,-75.48,1
40.71,-75.48,1
40.71,-75.48,1
40.71,-75.48,1
40.71,-75.48,1
40.71,-75.48,1
40.71,-75.48,1
40.71,-75.48,1
40.71,-75.48,1
40.71,-75.48,1
40.71,-75.48,1
40.71,-75.48,1
40.71,-75.48,1
40.71,-75.48,1
40.71,-75.48,1
40.71,-75.48,1
40.71,-75.48,1
40.71,-75.48,1
40.71,-75.48,1
40.71,-75.48,1
40.71,-75.48,1
40.71,-75.48,1
40.71,-75.48,1
40.71,-75.48,1
40.71,-75.48,1
40.71,-75.48,1
40.71,-75.48,1
40.71,-75.48,1
40.71,-75.48,1
40.71,-75.48,1
40.71,-75.48,1
40.71,-75.48,1
40.71,-75.48,1
40.71,-75.48,1
40.71,-75.48,1
40.71,-75.48,1
40.71,-75.48,1
40.71,-75.48,1
40.71,-75.48,1
40.71,-75.48,1
40.71,-75.48,1
40.71,-75.48,1
40.71,-75.48,1
40.71,-75.48,1
40.71,-75.48,1
40.71,-75.48,1
40.71,-75.48,1
40.71,-75.48,1
40.71,-75.48,1
40.71,-75.48,1
40.71,-75.48,1
40.71,-75.48,1
40.71,-75.48,1
40.71,-75.48,1
40.71,-75.48,1
40.71,-75.48,1
40.71,-75.48,1
40.71,-75.48,1
40.71,-75.48,1
40.71,-75.48,1
40.71,-75.48,1
40.71,-75.48,1
40.71,-75.48,1
40.71,-75.48,1
40.71,-75.48,1
40.71,-75.48,1
40.71,-75.48,1
40.71,-75.48,1
40.71,-75.48,1
40.71,-75.48,1
40.71,-75.48,1
40.71,-75.48,1
40.71,-75.48,1
40.71,-75.48,1
40.71,-75.48,1
40.71,-75.48,1
40.71,-75.48,1
40.71,-75.48,1
40.71,-75.48,1
40.71,-75.48,1
40.71,-75.48,1
40.71,-75.48,1
40.71,-75.48,1
40.71,-75.48,1
40.71,-75.48,1
40.71,-75.48,1
40.71,-75.48,1
40.71,-75.48,1
40.71,-75.48,1
40.71,-75.48,1
40.71,-75.48,1
40.71,-75.48,1
40.71,-75.48,1
40.71,-75.48,1
40.71,-75.48,1
40.71,-75.48,1
40.71,-75.48,1
40.71,-75.48,1
40.71,-75.48,1
40.71,-75.48,1
40.71,-75.48,1
40.71,-75.48,1
40.71,-75.48,1
40.71,-75.48,1
40.71,-75.48,1
40.71,-75.48,1
40.71,-75.48,1
40.71,-75.48,1
40.71,-75.48,1
40.71,-75.48,1
40.71,-75.48,1
40.71,-75.48,1
40.71,-75.48,1
40.71,-75.48,1
40.71,-75.48,1
40.71,-75.48,1
40.71,-75.48,1
40.71,-75.48,1
40.71,-75.48,1
40.71,-75.48,1
40.71,-75.48,1
40.71,-75.48,1
40.71,-75.48,1
40.71,-75.48,1
40.71,-75.48,1
40.71,-75.48,1
40.71,-75.48,1
40.71,-75.48,1
40.71,-75.48,1
40.71,-75.48,1
40.71,-75.48,1
40.71,-75.48,1
40.71,-75.48,1
40.71,-75.48,1
40.71,-75.48,1
40.71,-75.48,1
40.71,-75.48,1
40.71,-75.48,1
40.71,-75.48,1
40.71,-75.48,1
40.71,-75.48,1
40.71,-75.48,1
40.71,-75.48,1
40.71,-75.48,1
40.71,-75.48,1
40.71,-75.48,1
40.71,-75.48,1
40.71,-75.48,1
40.71,-75.48,1
40.71,-75.48,1
40.71,-75.48,1
40.71,-75.48,1
40.71,-75.48,1
40.71,-75.48,1
40.71,-75.48,1
40.71,-75.48,1
40.71,-75.48,1
40.71,-75.48,1
40.71,-75.48,1
40.71,-75.48,1
40.71,-75.48,1
40.71,-75.48,1
40.71,-75.48,1
40.71,-75.48,1
40.71,-75.48,1
40.71,-75.48,1
40.71,-75.48,1
40.71,-75.48,1
40.71,-75.48,1
40.71,-75.48,1
40.71,-75.48,1
40.71,-75.48,1
40.71,-75.48,1
40.71,-75.48,1
40.71,-75.48,1
40.71,-75.48,1
40.71,-75.48,1
40.71,-75.48,1
40.71,-75.48,1
40.71,-75.48,1
40.71,-75.48,1
40.71,-75.48,1
40.71,-75.48,1
40.71,-75.48,1
40.71,-75.48,1
40.71,-75.48,1
40.71,-75.48,1
40.71,-75.48,1
40.71,-75.48,1
40.71,-75.48,1
40.71,-75.48,1
40.71,-75.48,1
40.71,-75.48,1
40.71,-75.48,1
40.71,-75.48,1
40.71,-75.48,1
40.71,-75.48,1
40.71,-75.48,1
40.71,-75.48,1
40.71,-75.48,1
40.71,-75.48,1
40.71,-75.48,1
40.71,-75.48,1
40.71,-75.48,1
40.71,-75.48,1
40.71,-75.48,1
40.71,-75.48,1
40.71,-75.48,1
40.71,-75.48,1
40.71,-75.48,1
40.71,-75.48,1
40.71,-75.48,1
40.71,-75.48,1
40.71,-75.48,1
40.71,-75.48,1
40.71,-75.48,1
40.71,-75.48,1
40.71,-75.48,1
40.71,-75.48,1
40.71,-75.48,1
40.71,-75.48,1
40.71,-75.48,1
40.71,-75.48,1
40.71,-75.48,1
40.71,-75.48,1
40.71,-75.48,1
40.71,-75.48,1
40.71,-75.48,1
40.71,-75.48,1
40.71,-75.48,1
40.71,-75.48,1
40.71,-75.48,1
40.71,-75.48,1
40.71,-75.48,1
40.71,-75.48,1
40.71,-75.48,1
40.71,-75.48,1
40.71,-75.48,1
40.71,-75.48,1
40.71,-75.48,1
40.71,-75.48,1
40.71,-75.48,1
40.71,-75.48,1
40.71,-75.48,1
40.71,-75.48,1
40.71,-75.48,1
40.71,-75.48,1
40.71,-75.48,1
40.71,-75.48,1
40.71,-75.48,1
40.71,-75.48,1
40.71,-75.48,1
40.71,-75.48,1
40.71,-75.48,1
40.71,-75.48,1
40.71,-75.48,1
40.71,-75.48,1
40.71,-75.48,1
40.71,-75.48,1
40.71,-75.48,1
40.71,-75.48,1
40.71,-75.48,1
40.71,-75.48,1
40.71,-75.48,1
40.71,-75.48,1
40.71,-75.48,1
40.71,-75.48,1
40.71,-75.48,1
40.71,-75.48,1
40.71,-75.48,1
40.71,-75.48,1
40.71,-75.48,1
40.71,-75.48,1
40.71,-75.48,1
40.71,-75.48,1
40.71,-75.48,1
40.71,-75.48,1
40.71,-75.48,1
40.71,-75.48,1
40.71,-75.48,1
40.71,-75.48,1
40.71,-75.48,1
40.71,-75.48,1
40.71,-75.48,1
40.71,-75.48,1
40.71,-75.48,1
40.71,-75.48,1
40.71,-75.48,1
40.71,-75.48,1
40.71,-75.48,1
40.71,-75.48,1
40.71,-75.48,1
40.71,-75.48,1
40.71,-75.48,1
40.71,-75.48,1
40.71,-75.48,1
40.71,-75.48,1
40.71,-75.48,1
40.71,-75.48,1
40.71,-75.48,1
40.71,-75.48,1
40.71,-75.48,1
40.71,-75.48,1
40.71,-75.48,1
40.71,-75.48,1
40.71,-75.48,1
40.71,-75.48,1
40.71,-75.48,1
40.71,-75.48,1
40.71,-75.48,1
40.71,-75.48,1
40.71,-75.48,1
40.71,-75.48,1
40.71,-75.48,1
40.71,-75.48,1
40.71,-75.48,1
40.71,-75.48,1
40.71,-75.48,1
40.71,-75.48,1
40.71,-75.48,1
40.71,-75.48,1
40.71,-75.48,1
40.71,-75.48,1
40.71,-75.48,1
40.71,-75.48,1
40.71,-75.48,1
40.71,-75.48,1
40.71,-75.48,1
40.71,-75.48,1
40.71,-75.48,1
40.71,-75.48,1
40.71,-75.48,1
40.71,-75.48,1
40.71,-75.48,1
40.71,-75.48,1
40.71,-75.48,1
40.71,-75.48,1
40.71,-75.48,1
40.71,-75.48,1
40.71,-75.48,1
40.71,-75.48,1
40.71,-75.48,1
40.71,-75.48,1
40.71,-75.48,1
40.71,-75.48,1
40.71,-75.48,1
40.71,-75.48,1
40.71,-75.48,1
40.71,-75.48,1
40.71,-75.48,1
40.71,-75.48,1
40.71,-75.48,1
40.71,-75.48,1
40.71,-75.48,1
40.71,-75.48,1
40.71,-75.48,1
40.71,-75.48,1
40.71,-75.48,1
40.71,-75.48,1
40.71,-75.48,1
40.71,-75.48,1
40.71,-75.48,1
40.71,-75.48,1
40.71,-75.48,1
40.71,-75.48,1
40.71,-75.48,1
40.71,-75.48,1
40.71,-75.48,1
40.71,-75.48,1
40.71,-75.48,1
40.71,-75.48,1
40.71,-75.48,1
40.71,-75.48,1
40.71,-75.48,1
40.71,-75.48,1
40.71,-75.48,1
40.71,-75.48,1
40.71,-75.48,1
40.71,-75.48,1
40.71,-75.48,1
40.71,-75.48,1
40.71,-75.48,1
40.71,-75.48,1
40.71,-75.48,1
40.71,-75.48,1
40.71,-75.48,1
40.71,-75.48,1
40.71,-75.48,1
40.71,-75.48,1
40.71,-75.48,1
40.71,-75.48,1
40.71,-75.48,1
40.71,-75.48,1
40.71,-75.48,1
40.71,-75.48,1
40.71,-75.48,1
40.71,-75.48,1
40.71,-75.48,1
40.71,-75.48,1
40.71,-75.48,1
40.71,-75.48,1
40.71,-75.48,1
40.71,-75.48,1
40.71,-75.48,1
40.71,-75.48,1
40.71,-75.48,1
40.71,-75.48,1
40.71,-75.48,1
40.71,-75.48,1
40.71,-75.48,1
40.71,-75.48,1
40.71,-75.48,1
40.71,-75.48,1
40.71,-75.48,1
40.71,-75.48,1
40.71,-75.48,1
40.71,-75.48,1
40.71,-75.48,1
40.71,-75.48,1
40.71,-75.48,1
40.71,-75.48,1
40.71,-75.48,1
40.71,-75.48,1
40.71,-75.48,1
40.71,-75.48,1
40.71,-75.48,1
40.71,-75.48,1
40.71,-75.48,1
40.71,-75.48,1
40.71,-75.48,1
40.71,-75.48,1
40.71,-75.48,1
40.71,-75.48,1
40.71,-75.48,1
40.71,-75.48,1
40.71,-75.48,1
40.71,-75.48,1
40.71,-75.48,1
40.71,-75.48,1
40.71,-75.48,1
40.71,-75.48,1
40.71,-75.48,1
40.71,-75.48,1
40.71,-75.48,1
40.71,-75.48,1
40.71,-75.48,1
40.71,-75.48,1
40.71,-75.48,1
40.71,-75.48,1
40.71,-75.48,1
40.71,-75.48,1
40.71,-75.48,1
40.71,-75.48,1
40.71,-75.48,1
40.71,-75.48,1
40.71,-75.48,1
40.71,-75.48,1
40.71,-75.48,1
40.71,-75.48,1
40.71,-75.48,1
40.71,-75.48,1
40.71,-75.48,1
40.71,-75.48,1
40.71,-75.48,1
40.71,-75.48,1
40.71,-75.48,1
40.71,-75.48,1
40.71,-75.48,1
40.71,-75.48,1
40.71,-75.48,1
40.71,-75.48,1
40.71,-75.48,1
40.71,-75.48,1
40.71,-75.48,1
40.71,-75.48,1
40.71,-75.48,1
40.71,-75.48,1
40.71,-75.48,1
40.71,-75.48,1
40.71,-75.48,1
40.71,-75.48,1
40.71,-75.48,1
40.71,-75.48,1
40.71,-75.48,1
40.71,-75.48,1
40.71,-75.48,1
40.71,-75.48,1
40.71,-75.48,1
40.71,-75.48,1
40.71,-75.48,1
40.71,-75.48,1
40.71,-75.48,1
40.71,-75.48,1
40.71,-75.48,1
40.71,-75.48,1
40.71,-75.48,1
40.71,-75.48,1
40.71,-75.48,1
40.71,-75.48,1
40.71,-75.48,1
40.71,-75.48,1
40.71,-75.48,1
40.71,-75.48,1
40.71,-75.48,1
40.71,-75.48,1
40.71,-75.48,1
40.71,-75.48,1
40.71,-75.48,1
40.71,-75.48,1
40.71,-75.48,1
40.71,-75.48,1
40.71,-75.48,1
40.71,-75.48,1
40.71,-75.48,1
40.71,-75.48,1
40.71,-75.48,1
40.71,-75.48,1
40.71,-75.48,1
40.71,-75.48,1
40.71,-75.48,1
40.71,-75.48,1
40.71,-75.48,1
40.71,-75.48,1
40.71,-75.48,1
40.71,-75.48,1
40.71,-75.48,1
40.71,-75.48,1
40.71,-75.48,1
40.71,-75.48,1
40.71,-75.48,1
40.71,-75.48,1
40.71,-75.48,1
40.71,-75.48,1
40.71,-75.48,1
40.71,-75.48,1
40.71,-75.48,1
40.71,-75.48,1
40.71,-75.48,1
40.71,-75.48,1
40.71,-75.48,1
40.71,-75.48,1
40.71,-75.48,1
40.71,-75.48,1
40.71,-75.48,1
40.71,-75.48,1
40.71,-75.48,1
40.71,-75.48,1
40.71,-75.48,1
40.71,-75.48,1
40.71,-75.48,1
40.71,-75.48,1
40.71,-75.48,1
40.71,-75.48,1
40.71,-75.48,1
40.71,-75.48,1
40.71,-75.48,1
40.71,-75.48,1
40.71,-75.48,1
40.71,-75.48,1
40.71,-75.48,1
40.71,-75.48,1
40.71,-75.48,1
40.71,-75.48,1
40.71,-75.48,1
40.71,-75.48,1
40.71,-75.48,1
40.71,-75.48,1
40.71,-75.48,1
40.71,-75.48,1
40.71,-75.48,1
40.71,-75.48,1
40.71,-75.48,1
40.71,-75.48,1
40.71,-75.48,1
40.71,-75.48,1
40.71,-75.48,1
40.71,-75.48,1
40.71,-75.48,1
40.71,-75.48,1
40.71,-75.48,1
40.71,-75.48,1
40.71,-75.48,1
40.71,-75.48,1
40.71,-75.48,1
40.71,-75.48,1
40.71,-75.48,1
40.71,-75.48,1
40.71,-75.48,1
40.71,-75.48,1
40.71,-75.48,1
40.71,-75.48,1
40.71,-75.48,1
40.71,-75.48,1
40.71,-75.48,1
40.71,-75.48,1
40.71,-75.48,1
40.71,-75.48,1
40.71,-75.48,1
40.71,-75.48,1
40.71,-75.48,1
40.71,-75.48,1
40.71,-75.48,1
40.71,-75.48,1
40.71,-75.48,1
40.71,-75.48,1
40.71,-75.48,1
40.71,-75.48,1
40.71,-75.48,1
40.71,-75.48,1
40.71,-75.48,1
40.71,-75.48,1
40.71,-75.48,1
40.71,-75.48,1
40.71,-75.48,1
40.71,-75.48,1
40.71,-75.48,1
40.71,-75.48,1
40.71,-75.48,1
40.71,-75.48,1
40.71,-75.48,1
40.71,-75.48,1
40.71,-75.48,1
40.71,-75.48,1
40.71,-75.48,1
40.71,-75.48,1
40.71,-75.48,1
40.71,-75.48,1
40.71,-75.48,1
40.71,-75.48,1
40.71,-75.48,1
40.71,-75.48,1
40.71,-75.48,1
40.71,-75.48,1
40.71,-75.48,1
40.71,-75.48,1
40.71,-75.48,1
40.71,-75.48,1
40.71,-75.48,1
40.71,-75.48,1
40.71,-75.48,1
40.71,-75.48,1
40.71,-75.48,1
40.71,-75.48,1
40.71,-75.48,1
40.71,-75.48,1
40.71,-75.48,1
40.71,-75.48,1
40.71,-75.48,1
40.71,-75.48,1
40.71,-75.48,1
40.71,-75.48,1
40.71,-75.48,1
40.71,-75.48,1
40.71,-75.48,1
40.71,-75.48,1
40.71,-75.48,1
40.71,-75.48,1
40.71,-75.48,1
40.71,-75.48,1
40.71,-75.48,1
40.71,-75.48,1
40.71,-75.48,1
40.71,-75.48,1
40.71,-75.48,1
40.71,-75.48,1
40.71,-75.48,1
40.71,-75.48,1
40.71,-75.48,1
40.71,-75.48,1
40.71,-75.48,1
40.71,-75.48,1
40.71,-75.48,1
40.71,-75.48,1
40.71,-75.48,1
40.71,-75.48,1
40.71,-75.48,1
40.71,-75.48,1
40.71,-75.48,1
40.71,-75.48,1
40.71,-75.48,1
40.71,-75.48,1
40.71,-75.48,1
40.71,-75.48,1
40.71,-75.48,1
40.71,-75.48,1
40.71,-75.48,1
40.71,-75.48,1
40.71,-75.48,1
40.71,-75.48,1
40.71,-75.48,1
40.71,-75.48,1
40.71,-75.48,1
40.71,-75.48,1
40.71,-75.48,1
40.71,-75.48,1
40.71,-75.48,1
40.71,-75.48,1
40.71,-75.48,1
40.71,-75.48,1
40.71,-75.48,1
40.71,-75.48,1
40.71,-75.48,1
40.71,-75.48,1
40.71,-75.48,1
40.71,-75.48,1
40.71,-75.48,1
40.71,-75.48,1
40.71,-75.48,1
40.71,-75.48,1
40.71,-75.48,1
40.71,-75.48,1
40.71,-75.48,1
40.71,-75.48,1
40.71,-75.48,1
40.71,-75.48,1
40.71,-75.48,1
40.71,-75.48,1
40.71,-75.48,1
40.71,-75.48,1
40.71,-75.48,1
40.71,-75.48,1
40.71,-75.48,1
40.71,-75.48,1
40.71,-75.48,1
40.71,-75.48,1
40.71,-75.48,1
40.71,-75.48,1
40.71,-75.48,1
40.71,-75.48,1
40.71,-75.48,1
40.71,-75.48,1
40.71,-75.48,1
40.71,-75.48,1
40.71,-75.48,1
40.71,-75.48,1
40.71,-75.48,1
40.71,-75.48,1
40.71,-75.48,1
40.71,-75.48,1
40.71,-75.48,1
40.71,-75.48,1
40.71,-75.48,1
40.71,-75.48,1
40.71,-75.48,1
40.71,-75.48,1
40.71,-75.48,1
40.71,-75.48,1
40.71,-75.48,1
40.71,-75.48,1
40.71,-75.48,1
40.71,-75.48,1
40.71,-75.48,1
40.71,-75.48,1
40.71,-75.48,1
40.71,-75.48,1
40.71,-75.48,1
40.71,-75.48,1
40.71,-75.48,1
40.71,-75.48,1
40.71,-75.48,1
40.71,-75.48,1
40.71,-75.48,1
40.71,-75.48,1
40.71,-75.48,1
40.71,-75.48,1
40.71,-75.48,1
40.71,-75.48,1
40.71,-75.48,1
40.71,-75.48,1
40.71,-75.48,1
40.71,-75.48,1
40.71,-75.48,1
40.71,-75.48,1
40.71,-75.48,1
40.71,-75.48,1
40.71,-75.48,1
40.71,-75.48,1
40.71,-75.48,1
40.71,-75.48,1
40.71,-75.48,1
40.71,-75.48,1
40.71,-75.48,1
40.71,-75.48,1
40.71,-75.48,1
40.71,-75.48,1
40.71,-75.48,1
40.71,-75.48,1
40.71,-75.48,1
40.71,-75.48,1
40.71,-75.48,1
40.71,-75.48,1
40.71,-75.48,1
40.71,-75.48,1
40.71,-75.48,1
40.71,-75.48,1
40.71,-75.48,1
40.71,-75.48,1
40.71,-75.48,1
40.71,-75.48,1
40.71,-75.48,1
40.71,-75.48,1
40.71,-75.48,1
40.71,-75.48,1
40.71,-75.48,1
40.71,-75.48,1
40.71,-75.48,1
40.71,-75.48,1
40.71,-75.48,1
40.71,-75.48,1
40.71,-75.48,1
40.71,-75.48,1
40.71,-75.48,1
40.71,-75.48,1
40.71,-75.48,1
40.71,-75.48,1
40.71,-75.48,1
40.71,-75.48,1
40.71,-75.48,1
40.71,-75.48,1
40.71,-75.48,1
40.71,-75.48,1
40.71,-75.48,1
40.71,-75.48,1
40.71,-75.48,1
40.71,-75.48,1
40.71,-75.48,1
40.71,-75.48,1
40.71,-75.48,1
40.71,-75.48,1
40.71,-75.48,1
40.71,-75.48,1
40.71,-75.48,1
40.71,-75.48,1
40.71,-75.48,1
40.71,-75.48,1
40.71,-75.48,1
40.71,-75.48,1
40.71,-75.48,1
40.71,-75.48,1
40.71,-75.48,1
40.71,-75.48,1
40.71,-75.48,1
40.71,-75.48,1
40.71,-75.48,1
40.71,-75.48,1
40.71,-75.48,1
40.71,-75.48,1
40.71,-75.48,1
40.71,-75.48,1
40.71,-75.48,1
40.71,-75.48,1
40.71,-75.48,1
40.71,-75.48,1
40.71,-75.48,1
40.71,-75.48,1
40.71,-75.48,1
40.71,-75.48,1
40.71,-75.48,1
40.71,-75.48,1
40.71,-75.48,1
40.71,-75.48,1
40.71,-75.48,1
40.71,-75.48,1
40.71,-75.48,1
40.71,-75.48,1
40.71,-75.48,1
40.71,-75.48,1
40.71,-75.48,1
40.71,-75.48,1
40.71,-75.48,1
40.71,-75.48,1
40.71,-75.48,1
40.71,-75.48,1
40.71,-75.48,1
40.71,-75.48,1
40.71,-75.48,1
40.71,-75.48,1
40.71,-75.48,1
40.71,-75.48,1
40.71,-75.48,1
40.71,-75.48,1
40.71,-75.48,1
40.71,-75.48,1
40.71,-75.48,1
40.71,-75.48,1
40.71,-75.48,1
40.71,-75.48,1
40.71,-75.48,1
40.71,-75.48,1
40.71,-75.48,1
40.71,-75.48,1
40.71,-75.48,1
40.71,-75.48,1
40.71,-75.48,1
40.71,-75.48,1
40.71,-75.48,1
40.71,-75.48,1
40.71,-75.48,1
40.71,-75.48,1
40.71,-75.48,1
40.71,-75.48,1
40.71,-75.48,1
40.71,-75.48,1
40.71,-75.48,1
40.71,-75.48,1
40.71,-75.48,1
40.71,-75.48,1
40.71,-75.48,1
40.71,-75.48,1
40.71,-75.48,1
40.71,-75.48,1
40.71,-75.48,1
40.71,-75.48,1
40.71,-75.48,1
40.71,-75.48,1
40.71,-75.48,1
40.71,-75.48,1
40.71,-75.48,1
40.71,-75.48,1
40.71,-75.48,1
40.71,-75.48,1
40.71,-75.48,1
40.71,-75.48,1
40.71,-75.48,1
40.71,-75.48,1
40.71,-75.48,1
40.71,-75.48,1
40.71,-75.48,1
40.71,-75.48,1
40.71,-75.48,1
40.71,-75.48,1
40.71,-75.48,1
40.71,-75.48,1
40.71,-75.48,1
40.71,-75.48,1
40.71,-75.48,1
40.71,-75.48,1
40.71,-75.48,1
40.71,-75.48,1
40.71,-75.48,1
40.71,-75.48,1
40.71,-75.48,1
40.71,-75.48,1
40.71,-75.48,1
40.71,-75.48,1
40.71,-75.48,1
40.71,-75.48,1
40.71,-75.48,1
40.71,-75.48,1
40.71,-75.48,1
40.71,-75.48,1
40.71,-75.48,1
40.71,-75.48,1
40.71,-75.48,1
40.71,-75.48,1
40.71,-75.48,1
40.71,-75.48,1
40.71,-75.48,1
40.71,-75.48,1
40.71,-75.48,1
40.71,-75.48,1
40.71,-75.48,1
40.71,-75.48,1
40.71,-75.48,1
40.71,-75.48,1
40.71,-75.48,1
40.71,-75.48,1
40.71,-75.48,1
40.71,-75.48,1
40.71,-75.48,1
40.71,-75.48,1
40.71,-75.48,1
40.71,-75.48,1
40.71,-75.48,1
40.71,-75.48,1
40.71,-75.48,1
40.71,-75.48,1
40.71,-75.48,1
40.71,-75.48,1
40.71,-75.48,1
40.71,-75.48,1
40.71,-75.48,1
40.71,-75.48,1
40.71,-75.48,1
40.71,-75.48,1
40.71,-75.48,1
40.71,-75.48,1
40.71,-75.48,1
40.71,-75.48,1
40.71,-75.48,1
40.71,-75.48,1
40.71,-75.48,1
40.71,-75.48,1
40.71,-75.48,1
40.71,-75.48,1
40.71,-75.48,1
40.71,-75.48,1
40.71,-75.48,1
40.71,-75.48,1
40.71,-75.48,1
40.71,-75.48,1
40.71,-75.48,1
40.71,-75.48,1
40.71,-75.48,1
40.71,-75.48,1
40.71,-75.48,1
40.71,-75.48,1
40.71,-75.48,1
40.71,-75.48,1
40.71,-75.48,1
40.71,-75.48,1
40.71,-75.48,1
40.71,-75.48,1
40.71,-75.48,1
40.71,-75.48,1
40.71,-75.48,1
40.71,-75.48,1
40.71,-75.48,1
40.71,-75.48,1
40.71,-75.48,1
40.71,-75.48,1
40.71,-75.48,1
40.71,-75.48,1
40.71,-75.48,1
40.71,-75.48,1
40.71,-75.48,1
40.71,-75.48,1
40.71,-75.48,1
40.71,-75.48,1
40.71,-75.48,1
40.71,-75.48,1
40.71,-75.48,1
40.71,-75.48,1
40.71,-75.48,1
40.71,-75.48,1
40.71,-75.48,1
40.71,-75.48,1
40.71,-75.48,1
40.71,-75.48,1
40.71,-75.48,1
40.71,-75.48,1
40.71,-75.48,1
40.71,-75.48,1
40.71,-75.48,1
40.71,-75.48,1
40.71,-75.48,1
40.71,-75.48,1
40.71,-75.48,1
40.71,-75.48,1
40.71,-75.48,1
40.71,-75.48,1
40.71,-75.48,1
40.71,-75.48,1
40.71,-75.48,1
40.71,-75.48,1
40.71,-75.48,1
40.71,-75.48,1
40.71,-75.48,1
40.71,-75.48,1
40.71,-75.48,1
40.71,-75.48,1
40.71,-75.48,1
40.71,-75.48,1
40.71,-75.48,1
40.71,-75.48,1
40.71,-75.48,1
40.71,-75.48,1
40.71,-75.48,1
40.71,-75.48,1
40.71,-75.48,1
40.71,-75.48,1
40.71,-75.48,1
40.71,-75.48,1
40.71,-75.48,1
40.71,-75.48,1
40.71,-75.48,1
40.71,-75.48,1
40.71,-75.48,1
40.71,-75.48,1
40.71,-75.48,1
40.71,-75.48,1
40.71,-75.48,1
40.71,-75.48,1
40.71,-75.48,1
40.71,-75.48,1
40.71,-75.48,1
40.71,-75.48,1
40.71,-75.48,1
40.71,-75.48,1
40.71,-75.48,1
40.71,-75.48,1
40.71,-75.48,1
40.71,-75.48,1
40.71,-75.48,1
40.71,-75.48,1
40.71,-75.48,1
40.71,-75.48,1
40.71,-75.48,1
40.71,-75.48,1
40.71,-75.48,1
40.71,-75.48,1
40.71,-75.48,1
40.71,-75.48,1
40.71,-75.48,1
40.71,-75.48,1
40.71,-75.48,1
40.71,-75.48,1
40.71,-75.48,1
40.71,-75.48,1
40.71,-75.48,1
40.71,-75.48,1
40.71,-75.48,1
40.71,-75.48,1
40.71,-75.48,1
40.71,-75.48,1
40.71,-75.48,1
40.71,-75.48,1
40.71,-75.48,1
40.71,-75.48,1
40.71,-75.48,1
40.71,-75.48,1
40.71,-75.48,1
40.71,-75.48,1
40.71,-75.48,1
40.71,-75.48,1
40.71,-75.48,1
40.71,-75.48,1
40.71,-75.48,1
40.71,-75.48,1
40.71,-75.48,1
40.71,-75.48,1
40.71,-75.48,1
40.71,-75.48,1
40.71,-75.48,1
40.71,-75.48,1
40.71,-75.48,1
40.71,-75.48,1
40.71,-75.48,1
40.71,-75.48,1
40.71,-75.48,1
40.71,-75.48,1
40.71,-75.48,1
40.71,-75.48,1
40.71,-75.48,1
40.71,-75.48,1
40.71,-75.48,1
40.71,-75.48,1
40.71,-75.48,1
40.71,-75.48,1
40.71,-75.48,1
40.71,-75.48,1
40.71,-75.48,1
40.71,-75.48,1
40.71,-75.48,1
40.71,-75.48,1
40.71,-75.48,1
40.71,-75.48,1
40.71,-75.48,1
40.71,-75.48,1
40.71,-75.48,1
40.71,-75.48,1
40.71,-75.48,1
40.71,-75.48,1
40.71,-75.48,1
40.71,-75.48,1
40.71,-75.48,1
40.71,-75.48,1
40.71,-75.48,1
40.71,-75.48,1
40.71,-75.48,1
40.71,-75.48,1
40.71,-75.48,1
40.71,-75.48,1
40.71,-75.48,1
40.71,-75.48,1
40.71,-75.48,1
40.71,-75.48,1
40.71,-75.48,1
40.71,-75.48,1
40.71,-75.48,1
40.71,-75.48,1
40.71,-75.48,1
40.71,-75.48,1
40.71,-75.48,1
40.71,-75.48,1
40.71,-75.48,1
40.71,-75.48,1
40.71,-75.48,1
40.71,-75.48,1
40.71,-75.48,1
40.71,-75.48,1
40.71,-75.48,1
40.71,-75.48,1
40.71,-75.48,1
40.71,-75.48,1
40.71,-75.48,1
40.71,-75.48,1
40.71,-75.48,1
40.71,-75.48,1
40.71,-75.48,1
40.71,-75.48,1
40.71,-75.48,1
40.71,-75.48,1
40.71,-75.48,1
40.71,-75.48,1
40.71,-75.48,1
40.71,-75.48,1
40.71,-75.48,1
40.71,-75.48,1
40.71,-75.48,1
40.71,-75.48,1
40.71,-75.48,1
40.71,-75.48,1
40.71,-75.48,1
40.71,-75.48,1
40.71,-75.48,1
40.71,-75.48,1
40.71,-75.48,1
40.71,-75.48,1
40.71,-75.48,1
40.71,-75.48,1
40.71,-75.48,1
40.71,-75.48,1
40.71,-75.48,1
40.71,-75.48,1
40.71,-75.48,1
40.71,-75.48,1
40.71,-75.48,1
40.71,-75.48,1
40.71,-75.48,1
40.71,-75.48,1
40.71,-75.48,1
40.71,-75.48,1
40.71,-75.48,1
40.71,-75.48,1
40.71,-75.48,1
40.71,-75.48,1
40.71,-75.48,1
40.71,-75.48,1
40.71,-75.48,1
40.71,-75.48,1
40.71,-75.48,1
40.71,-75.48,1
40.71,-75.48,1
40.71,-75.48,1
40.71,-75.48,1
40.71,-75.48,1
40.71,-75.48,1
40.71,-75.48,1
40.71,-75.48,1
40.71,-75.48,1
40.71,-75.48,1
40.71,-75.48,1
40.71,-75.48,1
40.71,-75.48,1
40.71,-75.48,1
40.71,-75.48,1
40.71,-75.48,1
40.71,-75.48,1
40.71,-75.48,1
40.71,-75.48,1
40.71,-75.48,1
40.71,-75.48,1
40.71,-75.48,1
40.71,-75.48,1
40.71,-75.48,1
40.71,-75.48,1
40.71,-75.48,1
40.71,-75.48,1
40.71,-75.48,1
40.71,-75.48,1
40.71,-75.48,1
40.71,-75.48,1
40.71,-75.48,1
40.71,-75.48,1
40.71,-75.48,1
40.71,-75.48,1
40.71,-75.48,1
40.71,-75.48,1
40.71,-75.48,1
40.71,-75.48,1
40.71,-75.48,1
40.71,-75.48,1
40.71,-75.48,1
40.71,-75.48,1
40.71,-75.48,1
40.71,-75.48,1
40.71,-75.48,1
40.71,-75.48,1
40.71,-75.48,1
40.71,-75.48,1
40.71,-75.48,1
40.71,-75.48,1
40.71,-75.48,1
40.71,-75.48,1
40.71,-75.48,1
40.71,-75.48,1
40.71,-75.48,1
40.71,-75.48,1
40.71,-75.48,1
40.71,-75.48,1
40.71,-75.48,1
40.71,-75.48,1
40.71,-75.48,1
40.71,-75.48,1
40.71,-75.48,1
40.71,-75.48,1
40.71,-75.48,1
40.71,-75.48,1
40.71,-75.48,1
40.71,-75.48,1
40.71,-75.48,1
40.71,-75.48,1
40.71,-75.48,1
40.71,-75.48,1
40.71,-75.48,1
40.71,-75.48,1
40.71,-75.48,1
40.71,-75.48,1
40.71,-75.48,1
40.71,-75.48,1
40.71,-75.48,1
40.71,-75.48,1
40.71,-75.48,1
40.71,-75.48,1
40.71,-75.48,1
40.71,-75.48,1
40.71,-75.48,1
40.71,-75.48,1
40.71,-75.48,1
40.71,-75.48,1
40.71,-75.48,1
40.71,-75.48,1
40.71,-75.48,1
40.71,-75.48,1
40.71,-75.48,1
40.71,-75.48,1
40.71,-75.48,1
40.71,-75.48,1
40.71,-75.48,1
40.71,-75.48,1
40.71,-75.48,1
40.71,-75.48,1
40.71,-75.48,1
40.71,-75.48,1
40.71,-75.48,1
40.71,-75.48,1
40.71,-75.48,1
40.71,-75.48,1
40.71,-75.48,1
40.71,-75.48,1
40.71,-75.48,1
40.71,-75.48,1
40.71,-75.48,1
40.71,-75.48,1
40.71,-75.48,1
40.71,-75.48,1
40.71,-75.48,1
40.71,-75.48,1
40.71,-75.48,1
40.71,-75.48,1
40.71,-75.48,1
40.71,-75.48,1
40.71,-75.48,1
40.71,-75.48,1
40.71,-75.48,1
40.71,-75.48,1
40.71,-75.48,1
40.71,-75.48,1
40.71,-75.48,1
40.71,-75.48,1
40.71,-75.48,1
40.71,-75.48,1
40.71,-75.48,1
40.71,-75.48,1
40.71,-75.48,1
40.71,-75.48,1
40.71,-75.48,1
40.71,-75.48,1
40.71,-75.48,1
40.71,-75.48,1
40.71,-75.48,1
40.71,-75.48,1
40.71,-75.48,1
40.71,-75.48,1
40.71,-75.48,1
40.71,-75.48,1
40.71,-75.48,1
40.71,-75.48,1
40.71,-75.48,1
40.71,-75.48,1
40.71,-75.48,1
40.71,-75.48,1
40.71,-75.48,1
40.71,-75.48,1
40.71,-75.48,1
40.71,-75.48,1
40.71,-75.48,1
40.71,-75.48,1
40.71,-75.48,1
40.71,-75.48,1
40.71,-75.48,1
40.71,-75.48,1
40.71,-75.48,1
40.71,-75.48,1
40.71,-75.48,1
40.71,-75.48,1
40.71,-75.48,1
40.71,-75.48,1
40.71,-75.48,1
40.71,-75.48,1
40.71,-75.48,1
40.71,-75.48,1
40.71,-75.48,1
40.71,-75.48,1
40.71,-75.48,1
40.71,-75.48,1
40.71,-75.48,1
40.71,-75.48,1
40.71,-75.48,1
40.71,-75.48,1
40.71,-75.48,1
40.71,-75.48,1
40.71,-75.48,1
40.71,-75.48,1
40.71,-75.48,1
40.71,-75.48,1
40.71,-75.48,1
40.71,-75.48,1
40.71,-75.48,1
40.71,-75.48,1
40.71,-75.48,1
40.71,-75.48,1
40.71,-75.48,1
40.71,-75.48,1
40.71,-75.48,1
40.71,-75.48,1
40.71,-75.48,1
40.71,-75.48,1
40.71,-75.48,1
40.71,-75.48,1
40.71,-75.48,1
40.71,-75.48,1
40.71,-75.48,1
40.71,-75.48,1
40.71,-75.48,1
40.71,-75.48,1
40.71,-75.48,1
40.71,-75.48,1
40.71,-75.48,1
40.71,-75.48,1
40.71,-75.48,1
40.71,-75.48,1
40.71,-75.48,1
40.71,-75.48,1
40.71,-75.48,1
40.71,-75.48,1
40.71,-75.48,1
40.71,-75.48,1
40.71,-75.48,1
40.71,-75.48,1
40.71,-75.48,1
40.71,-75.48,1
40.71,-75.48,1
40.71,-75.48,1
40.71,-75.48,1
40.71,-75.48,1
40.71,-75.48,1
40.71,-75.48,1
40.71,-75.48,1
40.71,-75.48,1
40.71,-75.48,1
40.71,-75.48,1
40.71,-75.48,1
40.71,-75.48,1
40.71,-75.48,1
40.71,-75.48,1
40.71,-75.48,1
40.71,-75.48,1
40.71,-75.48,1
40.71,-75.48,1
40.71,-75.48,1
40.71,-75.48,1
40.71,-75.48,1
40.71,-75.48,1
40.71,-75.48,1
40.71,-75.48,1
40.71,-75.48,1
40.71,-75.48,1
40.71,-75.48,1
40.71,-75.48,1
40.71,-75.48,1
40.71,-75.48,1
40.71,-75.48,1
40.71,-75.48,1
40.71,-75.48,1
40.71,-75.48,1
40.71,-75.48,1
40.71,-75.48,1
40.71,-75.48,1
40.71,-75.48,1
40.71,-75.48,1
40.71,-75.48,1
40.71,-75.48,1
40.71,-75.48,1
40.71,-75.48,1
40.71,-75.48,1
40.71,-75.48,1
40.71,-75.48,1
40.71,-75.48,1
40.71,-75.48,1
40.71,-75.48,1
40.71,-75.48,1
40.71,-75.48,1
40.71,-75.48,1
40.71,-75.48,1
40.71,-75.48,1
40.71,-75.48,1
40.71,-75.48,1
40.71,-75.48,1
40.71,-75.48,1
40.71,-75.48,1
40.71,-75.48,1
40.71,-75.48,1
40.71,-75.48,1
40.71,-75.48,1
40.71,-75.48,1
40.71,-75.48,1
40.71,-75.48,1
40.71,-75.48,1
40.71,-75.48,1
40.71,-75.48,1
40.71,-75.48,1
40.71,-75.48,1
40.71,-75.48,1
40.71,-75.48,1
40.71,-75.48,1
40.71,-75.48,1
40.71,-75.48,1
40.71,-75.48,1
40.71,-75.48,1
40.71,-75.48,1
40.71,-75.48,1
40.71,-75.48,1
40.71,-75.48,1
40.71,-75.48,1
40.71,-75.48,1
40.71,-75.48,1
40.71,-75.48,1
40.71,-75.48,1
40.71,-75.48,1
40.71,-75.48,1
40.71,-75.48,1
40.71,-75.48,1
40.71,-75.48,1
40.71,-75.48,1
40.71,-75.48,1
40.71,-75.48,1
40.71,-75.48,1
40.71,-75.48,1
40.71,-75.48,1
40.71,-75.48,1
40.71,-75.48,1
40.71,-75.48,1
40.71,-75.48,1
40.71,-75.48,1
40.71,-75.48,1
40.71,-75.48,1
40.71,-75.48,1
40.71,-75.48,1
40.71,-75.48,1
40.71,-75.48,1
40.71,-75.48,1
40.71,-75.48,1
40.71,-75.48,1
40.71,-75.48,1
40.71,-75.48,1
40.71,-75.48,1
40.71,-75.48,1
40.71,-75.48,1
40.71,-75.48,1
40.71,-75.48,1
40.71,-75.48,1
40.71,-75.48,1
40.71,-75.48,1
40.71,-75.48,1
40.71,-75.48,1
40.71,-75.48,1
40.71,-75.48,1
40.71,-75.48,1
40.71,-75.48,1
40.71,-75.48,1
40.71,-75.48,1
40.71,-75.48,1
40.71,-75.48,1
40.71,-75.48,1
40.71,-75.48,1
40.71,-75.48,1
40.71,-75.48,1
40.71,-75.48,1
40.71,-75.48,1
40.71,-75.48,1
40.71,-75.48,1
40.71,-75.48,1
40.71,-75.48,1
40.71,-75.48,1
40.71,-75.48,1
40.71,-75.48,1
40.71,-75.48,1
40.71,-75.48,1
40.71,-75.48,1
40.71,-75.48,1
40.71,-75.48,1
40.71,-75.48,1
40.71,-75.48,1
40.71,-75.48,1
40.71,-75.48,1
40.71,-75.48,1
40.71,-75.48,1
40.71,-75.48,1
40.71,-75.48,1
40.71,-75.48,1
40.71,-75.48,1
40.71,-75.48,1
40.71,-75.48,1
40.71,-75.48,1
40.71,-75.48,1
40.71,-75.48,1
40.71,-75.48,1
40.71,-75.48,1
40.71,-75.48,1
40.71,-75.48,1
40.71,-75.48,1
40.71,-75.48,1
40.71,-75.48,1
40.71,-75.48,1
40.71,-75.48,1
40.71,-75.48,1
40.71,-75.48,1
40.71,-75.48,1
40.71,-75.48,1
40.71,-75.48,1
40.71,-75.48,1
40.71,-75.48,1
40.71,-75.48,1
40.71,-75.48,1
40.71,-75.48,1
40.71,-75.48,1
40.71,-75.48,1
40.71,-75.48,1
40.71,-75.48,1
40.71,-75.48,1
40.71,-75.48,1
40.71,-75.48,1
40.71,-75.48,1
40.71,-75.48,1
40.71,-75.48,1
40.71,-75.48,1
40.71,-75.48,1
40.71,-75.48,1
40.71,-75.48,1
40.71,-75.48,1
40.71,-75.48,1
40.71,-75.48,1
40.71,-75.48,1
40.71,-75.48,1
40.71,-75.48,1
40.71,-75.48,1
40.71,-75.48,1
40.71,-75.48,1
40.71,-75.48,1
40.71,-75.48,1
40.71,-75.48,1
40.71,-75.48,1
40.71,-75.48,1
40.71,-75.48,1
40.71,-75.48,1
40.71,-75.48,1
40.71,-75.48,1
40.71,-75.48,1
40.71,-75.48,1
40.71,-75.48,1
40.71,-75.48,1
40.71,-75.48,1
40.71,-75.48,1
40.71,-75.48,1
40.71,-75.48,1
40.71,-75.48,1
40.71,-75.48,1
40.71,-75.48,1
40.71,-75.48,1
40.71,-75.48,1
40.71,-75.48,1
40.71,-75.48,1
40.71,-75.48,1
40.71,-75.48,1
40.71,-75.48,1
40.71,-75.48,1
40.71,-75.48,1
40.71,-75.48,1
40.71,-75.48,1
40.71,-75.48,1
40.71,-75.48,1
40.71,-75.48,1
40.71,-75.48,1
40.71,-75.48,1
40.71,-75.48,1
40.71,-75.48,1
40.71,-75.48,1
40.71,-75.48,1
40.71,-75.48,1
40.71,-75.48,1
40.71,-75.48,1
40.9,-76.8,1
40.9,-76.8,1
40.9,-76.8,1
40.9,-76.8,1
40.9,-76.8,1
40.9,-76.8,1
40.9,-76.8,1
40.9,-76.8,1
40.9,-76.8,1
40.9,-76.8,1
40.9,-76.8,1
40.9,-76.8,1
40.9,-76.8,1
40.9,-76.8,1
40.9,-76.8,1
40.9,-76.8,1
40.9,-76.8,1
40.9,-76.8,1
40.9,-76.8,1
40.9,-76.8,1
40.9,-76.8,1
40.9,-76.8,1
40.9,-76.8,1
40.9,-76.8,1
40.9,-76.8,1
40.9,-76.8,1
40.9,-76.8,1
40.9,-76.8,1
40.9,-76.8,1
40.9,-76.8,1
40.9,-76.8,1
40.9,-76.8,1
40.9,-76.8,1
40.9,-76.8,1
40.9,-76.8,1
40.9,-76.8,1
40.9,-76.8,1
40.9,-76.8,1
40.9,-76.8,1
40.9,-76.8,1
40.9,-76.8,1
40.9,-76.8,1
40.9,-76.8,1
40.9,-76.8,1
40.9,-76.8,1
40.9,-76.8,1
40.9,-76.8,1
40.9,-76.8,1
40.9,-76.8,1
40.9,-76.8,1
40.9,-76.8,1
40.9,-76.8,1
40.9,-76.8,1
40.9,-76.8,1
40.9,-76.8,1
40.9,-76.8,1
40.9,-76.8,1
40.9,-76.8,1
40.9,-76.8,1
40.9,-76.8,1
40.9,-76.8,1
40.9,-76.8,1
40.9,-76.8,1
40.9,-76.8,1
40.9,-76.8,1
40.9,-76.8,1
40.9,-76.8,1
40.9,-76.8,1
40.9,-76.8,1
40.9,-76.8,1
40.9,-76.8,1
40.9,-76.8,1
40.9,-76.8,1
40.9,-76.8,1
40.9,-76.8,1
40.9,-76.8,1
40.9,-76.8,1
40.9,-76.8,1
40.9,-76.8,1
40.9,-76.8,1
40.9,-76.8,1
40.9,-76.8,1
40.9,-76.8,1
40.9,-76.8,1
40.9,-76.8,1
40.9,-76.8,1
40.9,-76.8,1
40.9,-76.8,1
40.9,-76.8,1
40.9,-76.8,1
40.9,-76.8,1
40.9,-76.8,1
40.9,-76.8,1
40.9,-76.8,1
40.9,-76.8,1
40.9,-76.8,1
40.9,-76.8,1
40.9,-76.8,1
40.9,-76.8,1
40.9,-76.8,1
40.9,-76.8,1
40.9,-76.8,1
40.9,-76.8,1
40.9,-76.8,1
40.9,-76.8,1
40.9,-76.8,1
40.9,-76.8,1
40.9,-76.8,1
40.9,-76.8,1
40.9,-76.8,1
40.9,-76.8,1
40.9,-76.8,1
40.9,-76.8,1
40.9,-76.8,1
40.9,-76.8,1
40.9,-76.8,1
40.9,-76.8,1
40.9,-76.8,1
40.9,-76.8,1
40.9,-76.8,1
40.9,-76.8,1
40.9,-76.8,1
40.9,-76.8,1
40.9,-76.8,1
40.9,-76.8,1
40.9,-76.8,1
40.9,-76.8,1
40.9,-76.8,1
40.9,-76.8,1
40.9,-76.8,1
40.9,-76.8,1
40.9,-76.8,1
40.9,-76.8,1
40.9,-76.8,1
40.9,-76.8,1
40.9,-76.8,1
40.9,-76.8,1
40.9,-76.8,1
40.9,-76.8,1
40.9,-76.8,1
40.9,-76.8,1
40.9,-76.8,1
40.9,-76.8,1
40.9,-76.8,1
40.9,-76.8,1
40.9,-76.8,1
40.9,-76.8,1
40.9,-76.8,1
40.9,-76.8,1
40.9,-76.8,1
40.07,-79.76,1
40.07,-79.76,1
40.07,-79.76,1
40.07,-79.76,1
40.07,-79.76,1
40.07,-79.76,1
40.07,-79.76,1
40.07,-79.76,1
40.07,-79.76,1
40.07,-79.76,1
40.07,-79.76,1
40.07,-79.76,1
40.07,-79.76,1
40.07,-79.76,1
40.07,-79.76,1
40.07,-79.76,1
40.07,-79.76,1
40.07,-79.76,1
40.07,-79.76,1
40.07,-79.76,1
40.07,-79.76,1
40.07,-79.76,1
40.07,-79.76,1
40.07,-79.76,1
40.07,-79.76,1
40.07,-79.76,1
40.07,-79.76,1
40.07,-79.76,1
40.07,-79.76,1
40.07,-79.76,1
40.07,-79.76,1
40.07,-79.76,1
40.07,-79.76,1
40.07,-79.76,1
40.07,-79.76,1
40.07,-79.76,1
40.07,-79.76,1
40.07,-79.76,1
40.07,-79.76,1
40.07,-79.76,1
40.07,-79.76,1
40.07,-79.76,1
39.953,-75.165,1
39.953,-75.165,1
39.953,-75.165,1
39.953,-75.165,1
39.953,-75.165,1
39.953,-75.165,1
39.953,-75.165,1
39.953,-75.165,1
39.953,-75.165,1
39.953,-75.165,1
39.953,-75.165,1
39.953,-75.165,1
39.953,-75.165,1
39.953,-75.165,1
39.953,-75.165,1
39.953,-75.165,1
39.953,-75.165,1
39.953,-75.165,1
39.953,-75.165,1
39.953,-75.165,1
39.953,-75.165,1
39.953,-75.165,1
39.953,-75.165,1
39.953,-75.165,1
39.953,-75.165,1
39.953,-75.165,1
39.953,-75.165,1
39.953,-75.165,1
39.953,-75.165,1
39.953,-75.165,1
39.953,-75.165,1
39.953,-75.165,1
39.953,-75.165,1
39.953,-75.165,1
39.953,-75.165,1
39.953,-75.165,1
39.953,-75.165,1
39.953,-75.165,1
39.953,-75.165,1
39.953,-75.165,1
39.953,-75.165,1
39.953,-75.165,1
39.953,-75.165,1
39.953,-75.165,1
39.953,-75.165,1
39.953,-75.165,1
39.953,-75.165,1
39.953,-75.165,1
39.953,-75.165,1
39.953,-75.165,1
39.953,-75.165,1
39.953,-75.165,1
39.953,-75.165,1
39.953,-75.165,1
39.953,-75.165,1
39.953,-75.165,1
39.953,-75.165,1
39.953,-75.165,1
39.953,-75.165,1
39.953,-75.165,1
39.953,-75.165,1
39.953,-75.165,1
39.953,-75.165,1
39.953,-75.165,1
39.953,-75.165,1
39.953,-75.165,1
39.953,-75.165,1
39.953,-75.165,1
39.953,-75.165,1
39.953,-75.165,1
39.953,-75.165,1
39.953,-75.165,1
39.953,-75.165,1
39.953,-75.165,1
39.953,-75.165,1
39.953,-75.165,1
39.953,-75.165,1
39.953,-75.165,1
39.953,-75.165,1
39.953,-75.165,1
39.953,-75.165,1
39.953,-75.165,1
39.953,-75.165,1
39.953,-75.165,1
39.953,-75.165,1
39.953,-75.165,1
39.953,-75.165,1
39.953,-75.165,1
39.953,-75.165,1
39.953,-75.165,1
39.953,-75.165,1
39.953,-75.165,1
39.953,-75.165,1
39.953,-75.165,1
39.953,-75.165,1
39.953,-75.165,1
39.953,-75.165,1
39.953,-75.165,1
39.953,-75.165,1
39.953,-75.165,1
39.953,-75.165,1
39.953,-75.165,1
39.953,-75.165,1
39.953,-75.165,1
39.953,-75.165,1
39.953,-75.165,1
39.953,-75.165,1
39.953,-75.165,1
39.953,-75.165,1
39.953,-75.165,1
39.953,-75.165,1
39.953,-75.165,1
39.953,-75.165,1
39.953,-75.165,1
39.953,-75.165,1
39.953,-75.165,1
39.953,-75.165,1
39.953,-75.165,1
39.953,-75.165,1
39.953,-75.165,1
39.953,-75.165,1
39.953,-75.165,1
39.953,-75.165,1
39.953,-75.165,1
39.953,-75.165,1
39.953,-75.165,1
39.953,-75.165,1
39.953,-75.165,1
39.953,-75.165,1
39.953,-75.165,1
39.953,-75.165,1
39.953,-75.165,1
39.953,-75.165,1
39.953,-75.165,1
39.953,-75.165,1
39.953,-75.165,1
39.953,-75.165,1
39.953,-75.165,1
39.953,-75.165,1
39.953,-75.165,1
39.953,-75.165,1
39.953,-75.165,1
39.953,-75.165,1
39.953,-75.165,1
39.953,-75.165,1
39.953,-75.165,1
39.953,-75.165,1
39.953,-75.165,1
39.953,-75.165,1
39.953,-75.165,1
39.953,-75.165,1
39.953,-75.165,1
39.953,-75.165,1
39.953,-75.165,1
39.953,-75.165,1
39.953,-75.165,1
39.953,-75.165,1
39.953,-75.165,1
39.953,-75.165,1
39.953,-75.165,1
39.953,-75.165,1
39.953,-75.165,1
39.953,-75.165,1
39.953,-75.165,1
39.953,-75.165,1
39.953,-75.165,1
39.953,-75.165,1
39.953,-75.165,1
39.953,-75.165,1
39.953,-75.165,1
39.953,-75.165,1
39.953,-75.165,1
39.953,-75.165,1
39.953,-75.165,1
39.953,-75.165,1
39.953,-75.165,1
39.953,-75.165,1
39.953,-75.165,1
39.953,-75.165,1
39.953,-75.165,1
39.953,-75.165,1
39.953,-75.165,1
39.953,-75.165,1
39.953,-75.165,1
39.953,-75.165,1
39.953,-75.165,1
39.953,-75.165,1
39.953,-75.165,1
39.953,-75.165,1
39.953,-75.165,1
39.953,-75.165,1
39.953,-75.165,1
39.953,-75.165,1
39.953,-75.165,1
39.953,-75.165,1
39.953,-75.165,1
39.953,-75.165,1
39.953,-75.165,1
39.953,-75.165,1
39.953,-75.165,1
39.953,-75.165,1
39.953,-75.165,1
39.953,-75.165,1
39.953,-75.165,1
39.953,-75.165,1
39.953,-75.165,1
39.953,-75.165,1
39.953,-75.165,1
39.953,-75.165,1
39.953,-75.165,1
39.953,-75.165,1
39.953,-75.165,1
39.953,-75.165,1
39.953,-75.165,1
39.953,-75.165,1
39.953,-75.165,1
39.953,-75.165,1
39.953,-75.165,1
39.953,-75.165,1
39.953,-75.165,1
39.953,-75.165,1
39.953,-75.165,1
39.953,-75.165,1
39.953,-75.165,1
39.953,-75.165,1
39.953,-75.165,1
39.953,-75.165,1
39.953,-75.165,1
39.953,-75.165,1
39.953,-75.165,1
39.953,-75.165,1
39.953,-75.165,1
39.953,-75.165,1
39.953,-75.165,1
39.953,-75.165,1
39.953,-75.165,1
39.953,-75.165,1
39.953,-75.165,1
39.953,-75.165,1
39.953,-75.165,1
39.953,-75.165,1
39.953,-75.165,1
39.953,-75.165,1
39.953,-75.165,1
39.953,-75.165,1
39.953,-75.165,1
39.953,-75.165,1
39.953,-75.165,1
39.953,-75.165,1
39.953,-75.165,1
39.953,-75.165,1
39.953,-75.165,1
39.953,-75.165,1
39.953,-75.165,1
39.953,-75.165,1
39.953,-75.165,1
39.953,-75.165,1
39.953,-75.165,1
39.953,-75.165,1
39.953,-75.165,1
39.953,-75.165,1
39.953,-75.165,1
39.953,-75.165,1
39.953,-75.165,1
39.953,-75.165,1
39.953,-75.165,1
39.953,-75.165,1
39.953,-75.165,1
39.953,-75.165,1
39.953,-75.165,1
39.953,-75.165,1
39.953,-75.165,1
39.953,-75.165,1
39.953,-75.165,1
39.953,-75.165,1
39.953,-75.165,1
39.953,-75.165,1
39.953,-75.165,1
39.953,-75.165,1
39.953,-75.165,1
39.953,-75.165,1
39.953,-75.165,1
39.953,-75.165,1
39.953,-75.165,1
39.953,-75.165,1
39.953,-75.165,1
39.953,-75.165,1
39.953,-75.165,1
39.953,-75.165,1
39.953,-75.165,1
39.953,-75.165,1
39.953,-75.165,1
39.953,-75.165,1
39.953,-75.165,1
39.953,-75.165,1
39.953,-75.165,1
39.953,-75.165,1
39.953,-75.165,1
39.953,-75.165,1
39.953,-75.165,1
39.953,-75.165,1
39.953,-75.165,1
39.953,-75.165,1
39.953,-75.165,1
39.953,-75.165,1
39.953,-75.165,1
39.953,-75.165,1
39.953,-75.165,1
39.953,-75.165,1
39.953,-75.165,1
39.953,-75.165,1
39.953,-75.165,1
39.953,-75.165,1
39.953,-75.165,1
39.953,-75.165,1
39.953,-75.165,1
39.953,-75.165,1
39.953,-75.165,1
39.953,-75.165,1
39.953,-75.165,1
39.953,-75.165,1
39.953,-75.165,1
39.953,-75.165,1
39.953,-75.165,1
39.953,-75.165,1
39.953,-75.165,1
39.953,-75.165,1
39.953,-75.165,1
39.953,-75.165,1
39.953,-75.165,1
39.953,-75.165,1
39.953,-75.165,1
39.953,-75.165,1
39.953,-75.165,1
39.953,-75.165,1
39.953,-75.165,1
39.953,-75.165,1
39.953,-75.165,1
39.953,-75.165,1
39.953,-75.165,1
39.953,-75.165,1
39.953,-75.165,1
39.953,-75.165,1
39.953,-75.165,1
39.953,-75.165,1
39.953,-75.165,1
39.953,-75.165,1
39.953,-75.165,1
39.953,-75.165,1
39.953,-75.165,1
39.953,-75.165,1
39.953,-75.165,1
39.953,-75.165,1
39.953,-75.165,1
39.953,-75.165,1
39.953,-75.165,1
39.953,-75.165,1
39.953,-75.165,1
39.953,-75.165,1
39.953,-75.165,1
39.953,-75.165,1
39.953,-75.165,1
39.953,-75.165,1
39.953,-75.165,1
39.953,-75.165,1
39.953,-75.165,1
39.953,-75.165,1
39.953,-75.165,1
39.953,-75.165,1
39.953,-75.165,1
39.953,-75.165,1
39.953,-75.165,1
39.953,-75.165,1
39.953,-75.165,1
39.953,-75.165,1
39.953,-75.165,1
39.953,-75.165,1
39.953,-75.165,1
39.953,-75.165,1
39.953,-75.165,1
39.953,-75.165,1
39.953,-75.165,1
39.953,-75.165,1
39.953,-75.165,1
39.953,-75.165,1
39.953,-75.165,1
39.953,-75.165,1
39.953,-75.165,1
39.953,-75.165,1
39.953,-75.165,1
39.953,-75.165,1
39.953,-75.165,1
39.953,-75.165,1
39.953,-75.165,1
39.953,-75.165,1
39.953,-75.165,1
39.953,-75.165,1
39.953,-75.165,1
39.953,-75.165,1
39.953,-75.165,1
39.953,-75.165,1
39.953,-75.165,1
39.953,-75.165,1
39.953,-75.165,1
39.953,-75.165,1
39.953,-75.165,1
39.953,-75.165,1
39.953,-75.165,1
39.953,-75.165,1
39.953,-75.165,1
39.953,-75.165,1
39.953,-75.165,1
39.953,-75.165,1
39.953,-75.165,1
39.953,-75.165,1
39.953,-75.165,1
39.953,-75.165,1
39.953,-75.165,1
39.953,-75.165,1
39.953,-75.165,1
39.953,-75.165,1
39.953,-75.165,1
39.953,-75.165,1
39.953,-75.165,1
39.953,-75.165,1
39.953,-75.165,1
39.953,-75.165,1
39.953,-75.165,1
39.953,-75.165,1
39.953,-75.165,1
39.953,-75.165,1
39.953,-75.165,1
39.953,-75.165,1
39.953,-75.165,1
39.953,-75.165,1
39.953,-75.165,1
39.953,-75.165,1
39.953,-75.165,1
39.953,-75.165,1
39.953,-75.165,1
39.953,-75.165,1
39.953,-75.165,1
39.953,-75.165,1
39.953,-75.165,1
39.953,-75.165,1
39.953,-75.165,1
39.953,-75.165,1
39.953,-75.165,1
39.953,-75.165,1
39.953,-75.165,1
39.953,-75.165,1
39.953,-75.165,1
39.953,-75.165,1
39.953,-75.165,1
39.953,-75.165,1
39.953,-75.165,1
39.953,-75.165,1
39.953,-75.165,1
39.953,-75.165,1
39.953,-75.165,1
39.953,-75.165,1
39.953,-75.165,1
39.953,-75.165,1
39.953,-75.165,1
39.953,-75.165,1
39.953,-75.165,1
39.953,-75.165,1
39.953,-75.165,1
39.953,-75.165,1
39.953,-75.165,1
39.953,-75.165,1
39.953,-75.165,1
39.953,-75.165,1
39.953,-75.165,1
39.953,-75.165,1
39.953,-75.165,1
39.953,-75.165,1
39.953,-75.165,1
39.953,-75.165,1
39.953,-75.165,1
39.953,-75.165,1
39.953,-75.165,1
39.953,-75.165,1
39.953,-75.165,1
39.953,-75.165,1
39.953,-75.165,1
39.953,-75.165,1
39.953,-75.165,1
39.953,-75.165,1
39.953,-75.165,1
39.953,-75.165,1
39.953,-75.165,1
39.953,-75.165,1
39.953,-75.165,1
39.953,-75.165,1
39.953,-75.165,1
39.953,-75.165,1
39.953,-75.165,1
39.953,-75.165,1
39.953,-75.165,1
39.953,-75.165,1
39.953,-75.165,1
39.953,-75.165,1
39.953,-75.165,1
39.953,-75.165,1
39.953,-75.165,1
39.953,-75.165,1
39.953,-75.165,1
39.953,-75.165,1
39.953,-75.165,1
39.953,-75.165,1
39.953,-75.165,1
39.953,-75.165,1
39.953,-75.165,1
39.953,-75.165,1
39.953,-75.165,1
39.953,-75.165,1
39.953,-75.165,1
39.953,-75.165,1
39.953,-75.165,1
39.953,-75.165,1
39.953,-75.165,1
39.953,-75.165,1
39.953,-75.165,1
39.953,-75.165,1
39.953,-75.165,1
39.953,-75.165,1
39.953,-75.165,1
39.953,-75.165,1
39.953,-75.165,1
39.953,-75.165,1
39.953,-75.165,1
39.953,-75.165,1
39.953,-75.165,1
39.953,-75.165,1
39.953,-75.165,1
39.953,-75.165,1
39.953,-75.165,1
39.953,-75.165,1
39.953,-75.165,1
39.953,-75.165,1
39.953,-75.165,1
39.953,-75.165,1
39.953,-75.165,1
39.953,-75.165,1
39.953,-75.165,1
39.953,-75.165,1
39.953,-75.165,1
39.953,-75.165,1
39.953,-75.165,1
39.953,-75.165,1
39.953,-75.165,1
39.953,-75.165,1
39.953,-75.165,1
39.953,-75.165,1
39.953,-75.165,1
39.953,-75.165,1
39.953,-75.165,1
39.953,-75.165,1
39.953,-75.165,1
39.953,-75.165,1
39.953,-75.165,1
39.953,-75.165,1
39.953,-75.165,1
39.953,-75.165,1
39.953,-75.165,1
39.953,-75.165,1
39.953,-75.165,1
39.953,-75.165,1
39.953,-75.165,1
39.953,-75.165,1
39.953,-75.165,1
39.953,-75.165,1
39.953,-75.165,1
39.953,-75.165,1
39.953,-75.165,1
39.953,-75.165,1
39.953,-75.165,1
39.953,-75.165,1
39.953,-75.165,1
39.953,-75.165,1
39.953,-75.165,1
39.953,-75.165,1
39.953,-75.165,1
39.953,-75.165,1
39.953,-75.165,1
39.953,-75.165,1
39.953,-75.165,1
39.953,-75.165,1
39.953,-75.165,1
39.953,-75.165,1
39.953,-75.165,1
39.953,-75.165,1
39.953,-75.165,1
39.953,-75.165,1
39.953,-75.165,1
39.953,-75.165,1
39.953,-75.165,1
39.953,-75.165,1
39.953,-75.165,1
39.953,-75.165,1
39.953,-75.165,1
39.953,-75.165,1
39.953,-75.165,1
39.953,-75.165,1
39.953,-75.165,1
39.953,-75.165,1
39.953,-75.165,1
39.953,-75.165,1
39.953,-75.165,1
39.953,-75.165,1
39.953,-75.165,1
39.953,-75.165,1
39.953,-75.165,1
39.953,-75.165,1
39.953,-75.165,1
39.953,-75.165,1
39.953,-75.165,1
39.953,-75.165,1
39.953,-75.165,1
39.953,-75.165,1
39.953,-75.165,1
39.953,-75.165,1
39.953,-75.165,1
39.953,-75.165,1
39.953,-75.165,1
39.953,-75.165,1
39.953,-75.165,1
39.953,-75.165,1
39.953,-75.165,1
39.953,-75.165,1
39.953,-75.165,1
39.953,-75.165,1
39.953,-75.165,1
39.953,-75.165,1
39.953,-75.165,1
39.953,-75.165,1
39.953,-75.165,1
39.953,-75.165,1
39.953,-75.165,1
39.953,-75.165,1
39.953,-75.165,1
39.953,-75.165,1
39.953,-75.165,1
39.953,-75.165,1
39.953,-75.165,1
39.953,-75.165,1
39.953,-75.165,1
39.953,-75.165,1
39.953,-75.165,1
39.953,-75.165,1
39.953,-75.165,1
39.953,-75.165,1
39.953,-75.165,1
39.953,-75.165,1
39.953,-75.165,1
39.953,-75.165,1
39.953,-75.165,1
39.953,-75.165,1
39.953,-75.165,1
39.953,-75.165,1
39.953,-75.165,1
39.953,-75.165,1
39.953,-75.165,1
39.953,-75.165,1
39.953,-75.165,1
39.953,-75.165,1
39.953,-75.165,1
39.953,-75.165,1
39.953,-75.165,1
39.953,-75.165,1
39.953,-75.165,1
39.953,-75.165,1
39.953,-75.165,1
39.953,-75.165,1
39.953,-75.165,1
39.953,-75.165,1
39.953,-75.165,1
39.953,-75.165,1
39.953,-75.165,1
39.953,-75.165,1
39.953,-75.165,1
39.953,-75.165,1
39.953,-75.165,1
39.953,-75.165,1
39.953,-75.165,1
39.953,-75.165,1
39.953,-75.165,1
39.953,-75.165,1
39.953,-75.165,1
39.953,-75.165,1
39.953,-75.165,1
39.953,-75.165,1
39.953,-75.165,1
39.953,-75.165,1
39.953,-75.165,1
39.953,-75.165,1
39.953,-75.165,1
39.953,-75.165,1
39.953,-75.165,1
39.953,-75.165,1
39.953,-75.165,1
39.953,-75.165,1
39.953,-75.165,1
39.953,-75.165,1
39.953,-75.165,1
39.953,-75.165,1
39.953,-75.165,1
39.953,-75.165,1
39.953,-75.165,1
39.953,-75.165,1
39.953,-75.165,1
39.953,-75.165,1
39.953,-75.165,1
39.953,-75.165,1
39.953,-75.165,1
39.953,-75.165,1
39.953,-75.165,1
39.953,-75.165,1
39.953,-75.165,1
39.953,-75.165,1
39.953,-75.165,1
39.953,-75.165,1
39.953,-75.165,1
39.953,-75.165,1
39.953,-75.165,1
39.953,-75.165,1
39.953,-75.165,1
39.953,-75.165,1
39.953,-75.165,1
39.953,-75.165,1
39.953,-75.165,1
39.953,-75.165,1
39.953,-75.165,1
39.953,-75.165,1
39.953,-75.165,1
39.953,-75.165,1
39.953,-75.165,1
39.953,-75.165,1
39.953,-75.165,1
39.953,-75.165,1
39.953,-75.165,1
39.953,-75.165,1
39.953,-75.165,1
39.953,-75.165,1
39.953,-75.165,1
39.953,-75.165,1
39.953,-75.165,1
39.953,-75.165,1
39.953,-75.165,1
39.953,-75.165,1
39.953,-75.165,1
39.953,-75.165,1
39.953,-75.165,1
39.953,-75.165,1
39.953,-75.165,1
39.953,-75.165,1
39.953,-75.165,1
39.953,-75.165,1
39.953,-75.165,1
39.953,-75.165,1
39.953,-75.165,1
39.953,-75.165,1
39.953,-75.165,1
39.953,-75.165,1
39.953,-75.165,1
39.953,-75.165,1
39.953,-75.165,1
39.953,-75.165,1
39.953,-75.165,1
39.953,-75.165,1
39.953,-75.165,1
39.953,-75.165,1
39.953,-75.165,1
39.953,-75.165,1
39.953,-75.165,1
39.953,-75.165,1
39.953,-75.165,1
39.953,-75.165,1
39.953,-75.165,1
39.953,-75.165,1
39.953,-75.165,1
39.953,-75.165,1
39.953,-75.165,1
39.953,-75.165,1
39.953,-75.165,1
39.953,-75.165,1
39.953,-75.165,1
39.953,-75.165,1
39.953,-75.165,1
39.953,-75.165,1
39.953,-75.165,1
39.953,-75.165,1
39.953,-75.165,1
39.953,-75.165,1
39.953,-75.165,1
39.953,-75.165,1
39.953,-75.165,1
39.953,-75.165,1
39.953,-75.165,1
39.953,-75.165,1
39.953,-75.165,1
39.953,-75.165,1
39.953,-75.165,1
39.953,-75.165,1
39.953,-75.165,1
39.953,-75.165,1
39.953,-75.165,1
39.953,-75.165,1
39.953,-75.165,1
39.953,-75.165,1
39.953,-75.165,1
39.953,-75.165,1
39.953,-75.165,1
39.953,-75.165,1
39.953,-75.165,1
39.953,-75.165,1
39.953,-75.165,1
39.953,-75.165,1
39.953,-75.165,1
39.953,-75.165,1
39.953,-75.165,1
39.953,-75.165,1
39.953,-75.165,1
39.953,-75.165,1
39.953,-75.165,1
39.953,-75.165,1
39.953,-75.165,1
39.953,-75.165,1
39.953,-75.165,1
39.953,-75.165,1
39.953,-75.165,1
39.953,-75.165,1
39.953,-75.165,1
39.953,-75.165,1
39.953,-75.165,1
39.953,-75.165,1
39.953,-75.165,1
39.953,-75.165,1
39.953,-75.165,1
39.953,-75.165,1
39.953,-75.165,1
39.953,-75.165,1
39.953,-75.165,1
39.953,-75.165,1
39.953,-75.165,1
39.953,-75.165,1
39.953,-75.165,1
39.953,-75.165,1
39.953,-75.165,1
39.953,-75.165,1
39.953,-75.165,1
39.953,-75.165,1
39.953,-75.165,1
39.953,-75.165,1
39.953,-75.165,1
39.953,-75.165,1
39.953,-75.165,1
39.953,-75.165,1
39.953,-75.165,1
39.953,-75.165,1
39.953,-75.165,1
39.953,-75.165,1
39.953,-75.165,1
39.953,-75.165,1
39.953,-75.165,1
39.953,-75.165,1
39.953,-75.165,1
39.953,-75.165,1
39.953,-75.165,1
39.953,-75.165,1
39.953,-75.165,1
39.953,-75.165,1
39.953,-75.165,1
39.953,-75.165,1
39.953,-75.165,1
39.953,-75.165,1
39.953,-75.165,1
39.953,-75.165,1
39.953,-75.165,1
39.953,-75.165,1
39.953,-75.165,1
39.953,-75.165,1
39.953,-75.165,1
39.953,-75.165,1
39.953,-75.165,1
39.953,-75.165,1
39.953,-75.165,1
39.953,-75.165,1
39.953,-75.165,1
39.953,-75.165,1
39.953,-75.165,1
39.953,-75.165,1
39.953,-75.165,1
39.953,-75.165,1
39.953,-75.165,1
39.953,-75.165,1
39.953,-75.165,1
39.953,-75.165,1
39.953,-75.165,1
39.953,-75.165,1
39.953,-75.165,1
39.953,-75.165,1
39.953,-75.165,1
39.953,-75.165,1
39.953,-75.165,1
39.953,-75.165,1
39.953,-75.165,1
39.953,-75.165,1
39.953,-75.165,1
39.953,-75.165,1
39.953,-75.165,1
39.953,-75.165,1
39.953,-75.165,1
39.953,-75.165,1
39.953,-75.165,1
39.953,-75.165,1
39.953,-75.165,1
39.953,-75.165,1
39.953,-75.165,1
39.953,-75.165,1
39.953,-75.165,1
39.953,-75.165,1
39.953,-75.165,1
39.953,-75.165,1
39.953,-75.165,1
39.953,-75.165,1
39.953,-75.165,1
39.953,-75.165,1
39.953,-75.165,1
39.953,-75.165,1
39.953,-75.165,1
39.953,-75.165,1
39.953,-75.165,1
39.953,-75.165,1
39.953,-75.165,1
39.953,-75.165,1
39.953,-75.165,1
39.953,-75.165,1
39.953,-75.165,1
39.953,-75.165,1
39.953,-75.165,1
39.953,-75.165,1
39.953,-75.165,1
39.953,-75.165,1
39.953,-75.165,1
39.953,-75.165,1
39.953,-75.165,1
39.953,-75.165,1
39.953,-75.165,1
39.953,-75.165,1
39.953,-75.165,1
39.953,-75.165,1
39.953,-75.165,1
39.953,-75.165,1
39.953,-75.165,1
39.953,-75.165,1
39.953,-75.165,1
39.953,-75.165,1
39.953,-75.165,1
39.953,-75.165,1
39.953,-75.165,1
39.953,-75.165,1
39.953,-75.165,1
39.953,-75.165,1
39.953,-75.165,1
39.953,-75.165,1
39.953,-75.165,1
39.953,-75.165,1
39.953,-75.165,1
39.953,-75.165,1
39.953,-75.165,1
39.953,-75.165,1
39.953,-75.165,1
39.953,-75.165,1
39.953,-75.165,1
39.953,-75.165,1
39.953,-75.165,1
39.953,-75.165,1
39.953,-75.165,1
39.953,-75.165,1
39.953,-75.165,1
39.953,-75.165,1
39.953,-75.165,1
39.953,-75.165,1
39.953,-75.165,1
39.953,-75.165,1
39.953,-75.165,1
39.953,-75.165,1
39.953,-75.165,1
39.953,-75.165,1
39.953,-75.165,1
39.953,-75.165,1
39.953,-75.165,1
39.953,-75.165,1
39.953,-75.165,1
39.953,-75.165,1
39.953,-75.165,1
39.953,-75.165,1
39.953,-75.165,1
39.953,-75.165,1
39.953,-75.165,1
39.953,-75.165,1
39.953,-75.165,1
39.953,-75.165,1
39.953,-75.165,1
39.953,-75.165,1
39.953,-75.165,1
39.953,-75.165,1
39.953,-75.165,1
39.953,-75.165,1
39.953,-75.165,1
39.953,-75.165,1
39.953,-75.165,1
39.953,-75.165,1
39.953,-75.165,1
39.953,-75.165,1
39.953,-75.165,1
39.953,-75.165,1
39.953,-75.165,1
39.953,-75.165,1
39.953,-75.165,1
39.953,-75.165,1
39.953,-75.165,1
39.953,-75.165,1
39.953,-75.165,1
39.953,-75.165,1
39.953,-75.165,1
39.953,-75.165,1
39.953,-75.165,1
39.953,-75.165,1
39.953,-75.165,1
39.953,-75.165,1
39.953,-75.165,1
39.953,-75.165,1
39.953,-75.165,1
39.953,-75.165,1
39.953,-75.165,1
39.953,-75.165,1
39.953,-75.165,1
39.953,-75.165,1
39.953,-75.165,1
39.953,-75.165,1
39.953,-75.165,1
39.953,-75.165,1
39.953,-75.165,1
39.953,-75.165,1
39.953,-75.165,1
39.953,-75.165,1
39.953,-75.165,1
39.953,-75.165,1
39.953,-75.165,1
39.953,-75.165,1
39.953,-75.165,1
39.953,-75.165,1
39.953,-75.165,1
39.953,-75.165,1
39.953,-75.165,1
39.953,-75.165,1
39.953,-75.165,1
39.953,-75.165,1
39.953,-75.165,1
39.953,-75.165,1
39.953,-75.165,1
39.953,-75.165,1
39.953,-75.165,1
39.953,-75.165,1
39.953,-75.165,1
39.953,-75.165,1
39.953,-75.165,1
39.953,-75.165,1
39.953,-75.165,1
39.953,-75.165,1
39.953,-75.165,1
39.953,-75.165,1
39.953,-75.165,1
39.953,-75.165,1
39.953,-75.165,1
39.953,-75.165,1
39.953,-75.165,1
39.953,-75.165,1
39.953,-75.165,1
39.953,-75.165,1
39.953,-75.165,1
39.953,-75.165,1
39.953,-75.165,1
39.953,-75.165,1
39.953,-75.165,1
39.953,-75.165,1
39.953,-75.165,1
39.953,-75.165,1
39.953,-75.165,1
39.953,-75.165,1
39.953,-75.165,1
39.953,-75.165,1
39.953,-75.165,1
39.953,-75.165,1
39.953,-75.165,1
39.953,-75.165,1
39.953,-75.165,1
39.953,-75.165,1
39.953,-75.165,1
39.953,-75.165,1
39.953,-75.165,1
39.953,-75.165,1
39.953,-75.165,1
39.953,-75.165,1
39.953,-75.165,1
39.953,-75.165,1
39.953,-75.165,1
39.953,-75.165,1
39.953,-75.165,1
39.953,-75.165,1
39.953,-75.165,1
39.953,-75.165,1
39.953,-75.165,1
39.953,-75.165,1
39.953,-75.165,1
39.953,-75.165,1
39.953,-75.165,1
39.953,-75.165,1
39.953,-75.165,1
39.953,-75.165,1
39.953,-75.165,1
39.953,-75.165,1
39.953,-75.165,1
39.953,-75.165,1
39.953,-75.165,1
39.953,-75.165,1
39.953,-75.165,1
39.953,-75.165,1
39.953,-75.165,1
39.953,-75.165,1
39.953,-75.165,1
39.953,-75.165,1
39.953,-75.165,1
39.953,-75.165,1
39.953,-75.165,1
39.953,-75.165,1
39.953,-75.165,1
39.953,-75.165,1
39.953,-75.165,1
39.953,-75.165,1
39.953,-75.165,1
39.953,-75.165,1
39.953,-75.165,1
39.953,-75.165,1
39.953,-75.165,1
39.953,-75.165,1
39.953,-75.165,1
39.953,-75.165,1
39.953,-75.165,1
39.953,-75.165,1
39.953,-75.165,1
39.953,-75.165,1
39.953,-75.165,1
39.953,-75.165,1
39.953,-75.165,1
39.953,-75.165,1
39.953,-75.165,1
39.953,-75.165,1
39.953,-75.165,1
39.953,-75.165,1
39.953,-75.165,1
39.953,-75.165,1
39.953,-75.165,1
39.953,-75.165,1
39.953,-75.165,1
39.953,-75.165,1
39.953,-75.165,1
39.953,-75.165,1
39.953,-75.165,1
39.953,-75.165,1
39.953,-75.165,1
39.953,-75.165,1
39.953,-75.165,1
39.953,-75.165,1
39.953,-75.165,1
39.953,-75.165,1
39.953,-75.165,1
39.953,-75.165,1
39.953,-75.165,1
39.953,-75.165,1
39.953,-75.165,1
39.953,-75.165,1
39.953,-75.165,1
39.953,-75.165,1
39.953,-75.165,1
39.953,-75.165,1
39.953,-75.165,1
39.953,-75.165,1
39.953,-75.165,1
39.953,-75.165,1
39.953,-75.165,1
39.953,-75.165,1
39.953,-75.165,1
39.953,-75.165,1
39.953,-75.165,1
39.953,-75.165,1
39.953,-75.165,1
39.953,-75.165,1
39.953,-75.165,1
39.953,-75.165,1
39.953,-75.165,1
39.953,-75.165,1
39.953,-75.165,1
39.953,-75.165,1
39.953,-75.165,1
39.953,-75.165,1
39.953,-75.165,1
39.953,-75.165,1
39.953,-75.165,1
39.953,-75.165,1
39.953,-75.165,1
39.953,-75.165,1
39.953,-75.165,1
39.953,-75.165,1
39.953,-75.165,1
39.953,-75.165,1
39.953,-75.165,1
39.953,-75.165,1
39.953,-75.165,1
39.953,-75.165,1
39.953,-75.165,1
39.953,-75.165,1
39.953,-75.165,1
39.953,-75.165,1
39.953,-75.165,1
39.953,-75.165,1
39.953,-75.165,1
39.953,-75.165,1
39.953,-75.165,1
39.953,-75.165,1
39.953,-75.165,1
39.953,-75.165,1
39.953,-75.165,1
39.953,-75.165,1
39.953,-75.165,1
39.953,-75.165,1
39.953,-75.165,1
39.953,-75.165,1
39.953,-75.165,1
39.953,-75.165,1
39.953,-75.165,1
39.953,-75.165,1
39.953,-75.165,1
39.953,-75.165,1
39.953,-75.165,1
39.953,-75.165,1
39.953,-75.165,1
39.953,-75.165,1
39.953,-75.165,1
39.953,-75.165,1
39.953,-75.165,1
39.953,-75.165,1
39.953,-75.165,1
39.953,-75.165,1
39.953,-75.165,1
39.953,-75.165,1
39.953,-75.165,1
39.953,-75.165,1
39.953,-75.165,1
39.953,-75.165,1
39.953,-75.165,1
39.953,-75.165,1
39.953,-75.165,1
39.953,-75.165,1
39.953,-75.165,1
39.953,-75.165,1
39.953,-75.165,1
39.953,-75.165,1
39.953,-75.165,1
39.953,-75.165,1
39.953,-75.165,1
39.953,-75.165,1
39.953,-75.165,1
39.953,-75.165,1
39.953,-75.165,1
39.953,-75.165,1
39.953,-75.165,1
39.953,-75.165,1
39.953,-75.165,1
39.953,-75.165,1
39.953,-75.165,1
39.953,-75.165,1
39.953,-75.165,1
39.953,-75.165,1
39.953,-75.165,1
39.953,-75.165,1
39.953,-75.165,1
39.953,-75.165,1
39.953,-75.165,1
39.953,-75.165,1
39.953,-75.165,1
39.953,-75.165,1
39.953,-75.165,1
39.953,-75.165,1
39.953,-75.165,1
39.953,-75.165,1
39.953,-75.165,1
39.953,-75.165,1
39.953,-75.165,1
39.953,-75.165,1
39.953,-75.165,1
39.953,-75.165,1
39.953,-75.165,1
39.953,-75.165,1
39.953,-75.165,1
39.953,-75.165,1
39.953,-75.165,1
39.953,-75.165,1
39.953,-75.165,1
39.953,-75.165,1
39.953,-75.165,1
39.953,-75.165,1
39.953,-75.165,1
39.953,-75.165,1
39.953,-75.165,1
39.953,-75.165,1
39.953,-75.165,1
39.953,-75.165,1
39.953,-75.165,1
39.953,-75.165,1
39.953,-75.165,1
39.953,-75.165,1
39.953,-75.165,1
39.953,-75.165,1
39.953,-75.165,1
39.953,-75.165,1
39.953,-75.165,1
39.953,-75.165,1
39.953,-75.165,1
39.953,-75.165,1
39.953,-75.165,1
39.953,-75.165,1
39.953,-75.165,1
39.953,-75.165,1
39.953,-75.165,1
39.953,-75.165,1
39.953,-75.165,1
39.953,-75.165,1
39.953,-75.165,1
39.953,-75.165,1
39.953,-75.165,1
39.953,-75.165,1
39.953,-75.165,1
39.953,-75.165,1
39.953,-75.165,1
39.953,-75.165,1
39.953,-75.165,1
39.953,-75.165,1
39.953,-75.165,1
39.953,-75.165,1
39.953,-75.165,1
39.953,-75.165,1
39.953,-75.165,1
39.953,-75.165,1
39.953,-75.165,1
39.953,-75.165,1
39.953,-75.165,1
39.953,-75.165,1
39.953,-75.165,1
39.953,-75.165,1
39.953,-75.165,1
39.953,-75.165,1
39.953,-75.165,1
39.953,-75.165,1
39.953,-75.165,1
39.953,-75.165,1
39.953,-75.165,1
39.953,-75.165,1
39.953,-75.165,1
39.953,-75.165,1
39.953,-75.165,1
39.953,-75.165,1
39.953,-75.165,1
39.953,-75.165,1
39.953,-75.165,1
39.953,-75.165,1
39.953,-75.165,1
39.953,-75.165,1
39.953,-75.165,1
39.953,-75.165,1
39.953,-75.165,1
39.953,-75.165,1
39.953,-75.165,1
39.953,-75.165,1
39.953,-75.165,1
39.953,-75.165,1
39.953,-75.165,1
39.953,-75.165,1
39.953,-75.165,1
39.953,-75.165,1
39.953,-75.165,1
39.953,-75.165,1
39.953,-75.165,1
39.953,-75.165,1
39.953,-75.165,1
39.953,-75.165,1
39.953,-75.165,1
39.953,-75.165,1
39.953,-75.165,1
39.953,-75.165,1
39.953,-75.165,1
39.953,-75.165,1
39.953,-75.165,1
39.953,-75.165,1
39.953,-75.165,1
39.953,-75.165,1
39.953,-75.165,1
39.953,-75.165,1
39.953,-75.165,1
39.953,-75.165,1
39.953,-75.165,1
39.953,-75.165,1
39.953,-75.165,1
39.953,-75.165,1
39.953,-75.165,1
39.953,-75.165,1
39.953,-75.165,1
39.953,-75.165,1
39.953,-75.165,1
39.953,-75.165,1
39.953,-75.165,1
39.953,-75.165,1
39.953,-75.165,1
39.953,-75.165,1
39.953,-75.165,1
39.953,-75.165,1
39.953,-75.165,1
39.953,-75.165,1
39.953,-75.165,1
39.953,-75.165,1
39.953,-75.165,1
39.953,-75.165,1
39.953,-75.165,1
39.953,-75.165,1
39.953,-75.165,1
39.953,-75.165,1
39.953,-75.165,1
39.953,-75.165,1
39.953,-75.165,1
39.953,-75.165,1
39.953,-75.165,1
39.953,-75.165,1
39.953,-75.165,1
39.953,-75.165,1
39.953,-75.165,1
39.953,-75.165,1
39.953,-75.165,1
39.953,-75.165,1
39.953,-75.165,1
39.953,-75.165,1
39.953,-75.165,1
39.953,-75.165,1
39.953,-75.165,1
39.953,-75.165,1
39.953,-75.165,1
39.953,-75.165,1
39.953,-75.165,1
39.953,-75.165,1
39.953,-75.165,1
39.953,-75.165,1
39.953,-75.165,1
39.953,-75.165,1
39.953,-75.165,1
39.953,-75.165,1
39.953,-75.165,1
39.953,-75.165,1
39.953,-75.165,1
39.953,-75.165,1
39.953,-75.165,1
39.953,-75.165,1
39.953,-75.165,1
39.953,-75.165,1
39.953,-75.165,1
39.953,-75.165,1
39.953,-75.165,1
39.953,-75.165,1
39.953,-75.165,1
39.953,-75.165,1
39.953,-75.165,1
39.953,-75.165,1
39.953,-75.165,1
39.953,-75.165,1
39.953,-75.165,1
39.953,-75.165,1
39.953,-75.165,1
39.953,-75.165,1
39.953,-75.165,1
39.953,-75.165,1
39.953,-75.165,1
39.953,-75.165,1
39.953,-75.165,1
39.953,-75.165,1
39.953,-75.165,1
39.953,-75.165,1
39.953,-75.165,1
39.953,-75.165,1
39.953,-75.165,1
39.953,-75.165,1
39.953,-75.165,1
39.953,-75.165,1
39.953,-75.165,1
39.953,-75.165,1
39.953,-75.165,1
39.953,-75.165,1
39.953,-75.165,1
39.953,-75.165,1
39.953,-75.165,1
39.953,-75.165,1
39.953,-75.165,1
39.953,-75.165,1
39.953,-75.165,1
39.953,-75.165,1
39.953,-75.165,1
39.953,-75.165,1
39.953,-75.165,1
39.953,-75.165,1
39.953,-75.165,1
39.953,-75.165,1
39.953,-75.165,1
39.953,-75.165,1
39.953,-75.165,1
39.953,-75.165,1
39.953,-75.165,1
39.953,-75.165,1
39.953,-75.165,1
39.953,-75.165,1
39.953,-75.165,1
39.953,-75.165,1
39.953,-75.165,1
39.953,-75.165,1
39.953,-75.165,1
39.953,-75.165,1
39.953,-75.165,1
39.953,-75.165,1
39.953,-75.165,1
39.953,-75.165,1
39.953,-75.165,1
39.953,-75.165,1
39.953,-75.165,1
39.953,-75.165,1
39.953,-75.165,1
39.953,-75.165,1
39.953,-75.165,1
39.953,-75.165,1
39.953,-75.165,1
39.953,-75.165,1
39.953,-75.165,1
39.953,-75.165,1
39.953,-75.165,1
39.953,-75.165,1
39.953,-75.165,1
39.953,-75.165,1
39.953,-75.165,1
39.953,-75.165,1
39.953,-75.165,1
39.953,-75.165,1
39.953,-75.165,1
39.953,-75.165,1
39.953,-75.165,1
39.953,-75.165,1
39.953,-75.165,1
39.953,-75.165,1
39.953,-75.165,1
39.953,-75.165,1
39.953,-75.165,1
39.953,-75.165,1
39.953,-75.165,1
39.953,-75.165,1
39.953,-75.165,1
39.953,-75.165,1
39.953,-75.165,1
39.953,-75.165,1
39.953,-75.165,1
39.953,-75.165,1
39.953,-75.165,1
39.953,-75.165,1
39.953,-75.165,1
39.953,-75.165,1
39.953,-75.165,1
39.953,-75.165,1
39.953,-75.165,1
39.953,-75.165,1
39.953,-75.165,1
39.953,-75.165,1
39.953,-75.165,1
39.953,-75.165,1
39.953,-75.165,1
39.953,-75.165,1
39.953,-75.165,1
39.953,-75.165,1
39.953,-75.165,1
39.953,-75.165,1
39.953,-75.165,1
39.953,-75.165,1
39.953,-75.165,1
39.953,-75.165,1
39.953,-75.165,1
39.953,-75.165,1
39.953,-75.165,1
39.953,-75.165,1
39.953,-75.165,1
39.953,-75.165,1
39.953,-75.165,1
39.953,-75.165,1
39.953,-75.165,1
39.953,-75.165,1
39.953,-75.165,1
39.953,-75.165,1
39.953,-75.165,1
39.953,-75.165,1
39.953,-75.165,1
39.953,-75.165,1
39.953,-75.165,1
39.953,-75.165,1
39.953,-75.165,1
39.953,-75.165,1
39.953,-75.165,1
39.953,-75.165,1
39.953,-75.165,1
39.953,-75.165,1
39.953,-75.165,1
39.953,-75.165,1
39.953,-75.165,1
39.953,-75.165,1
39.953,-75.165,1
39.953,-75.165,1
39.953,-75.165,1
39.953,-75.165,1
39.953,-75.165,1
39.953,-75.165,1
39.953,-75.165,1
39.953,-75.165,1
39.953,-75.165,1
39.953,-75.165,1
39.953,-75.165,1
39.953,-75.165,1
39.953,-75.165,1
39.953,-75.165,1
39.953,-75.165,1
39.953,-75.165,1
39.953,-75.165,1
39.953,-75.165,1
39.953,-75.165,1
39.953,-75.165,1
39.953,-75.165,1
39.953,-75.165,1
39.953,-75.165,1
39.953,-75.165,1
39.953,-75.165,1
39.953,-75.165,1
39.953,-75.165,1
39.953,-75.165,1
39.953,-75.165,1
39.953,-75.165,1
39.953,-75.165,1
39.953,-75.165,1
39.953,-75.165,1
39.953,-75.165,1
39.953,-75.165,1
39.953,-75.165,1
39.953,-75.165,1
39.953,-75.165,1
39.953,-75.165,1
39.953,-75.165,1
39.953,-75.165,1
39.953,-75.165,1
39.953,-75.165,1
39.953,-75.165,1
39.953,-75.165,1
39.953,-75.165,1
39.953,-75.165,1
39.953,-75.165,1
39.953,-75.165,1
39.953,-75.165,1
39.953,-75.165,1
39.953,-75.165,1
39.953,-75.165,1
39.953,-75.165,1
39.953,-75.165,1
39.953,-75.165,1
39.953,-75.165,1
39.953,-75.165,1
39.953,-75.165,1
39.953,-75.165,1
39.953,-75.165,1
39.953,-75.165,1
39.953,-75.165,1
39.953,-75.165,1
39.953,-75.165,1
39.953,-75.165,1
39.953,-75.165,1
39.953,-75.165,1
39.953,-75.165,1
39.953,-75.165,1
39.953,-75.165,1
39.953,-75.165,1
39.953,-75.165,1
39.953,-75.165,1
39.953,-75.165,1
39.953,-75.165,1
39.953,-75.165,1
39.953,-75.165,1
39.953,-75.165,1
39.953,-75.165,1
39.953,-75.165,1
39.953,-75.165,1
39.953,-75.165,1
39.953,-75.165,1
39.953,-75.165,1
39.953,-75.165,1
39.953,-75.165,1
39.953,-75.165,1
39.953,-75.165,1
39.953,-75.165,1
39.953,-75.165,1
39.953,-75.165,1
39.953,-75.165,1
39.953,-75.165,1
39.953,-75.165,1
39.953,-75.165,1
39.953,-75.165,1
39.953,-75.165,1
39.953,-75.165,1
39.953,-75.165,1
39.953,-75.165,1
39.953,-75.165,1
39.953,-75.165,1
39.953,-75.165,1
39.953,-75.165,1
39.953,-75.165,1
39.953,-75.165,1
39.953,-75.165,1
39.953,-75.165,1
39.953,-75.165,1
39.953,-75.165,1
39.953,-75.165,1
39.953,-75.165,1
39.953,-75.165,1
39.953,-75.165,1
39.953,-75.165,1
39.953,-75.165,1
39.953,-75.165,1
39.953,-75.165,1
39.953,-75.165,1
39.953,-75.165,1
39.953,-75.165,1
39.953,-75.165,1
39.953,-75.165,1
39.953,-75.165,1
39.953,-75.165,1
39.953,-75.165,1
39.953,-75.165,1
39.953,-75.165,1
39.953,-75.165,1
39.953,-75.165,1
39.953,-75.165,1
39.953,-75.165,1
39.953,-75.165,1
39.953,-75.165,1
39.953,-75.165,1
39.953,-75.165,1
39.953,-75.165,1
39.953,-75.165,1
39.953,-75.165,1
39.953,-75.165,1
39.953,-75.165,1
39.953,-75.165,1
39.953,-75.165,1
39.953,-75.165,1
39.953,-75.165,1
39.953,-75.165,1
39.953,-75.165,1
39.953,-75.165,1
39.953,-75.165,1
39.953,-75.165,1
39.953,-75.165,1
39.953,-75.165,1
39.953,-75.165,1
39.953,-75.165,1
39.953,-75.165,1
39.953,-75.165,1
39.953,-75.165,1
39.953,-75.165,1
39.953,-75.165,1
39.953,-75.165,1
39.953,-75.165,1
39.953,-75.165,1
39.953,-75.165,1
39.953,-75.165,1
39.953,-75.165,1
39.953,-75.165,1
39.953,-75.165,1
39.953,-75.165,1
39.953,-75.165,1
39.953,-75.165,1
39.953,-75.165,1
39.953,-75.165,1
39.953,-75.165,1
39.953,-75.165,1
39.953,-75.165,1
39.953,-75.165,1
39.953,-75.165,1
39.953,-75.165,1
39.953,-75.165,1
39.953,-75.165,1
39.953,-75.165,1
39.953,-75.165,1
39.953,-75.165,1
39.953,-75.165,1
39.953,-75.165,1
39.953,-75.165,1
39.953,-75.165,1
39.953,-75.165,1
39.953,-75.165,1
39.953,-75.165,1
39.953,-75.165,1
39.953,-75.165,1
39.953,-75.165,1
39.953,-75.165,1
39.953,-75.165,1
39.953,-75.165,1
39.953,-75.165,1
39.953,-75.165,1
39.953,-75.165,1
39.953,-75.165,1
39.953,-75.165,1
39.953,-75.165,1
39.953,-75.165,1
39.953,-75.165,1
39.953,-75.165,1
39.953,-75.165,1
39.953,-75.165,1
39.953,-75.165,1
39.953,-75.165,1
39.953,-75.165,1
39.953,-75.165,1
39.953,-75.165,1
39.953,-75.165,1
39.953,-75.165,1
39.953,-75.165,1
39.953,-75.165,1
39.953,-75.165,1
39.953,-75.165,1
39.953,-75.165,1
39.953,-75.165,1
39.953,-75.165,1
39.953,-75.165,1
39.953,-75.165,1
39.953,-75.165,1
39.953,-75.165,1
39.953,-75.165,1
39.953,-75.165,1
39.953,-75.165,1
39.953,-75.165,1
39.953,-75.165,1
39.953,-75.165,1
39.953,-75.165,1
39.953,-75.165,1
39.953,-75.165,1
39.953,-75.165,1
39.953,-75.165,1
39.953,-75.165,1
39.953,-75.165,1
39.953,-75.165,1
39.953,-75.165,1
39.953,-75.165,1
39.953,-75.165,1
39.953,-75.165,1
39.953,-75.165,1
39.953,-75.165,1
39.953,-75.165,1
39.953,-75.165,1
39.953,-75.165,1
39.953,-75.165,1
39.953,-75.165,1
39.953,-75.165,1
39.953,-75.165,1
39.953,-75.165,1
39.953,-75.165,1
39.953,-75.165,1
39.953,-75.165,1
39.953,-75.165,1
39.953,-75.165,1
39.953,-75.165,1
39.953,-75.165,1
39.953,-75.165,1
39.953,-75.165,1
39.953,-75.165,1
39.953,-75.165,1
39.953,-75.165,1
39.953,-75.165,1
39.953,-75.165,1
39.953,-75.165,1
39.953,-75.165,1
39.953,-75.165,1
39.953,-75.165,1
39.953,-75.165,1
39.953,-75.165,1
39.953,-75.165,1
39.953,-75.165,1
39.953,-75.165,1
39.953,-75.165,1
39.953,-75.165,1
39.953,-75.165,1
39.953,-75.165,1
39.953,-75.165,1
39.953,-75.165,1
39.953,-75.165,1
39.953,-75.165,1
39.953,-75.165,1
39.953,-75.165,1
39.953,-75.165,1
39.953,-75.165,1
39.953,-75.165,1
39.953,-75.165,1
39.953,-75.165,1
39.953,-75.165,1
39.953,-75.165,1
39.953,-75.165,1
39.953,-75.165,1
39.953,-75.165,1
39.953,-75.165,1
39.953,-75.165,1
39.953,-75.165,1
39.953,-75.165,1
39.953,-75.165,1
39.953,-75.165,1
39.953,-75.165,1
39.953,-75.165,1
39.953,-75.165,1
39.953,-75.165,1
39.953,-75.165,1
39.953,-75.165,1
39.953,-75.165,1
39.953,-75.165,1
39.953,-75.165,1
39.953,-75.165,1
39.953,-75.165,1
39.953,-75.165,1
39.953,-75.165,1
39.953,-75.165,1
39.953,-75.165,1
39.953,-75.165,1
39.953,-75.165,1
39.953,-75.165,1
39.953,-75.165,1
39.953,-75.165,1
39.953,-75.165,1
39.953,-75.165,1
39.953,-75.165,1
39.953,-75.165,1
39.953,-75.165,1
39.953,-75.165,1
39.953,-75.165,1
39.953,-75.165,1
39.953,-75.165,1
39.953,-75.165,1
39.953,-75.165,1
39.953,-75.165,1
39.953,-75.165,1
39.953,-75.165,1
39.953,-75.165,1
39.953,-75.165,1
39.953,-75.165,1
39.953,-75.165,1
39.953,-75.165,1
39.953,-75.165,1
39.953,-75.165,1
39.953,-75.165,1
39.953,-75.165,1
39.953,-75.165,1
39.953,-75.165,1
39.953,-75.165,1
39.953,-75.165,1
39.953,-75.165,1
39.953,-75.165,1
39.953,-75.165,1
39.953,-75.165,1
39.953,-75.165,1
39.953,-75.165,1
39.953,-75.165,1
39.953,-75.165,1
39.953,-75.165,1
39.953,-75.165,1
39.953,-75.165,1
39.953,-75.165,1
39.953,-75.165,1
39.953,-75.165,1
39.953,-75.165,1
39.953,-75.165,1
39.953,-75.165,1
39.953,-75.165,1
39.953,-75.165,1
39.953,-75.165,1
39.953,-75.165,1
39.953,-75.165,1
39.953,-75.165,1
39.953,-75.165,1
39.953,-75.165,1
39.953,-75.165,1
39.953,-75.165,1
39.953,-75.165,1
39.953,-75.165,1
39.953,-75.165,1
39.953,-75.165,1
39.953,-75.165,1
39.953,-75.165,1
39.953,-75.165,1
39.953,-75.165,1
39.953,-75.165,1
39.953,-75.165,1
39.953,-75.165,1
39.953,-75.165,1
39.953,-75.165,1
39.953,-75.165,1
39.953,-75.165,1
39.953,-75.165,1
39.953,-75.165,1
39.953,-75.165,1
39.953,-75.165,1
39.953,-75.165,1
39.953,-75.165,1
39.953,-75.165,1
39.953,-75.165,1
39.953,-75.165,1
39.953,-75.165,1
39.953,-75.165,1
39.953,-75.165,1
39.953,-75.165,1
39.953,-75.165,1
39.953,-75.165,1
39.953,-75.165,1
39.953,-75.165,1
39.953,-75.165,1
39.953,-75.165,1
39.953,-75.165,1
39.953,-75.165,1
39.953,-75.165,1
39.953,-75.165,1
39.953,-75.165,1
39.953,-75.165,1
39.953,-75.165,1
39.953,-75.165,1
39.953,-75.165,1
39.953,-75.165,1
39.953,-75.165,1
39.953,-75.165,1
39.953,-75.165,1
39.953,-75.165,1
39.953,-75.165,1
39.953,-75.165,1
39.953,-75.165,1
39.953,-75.165,1
39.953,-75.165,1
39.953,-75.165,1
39.953,-75.165,1
39.953,-75.165,1
39.953,-75.165,1
39.953,-75.165,1
39.953,-75.165,1
39.953,-75.165,1
39.953,-75.165,1
39.953,-75.165,1
39.953,-75.165,1
39.953,-75.165,1
39.953,-75.165,1
39.953,-75.165,1
39.953,-75.165,1
39.953,-75.165,1
39.953,-75.165,1
39.953,-75.165,1
39.953,-75.165,1
39.953,-75.165,1
39.953,-75.165,1
39.953,-75.165,1
39.953,-75.165,1
39.953,-75.165,1
39.953,-75.165,1
39.953,-75.165,1
39.953,-75.165,1
39.953,-75.165,1
39.953,-75.165,1
39.953,-75.165,1
39.953,-75.165,1
39.953,-75.165,1
39.953,-75.165,1
39.953,-75.165,1
39.953,-75.165,1
39.953,-75.165,1
39.953,-75.165,1
39.953,-75.165,1
39.953,-75.165,1
39.953,-75.165,1
39.953,-75.165,1
39.953,-75.165,1
39.953,-75.165,1
39.953,-75.165,1
39.953,-75.165,1
39.953,-75.165,1
39.953,-75.165,1
39.953,-75.165,1
39.953,-75.165,1
39.953,-75.165,1
39.953,-75.165,1
39.953,-75.165,1
39.953,-75.165,1
39.953,-75.165,1
39.953,-75.165,1
39.953,-75.165,1
39.953,-75.165,1
39.953,-75.165,1
39.953,-75.165,1
39.953,-75.165,1
39.953,-75.165,1
39.953,-75.165,1
39.953,-75.165,1
39.953,-75.165,1
39.953,-75.165,1
39.953,-75.165,1
39.953,-75.165,1
39.953,-75.165,1
39.953,-75.165,1
39.953,-75.165,1
39.953,-75.165,1
39.953,-75.165,1
39.953,-75.165,1
39.953,-75.165,1
39.953,-75.165,1
39.953,-75.165,1
39.953,-75.165,1
39.953,-75.165,1
39.953,-75.165,1
39.953,-75.165,1
39.953,-75.165,1
39.953,-75.165,1
39.953,-75.165,1
39.953,-75.165,1
39.953,-75.165,1
39.953,-75.165,1
39.953,-75.165,1
39.953,-75.165,1
39.953,-75.165,1
39.953,-75.165,1
39.953,-75.165,1
39.953,-75.165,1
39.953,-75.165,1
39.953,-75.165,1
39.953,-75.165,1
39.953,-75.165,1
39.953,-75.165,1
39.953,-75.165,1
39.953,-75.165,1
39.953,-75.165,1
39.953,-75.165,1
39.953,-75.165,1
39.953,-75.165,1
39.953,-75.165,1
39.953,-75.165,1
39.953,-75.165,1
39.953,-75.165,1
39.953,-75.165,1
39.953,-75.165,1
39.953,-75.165,1
39.953,-75.165,1
39.953,-75.165,1
39.953,-75.165,1
39.953,-75.165,1
39.953,-75.165,1
39.953,-75.165,1
39.953,-75.165,1
39.953,-75.165,1
39.953,-75.165,1
39.953,-75.165,1
39.953,-75.165,1
39.953,-75.165,1
39.953,-75.165,1
39.953,-75.165,1
39.953,-75.165,1
39.953,-75.165,1
39.953,-75.165,1
39.953,-75.165,1
39.953,-75.165,1
39.953,-75.165,1
39.953,-75.165,1
39.953,-75.165,1
39.953,-75.165,1
39.953,-75.165,1
39.953,-75.165,1
39.953,-75.165,1
39.953,-75.165,1
39.953,-75.165,1
39.953,-75.165,1
39.953,-75.165,1
39.953,-75.165,1
39.953,-75.165,1
39.953,-75.165,1
39.953,-75.165,1
39.953,-75.165,1
39.953,-75.165,1
39.953,-75.165,1
39.953,-75.165,1
39.953,-75.165,1
39.953,-75.165,1
39.953,-75.165,1
39.953,-75.165,1
39.953,-75.165,1
39.953,-75.165,1
39.953,-75.165,1
39.953,-75.165,1
39.953,-75.165,1
39.953,-75.165,1
39.953,-75.165,1
39.953,-75.165,1
39.953,-75.165,1
39.953,-75.165,1
39.953,-75.165,1
39.953,-75.165,1
39.953,-75.165,1
39.953,-75.165,1
39.953,-75.165,1
39.953,-75.165,1
39.953,-75.165,1
39.953,-75.165,1
39.953,-75.165,1
39.953,-75.165,1
39.953,-75.165,1
39.953,-75.165,1
39.953,-75.165,1
39.953,-75.165,1
39.953,-75.165,1
39.953,-75.165,1
39.953,-75.165,1
39.953,-75.165,1
39.953,-75.165,1
39.953,-75.165,1
39.953,-75.165,1
39.953,-75.165,1
39.953,-75.165,1
39.953,-75.165,1
39.953,-75.165,1
39.953,-75.165,1
39.953,-75.165,1
39.953,-75.165,1
39.953,-75.165,1
39.953,-75.165,1
39.953,-75.165,1
39.953,-75.165,1
39.953,-75.165,1
39.953,-75.165,1
39.953,-75.165,1
39.953,-75.165,1
39.953,-75.165,1
39.953,-75.165,1
39.953,-75.165,1
39.953,-75.165,1
39.953,-75.165,1
39.953,-75.165,1
39.953,-75.165,1
39.953,-75.165,1
39.953,-75.165,1
39.953,-75.165,1
39.953,-75.165,1
39.953,-75.165,1
39.953,-75.165,1
39.953,-75.165,1
39.953,-75.165,1
39.953,-75.165,1
39.953,-75.165,1
39.953,-75.165,1
39.953,-75.165,1
39.953,-75.165,1
39.953,-75.165,1
39.953,-75.165,1
39.953,-75.165,1
39.953,-75.165,1
39.953,-75.165,1
39.953,-75.165,1
39.953,-75.165,1
39.953,-75.165,1
39.953,-75.165,1
39.953,-75.165,1
39.953,-75.165,1
39.953,-75.165,1
39.953,-75.165,1
39.953,-75.165,1
39.953,-75.165,1
39.953,-75.165,1
39.953,-75.165,1
39.953,-75.165,1
39.953,-75.165,1
39.953,-75.165,1
39.953,-75.165,1
39.953,-75.165,1
39.953,-75.165,1
39.953,-75.165,1
39.953,-75.165,1
39.953,-75.165,1
39.953,-75.165,1
39.953,-75.165,1
39.953,-75.165,1
39.953,-75.165,1
39.953,-75.165,1
39.953,-75.165,1
39.953,-75.165,1
39.953,-75.165,1
39.953,-75.165,1
39.953,-75.165,1
39.953,-75.165,1
39.953,-75.165,1
39.953,-75.165,1
39.953,-75.165,1
39.953,-75.165,1
39.953,-75.165,1
39.953,-75.165,1
39.953,-75.165,1
39.953,-75.165,1
39.953,-75.165,1
39.953,-75.165,1
39.953,-75.165,1
39.953,-75.165,1
39.953,-75.165,1
39.953,-75.165,1
39.953,-75.165,1
39.953,-75.165,1
39.953,-75.165,1
39.953,-75.165,1
39.953,-75.165,1
39.953,-75.165,1
39.953,-75.165,1
39.953,-75.165,1
39.953,-75.165,1
39.953,-75.165,1
39.953,-75.165,1
39.953,-75.165,1
39.953,-75.165,1
39.953,-75.165,1
39.953,-75.165,1
39.953,-75.165,1
39.953,-75.165,1
39.953,-75.165,1
39.953,-75.165,1
39.953,-75.165,1
39.953,-75.165,1
39.953,-75.165,1
39.953,-75.165,1
39.953,-75.165,1
39.953,-75.165,1
39.953,-75.165,1
39.953,-75.165,1
39.953,-75.165,1
39.953,-75.165,1
39.953,-75.165,1
39.953,-75.165,1
39.953,-75.165,1
39.953,-75.165,1
39.953,-75.165,1
39.953,-75.165,1
39.953,-75.165,1
39.953,-75.165,1
39.953,-75.165,1
39.953,-75.165,1
39.953,-75.165,1
39.953,-75.165,1
39.953,-75.165,1
39.953,-75.165,1
39.953,-75.165,1
39.953,-75.165,1
39.953,-75.165,1
39.953,-75.165,1
39.953,-75.165,1
39.953,-75.165,1
39.953,-75.165,1
39.953,-75.165,1
39.953,-75.165,1
39.953,-75.165,1
39.953,-75.165,1
39.953,-75.165,1
39.953,-75.165,1
39.953,-75.165,1
39.953,-75.165,1
39.953,-75.165,1
39.953,-75.165,1
39.953,-75.165,1
39.953,-75.165,1
39.953,-75.165,1
39.953,-75.165,1
39.953,-75.165,1
39.953,-75.165,1
39.953,-75.165,1
39.953,-75.165,1
39.953,-75.165,1
39.953,-75.165,1
39.953,-75.165,1
39.953,-75.165,1
39.953,-75.165,1
39.953,-75.165,1
39.953,-75.165,1
39.953,-75.165,1
39.953,-75.165,1
39.953,-75.165,1
39.953,-75.165,1
39.953,-75.165,1
39.953,-75.165,1
39.953,-75.165,1
39.953,-75.165,1
39.953,-75.165,1
39.953,-75.165,1
39.953,-75.165,1
39.953,-75.165,1
39.953,-75.165,1
39.953,-75.165,1
39.953,-75.165,1
39.953,-75.165,1
39.953,-75.165,1
39.953,-75.165,1
39.953,-75.165,1
39.953,-75.165,1
39.953,-75.165,1
39.953,-75.165,1
39.953,-75.165,1
39.953,-75.165,1
39.953,-75.165,1
39.953,-75.165,1
39.953,-75.165,1
39.953,-75.165,1
39.953,-75.165,1
39.953,-75.165,1
39.953,-75.165,1
39.953,-75.165,1
39.953,-75.165,1
39.953,-75.165,1
39.953,-75.165,1
39.953,-75.165,1
39.953,-75.165,1
39.953,-75.165,1
39.953,-75.165,1
39.953,-75.165,1
39.953,-75.165,1
39.953,-75.165,1
39.953,-75.165,1
39.953,-75.165,1
39.953,-75.165,1
39.953,-75.165,1
39.953,-75.165,1
39.953,-75.165,1
39.953,-75.165,1
39.953,-75.165,1
39.953,-75.165,1
39.953,-75.165,1
39.953,-75.165,1
39.953,-75.165,1
39.953,-75.165,1
39.953,-75.165,1
39.953,-75.165,1
39.953,-75.165,1
39.953,-75.165,1
39.953,-75.165,1
39.953,-75.165,1
39.953,-75.165,1
39.953,-75.165,1
39.953,-75.165,1
39.953,-75.165,1
39.953,-75.165,1
39.953,-75.165,1
39.953,-75.165,1
39.953,-75.165,1
39.953,-75.165,1
39.953,-75.165,1
39.953,-75.165,1
39.953,-75.165,1
39.953,-75.165,1
39.953,-75.165,1
39.953,-75.165,1
39.953,-75.165,1
39.953,-75.165,1
39.953,-75.165,1
39.953,-75.165,1
39.953,-75.165,1
39.953,-75.165,1
39.953,-75.165,1
39.953,-75.165,1
39.953,-75.165,1
39.953,-75.165,1
39.953,-75.165,1
39.953,-75.165,1
39.953,-75.165,1
39.953,-75.165,1
39.953,-75.165,1
39.953,-75.165,1
39.953,-75.165,1
39.953,-75.165,1
39.953,-75.165,1
39.953,-75.165,1
39.953,-75.165,1
39.953,-75.165,1
39.953,-75.165,1
39.953,-75.165,1
39.953,-75.165,1
39.953,-75.165,1
39.953,-75.165,1
39.953,-75.165,1
39.953,-75.165,1
39.953,-75.165,1
39.953,-75.165,1
39.953,-75.165,1
39.953,-75.165,1
39.953,-75.165,1
39.953,-75.165,1
39.953,-75.165,1
39.953,-75.165,1
39.953,-75.165,1
39.953,-75.165,1
39.953,-75.165,1
39.953,-75.165,1
39.953,-75.165,1
39.953,-75.165,1
39.953,-75.165,1
39.953,-75.165,1
39.953,-75.165,1
39.953,-75.165,1
39.953,-75.165,1
39.953,-75.165,1
39.953,-75.165,1
39.953,-75.165,1
39.953,-75.165,1
39.953,-75.165,1
39.953,-75.165,1
39.953,-75.165,1
39.953,-75.165,1
39.953,-75.165,1
39.953,-75.165,1
39.953,-75.165,1
39.953,-75.165,1
39.953,-75.165,1
39.953,-75.165,1
39.953,-75.165,1
39.953,-75.165,1
39.953,-75.165,1
39.953,-75.165,1
39.953,-75.165,1
39.953,-75.165,1
39.953,-75.165,1
39.953,-75.165,1
39.953,-75.165,1
39.953,-75.165,1
39.953,-75.165,1
39.953,-75.165,1
39.953,-75.165,1
39.953,-75.165,1
39.953,-75.165,1
39.953,-75.165,1
39.953,-75.165,1
39.953,-75.165,1
39.953,-75.165,1
39.953,-75.165,1
39.953,-75.165,1
39.953,-75.165,1
39.953,-75.165,1
39.953,-75.165,1
39.953,-75.165,1
39.953,-75.165,1
39.953,-75.165,1
39.953,-75.165,1
39.953,-75.165,1
39.953,-75.165,1
39.953,-75.165,1
39.953,-75.165,1
39.953,-75.165,1
39.953,-75.165,1
39.953,-75.165,1
39.953,-75.165,1
39.953,-75.165,1
39.953,-75.165,1
39.953,-75.165,1
39.953,-75.165,1
39.953,-75.165,1
39.953,-75.165,1
39.953,-75.165,1
39.953,-75.165,1
39.953,-75.165,1
39.953,-75.165,1
39.953,-75.165,1
39.953,-75.165,1
39.953,-75.165,1
39.953,-75.165,1
39.953,-75.165,1
39.953,-75.165,1
39.953,-75.165,1
39.953,-75.165,1
39.953,-75.165,1
39.953,-75.165,1
39.953,-75.165,1
39.953,-75.165,1
39.953,-75.165,1
39.953,-75.165,1
39.953,-75.165,1
39.953,-75.165,1
39.953,-75.165,1
39.953,-75.165,1
39.953,-75.165,1
39.953,-75.165,1
39.953,-75.165,1
39.953,-75.165,1
39.953,-75.165,1
39.953,-75.165,1
39.953,-75.165,1
39.953,-75.165,1
39.953,-75.165,1
39.953,-75.165,1
39.953,-75.165,1
39.953,-75.165,1
39.953,-75.165,1
39.953,-75.165,1
39.953,-75.165,1
39.953,-75.165,1
39.953,-75.165,1
39.953,-75.165,1
39.953,-75.165,1
39.953,-75.165,1
39.953,-75.165,1
39.953,-75.165,1
39.953,-75.165,1
39.953,-75.165,1
39.953,-75.165,1
39.953,-75.165,1
39.953,-75.165,1
39.953,-75.165,1
39.953,-75.165,1
39.953,-75.165,1
39.953,-75.165,1
39.953,-75.165,1
39.953,-75.165,1
39.953,-75.165,1
39.953,-75.165,1
39.953,-75.165,1
39.953,-75.165,1
39.953,-75.165,1
39.953,-75.165,1
39.953,-75.165,1
39.953,-75.165,1
39.953,-75.165,1
39.953,-75.165,1
39.953,-75.165,1
39.953,-75.165,1
39.953,-75.165,1
39.953,-75.165,1
39.953,-75.165,1
39.953,-75.165,1
39.953,-75.165,1
39.953,-75.165,1
39.953,-75.165,1
39.953,-75.165,1
39.953,-75.165,1
39.953,-75.165,1
39.953,-75.165,1
39.953,-75.165,1
39.953,-75.165,1
39.953,-75.165,1
39.953,-75.165,1
39.953,-75.165,1
39.953,-75.165,1
39.953,-75.165,1
39.953,-75.165,1
39.953,-75.165,1
39.953,-75.165,1
39.953,-75.165,1
39.953,-75.165,1
39.953,-75.165,1
39.953,-75.165,1
39.953,-75.165,1
39.953,-75.165,1
39.953,-75.165,1
39.953,-75.165,1
39.953,-75.165,1
39.953,-75.165,1
39.953,-75.165,1
39.953,-75.165,1
39.953,-75.165,1
39.953,-75.165,1
39.953,-75.165,1
39.953,-75.165,1
39.953,-75.165,1
39.953,-75.165,1
39.953,-75.165,1
39.953,-75.165,1
39.953,-75.165,1
39.953,-75.165,1
39.953,-75.165,1
39.953,-75.165,1
39.953,-75.165,1
39.953,-75.165,1
39.953,-75.165,1
39.953,-75.165,1
39.953,-75.165,1
39.953,-75.165,1
39.953,-75.165,1
39.953,-75.165,1
39.953,-75.165,1
39.953,-75.165,1
39.953,-75.165,1
39.953,-75.165,1
39.953,-75.165,1
39.953,-75.165,1
39.953,-75.165,1
39.953,-75.165,1
39.953,-75.165,1
39.953,-75.165,1
39.953,-75.165,1
39.953,-75.165,1
39.953,-75.165,1
39.953,-75.165,1
39.953,-75.165,1
39.953,-75.165,1
39.953,-75.165,1
39.953,-75.165,1
39.953,-75.165,1
39.953,-75.165,1
39.953,-75.165,1
39.953,-75.165,1
39.953,-75.165,1
39.953,-75.165,1
39.953,-75.165,1
39.953,-75.165,1
39.953,-75.165,1
39.953,-75.165,1
39.953,-75.165,1
39.953,-75.165,1
39.953,-75.165,1
39.953,-75.165,1
39.953,-75.165,1
39.953,-75.165,1
39.953,-75.165,1
39.953,-75.165,1
39.953,-75.165,1
39.953,-75.165,1
39.953,-75.165,1
39.953,-75.165,1
39.953,-75.165,1
39.953,-75.165,1
39.953,-75.165,1
39.953,-75.165,1
39.953,-75.165,1
39.953,-75.165,1
39.953,-75.165,1
39.953,-75.165,1
39.953,-75.165,1
39.953,-75.165,1
39.953,-75.165,1
39.953,-75.165,1
39.953,-75.165,1
39.953,-75.165,1
39.953,-75.165,1
39.953,-75.165,1
39.953,-75.165,1
39.953,-75.165,1
39.953,-75.165,1
39.953,-75.165,1
39.953,-75.165,1
39.953,-75.165,1
39.953,-75.165,1
39.953,-75.165,1
39.953,-75.165,1
39.953,-75.165,1
39.953,-75.165,1
39.953,-75.165,1
39.953,-75.165,1
39.953,-75.165,1
39.953,-75.165,1
39.953,-75.165,1
39.953,-75.165,1
39.953,-75.165,1
39.953,-75.165,1
39.953,-75.165,1
39.953,-75.165,1
39.953,-75.165,1
39.953,-75.165,1
39.953,-75.165,1
39.953,-75.165,1
39.953,-75.165,1
39.953,-75.165,1
39.953,-75.165,1
39.953,-75.165,1
39.953,-75.165,1
39.953,-75.165,1
39.953,-75.165,1
39.953,-75.165,1
39.953,-75.165,1
39.953,-75.165,1
39.953,-75.165,1
39.953,-75.165,1
39.953,-75.165,1
39.953,-75.165,1
39.953,-75.165,1
39.953,-75.165,1
39.953,-75.165,1
39.953,-75.165,1
39.953,-75.165,1
39.953,-75.165,1
39.953,-75.165,1
39.953,-75.165,1
39.953,-75.165,1
39.953,-75.165,1
39.953,-75.165,1
39.953,-75.165,1
39.953,-75.165,1
39.953,-75.165,1
39.953,-75.165,1
39.953,-75.165,1
39.953,-75.165,1
39.953,-75.165,1
39.953,-75.165,1
39.953,-75.165,1
39.953,-75.165,1
39.953,-75.165,1
39.953,-75.165,1
39.953,-75.165,1
39.953,-75.165,1
39.953,-75.165,1
39.953,-75.165,1
39.953,-75.165,1
39.953,-75.165,1
39.953,-75.165,1
39.953,-75.165,1
39.953,-75.165,1
39.953,-75.165,1
39.953,-75.165,1
39.953,-75.165,1
39.953,-75.165,1
39.953,-75.165,1
39.953,-75.165,1
39.953,-75.165,1
39.953,-75.165,1
39.953,-75.165,1
39.953,-75.165,1
39.953,-75.165,1
39.953,-75.165,1
39.953,-75.165,1
39.953,-75.165,1
39.953,-75.165,1
39.953,-75.165,1
39.953,-75.165,1
39.953,-75.165,1
39.953,-75.165,1
39.953,-75.165,1
39.953,-75.165,1
39.953,-75.165,1
39.953,-75.165,1
39.953,-75.165,1
39.953,-75.165,1
39.953,-75.165,1
39.953,-75.165,1
39.953,-75.165,1
39.953,-75.165,1
39.953,-75.165,1
39.953,-75.165,1
39.953,-75.165,1
39.953,-75.165,1
39.953,-75.165,1
39.953,-75.165,1
39.953,-75.165,1
39.953,-75.165,1
39.953,-75.165,1
39.953,-75.165,1
39.953,-75.165,1
39.953,-75.165,1
39.953,-75.165,1
39.953,-75.165,1
39.953,-75.165,1
39.953,-75.165,1
39.953,-75.165,1
39.953,-75.165,1
39.953,-75.165,1
39.953,-75.165,1
39.953,-75.165,1
39.953,-75.165,1
39.953,-75.165,1
39.953,-75.165,1
39.953,-75.165,1
39.953,-75.165,1
39.953,-75.165,1
39.953,-75.165,1
39.953,-75.165,1
39.953,-75.165,1
39.953,-75.165,1
39.953,-75.165,1
39.953,-75.165,1
39.953,-75.165,1
39.953,-75.165,1
39.953,-75.165,1
39.953,-75.165,1
39.953,-75.165,1
39.953,-75.165,1
39.953,-75.165,1
39.953,-75.165,1
39.953,-75.165,1
39.953,-75.165,1
39.953,-75.165,1
39.953,-75.165,1
39.953,-75.165,1
39.953,-75.165,1
39.953,-75.165,1
39.953,-75.165,1
39.953,-75.165,1
39.953,-75.165,1
39.953,-75.165,1
39.953,-75.165,1
39.953,-75.165,1
39.953,-75.165,1
39.953,-75.165,1
39.953,-75.165,1
39.953,-75.165,1
39.953,-75.165,1
39.953,-75.165,1
39.953,-75.165,1
39.953,-75.165,1
39.953,-75.165,1
39.953,-75.165,1
39.953,-75.165,1
39.953,-75.165,1
39.953,-75.165,1
39.953,-75.165,1
39.953,-75.165,1
39.953,-75.165,1
39.953,-75.165,1
39.953,-75.165,1
39.953,-75.165,1
39.953,-75.165,1
39.953,-75.165,1
39.953,-75.165,1
39.953,-75.165,1
39.953,-75.165,1
39.953,-75.165,1
39.953,-75.165,1
39.953,-75.165,1
39.953,-75.165,1
39.953,-75.165,1
39.953,-75.165,1
39.953,-75.165,1
39.953,-75.165,1
39.953,-75.165,1
39.953,-75.165,1
39.953,-75.165,1
39.953,-75.165,1
39.953,-75.165,1
39.953,-75.165,1
39.953,-75.165,1
39.953,-75.165,1
39.953,-75.165,1
39.953,-75.165,1
39.953,-75.165,1
39.953,-75.165,1
39.953,-75.165,1
39.953,-75.165,1
39.953,-75.165,1
39.953,-75.165,1
39.953,-75.165,1
39.953,-75.165,1
39.953,-75.165,1
39.953,-75.165,1
39.953,-75.165,1
39.953,-75.165,1
39.953,-75.165,1
39.953,-75.165,1
39.953,-75.165,1
39.953,-75.165,1
39.953,-75.165,1
39.953,-75.165,1
39.953,-75.165,1
39.953,-75.165,1
39.953,-75.165,1
39.953,-75.165,1
39.953,-75.165,1
39.953,-75.165,1
39.953,-75.165,1
39.953,-75.165,1
39.953,-75.165,1
39.953,-75.165,1
39.953,-75.165,1
39.953,-75.165,1
39.953,-75.165,1
39.953,-75.165,1
39.953,-75.165,1
39.953,-75.165,1
39.953,-75.165,1
39.953,-75.165,1
39.953,-75.165,1
39.953,-75.165,1
39.953,-75.165,1
39.953,-75.165,1
39.953,-75.165,1
39.953,-75.165,1
39.953,-75.165,1
39.953,-75.165,1
39.953,-75.165,1
39.953,-75.165,1
39.953,-75.165,1
39.953,-75.165,1
39.953,-75.165,1
39.953,-75.165,1
39.953,-75.165,1
39.953,-75.165,1
39.953,-75.165,1
39.953,-75.165,1
39.953,-75.165,1
39.953,-75.165,1
39.953,-75.165,1
39.953,-75.165,1
39.953,-75.165,1
39.953,-75.165,1
39.953,-75.165,1
39.953,-75.165,1
39.953,-75.165,1
39.953,-75.165,1
39.953,-75.165,1
39.953,-75.165,1
39.953,-75.165,1
39.953,-75.165,1
39.953,-75.165,1
39.953,-75.165,1
39.953,-75.165,1
39.953,-75.165,1
39.953,-75.165,1
39.953,-75.165,1
39.953,-75.165,1
39.953,-75.165,1
39.953,-75.165,1
39.953,-75.165,1
39.953,-75.165,1
39.953,-75.165,1
39.953,-75.165,1
39.953,-75.165,1
39.953,-75.165,1
39.953,-75.165,1
39.953,-75.165,1
39.953,-75.165,1
39.953,-75.165,1
39.953,-75.165,1
39.953,-75.165,1
39.953,-75.165,1
39.953,-75.165,1
39.953,-75.165,1
39.953,-75.165,1
39.953,-75.165,1
39.953,-75.165,1
39.953,-75.165,1
39.953,-75.165,1
39.953,-75.165,1
39.953,-75.165,1
39.953,-75.165,1
39.953,-75.165,1
39.953,-75.165,1
39.953,-75.165,1
39.953,-75.165,1
39.953,-75.165,1
39.953,-75.165,1
39.953,-75.165,1
39.953,-75.165,1
39.953,-75.165,1
39.953,-75.165,1
39.953,-75.165,1
39.953,-75.165,1
39.953,-75.165,1
39.953,-75.165,1
39.953,-75.165,1
39.953,-75.165,1
39.953,-75.165,1
39.953,-75.165,1
39.953,-75.165,1
39.953,-75.165,1
39.953,-75.165,1
39.953,-75.165,1
39.953,-75.165,1
39.953,-75.165,1
39.953,-75.165,1
39.953,-75.165,1
39.953,-75.165,1
39.953,-75.165,1
39.953,-75.165,1
39.953,-75.165,1
39.953,-75.165,1
39.953,-75.165,1
39.953,-75.165,1
39.953,-75.165,1
39.953,-75.165,1
39.953,-75.165,1
39.953,-75.165,1
39.953,-75.165,1
39.953,-75.165,1
39.953,-75.165,1
39.953,-75.165,1
39.953,-75.165,1
39.953,-75.165,1
39.953,-75.165,1
39.953,-75.165,1
39.953,-75.165,1
39.953,-75.165,1
39.953,-75.165,1
39.953,-75.165,1
39.953,-75.165,1
39.953,-75.165,1
39.953,-75.165,1
39.953,-75.165,1
39.953,-75.165,1
39.953,-75.165,1
39.953,-75.165,1
39.953,-75.165,1
39.953,-75.165,1
39.953,-75.165,1
39.953,-75.165,1
39.953,-75.165,1
39.953,-75.165,1
39.953,-75.165,1
39.953,-75.165,1
39.953,-75.165,1
39.953,-75.165,1
39.953,-75.165,1
39.953,-75.165,1
39.953,-75.165,1
39.953,-75.165,1
39.953,-75.165,1
39.953,-75.165,1
39.953,-75.165,1
39.953,-75.165,1
39.953,-75.165,1
39.953,-75.165,1
39.953,-75.165,1
39.953,-75.165,1
39.953,-75.165,1
39.953,-75.165,1
39.953,-75.165,1
39.953,-75.165,1
39.953,-75.165,1
39.953,-75.165,1
39.953,-75.165,1
39.953,-75.165,1
39.953,-75.165,1
39.953,-75.165,1
39.953,-75.165,1
39.953,-75.165,1
39.953,-75.165,1
39.953,-75.165,1
39.953,-75.165,1
39.953,-75.165,1
39.953,-75.165,1
39.953,-75.165,1
39.953,-75.165,1
39.953,-75.165,1
39.953,-75.165,1
39.953,-75.165,1
39.953,-75.165,1
39.953,-75.165,1
39.953,-75.165,1
39.953,-75.165,1
39.953,-75.165,1
39.953,-75.165,1
39.953,-75.165,1
39.953,-75.165,1
39.953,-75.165,1
39.953,-75.165,1
39.953,-75.165,1
39.953,-75.165,1
39.953,-75.165,1
39.953,-75.165,1
39.953,-75.165,1
39.953,-75.165,1
39.953,-75.165,1
39.953,-75.165,1
39.953,-75.165,1
39.953,-75.165,1
39.953,-75.165,1
39.953,-75.165,1
39.953,-75.165,1
39.953,-75.165,1
39.953,-75.165,1
39.953,-75.165,1
39.953,-75.165,1
39.953,-75.165,1
39.953,-75.165,1
39.953,-75.165,1
39.953,-75.165,1
39.953,-75.165,1
39.953,-75.165,1
39.953,-75.165,1
39.953,-75.165,1
39.953,-75.165,1
39.953,-75.165,1
39.953,-75.165,1
39.953,-75.165,1
39.953,-75.165,1
39.953,-75.165,1
39.953,-75.165,1
39.953,-75.165,1
39.953,-75.165,1
39.953,-75.165,1
39.953,-75.165,1
39.953,-75.165,1
39.953,-75.165,1
39.953,-75.165,1
39.953,-75.165,1
39.953,-75.165,1
39.953,-75.165,1
39.953,-75.165,1
39.953,-75.165,1
39.953,-75.165,1
39.953,-75.165,1
39.953,-75.165,1
39.953,-75.165,1
39.953,-75.165,1
39.953,-75.165,1
39.953,-75.165,1
39.953,-75.165,1
39.953,-75.165,1
39.953,-75.165,1
39.953,-75.165,1
39.953,-75.165,1
39.953,-75.165,1
39.953,-75.165,1
39.953,-75.165,1
39.953,-75.165,1
39.953,-75.165,1
39.953,-75.165,1
39.953,-75.165,1
39.953,-75.165,1
39.953,-75.165,1
39.953,-75.165,1
39.953,-75.165,1
39.953,-75.165,1
39.953,-75.165,1
39.953,-75.165,1
39.953,-75.165,1
39.953,-75.165,1
39.953,-75.165,1
39.953,-75.165,1
39.953,-75.165,1
39.953,-75.165,1
39.953,-75.165,1
39.953,-75.165,1
39.953,-75.165,1
39.953,-75.165,1
39.953,-75.165,1
39.953,-75.165,1
39.953,-75.165,1
39.953,-75.165,1
39.953,-75.165,1
39.953,-75.165,1
39.953,-75.165,1
39.953,-75.165,1
39.953,-75.165,1
39.953,-75.165,1
39.953,-75.165,1
39.953,-75.165,1
39.953,-75.165,1
39.953,-75.165,1
39.953,-75.165,1
39.953,-75.165,1
39.953,-75.165,1
39.953,-75.165,1
39.953,-75.165,1
39.953,-75.165,1
39.953,-75.165,1
39.953,-75.165,1
39.953,-75.165,1
39.953,-75.165,1
39.953,-75.165,1
39.953,-75.165,1
39.953,-75.165,1
39.953,-75.165,1
39.953,-75.165,1
39.953,-75.165,1
39.953,-75.165,1
39.953,-75.165,1
39.953,-75.165,1
39.953,-75.165,1
39.953,-75.165,1
39.953,-75.165,1
39.953,-75.165,1
39.953,-75.165,1
39.953,-75.165,1
39.953,-75.165,1
39.953,-75.165,1
39.953,-75.165,1
39.953,-75.165,1
39.953,-75.165,1
39.953,-75.165,1
39.953,-75.165,1
39.953,-75.165,1
39.953,-75.165,1
39.953,-75.165,1
39.953,-75.165,1
39.953,-75.165,1
39.953,-75.165,1
39.953,-75.165,1
39.953,-75.165,1
39.953,-75.165,1
39.953,-75.165,1
39.953,-75.165,1
39.953,-75.165,1
39.953,-75.165,1
39.953,-75.165,1
39.953,-75.165,1
39.953,-75.165,1
39.953,-75.165,1
39.953,-75.165,1
39.953,-75.165,1
39.953,-75.165,1
39.953,-75.165,1
39.953,-75.165,1
39.953,-75.165,1
39.953,-75.165,1
39.953,-75.165,1
39.953,-75.165,1
39.953,-75.165,1
39.953,-75.165,1
39.953,-75.165,1
39.953,-75.165,1
39.953,-75.165,1
39.953,-75.165,1
39.953,-75.165,1
39.953,-75.165,1
39.953,-75.165,1
39.953,-75.165,1
39.953,-75.165,1
39.953,-75.165,1
39.953,-75.165,1
39.953,-75.165,1
39.953,-75.165,1
39.953,-75.165,1
39.953,-75.165,1
39.953,-75.165,1
39.953,-75.165,1
39.953,-75.165,1
39.953,-75.165,1
39.953,-75.165,1
39.953,-75.165,1
39.953,-75.165,1
39.953,-75.165,1
39.953,-75.165,1
39.953,-75.165,1
39.953,-75.165,1
39.953,-75.165,1
39.953,-75.165,1
39.953,-75.165,1
39.953,-75.165,1
39.953,-75.165,1
39.953,-75.165,1
39.953,-75.165,1
39.953,-75.165,1
39.953,-75.165,1
39.953,-75.165,1
39.953,-75.165,1
39.953,-75.165,1
39.953,-75.165,1
39.953,-75.165,1
39.953,-75.165,1
39.953,-75.165,1
39.953,-75.165,1
39.953,-75.165,1
39.953,-75.165,1
39.953,-75.165,1
39.953,-75.165,1
39.953,-75.165,1
39.953,-75.165,1
39.953,-75.165,1
39.953,-75.165,1
39.953,-75.165,1
39.953,-75.165,1
39.953,-75.165,1
39.953,-75.165,1
39.953,-75.165,1
39.953,-75.165,1
39.953,-75.165,1
39.953,-75.165,1
39.953,-75.165,1
39.953,-75.165,1
39.953,-75.165,1
39.953,-75.165,1
39.953,-75.165,1
39.953,-75.165,1
39.953,-75.165,1
39.953,-75.165,1
39.953,-75.165,1
39.953,-75.165,1
39.953,-75.165,1
39.953,-75.165,1
39.953,-75.165,1
39.953,-75.165,1
39.953,-75.165,1
39.953,-75.165,1
39.953,-75.165,1
39.953,-75.165,1
39.953,-75.165,1
39.953,-75.165,1
39.953,-75.165,1
39.953,-75.165,1
39.953,-75.165,1
39.953,-75.165,1
39.953,-75.165,1
39.953,-75.165,1
39.953,-75.165,1
39.953,-75.165,1
39.953,-75.165,1
39.953,-75.165,1
39.953,-75.165,1
39.953,-75.165,1
39.953,-75.165,1
39.953,-75.165,1
39.953,-75.165,1
39.953,-75.165,1
39.953,-75.165,1
39.953,-75.165,1
39.953,-75.165,1
39.953,-75.165,1
39.953,-75.165,1
39.953,-75.165,1
39.953,-75.165,1
39.953,-75.165,1
39.953,-75.165,1
39.953,-75.165,1
39.953,-75.165,1
39.953,-75.165,1
39.953,-75.165,1
39.953,-75.165,1
39.953,-75.165,1
39.953,-75.165,1
39.953,-75.165,1
39.953,-75.165,1
39.953,-75.165,1
39.953,-75.165,1
39.953,-75.165,1
39.953,-75.165,1
39.953,-75.165,1
39.953,-75.165,1
39.953,-75.165,1
39.953,-75.165,1
39.953,-75.165,1
39.953,-75.165,1
39.953,-75.165,1
39.953,-75.165,1
39.953,-75.165,1
39.953,-75.165,1
39.953,-75.165,1
39.953,-75.165,1
39.953,-75.165,1
39.953,-75.165,1
39.953,-75.165,1
39.953,-75.165,1
39.953,-75.165,1
39.953,-75.165,1
39.953,-75.165,1
39.953,-75.165,1
39.953,-75.165,1
39.953,-75.165,1
39.953,-75.165,1
39.953,-75.165,1
39.953,-75.165,1
39.953,-75.165,1
39.953,-75.165,1
39.953,-75.165,1
39.953,-75.165,1
39.953,-75.165,1
39.953,-75.165,1
39.953,-75.165,1
39.953,-75.165,1
39.953,-75.165,1
39.953,-75.165,1
39.953,-75.165,1
39.953,-75.165,1
39.953,-75.165,1
39.953,-75.165,1
39.953,-75.165,1
39.953,-75.165,1
39.953,-75.165,1
39.953,-75.165,1
39.953,-75.165,1
39.953,-75.165,1
39.953,-75.165,1
39.953,-75.165,1
39.953,-75.165,1
39.953,-75.165,1
39.953,-75.165,1
39.953,-75.165,1
39.953,-75.165,1
39.953,-75.165,1
39.953,-75.165,1
39.953,-75.165,1
39.953,-75.165,1
39.953,-75.165,1
39.953,-75.165,1
39.953,-75.165,1
39.953,-75.165,1
39.953,-75.165,1
39.953,-75.165,1
39.953,-75.165,1
39.953,-75.165,1
39.953,-75.165,1
39.953,-75.165,1
39.953,-75.165,1
39.953,-75.165,1
39.953,-75.165,1
39.953,-75.165,1
39.953,-75.165,1
39.953,-75.165,1
39.953,-75.165,1
39.953,-75.165,1
39.953,-75.165,1
39.953,-75.165,1
39.953,-75.165,1
39.953,-75.165,1
39.953,-75.165,1
39.953,-75.165,1
39.953,-75.165,1
39.953,-75.165,1
39.953,-75.165,1
39.953,-75.165,1
39.953,-75.165,1
39.953,-75.165,1
39.953,-75.165,1
39.953,-75.165,1
39.953,-75.165,1
39.953,-75.165,1
39.953,-75.165,1
39.953,-75.165,1
39.953,-75.165,1
39.953,-75.165,1
39.953,-75.165,1
39.953,-75.165,1
39.953,-75.165,1
39.953,-75.165,1
39.953,-75.165,1
39.953,-75.165,1
39.953,-75.165,1
39.953,-75.165,1
39.953,-75.165,1
39.953,-75.165,1
39.953,-75.165,1
39.953,-75.165,1
39.953,-75.165,1
39.953,-75.165,1
39.953,-75.165,1
39.953,-75.165,1
39.953,-75.165,1
39.953,-75.165,1
39.953,-75.165,1
39.953,-75.165,1
39.953,-75.165,1
39.953,-75.165,1
39.953,-75.165,1
39.953,-75.165,1
39.953,-75.165,1
39.953,-75.165,1
39.953,-75.165,1
39.953,-75.165,1
39.953,-75.165,1
39.953,-75.165,1
39.953,-75.165,1
39.953,-75.165,1
39.953,-75.165,1
39.953,-75.165,1
39.953,-75.165,1
39.953,-75.165,1
39.953,-75.165,1
39.953,-75.165,1
39.953,-75.165,1
39.953,-75.165,1
39.953,-75.165,1
39.953,-75.165,1
39.953,-75.165,1
39.953,-75.165,1
39.953,-75.165,1
39.953,-75.165,1
39.953,-75.165,1
39.953,-75.165,1
39.953,-75.165,1
39.953,-75.165,1
39.953,-75.165,1
39.953,-75.165,1
39.953,-75.165,1
39.953,-75.165,1
39.953,-75.165,1
39.953,-75.165,1
39.953,-75.165,1
39.953,-75.165,1
39.953,-75.165,1
39.953,-75.165,1
39.953,-75.165,1
39.953,-75.165,1
39.953,-75.165,1
39.953,-75.165,1
39.953,-75.165,1
39.953,-75.165,1
39.953,-75.165,1
39.953,-75.165,1
39.953,-75.165,1
39.953,-75.165,1
39.953,-75.165,1
39.953,-75.165,1
39.953,-75.165,1
39.953,-75.165,1
39.953,-75.165,1
39.953,-75.165,1
39.953,-75.165,1
39.953,-75.165,1
39.953,-75.165,1
39.953,-75.165,1
39.953,-75.165,1
39.953,-75.165,1
39.953,-75.165,1
39.953,-75.165,1
39.953,-75.165,1
39.953,-75.165,1
39.953,-75.165,1
39.953,-75.165,1
39.953,-75.165,1
39.953,-75.165,1
39.953,-75.165,1
39.953,-75.165,1
39.953,-75.165,1
39.953,-75.165,1
39.953,-75.165,1
39.953,-75.165,1
39.953,-75.165,1
39.953,-75.165,1
39.953,-75.165,1
39.953,-75.165,1
39.953,-75.165,1
39.953,-75.165,1
39.953,-75.165,1
39.953,-75.165,1
39.953,-75.165,1
39.953,-75.165,1
39.953,-75.165,1
39.953,-75.165,1
39.953,-75.165,1
39.953,-75.165,1
39.953,-75.165,1
39.953,-75.165,1
39.953,-75.165,1
39.953,-75.165,1
39.953,-75.165,1
39.953,-75.165,1
39.953,-75.165,1
39.953,-75.165,1
39.953,-75.165,1
39.953,-75.165,1
39.953,-75.165,1
39.953,-75.165,1
39.953,-75.165,1
39.953,-75.165,1
39.953,-75.165,1
39.953,-75.165,1
39.953,-75.165,1
39.953,-75.165,1
39.953,-75.165,1
39.953,-75.165,1
39.953,-75.165,1
39.953,-75.165,1
39.953,-75.165,1
39.953,-75.165,1
39.953,-75.165,1
39.953,-75.165,1
39.953,-75.165,1
39.953,-75.165,1
39.953,-75.165,1
39.953,-75.165,1
39.953,-75.165,1
39.953,-75.165,1
39.953,-75.165,1
39.953,-75.165,1
39.953,-75.165,1
39.953,-75.165,1
39.953,-75.165,1
39.953,-75.165,1
39.953,-75.165,1
39.953,-75.165,1
39.953,-75.165,1
39.953,-75.165,1
39.953,-75.165,1
39.953,-75.165,1
39.953,-75.165,1
39.953,-75.165,1
39.953,-75.165,1
39.953,-75.165,1
39.953,-75.165,1
39.953,-75.165,1
39.953,-75.165,1
39.953,-75.165,1
39.953,-75.165,1
39.953,-75.165,1
39.953,-75.165,1
39.953,-75.165,1
39.953,-75.165,1
39.953,-75.165,1
39.953,-75.165,1
39.953,-75.165,1
39.953,-75.165,1
39.953,-75.165,1
39.953,-75.165,1
39.953,-75.165,1
39.953,-75.165,1
39.953,-75.165,1
39.953,-75.165,1
39.953,-75.165,1
39.953,-75.165,1
39.953,-75.165,1
39.953,-75.165,1
39.953,-75.165,1
39.953,-75.165,1
39.953,-75.165,1
39.953,-75.165,1
39.953,-75.165,1
39.953,-75.165,1
39.953,-75.165,1
39.953,-75.165,1
39.953,-75.165,1
39.953,-75.165,1
39.953,-75.165,1
39.953,-75.165,1
39.953,-75.165,1
39.953,-75.165,1
39.953,-75.165,1
39.953,-75.165,1
39.953,-75.165,1
39.953,-75.165,1
39.953,-75.165,1
39.953,-75.165,1
39.953,-75.165,1
39.953,-75.165,1
39.953,-75.165,1
39.953,-75.165,1
39.953,-75.165,1
39.953,-75.165,1
39.953,-75.165,1
39.953,-75.165,1
39.953,-75.165,1
39.953,-75.165,1
39.953,-75.165,1
39.953,-75.165,1
39.953,-75.165,1
39.953,-75.165,1
39.953,-75.165,1
39.953,-75.165,1
39.953,-75.165,1
39.953,-75.165,1
39.953,-75.165,1
39.953,-75.165,1
39.953,-75.165,1
39.953,-75.165,1
39.953,-75.165,1
39.953,-75.165,1
39.953,-75.165,1
39.953,-75.165,1
39.953,-75.165,1
39.953,-75.165,1
39.953,-75.165,1
39.953,-75.165,1
39.953,-75.165,1
39.953,-75.165,1
39.953,-75.165,1
39.953,-75.165,1
39.953,-75.165,1
39.953,-75.165,1
39.953,-75.165,1
39.953,-75.165,1
39.953,-75.165,1
39.953,-75.165,1
39.953,-75.165,1
39.953,-75.165,1
39.953,-75.165,1
39.953,-75.165,1
39.953,-75.165,1
39.953,-75.165,1
39.953,-75.165,1
39.953,-75.165,1
39.953,-75.165,1
39.953,-75.165,1
39.953,-75.165,1
39.953,-75.165,1
39.953,-75.165,1
39.953,-75.165,1
39.953,-75.165,1
39.953,-75.165,1
39.953,-75.165,1
39.953,-75.165,1
39.953,-75.165,1
39.953,-75.165,1
39.953,-75.165,1
39.953,-75.165,1
39.953,-75.165,1
39.953,-75.165,1
39.953,-75.165,1
39.953,-75.165,1
39.953,-75.165,1
39.953,-75.165,1
39.953,-75.165,1
39.953,-75.165,1
39.953,-75.165,1
39.953,-75.165,1
39.953,-75.165,1
39.953,-75.165,1
39.953,-75.165,1
39.953,-75.165,1
39.953,-75.165,1
39.953,-75.165,1
39.953,-75.165,1
39.953,-75.165,1
39.953,-75.165,1
39.953,-75.165,1
39.953,-75.165,1
39.953,-75.165,1
39.953,-75.165,1
39.953,-75.165,1
39.953,-75.165,1
39.953,-75.165,1
39.953,-75.165,1
39.953,-75.165,1
39.953,-75.165,1
39.953,-75.165,1
39.953,-75.165,1
39.953,-75.165,1
39.953,-75.165,1
39.953,-75.165,1
39.953,-75.165,1
39.953,-75.165,1
39.953,-75.165,1
39.953,-75.165,1
39.953,-75.165,1
39.953,-75.165,1
39.953,-75.165,1
39.953,-75.165,1
39.953,-75.165,1
39.953,-75.165,1
39.953,-75.165,1
39.953,-75.165,1
39.953,-75.165,1
39.953,-75.165,1
39.953,-75.165,1
39.953,-75.165,1
39.953,-75.165,1
39.953,-75.165,1
39.953,-75.165,1
39.953,-75.165,1
39.953,-75.165,1
39.953,-75.165,1
39.953,-75.165,1
39.953,-75.165,1
39.953,-75.165,1
39.953,-75.165,1
39.953,-75.165,1
39.953,-75.165,1
39.953,-75.165,1
39.953,-75.165,1
39.953,-75.165,1
39.953,-75.165,1
39.953,-75.165,1
39.953,-75.165,1
39.953,-75.165,1
39.953,-75.165,1
39.953,-75.165,1
39.953,-75.165,1
39.953,-75.165,1
39.953,-75.165,1
39.953,-75.165,1
39.953,-75.165,1
39.953,-75.165,1
39.953,-75.165,1
39.953,-75.165,1
39.953,-75.165,1
39.953,-75.165,1
39.953,-75.165,1
39.953,-75.165,1
39.953,-75.165,1
39.953,-75.165,1
39.953,-75.165,1
39.953,-75.165,1
39.953,-75.165,1
39.953,-75.165,1
39.953,-75.165,1
39.953,-75.165,1
39.953,-75.165,1
39.953,-75.165,1
39.953,-75.165,1
39.953,-75.165,1
39.953,-75.165,1
39.953,-75.165,1
39.953,-75.165,1
39.953,-75.165,1
39.953,-75.165,1
39.953,-75.165,1
39.953,-75.165,1
39.953,-75.165,1
39.953,-75.165,1
39.953,-75.165,1
39.953,-75.165,1
39.953,-75.165,1
39.953,-75.165,1
39.953,-75.165,1
39.953,-75.165,1
39.953,-75.165,1
39.953,-75.165,1
39.953,-75.165,1
39.953,-75.165,1
39.953,-75.165,1
39.953,-75.165,1
39.953,-75.165,1
39.953,-75.165,1
39.953,-75.165,1
39.953,-75.165,1
39.953,-75.165,1
39.953,-75.165,1
39.953,-75.165,1
39.953,-75.165,1
39.953,-75.165,1
39.953,-75.165,1
39.953,-75.165,1
39.953,-75.165,1
39.953,-75.165,1
39.953,-75.165,1
39.953,-75.165,1
39.953,-75.165,1
39.953,-75.165,1
39.953,-75.165,1
39.953,-75.165,1
39.953,-75.165,1
39.953,-75.165,1
39.953,-75.165,1
39.953,-75.165,1
39.953,-75.165,1
39.953,-75.165,1
39.953,-75.165,1
39.953,-75.165,1
39.953,-75.165,1
39.953,-75.165,1
39.953,-75.165,1
39.953,-75.165,1
39.953,-75.165,1
39.953,-75.165,1
39.953,-75.165,1
39.953,-75.165,1
39.953,-75.165,1
39.953,-75.165,1
39.953,-75.165,1
39.953,-75.165,1
39.953,-75.165,1
39.953,-75.165,1
39.953,-75.165,1
39.953,-75.165,1
39.953,-75.165,1
39.953,-75.165,1
39.953,-75.165,1
39.953,-75.165,1
39.953,-75.165,1
39.953,-75.165,1
39.953,-75.165,1
39.953,-75.165,1
39.953,-75.165,1
39.953,-75.165,1
39.953,-75.165,1
39.953,-75.165,1
39.953,-75.165,1
39.953,-75.165,1
39.953,-75.165,1
39.953,-75.165,1
39.953,-75.165,1
39.953,-75.165,1
39.953,-75.165,1
39.953,-75.165,1
39.953,-75.165,1
39.953,-75.165,1
39.953,-75.165,1
39.953,-75.165,1
39.953,-75.165,1
39.953,-75.165,1
39.953,-75.165,1
39.953,-75.165,1
39.953,-75.165,1
39.953,-75.165,1
39.953,-75.165,1
39.953,-75.165,1
39.953,-75.165,1
39.953,-75.165,1
39.953,-75.165,1
39.953,-75.165,1
39.953,-75.165,1
39.953,-75.165,1
39.953,-75.165,1
39.953,-75.165,1
39.953,-75.165,1
39.953,-75.165,1
39.953,-75.165,1
39.953,-75.165,1
39.953,-75.165,1
39.953,-75.165,1
39.953,-75.165,1
39.953,-75.165,1
39.953,-75.165,1
39.953,-75.165,1
39.953,-75.165,1
39.953,-75.165,1
39.953,-75.165,1
39.953,-75.165,1
39.953,-75.165,1
39.953,-75.165,1
39.953,-75.165,1
39.953,-75.165,1
39.953,-75.165,1
39.953,-75.165,1
39.953,-75.165,1
39.953,-75.165,1
39.953,-75.165,1
39.953,-75.165,1
39.953,-75.165,1
39.953,-75.165,1
39.953,-75.165,1
39.953,-75.165,1
39.953,-75.165,1
39.953,-75.165,1
39.953,-75.165,1
39.953,-75.165,1
39.953,-75.165,1
39.953,-75.165,1
39.953,-75.165,1
39.953,-75.165,1
39.953,-75.165,1
39.953,-75.165,1
39.953,-75.165,1
39.953,-75.165,1
39.953,-75.165,1
39.953,-75.165,1
39.953,-75.165,1
39.953,-75.165,1
39.953,-75.165,1
39.953,-75.165,1
39.953,-75.165,1
39.953,-75.165,1
39.953,-75.165,1
39.953,-75.165,1
39.953,-75.165,1
39.953,-75.165,1
39.953,-75.165,1
39.953,-75.165,1
39.953,-75.165,1
39.953,-75.165,1
39.953,-75.165,1
39.953,-75.165,1
39.953,-75.165,1
39.953,-75.165,1
39.953,-75.165,1
39.953,-75.165,1
39.953,-75.165,1
39.953,-75.165,1
39.953,-75.165,1
39.953,-75.165,1
39.953,-75.165,1
39.953,-75.165,1
39.953,-75.165,1
39.953,-75.165,1
39.953,-75.165,1
39.953,-75.165,1
39.953,-75.165,1
39.953,-75.165,1
39.953,-75.165,1
39.953,-75.165,1
39.953,-75.165,1
39.953,-75.165,1
39.953,-75.165,1
39.953,-75.165,1
39.953,-75.165,1
39.953,-75.165,1
39.953,-75.165,1
39.953,-75.165,1
39.953,-75.165,1
39.953,-75.165,1
39.953,-75.165,1
39.953,-75.165,1
39.953,-75.165,1
39.953,-75.165,1
39.953,-75.165,1
39.953,-75.165,1
39.953,-75.165,1
39.953,-75.165,1
39.953,-75.165,1
39.953,-75.165,1
39.953,-75.165,1
39.953,-75.165,1
39.953,-75.165,1
39.953,-75.165,1
39.953,-75.165,1
39.953,-75.165,1
39.953,-75.165,1
39.953,-75.165,1
39.953,-75.165,1
39.953,-75.165,1
39.953,-75.165,1
39.953,-75.165,1
39.953,-75.165,1
39.953,-75.165,1
39.953,-75.165,1
39.953,-75.165,1
39.953,-75.165,1
39.953,-75.165,1
39.953,-75.165,1
39.953,-75.165,1
39.953,-75.165,1
39.953,-75.165,1
39.953,-75.165,1
39.953,-75.165,1
39.953,-75.165,1
39.953,-75.165,1
39.953,-75.165,1
39.953,-75.165,1
39.953,-75.165,1
39.953,-75.165,1
39.953,-75.165,1
39.953,-75.165,1
39.953,-75.165,1
39.953,-75.165,1
39.953,-75.165,1
39.953,-75.165,1
39.953,-75.165,1
39.953,-75.165,1
39.953,-75.165,1
39.953,-75.165,1
39.953,-75.165,1
39.953,-75.165,1
39.953,-75.165,1
39.953,-75.165,1
39.953,-75.165,1
39.953,-75.165,1
39.953,-75.165,1
39.953,-75.165,1
39.953,-75.165,1
39.953,-75.165,1
39.953,-75.165,1
39.953,-75.165,1
39.953,-75.165,1
39.953,-75.165,1
39.953,-75.165,1
39.953,-75.165,1
39.953,-75.165,1
39.953,-75.165,1
39.953,-75.165,1
39.953,-75.165,1
39.953,-75.165,1
39.953,-75.165,1
39.953,-75.165,1
39.953,-75.165,1
39.953,-75.165,1
39.953,-75.165,1
39.953,-75.165,1
39.953,-75.165,1
39.953,-75.165,1
39.953,-75.165,1
39.953,-75.165,1
39.953,-75.165,1
39.953,-75.165,1
39.953,-75.165,1
39.953,-75.165,1
39.953,-75.165,1
39.953,-75.165,1
39.953,-75.165,1
39.953,-75.165,1
39.953,-75.165,1
39.953,-75.165,1
39.953,-75.165,1
39.953,-75.165,1
39.953,-75.165,1
39.953,-75.165,1
39.953,-75.165,1
39.953,-75.165,1
39.953,-75.165,1
39.953,-75.165,1
39.953,-75.165,1
39.953,-75.165,1
39.953,-75.165,1
39.953,-75.165,1
39.953,-75.165,1
39.953,-75.165,1
39.953,-75.165,1
39.953,-75.165,1
39.953,-75.165,1
39.953,-75.165,1
39.953,-75.165,1
39.953,-75.165,1
39.953,-75.165,1
39.953,-75.165,1
39.953,-75.165,1
39.953,-75.165,1
39.953,-75.165,1
39.953,-75.165,1
39.953,-75.165,1
39.953,-75.165,1
39.953,-75.165,1
39.953,-75.165,1
39.953,-75.165,1
39.953,-75.165,1
39.953,-75.165,1
39.953,-75.165,1
39.953,-75.165,1
39.953,-75.165,1
39.953,-75.165,1
39.953,-75.165,1
39.953,-75.165,1
39.953,-75.165,1
39.953,-75.165,1
39.953,-75.165,1
39.953,-75.165,1
39.953,-75.165,1
39.953,-75.165,1
39.953,-75.165,1
39.953,-75.165,1
39.953,-75.165,1
39.953,-75.165,1
39.953,-75.165,1
39.953,-75.165,1
39.953,-75.165,1
39.953,-75.165,1
39.953,-75.165,1
39.953,-75.165,1
39.953,-75.165,1
39.953,-75.165,1
39.953,-75.165,1
39.953,-75.165,1
39.953,-75.165,1
39.953,-75.165,1
39.953,-75.165,1
39.953,-75.165,1
39.953,-75.165,1
39.953,-75.165,1
39.953,-75.165,1
39.953,-75.165,1
39.953,-75.165,1
39.953,-75.165,1
39.953,-75.165,1
39.953,-75.165,1
39.953,-75.165,1
39.953,-75.165,1
39.953,-75.165,1
39.953,-75.165,1
39.953,-75.165,1
39.953,-75.165,1
39.953,-75.165,1
39.953,-75.165,1
39.953,-75.165,1
39.953,-75.165,1
39.953,-75.165,1
39.953,-75.165,1
39.953,-75.165,1
39.953,-75.165,1
39.953,-75.165,1
39.953,-75.165,1
39.953,-75.165,1
39.953,-75.165,1
39.953,-75.165,1
39.953,-75.165,1
39.953,-75.165,1
39.953,-75.165,1
39.953,-75.165,1
39.953,-75.165,1
39.953,-75.165,1
39.953,-75.165,1
39.953,-75.165,1
39.953,-75.165,1
39.953,-75.165,1
39.953,-75.165,1
39.953,-75.165,1
39.953,-75.165,1
39.953,-75.165,1
39.953,-75.165,1
39.953,-75.165,1
39.953,-75.165,1
39.953,-75.165,1
39.953,-75.165,1
39.953,-75.165,1
39.953,-75.165,1
39.953,-75.165,1
39.953,-75.165,1
39.953,-75.165,1
39.953,-75.165,1
39.953,-75.165,1
39.953,-75.165,1
39.953,-75.165,1
39.953,-75.165,1
39.953,-75.165,1
39.953,-75.165,1
39.953,-75.165,1
39.953,-75.165,1
39.953,-75.165,1
39.953,-75.165,1
39.953,-75.165,1
39.953,-75.165,1
39.953,-75.165,1
39.953,-75.165,1
39.953,-75.165,1
39.953,-75.165,1
39.953,-75.165,1
39.953,-75.165,1
39.953,-75.165,1
39.953,-75.165,1
39.953,-75.165,1
39.953,-75.165,1
39.953,-75.165,1
39.953,-75.165,1
39.953,-75.165,1
39.953,-75.165,1
39.953,-75.165,1
39.953,-75.165,1
39.953,-75.165,1
39.953,-75.165,1
39.953,-75.165,1
39.953,-75.165,1
39.953,-75.165,1
39.953,-75.165,1
39.953,-75.165,1
39.953,-75.165,1
39.953,-75.165,1
39.953,-75.165,1
39.953,-75.165,1
39.953,-75.165,1
39.953,-75.165,1
39.953,-75.165,1
39.953,-75.165,1
39.953,-75.165,1
39.953,-75.165,1
39.953,-75.165,1
39.953,-75.165,1
39.953,-75.165,1
39.953,-75.165,1
39.953,-75.165,1
39.953,-75.165,1
39.953,-75.165,1
39.953,-75.165,1
39.953,-75.165,1
39.953,-75.165,1
39.953,-75.165,1
39.953,-75.165,1
39.953,-75.165,1
39.953,-75.165,1
39.953,-75.165,1
39.953,-75.165,1
39.953,-75.165,1
39.953,-75.165,1
39.953,-75.165,1
39.953,-75.165,1
39.953,-75.165,1
39.953,-75.165,1
39.953,-75.165,1
39.953,-75.165,1
39.953,-75.165,1
39.953,-75.165,1
39.953,-75.165,1
39.953,-75.165,1
39.953,-75.165,1
39.953,-75.165,1
39.953,-75.165,1
39.953,-75.165,1
39.953,-75.165,1
39.953,-75.165,1
39.953,-75.165,1
39.953,-75.165,1
39.953,-75.165,1
39.953,-75.165,1
39.953,-75.165,1
39.953,-75.165,1
39.953,-75.165,1
39.953,-75.165,1
39.953,-75.165,1
39.953,-75.165,1
39.953,-75.165,1
39.953,-75.165,1
39.953,-75.165,1
39.953,-75.165,1
39.953,-75.165,1
39.953,-75.165,1
39.953,-75.165,1
39.953,-75.165,1
39.953,-75.165,1
39.953,-75.165,1
39.953,-75.165,1
39.953,-75.165,1
39.953,-75.165,1
39.953,-75.165,1
39.953,-75.165,1
39.953,-75.165,1
39.953,-75.165,1
39.953,-75.165,1
39.953,-75.165,1
39.953,-75.165,1
39.953,-75.165,1
39.953,-75.165,1
39.953,-75.165,1
39.953,-75.165,1
39.953,-75.165,1
39.953,-75.165,1
39.953,-75.165,1
39.953,-75.165,1
39.953,-75.165,1
39.953,-75.165,1
39.953,-75.165,1
39.953,-75.165,1
39.953,-75.165,1
39.953,-75.165,1
39.953,-75.165,1
39.953,-75.165,1
39.953,-75.165,1
39.953,-75.165,1
39.953,-75.165,1
39.953,-75.165,1
39.953,-75.165,1
39.953,-75.165,1
39.953,-75.165,1
39.953,-75.165,1
39.953,-75.165,1
39.953,-75.165,1
39.953,-75.165,1
39.953,-75.165,1
39.953,-75.165,1
39.953,-75.165,1
39.953,-75.165,1
39.953,-75.165,1
39.953,-75.165,1
39.953,-75.165,1
39.953,-75.165,1
39.953,-75.165,1
39.953,-75.165,1
39.953,-75.165,1
39.953,-75.165,1
39.953,-75.165,1
39.953,-75.165,1
39.953,-75.165,1
39.953,-75.165,1
39.953,-75.165,1
39.953,-75.165,1
39.953,-75.165,1
39.953,-75.165,1
39.953,-75.165,1
39.953,-75.165,1
39.953,-75.165,1
39.953,-75.165,1
39.953,-75.165,1
39.953,-75.165,1
39.953,-75.165,1
39.953,-75.165,1
39.953,-75.165,1
39.953,-75.165,1
39.953,-75.165,1
39.953,-75.165,1
39.953,-75.165,1
39.953,-75.165,1
39.953,-75.165,1
39.953,-75.165,1
39.953,-75.165,1
39.953,-75.165,1
39.953,-75.165,1
39.953,-75.165,1
39.953,-75.165,1
39.953,-75.165,1
39.953,-75.165,1
39.953,-75.165,1
39.953,-75.165,1
39.953,-75.165,1
39.953,-75.165,1
39.953,-75.165,1
39.953,-75.165,1
39.953,-75.165,1
39.953,-75.165,1
39.953,-75.165,1
39.953,-75.165,1
39.953,-75.165,1
39.953,-75.165,1
39.953,-75.165,1
39.953,-75.165,1
39.953,-75.165,1
39.953,-75.165,1
39.953,-75.165,1
39.953,-75.165,1
39.953,-75.165,1
39.953,-75.165,1
39.953,-75.165,1
39.953,-75.165,1
39.953,-75.165,1
39.953,-75.165,1
39.953,-75.165,1
39.953,-75.165,1
39.953,-75.165,1
39.953,-75.165,1
39.953,-75.165,1
39.953,-75.165,1
39.953,-75.165,1
39.953,-75.165,1
39.953,-75.165,1
39.953,-75.165,1
39.953,-75.165,1
39.953,-75.165,1
39.953,-75.165,1
39.953,-75.165,1
39.953,-75.165,1
39.953,-75.165,1
39.953,-75.165,1
39.953,-75.165,1
39.953,-75.165,1
39.953,-75.165,1
39.953,-75.165,1
39.953,-75.165,1
39.953,-75.165,1
39.953,-75.165,1
39.953,-75.165,1
39.953,-75.165,1
39.953,-75.165,1
39.953,-75.165,1
39.953,-75.165,1
39.953,-75.165,1
39.953,-75.165,1
39.953,-75.165,1
39.953,-75.165,1
39.953,-75.165,1
39.953,-75.165,1
39.953,-75.165,1
39.953,-75.165,1
39.953,-75.165,1
39.953,-75.165,1
39.953,-75.165,1
39.953,-75.165,1
39.953,-75.165,1
39.953,-75.165,1
39.953,-75.165,1
39.953,-75.165,1
39.953,-75.165,1
39.953,-75.165,1
39.953,-75.165,1
39.953,-75.165,1
39.953,-75.165,1
39.953,-75.165,1
39.953,-75.165,1
39.953,-75.165,1
39.953,-75.165,1
39.953,-75.165,1
39.953,-75.165,1
39.953,-75.165,1
39.953,-75.165,1
39.953,-75.165,1
39.953,-75.165,1
39.953,-75.165,1
39.953,-75.165,1
39.953,-75.165,1
39.953,-75.165,1
39.953,-75.165,1
39.953,-75.165,1
39.953,-75.165,1
39.953,-75.165,1
39.953,-75.165,1
39.953,-75.165,1
39.953,-75.165,1
39.953,-75.165,1
39.953,-75.165,1
39.953,-75.165,1
39.953,-75.165,1
39.953,-75.165,1
39.953,-75.165,1
39.953,-75.165,1
39.953,-75.165,1
39.953,-75.165,1
39.953,-75.165,1
39.953,-75.165,1
39.953,-75.165,1
39.953,-75.165,1
39.953,-75.165,1
39.953,-75.165,1
39.953,-75.165,1
39.953,-75.165,1
39.953,-75.165,1
39.953,-75.165,1
39.953,-75.165,1
39.953,-75.165,1
39.953,-75.165,1
39.953,-75.165,1
39.953,-75.165,1
39.953,-75.165,1
39.953,-75.165,1
39.953,-75.165,1
39.953,-75.165,1
39.953,-75.165,1
39.953,-75.165,1
39.953,-75.165,1
39.953,-75.165,1
39.953,-75.165,1
39.953,-75.165,1
39.953,-75.165,1
39.953,-75.165,1
39.953,-75.165,1
39.953,-75.165,1
39.953,-75.165,1
39.953,-75.165,1
39.953,-75.165,1
39.953,-75.165,1
39.953,-75.165,1
39.953,-75.165,1
39.953,-75.165,1
39.953,-75.165,1
39.953,-75.165,1
39.953,-75.165,1
39.953,-75.165,1
39.953,-75.165,1
39.953,-75.165,1
39.953,-75.165,1
39.953,-75.165,1
39.953,-75.165,1
39.953,-75.165,1
39.953,-75.165,1
39.953,-75.165,1
39.953,-75.165,1
39.953,-75.165,1
39.953,-75.165,1
39.953,-75.165,1
39.953,-75.165,1
39.953,-75.165,1
39.953,-75.165,1
39.953,-75.165,1
39.953,-75.165,1
39.953,-75.165,1
39.953,-75.165,1
39.953,-75.165,1
39.953,-75.165,1
39.953,-75.165,1
39.953,-75.165,1
39.953,-75.165,1
39.953,-75.165,1
39.953,-75.165,1
39.953,-75.165,1
39.953,-75.165,1
39.953,-75.165,1
39.953,-75.165,1
39.953,-75.165,1
39.953,-75.165,1
39.953,-75.165,1
39.953,-75.165,1
39.953,-75.165,1
39.953,-75.165,1
39.953,-75.165,1
39.953,-75.165,1
39.953,-75.165,1
39.953,-75.165,1
39.953,-75.165,1
39.953,-75.165,1
39.953,-75.165,1
39.953,-75.165,1
39.953,-75.165,1
39.953,-75.165,1
39.953,-75.165,1
39.953,-75.165,1
39.953,-75.165,1
39.953,-75.165,1
39.953,-75.165,1
39.953,-75.165,1
39.953,-75.165,1
39.953,-75.165,1
39.953,-75.165,1
39.953,-75.165,1
39.953,-75.165,1
39.953,-75.165,1
39.953,-75.165,1
39.953,-75.165,1
39.953,-75.165,1
39.953,-75.165,1
39.953,-75.165,1
39.953,-75.165,1
39.953,-75.165,1
39.953,-75.165,1
39.953,-75.165,1
39.953,-75.165,1
39.953,-75.165,1
39.953,-75.165,1
39.953,-75.165,1
39.953,-75.165,1
39.953,-75.165,1
39.953,-75.165,1
39.953,-75.165,1
39.953,-75.165,1
39.953,-75.165,1
39.953,-75.165,1
39.953,-75.165,1
39.953,-75.165,1
39.953,-75.165,1
39.953,-75.165,1
39.953,-75.165,1
39.953,-75.165,1
39.953,-75.165,1
39.953,-75.165,1
39.953,-75.165,1
39.953,-75.165,1
39.953,-75.165,1
39.953,-75.165,1
39.953,-75.165,1
39.953,-75.165,1
39.953,-75.165,1
39.953,-75.165,1
39.953,-75.165,1
39.953,-75.165,1
39.953,-75.165,1
39.953,-75.165,1
39.953,-75.165,1
39.953,-75.165,1
39.953,-75.165,1
39.953,-75.165,1
39.953,-75.165,1
39.953,-75.165,1
39.953,-75.165,1
39.953,-75.165,1
39.953,-75.165,1
39.953,-75.165,1
39.953,-75.165,1
39.953,-75.165,1
39.953,-75.165,1
39.953,-75.165,1
39.953,-75.165,1
39.953,-75.165,1
39.953,-75.165,1
39.953,-75.165,1
39.953,-75.165,1
39.953,-75.165,1
39.953,-75.165,1
39.953,-75.165,1
39.953,-75.165,1
39.953,-75.165,1
39.953,-75.165,1
39.953,-75.165,1
39.953,-75.165,1
39.953,-75.165,1
39.953,-75.165,1
39.953,-75.165,1
39.953,-75.165,1
39.953,-75.165,1
39.953,-75.165,1
39.953,-75.165,1
39.953,-75.165,1
39.953,-75.165,1
39.953,-75.165,1
39.953,-75.165,1
39.953,-75.165,1
39.953,-75.165,1
39.953,-75.165,1
39.953,-75.165,1
39.953,-75.165,1
39.953,-75.165,1
39.953,-75.165,1
39.953,-75.165,1
39.953,-75.165,1
39.953,-75.165,1
39.953,-75.165,1
39.953,-75.165,1
39.953,-75.165,1
39.953,-75.165,1
39.953,-75.165,1
39.953,-75.165,1
39.953,-75.165,1
39.953,-75.165,1
39.953,-75.165,1
39.953,-75.165,1
39.953,-75.165,1
39.953,-75.165,1
39.953,-75.165,1
39.953,-75.165,1
39.953,-75.165,1
39.953,-75.165,1
39.953,-75.165,1
39.953,-75.165,1
39.953,-75.165,1
39.953,-75.165,1
39.953,-75.165,1
39.953,-75.165,1
39.953,-75.165,1
39.953,-75.165,1
39.953,-75.165,1
39.953,-75.165,1
39.953,-75.165,1
39.953,-75.165,1
39.953,-75.165,1
39.953,-75.165,1
39.953,-75.165,1
39.953,-75.165,1
39.953,-75.165,1
39.953,-75.165,1
39.953,-75.165,1
39.953,-75.165,1
39.953,-75.165,1
39.953,-75.165,1
39.953,-75.165,1
39.953,-75.165,1
39.953,-75.165,1
39.953,-75.165,1
39.953,-75.165,1
39.953,-75.165,1
39.953,-75.165,1
39.953,-75.165,1
39.953,-75.165,1
39.953,-75.165,1
39.953,-75.165,1
39.953,-75.165,1
39.953,-75.165,1
39.953,-75.165,1
39.953,-75.165,1
39.953,-75.165,1
39.953,-75.165,1
39.953,-75.165,1
39.953,-75.165,1
39.953,-75.165,1
39.953,-75.165,1
39.953,-75.165,1
39.953,-75.165,1
39.953,-75.165,1
39.953,-75.165,1
39.953,-75.165,1
39.953,-75.165,1
39.953,-75.165,1
39.953,-75.165,1
39.953,-75.165,1
39.953,-75.165,1
39.953,-75.165,1
39.953,-75.165,1
39.953,-75.165,1
39.953,-75.165,1
39.953,-75.165,1
39.953,-75.165,1
39.953,-75.165,1
39.953,-75.165,1
39.953,-75.165,1
39.953,-75.165,1
39.953,-75.165,1
39.953,-75.165,1
39.953,-75.165,1
39.953,-75.165,1
39.953,-75.165,1
39.953,-75.165,1
39.953,-75.165,1
39.953,-75.165,1
39.953,-75.165,1
39.953,-75.165,1
39.953,-75.165,1
39.953,-75.165,1
39.953,-75.165,1
39.953,-75.165,1
39.953,-75.165,1
39.953,-75.165,1
39.953,-75.165,1
39.953,-75.165,1
39.953,-75.165,1
39.953,-75.165,1
39.953,-75.165,1
39.953,-75.165,1
39.953,-75.165,1
39.953,-75.165,1
39.953,-75.165,1
39.953,-75.165,1
39.953,-75.165,1
39.953,-75.165,1
39.953,-75.165,1
39.953,-75.165,1
39.953,-75.165,1
39.953,-75.165,1
39.953,-75.165,1
39.953,-75.165,1
39.953,-75.165,1
39.953,-75.165,1
39.953,-75.165,1
39.953,-75.165,1
39.953,-75.165,1
39.953,-75.165,1
39.953,-75.165,1
39.953,-75.165,1
39.953,-75.165,1
39.953,-75.165,1
39.953,-75.165,1
39.953,-75.165,1
39.953,-75.165,1
39.953,-75.165,1
39.953,-75.165,1
39.953,-75.165,1
39.953,-75.165,1
39.953,-75.165,1
39.953,-75.165,1
39.953,-75.165,1
39.953,-75.165,1
39.953,-75.165,1
39.953,-75.165,1
39.953,-75.165,1
39.953,-75.165,1
39.953,-75.165,1
39.953,-75.165,1
39.953,-75.165,1
39.953,-75.165,1
39.953,-75.165,1
39.953,-75.165,1
39.953,-75.165,1
39.953,-75.165,1
39.953,-75.165,1
39.953,-75.165,1
39.953,-75.165,1
39.953,-75.165,1
39.953,-75.165,1
39.953,-75.165,1
39.953,-75.165,1
39.953,-75.165,1
39.953,-75.165,1
39.953,-75.165,1
39.953,-75.165,1
39.953,-75.165,1
39.953,-75.165,1
39.953,-75.165,1
39.953,-75.165,1
39.953,-75.165,1
39.953,-75.165,1
39.953,-75.165,1
39.953,-75.165,1
39.953,-75.165,1
39.953,-75.165,1
39.953,-75.165,1
39.953,-75.165,1
39.953,-75.165,1
39.953,-75.165,1
39.953,-75.165,1
39.953,-75.165,1
39.953,-75.165,1
39.953,-75.165,1
39.953,-75.165,1
39.953,-75.165,1
39.953,-75.165,1
39.953,-75.165,1
39.953,-75.165,1
39.953,-75.165,1
39.953,-75.165,1
39.953,-75.165,1
39.953,-75.165,1
39.953,-75.165,1
39.953,-75.165,1
39.953,-75.165,1
39.953,-75.165,1
39.953,-75.165,1
39.953,-75.165,1
39.953,-75.165,1
39.953,-75.165,1
39.953,-75.165,1
39.953,-75.165,1
39.953,-75.165,1
39.953,-75.165,1
39.953,-75.165,1
39.953,-75.165,1
39.953,-75.165,1
39.953,-75.165,1
39.953,-75.165,1
39.953,-75.165,1
39.953,-75.165,1
39.953,-75.165,1
39.953,-75.165,1
39.953,-75.165,1
39.953,-75.165,1
39.953,-75.165,1
39.953,-75.165,1
39.953,-75.165,1
39.953,-75.165,1
39.953,-75.165,1
39.953,-75.165,1
39.953,-75.165,1
39.953,-75.165,1
39.953,-75.165,1
39.953,-75.165,1
39.953,-75.165,1
39.953,-75.165,1
39.953,-75.165,1
39.953,-75.165,1
39.953,-75.165,1
39.953,-75.165,1
39.953,-75.165,1
39.953,-75.165,1
39.953,-75.165,1
39.953,-75.165,1
39.953,-75.165,1
39.953,-75.165,1
39.953,-75.165,1
39.953,-75.165,1
39.953,-75.165,1
39.953,-75.165,1
39.953,-75.165,1
39.953,-75.165,1
39.953,-75.165,1
39.953,-75.165,1
39.953,-75.165,1
39.953,-75.165,1
39.953,-75.165,1
39.953,-75.165,1
39.953,-75.165,1
39.953,-75.165,1
39.953,-75.165,1
39.953,-75.165,1
39.953,-75.165,1
39.953,-75.165,1
39.953,-75.165,1
39.953,-75.165,1
39.953,-75.165,1
39.953,-75.165,1
39.953,-75.165,1
39.953,-75.165,1
39.953,-75.165,1
39.953,-75.165,1
39.953,-75.165,1
39.953,-75.165,1
39.953,-75.165,1
39.953,-75.165,1
39.953,-75.165,1
39.953,-75.165,1
39.953,-75.165,1
39.953,-75.165,1
39.953,-75.165,1
39.953,-75.165,1
39.953,-75.165,1
39.953,-75.165,1
39.953,-75.165,1
39.953,-75.165,1
39.953,-75.165,1
39.953,-75.165,1
39.953,-75.165,1
39.953,-75.165,1
39.953,-75.165,1
39.953,-75.165,1
39.953,-75.165,1
39.953,-75.165,1
39.953,-75.165,1
39.953,-75.165,1
39.953,-75.165,1
39.953,-75.165,1
39.953,-75.165,1
39.953,-75.165,1
39.953,-75.165,1
39.953,-75.165,1
39.953,-75.165,1
39.953,-75.165,1
39.953,-75.165,1
39.953,-75.165,1
39.953,-75.165,1
39.953,-75.165,1
39.953,-75.165,1
39.953,-75.165,1
39.953,-75.165,1
39.953,-75.165,1
39.953,-75.165,1
39.953,-75.165,1
39.953,-75.165,1
39.953,-75.165,1
39.953,-75.165,1
39.953,-75.165,1
39.953,-75.165,1
39.953,-75.165,1
39.953,-75.165,1
39.953,-75.165,1
39.953,-75.165,1
39.953,-75.165,1
39.953,-75.165,1
39.953,-75.165,1
39.953,-75.165,1
39.953,-75.165,1
39.953,-75.165,1
39.953,-75.165,1
39.953,-75.165,1
39.953,-75.165,1
39.953,-75.165,1
39.953,-75.165,1
39.953,-75.165,1
39.953,-75.165,1
39.953,-75.165,1
39.953,-75.165,1
39.953,-75.165,1
39.953,-75.165,1
39.953,-75.165,1
39.953,-75.165,1
39.953,-75.165,1
39.953,-75.165,1
39.953,-75.165,1
39.953,-75.165,1
39.953,-75.165,1
39.953,-75.165,1
39.953,-75.165,1
39.953,-75.165,1
39.953,-75.165,1
39.953,-75.165,1
39.953,-75.165,1
39.953,-75.165,1
39.953,-75.165,1
39.953,-75.165,1
39.953,-75.165,1
39.953,-75.165,1
39.953,-75.165,1
39.953,-75.165,1
39.953,-75.165,1
39.953,-75.165,1
39.953,-75.165,1
39.953,-75.165,1
39.953,-75.165,1
39.953,-75.165,1
39.953,-75.165,1
39.953,-75.165,1
39.953,-75.165,1
39.953,-75.165,1
39.953,-75.165,1
39.953,-75.165,1
39.953,-75.165,1
39.953,-75.165,1
39.953,-75.165,1
39.953,-75.165,1
39.953,-75.165,1
39.953,-75.165,1
39.953,-75.165,1
39.953,-75.165,1
39.953,-75.165,1
39.953,-75.165,1
39.953,-75.165,1
39.953,-75.165,1
39.953,-75.165,1
39.953,-75.165,1
39.953,-75.165,1
39.953,-75.165,1
39.953,-75.165,1
39.953,-75.165,1
39.953,-75.165,1
39.953,-75.165,1
39.953,-75.165,1
39.953,-75.165,1
39.953,-75.165,1
39.953,-75.165,1
39.953,-75.165,1
39.953,-75.165,1
39.953,-75.165,1
39.953,-75.165,1
39.953,-75.165,1
39.953,-75.165,1
39.953,-75.165,1
39.953,-75.165,1
39.953,-75.165,1
39.953,-75.165,1
39.953,-75.165,1
39.953,-75.165,1
39.953,-75.165,1
39.953,-75.165,1
39.953,-75.165,1
39.953,-75.165,1
39.953,-75.165,1
39.953,-75.165,1
39.953,-75.165,1
39.953,-75.165,1
39.953,-75.165,1
39.953,-75.165,1
39.953,-75.165,1
39.953,-75.165,1
39.953,-75.165,1
39.953,-75.165,1
39.953,-75.165,1
39.953,-75.165,1
39.953,-75.165,1
39.953,-75.165,1
39.953,-75.165,1
39.953,-75.165,1
39.953,-75.165,1
39.953,-75.165,1
39.953,-75.165,1
39.953,-75.165,1
39.953,-75.165,1
39.953,-75.165,1
39.953,-75.165,1
39.953,-75.165,1
39.953,-75.165,1
39.953,-75.165,1
39.953,-75.165,1
39.953,-75.165,1
39.953,-75.165,1
39.953,-75.165,1
39.953,-75.165,1
39.953,-75.165,1
39.953,-75.165,1
39.953,-75.165,1
39.953,-75.165,1
39.953,-75.165,1
39.953,-75.165,1
39.953,-75.165,1
39.953,-75.165,1
39.953,-75.165,1
39.953,-75.165,1
39.953,-75.165,1
39.953,-75.165,1
39.953,-75.165,1
39.953,-75.165,1
39.953,-75.165,1
39.953,-75.165,1
39.953,-75.165,1
39.953,-75.165,1
39.953,-75.165,1
39.953,-75.165,1
39.953,-75.165,1
39.953,-75.165,1
39.953,-75.165,1
39.953,-75.165,1
39.953,-75.165,1
39.953,-75.165,1
39.953,-75.165,1
39.953,-75.165,1
39.953,-75.165,1
39.953,-75.165,1
39.953,-75.165,1
39.953,-75.165,1
39.953,-75.165,1
39.953,-75.165,1
39.953,-75.165,1
39.953,-75.165,1
39.953,-75.165,1
39.953,-75.165,1
39.953,-75.165,1
39.953,-75.165,1
39.953,-75.165,1
39.953,-75.165,1
39.953,-75.165,1
39.953,-75.165,1
39.953,-75.165,1
39.953,-75.165,1
39.953,-75.165,1
39.953,-75.165,1
39.953,-75.165,1
39.953,-75.165,1
39.953,-75.165,1
39.953,-75.165,1
39.953,-75.165,1
39.953,-75.165,1
39.953,-75.165,1
39.953,-75.165,1
39.953,-75.165,1
39.953,-75.165,1
39.953,-75.165,1
39.953,-75.165,1
39.953,-75.165,1
39.953,-75.165,1
39.953,-75.165,1
39.953,-75.165,1
39.953,-75.165,1
39.953,-75.165,1
39.953,-75.165,1
39.953,-75.165,1
39.953,-75.165,1
39.953,-75.165,1
39.953,-75.165,1
39.953,-75.165,1
39.953,-75.165,1
39.953,-75.165,1
39.953,-75.165,1
39.953,-75.165,1
39.953,-75.165,1
39.953,-75.165,1
39.953,-75.165,1
39.953,-75.165,1
39.953,-75.165,1
39.953,-75.165,1
39.953,-75.165,1
39.953,-75.165,1
39.953,-75.165,1
39.953,-75.165,1
39.953,-75.165,1
39.953,-75.165,1
39.953,-75.165,1
39.953,-75.165,1
39.953,-75.165,1
39.953,-75.165,1
39.953,-75.165,1
39.953,-75.165,1
39.953,-75.165,1
39.953,-75.165,1
39.953,-75.165,1
39.953,-75.165,1
39.953,-75.165,1
39.953,-75.165,1
39.953,-75.165,1
39.953,-75.165,1
39.953,-75.165,1
39.953,-75.165,1
39.953,-75.165,1
39.953,-75.165,1
39.953,-75.165,1
39.953,-75.165,1
39.953,-75.165,1
39.953,-75.165,1
39.953,-75.165,1
39.953,-75.165,1
39.953,-75.165,1
39.953,-75.165,1
39.953,-75.165,1
39.953,-75.165,1
39.953,-75.165,1
39.953,-75.165,1
39.953,-75.165,1
39.953,-75.165,1
39.953,-75.165,1
39.953,-75.165,1
39.953,-75.165,1
39.953,-75.165,1
39.953,-75.165,1
39.953,-75.165,1
39.953,-75.165,1
39.953,-75.165,1
39.953,-75.165,1
39.953,-75.165,1
39.953,-75.165,1
39.953,-75.165,1
39.953,-75.165,1
39.953,-75.165,1
39.953,-75.165,1
39.953,-75.165,1
39.953,-75.165,1
39.953,-75.165,1
39.953,-75.165,1
39.953,-75.165,1
39.953,-75.165,1
39.953,-75.165,1
39.953,-75.165,1
39.953,-75.165,1
39.953,-75.165,1
39.953,-75.165,1
39.953,-75.165,1
39.953,-75.165,1
39.953,-75.165,1
39.953,-75.165,1
39.953,-75.165,1
39.953,-75.165,1
39.953,-75.165,1
39.953,-75.165,1
39.953,-75.165,1
39.953,-75.165,1
39.953,-75.165,1
39.953,-75.165,1
39.953,-75.165,1
39.953,-75.165,1
39.953,-75.165,1
39.953,-75.165,1
39.953,-75.165,1
39.953,-75.165,1
39.953,-75.165,1
39.953,-75.165,1
39.953,-75.165,1
39.953,-75.165,1
39.953,-75.165,1
39.953,-75.165,1
39.953,-75.165,1
39.953,-75.165,1
39.953,-75.165,1
39.953,-75.165,1
39.953,-75.165,1
39.953,-75.165,1
39.953,-75.165,1
39.953,-75.165,1
39.953,-75.165,1
39.953,-75.165,1
39.953,-75.165,1
39.953,-75.165,1
39.953,-75.165,1
39.953,-75.165,1
39.953,-75.165,1
39.953,-75.165,1
39.953,-75.165,1
39.953,-75.165,1
39.953,-75.165,1
39.953,-75.165,1
39.953,-75.165,1
39.953,-75.165,1
39.953,-75.165,1
39.953,-75.165,1
39.953,-75.165,1
39.953,-75.165,1
39.953,-75.165,1
39.953,-75.165,1
39.953,-75.165,1
39.953,-75.165,1
39.953,-75.165,1
39.953,-75.165,1
39.953,-75.165,1
39.953,-75.165,1
39.953,-75.165,1
39.953,-75.165,1
39.953,-75.165,1
39.953,-75.165,1
39.953,-75.165,1
39.953,-75.165,1
39.953,-75.165,1
39.953,-75.165,1
39.953,-75.165,1
39.953,-75.165,1
39.953,-75.165,1
39.953,-75.165,1
39.953,-75.165,1
39.953,-75.165,1
39.953,-75.165,1
39.953,-75.165,1
39.953,-75.165,1
39.953,-75.165,1
39.953,-75.165,1
39.953,-75.165,1
39.953,-75.165,1
39.953,-75.165,1
39.953,-75.165,1
39.953,-75.165,1
39.953,-75.165,1
39.953,-75.165,1
39.953,-75.165,1
39.953,-75.165,1
39.953,-75.165,1
39.953,-75.165,1
39.953,-75.165,1
39.953,-75.165,1
39.953,-75.165,1
39.953,-75.165,1
39.953,-75.165,1
39.953,-75.165,1
39.953,-75.165,1
39.953,-75.165,1
39.953,-75.165,1
39.953,-75.165,1
39.953,-75.165,1
39.953,-75.165,1
39.953,-75.165,1
39.953,-75.165,1
39.953,-75.165,1
39.953,-75.165,1
39.953,-75.165,1
39.953,-75.165,1
39.953,-75.165,1
39.953,-75.165,1
39.953,-75.165,1
39.953,-75.165,1
39.953,-75.165,1
39.953,-75.165,1
39.953,-75.165,1
39.953,-75.165,1
39.953,-75.165,1
39.953,-75.165,1
39.953,-75.165,1
39.953,-75.165,1
39.953,-75.165,1
39.953,-75.165,1
39.953,-75.165,1
39.953,-75.165,1
39.953,-75.165,1
39.953,-75.165,1
39.953,-75.165,1
39.953,-75.165,1
39.953,-75.165,1
39.953,-75.165,1
39.953,-75.165,1
39.953,-75.165,1
39.953,-75.165,1
39.953,-75.165,1
39.953,-75.165,1
39.953,-75.165,1
39.953,-75.165,1
39.953,-75.165,1
39.953,-75.165,1
39.953,-75.165,1
39.953,-75.165,1
39.953,-75.165,1
39.953,-75.165,1
39.953,-75.165,1
39.953,-75.165,1
39.953,-75.165,1
39.953,-75.165,1
39.953,-75.165,1
39.953,-75.165,1
39.953,-75.165,1
39.953,-75.165,1
39.953,-75.165,1
39.953,-75.165,1
39.953,-75.165,1
39.953,-75.165,1
39.953,-75.165,1
39.953,-75.165,1
39.953,-75.165,1
39.953,-75.165,1
39.953,-75.165,1
39.953,-75.165,1
39.953,-75.165,1
39.953,-75.165,1
39.953,-75.165,1
39.953,-75.165,1
39.953,-75.165,1
39.953,-75.165,1
39.953,-75.165,1
39.953,-75.165,1
39.953,-75.165,1
39.953,-75.165,1
39.953,-75.165,1
39.953,-75.165,1
39.953,-75.165,1
39.953,-75.165,1
39.953,-75.165,1
39.953,-75.165,1
39.953,-75.165,1
39.953,-75.165,1
39.953,-75.165,1
39.953,-75.165,1
39.953,-75.165,1
39.953,-75.165,1
39.953,-75.165,1
39.953,-75.165,1
39.953,-75.165,1
39.953,-75.165,1
39.953,-75.165,1
39.953,-75.165,1
39.953,-75.165,1
39.953,-75.165,1
39.953,-75.165,1
39.953,-75.165,1
39.953,-75.165,1
39.953,-75.165,1
39.953,-75.165,1
39.953,-75.165,1
39.953,-75.165,1
39.953,-75.165,1
39.953,-75.165,1
39.953,-75.165,1
39.953,-75.165,1
39.953,-75.165,1
39.953,-75.165,1
39.953,-75.165,1
39.953,-75.165,1
39.953,-75.165,1
39.953,-75.165,1
39.953,-75.165,1
39.953,-75.165,1
39.953,-75.165,1
39.953,-75.165,1
39.953,-75.165,1
39.953,-75.165,1
39.953,-75.165,1
39.953,-75.165,1
39.953,-75.165,1
39.953,-75.165,1
39.953,-75.165,1
39.953,-75.165,1
39.953,-75.165,1
39.953,-75.165,1
39.953,-75.165,1
39.953,-75.165,1
39.953,-75.165,1
39.953,-75.165,1
39.953,-75.165,1
39.953,-75.165,1
39.953,-75.165,1
39.953,-75.165,1
39.953,-75.165,1
39.953,-75.165,1
39.953,-75.165,1
39.953,-75.165,1
39.953,-75.165,1
39.953,-75.165,1
39.953,-75.165,1
39.953,-75.165,1
39.953,-75.165,1
39.953,-75.165,1
39.953,-75.165,1
39.953,-75.165,1
39.953,-75.165,1
39.953,-75.165,1
39.953,-75.165,1
39.953,-75.165,1
39.953,-75.165,1
39.953,-75.165,1
39.953,-75.165,1
39.953,-75.165,1
39.953,-75.165,1
39.953,-75.165,1
39.953,-75.165,1
39.953,-75.165,1
39.953,-75.165,1
39.953,-75.165,1
39.953,-75.165,1
39.953,-75.165,1
39.953,-75.165,1
39.953,-75.165,1
39.953,-75.165,1
39.953,-75.165,1
39.953,-75.165,1
39.953,-75.165,1
39.953,-75.165,1
39.953,-75.165,1
39.953,-75.165,1
39.953,-75.165,1
39.953,-75.165,1
39.953,-75.165,1
39.953,-75.165,1
39.953,-75.165,1
39.953,-75.165,1
39.953,-75.165,1
39.953,-75.165,1
39.953,-75.165,1
39.953,-75.165,1
39.953,-75.165,1
39.953,-75.165,1
39.953,-75.165,1
39.953,-75.165,1
39.953,-75.165,1
39.953,-75.165,1
39.953,-75.165,1
39.953,-75.165,1
39.953,-75.165,1
39.953,-75.165,1
39.953,-75.165,1
39.953,-75.165,1
39.953,-75.165,1
39.953,-75.165,1
39.953,-75.165,1
39.953,-75.165,1
39.953,-75.165,1
39.953,-75.165,1
39.953,-75.165,1
39.953,-75.165,1
39.953,-75.165,1
39.953,-75.165,1
39.953,-75.165,1
39.953,-75.165,1
39.953,-75.165,1
39.953,-75.165,1
39.953,-75.165,1
39.953,-75.165,1
39.953,-75.165,1
39.953,-75.165,1
39.953,-75.165,1
39.953,-75.165,1
39.953,-75.165,1
39.953,-75.165,1
39.953,-75.165,1
39.953,-75.165,1
39.953,-75.165,1
39.953,-75.165,1
39.953,-75.165,1
39.953,-75.165,1
39.953,-75.165,1
39.953,-75.165,1
39.953,-75.165,1
39.953,-75.165,1
39.953,-75.165,1
39.953,-75.165,1
39.953,-75.165,1
39.953,-75.165,1
39.953,-75.165,1
39.953,-75.165,1
39.953,-75.165,1
39.953,-75.165,1
39.953,-75.165,1
39.953,-75.165,1
39.953,-75.165,1
39.953,-75.165,1
39.953,-75.165,1
39.953,-75.165,1
39.953,-75.165,1
39.953,-75.165,1
39.953,-75.165,1
39.953,-75.165,1
39.953,-75.165,1
39.953,-75.165,1
39.953,-75.165,1
39.953,-75.165,1
39.953,-75.165,1
39.953,-75.165,1
39.953,-75.165,1
39.953,-75.165,1
39.953,-75.165,1
39.953,-75.165,1
39.953,-75.165,1
39.953,-75.165,1
39.953,-75.165,1
39.953,-75.165,1
39.953,-75.165,1
39.953,-75.165,1
39.953,-75.165,1
39.953,-75.165,1
39.953,-75.165,1
39.953,-75.165,1
39.953,-75.165,1
39.953,-75.165,1
39.953,-75.165,1
39.953,-75.165,1
39.953,-75.165,1
39.953,-75.165,1
39.953,-75.165,1
39.953,-75.165,1
39.953,-75.165,1
39.953,-75.165,1
39.953,-75.165,1
39.953,-75.165,1
39.953,-75.165,1
39.953,-75.165,1
39.953,-75.165,1
39.953,-75.165,1
39.953,-75.165,1
39.953,-75.165,1
39.953,-75.165,1
39.953,-75.165,1
39.953,-75.165,1
39.953,-75.165,1
39.953,-75.165,1
39.953,-75.165,1
39.953,-75.165,1
39.953,-75.165,1
39.953,-75.165,1
39.953,-75.165,1
39.953,-75.165,1
39.953,-75.165,1
39.953,-75.165,1
39.953,-75.165,1
39.953,-75.165,1
39.953,-75.165,1
39.953,-75.165,1
39.953,-75.165,1
39.953,-75.165,1
39.953,-75.165,1
39.953,-75.165,1
39.953,-75.165,1
39.953,-75.165,1
39.953,-75.165,1
39.953,-75.165,1
39.953,-75.165,1
39.953,-75.165,1
39.953,-75.165,1
39.953,-75.165,1
39.953,-75.165,1
39.953,-75.165,1
39.953,-75.165,1
39.953,-75.165,1
39.953,-75.165,1
39.953,-75.165,1
39.953,-75.165,1
39.953,-75.165,1
39.953,-75.165,1
39.953,-75.165,1
39.953,-75.165,1
39.953,-75.165,1
39.953,-75.165,1
39.953,-75.165,1
39.953,-75.165,1
39.953,-75.165,1
39.953,-75.165,1
39.953,-75.165,1
39.953,-75.165,1
39.953,-75.165,1
39.953,-75.165,1
39.953,-75.165,1
39.953,-75.165,1
39.953,-75.165,1
39.953,-75.165,1
39.953,-75.165,1
39.953,-75.165,1
39.953,-75.165,1
39.953,-75.165,1
39.953,-75.165,1
39.953,-75.165,1
39.953,-75.165,1
39.953,-75.165,1
39.953,-75.165,1
39.953,-75.165,1
39.953,-75.165,1
39.953,-75.165,1
39.953,-75.165,1
39.953,-75.165,1
39.953,-75.165,1
39.953,-75.165,1
39.953,-75.165,1
39.953,-75.165,1
39.953,-75.165,1
39.953,-75.165,1
39.953,-75.165,1
39.953,-75.165,1
39.953,-75.165,1
39.953,-75.165,1
39.953,-75.165,1
39.953,-75.165,1
39.953,-75.165,1
39.953,-75.165,1
39.953,-75.165,1
39.953,-75.165,1
39.953,-75.165,1
39.953,-75.165,1
39.953,-75.165,1
39.953,-75.165,1
39.953,-75.165,1
39.953,-75.165,1
39.953,-75.165,1
39.953,-75.165,1
39.953,-75.165,1
39.953,-75.165,1
39.953,-75.165,1
39.953,-75.165,1
39.953,-75.165,1
39.953,-75.165,1
39.953,-75.165,1
39.953,-75.165,1
39.953,-75.165,1
39.953,-75.165,1
39.953,-75.165,1
39.953,-75.165,1
39.953,-75.165,1
39.953,-75.165,1
39.953,-75.165,1
39.953,-75.165,1
39.953,-75.165,1
39.953,-75.165,1
39.953,-75.165,1
39.953,-75.165,1
39.953,-75.165,1
39.953,-75.165,1
39.953,-75.165,1
39.953,-75.165,1
39.953,-75.165,1
39.953,-75.165,1
39.953,-75.165,1
39.953,-75.165,1
39.953,-75.165,1
39.953,-75.165,1
39.953,-75.165,1
39.953,-75.165,1
39.953,-75.165,1
39.953,-75.165,1
39.953,-75.165,1
39.953,-75.165,1
39.953,-75.165,1
39.953,-75.165,1
39.953,-75.165,1
39.953,-75.165,1
39.953,-75.165,1
39.953,-75.165,1
39.953,-75.165,1
39.953,-75.165,1
39.953,-75.165,1
39.953,-75.165,1
39.953,-75.165,1
39.953,-75.165,1
39.953,-75.165,1
39.953,-75.165,1
39.953,-75.165,1
39.953,-75.165,1
39.953,-75.165,1
39.953,-75.165,1
39.953,-75.165,1
39.953,-75.165,1
39.953,-75.165,1
39.953,-75.165,1
39.953,-75.165,1
39.953,-75.165,1
39.953,-75.165,1
39.953,-75.165,1
39.953,-75.165,1
39.953,-75.165,1
39.953,-75.165,1
39.953,-75.165,1
39.953,-75.165,1
39.953,-75.165,1
39.953,-75.165,1
39.953,-75.165,1
39.953,-75.165,1
39.953,-75.165,1
39.953,-75.165,1
39.953,-75.165,1
39.953,-75.165,1
39.953,-75.165,1
39.953,-75.165,1
39.953,-75.165,1
39.953,-75.165,1
39.953,-75.165,1
39.953,-75.165,1
39.953,-75.165,1
39.953,-75.165,1
39.953,-75.165,1
39.953,-75.165,1
39.953,-75.165,1
39.953,-75.165,1
39.953,-75.165,1
39.953,-75.165,1
39.953,-75.165,1
39.953,-75.165,1
39.953,-75.165,1
39.953,-75.165,1
39.953,-75.165,1
39.953,-75.165,1
39.953,-75.165,1
39.953,-75.165,1
39.953,-75.165,1
39.953,-75.165,1
39.953,-75.165,1
39.953,-75.165,1
39.953,-75.165,1
39.953,-75.165,1
39.953,-75.165,1
39.953,-75.165,1
39.953,-75.165,1
39.953,-75.165,1
39.953,-75.165,1
39.953,-75.165,1
39.953,-75.165,1
39.953,-75.165,1
39.953,-75.165,1
39.953,-75.165,1
39.953,-75.165,1
39.953,-75.165,1
39.953,-75.165,1
39.953,-75.165,1
39.953,-75.165,1
39.953,-75.165,1
39.953,-75.165,1
39.953,-75.165,1
39.953,-75.165,1
39.953,-75.165,1
39.953,-75.165,1
39.953,-75.165,1
39.953,-75.165,1
39.953,-75.165,1
39.953,-75.165,1
39.953,-75.165,1
39.953,-75.165,1
39.953,-75.165,1
39.953,-75.165,1
39.953,-75.165,1
39.953,-75.165,1
39.953,-75.165,1
39.953,-75.165,1
39.953,-75.165,1
39.953,-75.165,1
39.953,-75.165,1
39.953,-75.165,1
39.953,-75.165,1
39.953,-75.165,1
39.953,-75.165,1
39.953,-75.165,1
39.953,-75.165,1
39.953,-75.165,1
39.953,-75.165,1
39.953,-75.165,1
39.953,-75.165,1
39.953,-75.165,1
39.953,-75.165,1
39.953,-75.165,1
39.953,-75.165,1
39.953,-75.165,1
39.953,-75.165,1
39.953,-75.165,1
39.953,-75.165,1
39.953,-75.165,1
39.953,-75.165,1
39.953,-75.165,1
39.953,-75.165,1
39.953,-75.165,1
39.953,-75.165,1
39.953,-75.165,1
39.953,-75.165,1
39.953,-75.165,1
39.953,-75.165,1
39.953,-75.165,1
39.953,-75.165,1
39.953,-75.165,1
39.953,-75.165,1
39.953,-75.165,1
39.953,-75.165,1
39.953,-75.165,1
39.953,-75.165,1
39.953,-75.165,1
39.953,-75.165,1
39.953,-75.165,1
39.953,-75.165,1
39.953,-75.165,1
39.953,-75.165,1
39.953,-75.165,1
39.953,-75.165,1
39.953,-75.165,1
39.953,-75.165,1
39.953,-75.165,1
39.953,-75.165,1
39.953,-75.165,1
39.953,-75.165,1
39.953,-75.165,1
39.953,-75.165,1
39.953,-75.165,1
39.953,-75.165,1
39.953,-75.165,1
39.953,-75.165,1
39.953,-75.165,1
39.953,-75.165,1
39.953,-75.165,1
39.953,-75.165,1
39.953,-75.165,1
39.953,-75.165,1
39.953,-75.165,1
39.953,-75.165,1
39.953,-75.165,1
39.953,-75.165,1
39.953,-75.165,1
39.953,-75.165,1
39.953,-75.165,1
39.953,-75.165,1
39.953,-75.165,1
39.953,-75.165,1
39.953,-75.165,1
39.953,-75.165,1
39.953,-75.165,1
39.953,-75.165,1
39.953,-75.165,1
39.953,-75.165,1
39.953,-75.165,1
39.953,-75.165,1
39.953,-75.165,1
39.953,-75.165,1
39.953,-75.165,1
39.953,-75.165,1
39.953,-75.165,1
39.953,-75.165,1
39.953,-75.165,1
39.953,-75.165,1
39.953,-75.165,1
39.953,-75.165,1
39.953,-75.165,1
39.953,-75.165,1
39.953,-75.165,1
39.953,-75.165,1
39.953,-75.165,1
39.953,-75.165,1
39.953,-75.165,1
39.953,-75.165,1
39.953,-75.165,1
39.953,-75.165,1
39.953,-75.165,1
39.953,-75.165,1
39.953,-75.165,1
39.953,-75.165,1
39.953,-75.165,1
39.953,-75.165,1
39.953,-75.165,1
39.953,-75.165,1
39.953,-75.165,1
39.953,-75.165,1
39.953,-75.165,1
39.953,-75.165,1
39.953,-75.165,1
39.953,-75.165,1
39.953,-75.165,1
39.953,-75.165,1
39.953,-75.165,1
39.953,-75.165,1
39.953,-75.165,1
39.953,-75.165,1
39.953,-75.165,1
39.953,-75.165,1
39.953,-75.165,1
39.953,-75.165,1
39.953,-75.165,1
39.953,-75.165,1
39.953,-75.165,1
39.953,-75.165,1
39.953,-75.165,1
39.953,-75.165,1
39.953,-75.165,1
39.953,-75.165,1
39.953,-75.165,1
39.953,-75.165,1
39.953,-75.165,1
39.953,-75.165,1
39.953,-75.165,1
39.953,-75.165,1
39.953,-75.165,1
39.953,-75.165,1
39.953,-75.165,1
39.953,-75.165,1
39.953,-75.165,1
39.953,-75.165,1
39.953,-75.165,1
39.953,-75.165,1
39.953,-75.165,1
39.953,-75.165,1
39.953,-75.165,1
39.953,-75.165,1
39.953,-75.165,1
39.953,-75.165,1
39.953,-75.165,1
39.953,-75.165,1
39.953,-75.165,1
39.953,-75.165,1
39.953,-75.165,1
39.953,-75.165,1
39.953,-75.165,1
39.953,-75.165,1
39.953,-75.165,1
39.953,-75.165,1
39.953,-75.165,1
39.953,-75.165,1
39.953,-75.165,1
39.953,-75.165,1
39.953,-75.165,1
39.953,-75.165,1
39.953,-75.165,1
39.953,-75.165,1
39.953,-75.165,1
39.953,-75.165,1
39.953,-75.165,1
39.953,-75.165,1
39.953,-75.165,1
39.953,-75.165,1
39.953,-75.165,1
39.953,-75.165,1
39.953,-75.165,1
39.953,-75.165,1
39.953,-75.165,1
39.953,-75.165,1
39.953,-75.165,1
39.953,-75.165,1
39.953,-75.165,1
39.953,-75.165,1
39.953,-75.165,1
39.953,-75.165,1
39.953,-75.165,1
39.953,-75.165,1
39.953,-75.165,1
39.953,-75.165,1
39.953,-75.165,1
39.953,-75.165,1
39.953,-75.165,1
39.953,-75.165,1
39.953,-75.165,1
39.953,-75.165,1
39.953,-75.165,1
39.953,-75.165,1
39.953,-75.165,1
39.953,-75.165,1
39.953,-75.165,1
39.953,-75.165,1
39.953,-75.165,1
39.953,-75.165,1
39.953,-75.165,1
39.953,-75.165,1
39.953,-75.165,1
39.953,-75.165,1
39.953,-75.165,1
39.953,-75.165,1
39.953,-75.165,1
39.953,-75.165,1
39.953,-75.165,1
39.953,-75.165,1
39.953,-75.165,1
39.953,-75.165,1
39.953,-75.165,1
39.953,-75.165,1
39.953,-75.165,1
39.953,-75.165,1
39.953,-75.165,1
39.953,-75.165,1
39.953,-75.165,1
39.953,-75.165,1
39.953,-75.165,1
39.953,-75.165,1
39.953,-75.165,1
39.953,-75.165,1
39.953,-75.165,1
39.953,-75.165,1
39.953,-75.165,1
39.953,-75.165,1
39.953,-75.165,1
39.953,-75.165,1
39.953,-75.165,1
39.953,-75.165,1
39.953,-75.165,1
39.953,-75.165,1
39.953,-75.165,1
39.953,-75.165,1
39.953,-75.165,1
39.953,-75.165,1
39.953,-75.165,1
39.953,-75.165,1
39.953,-75.165,1
39.953,-75.165,1
39.953,-75.165,1
39.953,-75.165,1
39.953,-75.165,1
39.953,-75.165,1
39.953,-75.165,1
39.953,-75.165,1
39.953,-75.165,1
39.953,-75.165,1
39.953,-75.165,1
39.953,-75.165,1
39.953,-75.165,1
39.953,-75.165,1
39.953,-75.165,1
39.953,-75.165,1
39.953,-75.165,1
39.953,-75.165,1
39.953,-75.165,1
39.953,-75.165,1
39.953,-75.165,1
39.953,-75.165,1
39.953,-75.165,1
39.953,-75.165,1
39.953,-75.165,1
39.953,-75.165,1
39.953,-75.165,1
39.953,-75.165,1
39.953,-75.165,1
39.953,-75.165,1
39.953,-75.165,1
39.953,-75.165,1
39.953,-75.165,1
39.953,-75.165,1
39.953,-75.165,1
39.953,-75.165,1
39.953,-75.165,1
39.953,-75.165,1
39.953,-75.165,1
39.953,-75.165,1
39.953,-75.165,1
39.953,-75.165,1
39.953,-75.165,1
39.953,-75.165,1
39.953,-75.165,1
39.953,-75.165,1
39.953,-75.165,1
39.953,-75.165,1
39.953,-75.165,1
39.953,-75.165,1
39.953,-75.165,1
39.953,-75.165,1
39.953,-75.165,1
39.953,-75.165,1
39.953,-75.165,1
39.953,-75.165,1
39.953,-75.165,1
39.953,-75.165,1
39.953,-75.165,1
39.953,-75.165,1
39.953,-75.165,1
39.953,-75.165,1
39.953,-75.165,1
39.953,-75.165,1
39.953,-75.165,1
39.953,-75.165,1
39.953,-75.165,1
39.953,-75.165,1
39.953,-75.165,1
39.953,-75.165,1
39.953,-75.165,1
39.953,-75.165,1
39.953,-75.165,1
39.953,-75.165,1
39.953,-75.165,1
39.953,-75.165,1
39.953,-75.165,1
39.953,-75.165,1
39.953,-75.165,1
39.953,-75.165,1
39.953,-75.165,1
39.953,-75.165,1
39.953,-75.165,1
39.953,-75.165,1
39.953,-75.165,1
39.953,-75.165,1
39.953,-75.165,1
39.953,-75.165,1
39.953,-75.165,1
39.953,-75.165,1
39.953,-75.165,1
39.953,-75.165,1
39.953,-75.165,1
39.953,-75.165,1
39.953,-75.165,1
39.953,-75.165,1
39.953,-75.165,1
39.953,-75.165,1
39.953,-75.165,1
39.953,-75.165,1
39.953,-75.165,1
39.953,-75.165,1
39.953,-75.165,1
39.953,-75.165,1
39.953,-75.165,1
39.953,-75.165,1
39.953,-75.165,1
39.953,-75.165,1
39.953,-75.165,1
39.953,-75.165,1
39.953,-75.165,1
39.953,-75.165,1
39.953,-75.165,1
39.953,-75.165,1
39.953,-75.165,1
39.953,-75.165,1
39.953,-75.165,1
39.953,-75.165,1
39.953,-75.165,1
39.953,-75.165,1
39.953,-75.165,1
39.953,-75.165,1
39.953,-75.165,1
39.953,-75.165,1
39.953,-75.165,1
39.953,-75.165,1
39.953,-75.165,1
39.953,-75.165,1
39.953,-75.165,1
39.953,-75.165,1
39.953,-75.165,1
39.953,-75.165,1
39.953,-75.165,1
39.953,-75.165,1
39.953,-75.165,1
39.953,-75.165,1
39.953,-75.165,1
39.953,-75.165,1
39.953,-75.165,1
39.953,-75.165,1
39.953,-75.165,1
39.953,-75.165,1
39.953,-75.165,1
39.953,-75.165,1
39.953,-75.165,1
39.953,-75.165,1
39.953,-75.165,1
39.953,-75.165,1
39.953,-75.165,1
39.953,-75.165,1
39.953,-75.165,1
39.953,-75.165,1
39.953,-75.165,1
39.953,-75.165,1
39.953,-75.165,1
39.953,-75.165,1
39.953,-75.165,1
39.953,-75.165,1
39.953,-75.165,1
39.953,-75.165,1
39.953,-75.165,1
39.953,-75.165,1
39.953,-75.165,1
39.953,-75.165,1
39.953,-75.165,1
39.953,-75.165,1
39.953,-75.165,1
39.953,-75.165,1
39.953,-75.165,1
39.953,-75.165,1
39.953,-75.165,1
39.953,-75.165,1
39.953,-75.165,1
39.953,-75.165,1
39.953,-75.165,1
39.953,-75.165,1
39.953,-75.165,1
39.953,-75.165,1
39.953,-75.165,1
39.953,-75.165,1
39.953,-75.165,1
39.953,-75.165,1
39.953,-75.165,1
39.953,-75.165,1
39.953,-75.165,1
39.953,-75.165,1
39.953,-75.165,1
39.953,-75.165,1
39.953,-75.165,1
39.953,-75.165,1
39.953,-75.165,1
39.953,-75.165,1
39.953,-75.165,1
39.953,-75.165,1
39.953,-75.165,1
39.953,-75.165,1
39.953,-75.165,1
39.953,-75.165,1
39.953,-75.165,1
39.953,-75.165,1
39.953,-75.165,1
39.953,-75.165,1
39.953,-75.165,1
39.953,-75.165,1
39.953,-75.165,1
39.953,-75.165,1
39.953,-75.165,1
39.953,-75.165,1
39.953,-75.165,1
39.953,-75.165,1
39.953,-75.165,1
39.953,-75.165,1
39.953,-75.165,1
39.953,-75.165,1
39.953,-75.165,1
39.953,-75.165,1
39.953,-75.165,1
39.953,-75.165,1
39.953,-75.165,1
39.953,-75.165,1
39.953,-75.165,1
39.953,-75.165,1
39.953,-75.165,1
39.953,-75.165,1
39.953,-75.165,1
39.953,-75.165,1
39.953,-75.165,1
39.953,-75.165,1
39.953,-75.165,1
39.953,-75.165,1
39.953,-75.165,1
39.953,-75.165,1
39.953,-75.165,1
39.953,-75.165,1
39.953,-75.165,1
39.953,-75.165,1
39.953,-75.165,1
39.953,-75.165,1
39.953,-75.165,1
39.953,-75.165,1
39.953,-75.165,1
39.953,-75.165,1
39.953,-75.165,1
39.953,-75.165,1
39.953,-75.165,1
39.953,-75.165,1
39.953,-75.165,1
39.953,-75.165,1
39.953,-75.165,1
39.953,-75.165,1
39.953,-75.165,1
39.953,-75.165,1
39.953,-75.165,1
39.953,-75.165,1
39.953,-75.165,1
39.953,-75.165,1
39.953,-75.165,1
39.953,-75.165,1
39.953,-75.165,1
39.953,-75.165,1
39.953,-75.165,1
39.953,-75.165,1
39.953,-75.165,1
39.953,-75.165,1
39.953,-75.165,1
39.953,-75.165,1
39.953,-75.165,1
39.953,-75.165,1
39.953,-75.165,1
39.953,-75.165,1
39.953,-75.165,1
39.953,-75.165,1
39.953,-75.165,1
39.953,-75.165,1
39.953,-75.165,1
39.953,-75.165,1
39.953,-75.165,1
39.953,-75.165,1
39.953,-75.165,1
39.953,-75.165,1
39.953,-75.165,1
39.953,-75.165,1
39.953,-75.165,1
39.953,-75.165,1
39.953,-75.165,1
39.953,-75.165,1
39.953,-75.165,1
39.953,-75.165,1
39.953,-75.165,1
39.953,-75.165,1
39.953,-75.165,1
39.953,-75.165,1
39.953,-75.165,1
39.953,-75.165,1
39.953,-75.165,1
39.953,-75.165,1
39.953,-75.165,1
39.953,-75.165,1
39.953,-75.165,1
39.953,-75.165,1
39.953,-75.165,1
39.953,-75.165,1
39.953,-75.165,1
39.953,-75.165,1
39.953,-75.165,1
39.953,-75.165,1
39.953,-75.165,1
39.953,-75.165,1
39.953,-75.165,1
39.953,-75.165,1
39.953,-75.165,1
39.953,-75.165,1
39.953,-75.165,1
39.953,-75.165,1
39.953,-75.165,1
39.953,-75.165,1
39.953,-75.165,1
39.953,-75.165,1
39.953,-75.165,1
39.953,-75.165,1
39.953,-75.165,1
39.953,-75.165,1
39.953,-75.165,1
39.953,-75.165,1
39.953,-75.165,1
39.953,-75.165,1
39.953,-75.165,1
39.953,-75.165,1
39.953,-75.165,1
39.953,-75.165,1
39.953,-75.165,1
39.953,-75.165,1
39.953,-75.165,1
39.953,-75.165,1
39.953,-75.165,1
39.953,-75.165,1
39.953,-75.165,1
39.953,-75.165,1
39.953,-75.165,1
39.953,-75.165,1
39.953,-75.165,1
39.953,-75.165,1
39.953,-75.165,1
39.953,-75.165,1
39.953,-75.165,1
39.953,-75.165,1
39.953,-75.165,1
39.953,-75.165,1
39.953,-75.165,1
39.953,-75.165,1
39.953,-75.165,1
39.953,-75.165,1
39.953,-75.165,1
39.953,-75.165,1
39.953,-75.165,1
39.953,-75.165,1
39.953,-75.165,1
39.953,-75.165,1
39.953,-75.165,1
39.953,-75.165,1
39.953,-75.165,1
39.953,-75.165,1
39.953,-75.165,1
39.953,-75.165,1
39.953,-75.165,1
39.953,-75.165,1
39.953,-75.165,1
39.953,-75.165,1
39.953,-75.165,1
39.953,-75.165,1
39.953,-75.165,1
39.953,-75.165,1
39.953,-75.165,1
39.953,-75.165,1
39.953,-75.165,1
39.953,-75.165,1
39.953,-75.165,1
39.953,-75.165,1
39.953,-75.165,1
39.953,-75.165,1
39.953,-75.165,1
39.953,-75.165,1
39.953,-75.165,1
39.953,-75.165,1
39.953,-75.165,1
39.953,-75.165,1
39.953,-75.165,1
39.953,-75.165,1
39.953,-75.165,1
39.953,-75.165,1
39.953,-75.165,1
39.953,-75.165,1
39.953,-75.165,1
39.953,-75.165,1
39.953,-75.165,1
39.953,-75.165,1
39.953,-75.165,1
39.953,-75.165,1
39.953,-75.165,1
39.953,-75.165,1
39.953,-75.165,1
39.953,-75.165,1
39.953,-75.165,1
39.953,-75.165,1
39.953,-75.165,1
39.953,-75.165,1
39.953,-75.165,1
39.953,-75.165,1
39.953,-75.165,1
39.953,-75.165,1
39.953,-75.165,1
39.953,-75.165,1
39.953,-75.165,1
39.953,-75.165,1
39.953,-75.165,1
39.953,-75.165,1
39.953,-75.165,1
39.953,-75.165,1
39.953,-75.165,1
39.953,-75.165,1
39.953,-75.165,1
39.953,-75.165,1
39.953,-75.165,1
39.953,-75.165,1
39.953,-75.165,1
39.953,-75.165,1
39.953,-75.165,1
39.953,-75.165,1
39.953,-75.165,1
39.953,-75.165,1
39.953,-75.165,1
39.953,-75.165,1
39.953,-75.165,1
39.953,-75.165,1
39.953,-75.165,1
39.953,-75.165,1
39.953,-75.165,1
39.953,-75.165,1
39.953,-75.165,1
39.953,-75.165,1
39.953,-75.165,1
39.953,-75.165,1
39.953,-75.165,1
39.953,-75.165,1
39.953,-75.165,1
39.953,-75.165,1
39.953,-75.165,1
39.953,-75.165,1
39.953,-75.165,1
39.953,-75.165,1
39.953,-75.165,1
39.953,-75.165,1
39.953,-75.165,1
39.953,-75.165,1
39.953,-75.165,1
39.953,-75.165,1
39.953,-75.165,1
39.953,-75.165,1
39.953,-75.165,1
39.953,-75.165,1
39.953,-75.165,1
39.953,-75.165,1
39.953,-75.165,1
39.953,-75.165,1
39.953,-75.165,1
39.953,-75.165,1
39.953,-75.165,1
39.953,-75.165,1
39.953,-75.165,1
39.953,-75.165,1
39.953,-75.165,1
39.953,-75.165,1
39.953,-75.165,1
39.953,-75.165,1
39.953,-75.165,1
39.953,-75.165,1
39.953,-75.165,1
39.953,-75.165,1
39.953,-75.165,1
39.953,-75.165,1
39.953,-75.165,1
39.953,-75.165,1
39.953,-75.165,1
39.953,-75.165,1
39.953,-75.165,1
39.953,-75.165,1
39.953,-75.165,1
39.953,-75.165,1
39.953,-75.165,1
39.953,-75.165,1
39.953,-75.165,1
39.953,-75.165,1
39.953,-75.165,1
39.953,-75.165,1
39.953,-75.165,1
39.953,-75.165,1
39.953,-75.165,1
39.953,-75.165,1
39.953,-75.165,1
39.953,-75.165,1
39.953,-75.165,1
39.953,-75.165,1
39.953,-75.165,1
39.953,-75.165,1
39.953,-75.165,1
39.953,-75.165,1
39.953,-75.165,1
39.953,-75.165,1
39.953,-75.165,1
39.953,-75.165,1
39.953,-75.165,1
39.953,-75.165,1
39.953,-75.165,1
39.953,-75.165,1
39.953,-75.165,1
39.953,-75.165,1
39.953,-75.165,1
39.953,-75.165,1
39.953,-75.165,1
39.953,-75.165,1
39.953,-75.165,1
39.953,-75.165,1
39.953,-75.165,1
39.953,-75.165,1
39.953,-75.165,1
39.953,-75.165,1
39.953,-75.165,1
39.953,-75.165,1
39.953,-75.165,1
39.953,-75.165,1
39.953,-75.165,1
39.953,-75.165,1
39.953,-75.165,1
39.953,-75.165,1
39.953,-75.165,1
39.953,-75.165,1
39.953,-75.165,1
39.953,-75.165,1
39.953,-75.165,1
39.953,-75.165,1
39.953,-75.165,1
39.953,-75.165,1
39.953,-75.165,1
39.953,-75.165,1
39.953,-75.165,1
39.953,-75.165,1
39.953,-75.165,1
39.953,-75.165,1
39.953,-75.165,1
39.953,-75.165,1
39.953,-75.165,1
39.953,-75.165,1
39.953,-75.165,1
39.953,-75.165,1
39.953,-75.165,1
39.953,-75.165,1
39.953,-75.165,1
39.953,-75.165,1
39.953,-75.165,1
39.953,-75.165,1
39.953,-75.165,1
39.953,-75.165,1
39.953,-75.165,1
39.953,-75.165,1
39.953,-75.165,1
39.953,-75.165,1
39.953,-75.165,1
39.953,-75.165,1
39.953,-75.165,1
39.953,-75.165,1
39.953,-75.165,1
39.953,-75.165,1
39.953,-75.165,1
39.953,-75.165,1
39.953,-75.165,1
39.953,-75.165,1
39.953,-75.165,1
39.953,-75.165,1
39.953,-75.165,1
39.953,-75.165,1
39.953,-75.165,1
39.953,-75.165,1
39.953,-75.165,1
39.953,-75.165,1
39.953,-75.165,1
39.953,-75.165,1
39.953,-75.165,1
39.953,-75.165,1
39.953,-75.165,1
39.953,-75.165,1
39.953,-75.165,1
39.953,-75.165,1
39.953,-75.165,1
39.953,-75.165,1
39.953,-75.165,1
39.953,-75.165,1
39.953,-75.165,1
39.953,-75.165,1
39.953,-75.165,1
39.953,-75.165,1
39.953,-75.165,1
39.953,-75.165,1
39.953,-75.165,1
39.953,-75.165,1
39.953,-75.165,1
39.953,-75.165,1
39.953,-75.165,1
39.953,-75.165,1
39.953,-75.165,1
39.953,-75.165,1
39.953,-75.165,1
39.953,-75.165,1
39.953,-75.165,1
39.953,-75.165,1
39.953,-75.165,1
39.953,-75.165,1
39.953,-75.165,1
39.953,-75.165,1
39.953,-75.165,1
39.953,-75.165,1
39.953,-75.165,1
39.953,-75.165,1
39.953,-75.165,1
39.953,-75.165,1
39.953,-75.165,1
39.953,-75.165,1
39.953,-75.165,1
39.953,-75.165,1
39.953,-75.165,1
39.953,-75.165,1
39.953,-75.165,1
39.953,-75.165,1
39.953,-75.165,1
39.953,-75.165,1
39.953,-75.165,1
39.953,-75.165,1
39.953,-75.165,1
39.953,-75.165,1
39.953,-75.165,1
39.953,-75.165,1
39.953,-75.165,1
39.953,-75.165,1
39.953,-75.165,1
39.953,-75.165,1
39.953,-75.165,1
39.953,-75.165,1
39.953,-75.165,1
39.953,-75.165,1
39.953,-75.165,1
39.953,-75.165,1
39.953,-75.165,1
39.953,-75.165,1
39.953,-75.165,1
39.953,-75.165,1
39.953,-75.165,1
39.953,-75.165,1
39.953,-75.165,1
39.953,-75.165,1
39.953,-75.165,1
39.953,-75.165,1
39.953,-75.165,1
39.953,-75.165,1
39.953,-75.165,1
39.953,-75.165,1
39.953,-75.165,1
39.953,-75.165,1
39.953,-75.165,1
39.953,-75.165,1
39.953,-75.165,1
39.953,-75.165,1
39.953,-75.165,1
39.953,-75.165,1
39.953,-75.165,1
39.953,-75.165,1
39.953,-75.165,1
39.953,-75.165,1
39.953,-75.165,1
39.953,-75.165,1
39.953,-75.165,1
39.953,-75.165,1
39.953,-75.165,1
39.953,-75.165,1
39.953,-75.165,1
39.953,-75.165,1
39.953,-75.165,1
39.953,-75.165,1
39.953,-75.165,1
39.953,-75.165,1
39.953,-75.165,1
39.953,-75.165,1
39.953,-75.165,1
39.953,-75.165,1
39.953,-75.165,1
39.953,-75.165,1
39.953,-75.165,1
39.953,-75.165,1
39.953,-75.165,1
39.953,-75.165,1
39.953,-75.165,1
39.953,-75.165,1
39.953,-75.165,1
39.953,-75.165,1
39.953,-75.165,1
39.953,-75.165,1
39.953,-75.165,1
39.953,-75.165,1
39.953,-75.165,1
39.953,-75.165,1
39.953,-75.165,1
39.953,-75.165,1
39.953,-75.165,1
39.953,-75.165,1
39.953,-75.165,1
39.953,-75.165,1
39.953,-75.165,1
39.953,-75.165,1
39.953,-75.165,1
39.953,-75.165,1
39.953,-75.165,1
39.953,-75.165,1
39.953,-75.165,1
39.953,-75.165,1
39.953,-75.165,1
39.953,-75.165,1
39.953,-75.165,1
39.953,-75.165,1
39.953,-75.165,1
39.953,-75.165,1
39.953,-75.165,1
39.953,-75.165,1
39.953,-75.165,1
39.953,-75.165,1
39.953,-75.165,1
39.953,-75.165,1
39.953,-75.165,1
39.953,-75.165,1
39.953,-75.165,1
39.953,-75.165,1
39.953,-75.165,1
39.953,-75.165,1
39.953,-75.165,1
39.953,-75.165,1
39.953,-75.165,1
39.953,-75.165,1
39.953,-75.165,1
39.953,-75.165,1
39.953,-75.165,1
39.953,-75.165,1
39.953,-75.165,1
39.953,-75.165,1
39.953,-75.165,1
39.953,-75.165,1
39.953,-75.165,1
39.953,-75.165,1
39.953,-75.165,1
39.953,-75.165,1
39.953,-75.165,1
39.953,-75.165,1
39.953,-75.165,1
39.953,-75.165,1
39.953,-75.165,1
39.953,-75.165,1
39.953,-75.165,1
39.953,-75.165,1
39.953,-75.165,1
39.953,-75.165,1
39.953,-75.165,1
39.953,-75.165,1
39.953,-75.165,1
39.953,-75.165,1
39.953,-75.165,1
39.953,-75.165,1
39.953,-75.165,1
39.953,-75.165,1
39.953,-75.165,1
39.953,-75.165,1
39.953,-75.165,1
39.953,-75.165,1
39.953,-75.165,1
39.953,-75.165,1
39.953,-75.165,1
39.953,-75.165,1
39.953,-75.165,1
39.953,-75.165,1
39.953,-75.165,1
39.953,-75.165,1
39.953,-75.165,1
39.953,-75.165,1
39.953,-75.165,1
39.953,-75.165,1
39.953,-75.165,1
39.953,-75.165,1
39.953,-75.165,1
39.953,-75.165,1
39.953,-75.165,1
39.953,-75.165,1
39.953,-75.165,1
39.953,-75.165,1
39.953,-75.165,1
39.953,-75.165,1
39.953,-75.165,1
39.953,-75.165,1
39.953,-75.165,1
39.953,-75.165,1
39.953,-75.165,1
39.953,-75.165,1
39.953,-75.165,1
39.953,-75.165,1
39.953,-75.165,1
39.953,-75.165,1
39.953,-75.165,1
39.953,-75.165,1
39.953,-75.165,1
39.953,-75.165,1
39.953,-75.165,1
39.953,-75.165,1
39.953,-75.165,1
39.953,-75.165,1
39.953,-75.165,1
39.953,-75.165,1
39.953,-75.165,1
39.953,-75.165,1
39.953,-75.165,1
39.953,-75.165,1
39.953,-75.165,1
39.953,-75.165,1
39.953,-75.165,1
39.953,-75.165,1
39.953,-75.165,1
39.953,-75.165,1
39.953,-75.165,1
39.953,-75.165,1
39.953,-75.165,1
39.953,-75.165,1
39.953,-75.165,1
39.953,-75.165,1
39.953,-75.165,1
39.953,-75.165,1
39.953,-75.165,1
39.953,-75.165,1
39.953,-75.165,1
39.953,-75.165,1
39.953,-75.165,1
39.953,-75.165,1
39.953,-75.165,1
39.953,-75.165,1
39.953,-75.165,1
39.953,-75.165,1
39.953,-75.165,1
39.953,-75.165,1
39.953,-75.165,1
39.953,-75.165,1
39.953,-75.165,1
39.953,-75.165,1
39.953,-75.165,1
39.953,-75.165,1
39.953,-75.165,1
39.953,-75.165,1
39.953,-75.165,1
39.953,-75.165,1
39.953,-75.165,1
39.953,-75.165,1
39.953,-75.165,1
39.953,-75.165,1
39.953,-75.165,1
39.953,-75.165,1
39.953,-75.165,1
39.953,-75.165,1
39.953,-75.165,1
39.953,-75.165,1
39.953,-75.165,1
39.953,-75.165,1
39.953,-75.165,1
39.953,-75.165,1
39.953,-75.165,1
39.953,-75.165,1
39.953,-75.165,1
39.953,-75.165,1
39.953,-75.165,1
39.953,-75.165,1
39.953,-75.165,1
39.953,-75.165,1
39.953,-75.165,1
39.953,-75.165,1
39.953,-75.165,1
39.953,-75.165,1
39.953,-75.165,1
39.953,-75.165,1
39.953,-75.165,1
39.953,-75.165,1
39.953,-75.165,1
39.953,-75.165,1
39.953,-75.165,1
39.953,-75.165,1
39.953,-75.165,1
39.953,-75.165,1
39.953,-75.165,1
39.953,-75.165,1
39.953,-75.165,1
39.953,-75.165,1
39.953,-75.165,1
39.953,-75.165,1
39.953,-75.165,1
39.953,-75.165,1
39.953,-75.165,1
39.953,-75.165,1
39.953,-75.165,1
39.953,-75.165,1
39.953,-75.165,1
39.953,-75.165,1
39.953,-75.165,1
39.953,-75.165,1
39.953,-75.165,1
39.953,-75.165,1
39.953,-75.165,1
39.953,-75.165,1
39.953,-75.165,1
39.953,-75.165,1
39.953,-75.165,1
39.953,-75.165,1
39.953,-75.165,1
39.953,-75.165,1
39.953,-75.165,1
39.953,-75.165,1
39.953,-75.165,1
39.953,-75.165,1
39.953,-75.165,1
39.953,-75.165,1
39.953,-75.165,1
39.953,-75.165,1
39.953,-75.165,1
39.953,-75.165,1
39.953,-75.165,1
39.953,-75.165,1
39.953,-75.165,1
39.953,-75.165,1
39.953,-75.165,1
39.953,-75.165,1
39.953,-75.165,1
39.953,-75.165,1
39.953,-75.165,1
39.953,-75.165,1
39.953,-75.165,1
39.953,-75.165,1
39.953,-75.165,1
39.953,-75.165,1
39.953,-75.165,1
39.953,-75.165,1
39.953,-75.165,1
39.953,-75.165,1
39.953,-75.165,1
39.953,-75.165,1
39.953,-75.165,1
39.953,-75.165,1
39.953,-75.165,1
39.953,-75.165,1
39.953,-75.165,1
39.953,-75.165,1
39.953,-75.165,1
39.953,-75.165,1
39.953,-75.165,1
39.953,-75.165,1
39.953,-75.165,1
39.953,-75.165,1
39.953,-75.165,1
39.953,-75.165,1
39.953,-75.165,1
39.953,-75.165,1
39.953,-75.165,1
39.953,-75.165,1
39.953,-75.165,1
39.953,-75.165,1
39.953,-75.165,1
39.953,-75.165,1
39.953,-75.165,1
39.953,-75.165,1
39.953,-75.165,1
39.953,-75.165,1
39.953,-75.165,1
39.953,-75.165,1
39.953,-75.165,1
39.953,-75.165,1
39.953,-75.165,1
39.953,-75.165,1
39.953,-75.165,1
39.953,-75.165,1
39.953,-75.165,1
39.953,-75.165,1
39.953,-75.165,1
39.953,-75.165,1
39.953,-75.165,1
39.953,-75.165,1
39.953,-75.165,1
39.953,-75.165,1
39.953,-75.165,1
39.953,-75.165,1
39.953,-75.165,1
39.953,-75.165,1
39.953,-75.165,1
39.953,-75.165,1
39.953,-75.165,1
39.953,-75.165,1
39.953,-75.165,1
39.953,-75.165,1
39.953,-75.165,1
39.953,-75.165,1
39.953,-75.165,1
39.953,-75.165,1
39.953,-75.165,1
39.953,-75.165,1
39.953,-75.165,1
39.953,-75.165,1
39.953,-75.165,1
39.953,-75.165,1
39.953,-75.165,1
39.953,-75.165,1
39.953,-75.165,1
39.953,-75.165,1
39.953,-75.165,1
39.953,-75.165,1
39.953,-75.165,1
39.953,-75.165,1
39.953,-75.165,1
39.953,-75.165,1
39.953,-75.165,1
39.953,-75.165,1
39.953,-75.165,1
39.953,-75.165,1
39.953,-75.165,1
39.953,-75.165,1
39.953,-75.165,1
39.953,-75.165,1
39.953,-75.165,1
39.953,-75.165,1
39.953,-75.165,1
39.953,-75.165,1
39.953,-75.165,1
39.953,-75.165,1
39.953,-75.165,1
39.953,-75.165,1
39.953,-75.165,1
39.953,-75.165,1
39.953,-75.165,1
39.953,-75.165,1
39.953,-75.165,1
39.953,-75.165,1
39.953,-75.165,1
39.953,-75.165,1
39.953,-75.165,1
39.953,-75.165,1
39.953,-75.165,1
39.953,-75.165,1
39.953,-75.165,1
39.953,-75.165,1
39.953,-75.165,1
39.953,-75.165,1
39.953,-75.165,1
39.953,-75.165,1
39.953,-75.165,1
39.953,-75.165,1
39.953,-75.165,1
39.953,-75.165,1
39.953,-75.165,1
39.953,-75.165,1
39.953,-75.165,1
39.953,-75.165,1
39.953,-75.165,1
39.953,-75.165,1
39.953,-75.165,1
39.953,-75.165,1
39.953,-75.165,1
39.953,-75.165,1
39.953,-75.165,1
39.953,-75.165,1
39.953,-75.165,1
39.953,-75.165,1
39.953,-75.165,1
39.953,-75.165,1
39.953,-75.165,1
39.953,-75.165,1
39.953,-75.165,1
39.953,-75.165,1
39.953,-75.165,1
39.953,-75.165,1
39.953,-75.165,1
39.953,-75.165,1
39.953,-75.165,1
39.953,-75.165,1
39.953,-75.165,1
39.953,-75.165,1
39.953,-75.165,1
39.953,-75.165,1
39.953,-75.165,1
39.953,-75.165,1
39.953,-75.165,1
39.953,-75.165,1
39.953,-75.165,1
39.953,-75.165,1
39.953,-75.165,1
39.953,-75.165,1
39.953,-75.165,1
39.953,-75.165,1
39.953,-75.165,1
39.953,-75.165,1
39.953,-75.165,1
39.953,-75.165,1
39.953,-75.165,1
39.953,-75.165,1
39.953,-75.165,1
39.953,-75.165,1
39.953,-75.165,1
39.953,-75.165,1
39.953,-75.165,1
39.953,-75.165,1
39.953,-75.165,1
39.953,-75.165,1
39.953,-75.165,1
39.953,-75.165,1
39.953,-75.165,1
39.953,-75.165,1
39.953,-75.165,1
39.953,-75.165,1
39.953,-75.165,1
39.953,-75.165,1
39.953,-75.165,1
39.953,-75.165,1
39.953,-75.165,1
39.953,-75.165,1
39.953,-75.165,1
39.953,-75.165,1
39.953,-75.165,1
39.953,-75.165,1
39.953,-75.165,1
39.953,-75.165,1
39.953,-75.165,1
39.953,-75.165,1
39.953,-75.165,1
39.953,-75.165,1
39.953,-75.165,1
39.953,-75.165,1
39.953,-75.165,1
39.953,-75.165,1
39.953,-75.165,1
39.953,-75.165,1
39.953,-75.165,1
39.953,-75.165,1
39.953,-75.165,1
39.953,-75.165,1
39.953,-75.165,1
39.953,-75.165,1
39.953,-75.165,1
39.953,-75.165,1
39.953,-75.165,1
39.953,-75.165,1
39.953,-75.165,1
39.953,-75.165,1
39.953,-75.165,1
39.953,-75.165,1
39.953,-75.165,1
39.953,-75.165,1
39.953,-75.165,1
39.953,-75.165,1
39.953,-75.165,1
39.953,-75.165,1
39.953,-75.165,1
39.953,-75.165,1
39.953,-75.165,1
39.953,-75.165,1
39.953,-75.165,1
39.953,-75.165,1
39.953,-75.165,1
39.953,-75.165,1
39.953,-75.165,1
39.953,-75.165,1
39.953,-75.165,1
39.953,-75.165,1
39.953,-75.165,1
39.953,-75.165,1
39.953,-75.165,1
39.953,-75.165,1
39.953,-75.165,1
39.953,-75.165,1
39.953,-75.165,1
39.953,-75.165,1
39.953,-75.165,1
39.953,-75.165,1
39.953,-75.165,1
39.953,-75.165,1
39.953,-75.165,1
39.953,-75.165,1
39.953,-75.165,1
39.953,-75.165,1
39.953,-75.165,1
39.953,-75.165,1
39.953,-75.165,1
39.953,-75.165,1
39.953,-75.165,1
39.953,-75.165,1
39.953,-75.165,1
39.953,-75.165,1
39.953,-75.165,1
39.953,-75.165,1
39.953,-75.165,1
39.953,-75.165,1
39.953,-75.165,1
39.953,-75.165,1
39.953,-75.165,1
39.953,-75.165,1
39.953,-75.165,1
39.953,-75.165,1
39.953,-75.165,1
39.953,-75.165,1
39.953,-75.165,1
39.953,-75.165,1
39.953,-75.165,1
39.953,-75.165,1
39.953,-75.165,1
39.953,-75.165,1
39.953,-75.165,1
39.953,-75.165,1
39.953,-75.165,1
39.953,-75.165,1
39.953,-75.165,1
39.953,-75.165,1
39.953,-75.165,1
39.953,-75.165,1
39.953,-75.165,1
39.953,-75.165,1
39.953,-75.165,1
39.953,-75.165,1
39.953,-75.165,1
39.953,-75.165,1
39.953,-75.165,1
39.953,-75.165,1
39.953,-75.165,1
39.953,-75.165,1
39.953,-75.165,1
39.953,-75.165,1
39.953,-75.165,1
39.953,-75.165,1
39.953,-75.165,1
39.953,-75.165,1
39.953,-75.165,1
39.953,-75.165,1
39.953,-75.165,1
39.953,-75.165,1
39.953,-75.165,1
39.953,-75.165,1
39.953,-75.165,1
39.953,-75.165,1
39.953,-75.165,1
39.953,-75.165,1
39.953,-75.165,1
39.953,-75.165,1
39.953,-75.165,1
39.953,-75.165,1
39.953,-75.165,1
39.953,-75.165,1
39.953,-75.165,1
39.953,-75.165,1
39.953,-75.165,1
39.953,-75.165,1
39.953,-75.165,1
39.953,-75.165,1
39.953,-75.165,1
39.953,-75.165,1
39.953,-75.165,1
39.953,-75.165,1
39.953,-75.165,1
39.953,-75.165,1
39.953,-75.165,1
39.953,-75.165,1
39.953,-75.165,1
39.953,-75.165,1
39.953,-75.165,1
39.953,-75.165,1
39.953,-75.165,1
39.953,-75.165,1
39.953,-75.165,1
39.953,-75.165,1
39.953,-75.165,1
39.953,-75.165,1
39.953,-75.165,1
39.953,-75.165,1
39.953,-75.165,1
39.953,-75.165,1
39.953,-75.165,1
39.953,-75.165,1
39.953,-75.165,1
39.953,-75.165,1
39.953,-75.165,1
39.953,-75.165,1
39.953,-75.165,1
39.953,-75.165,1
39.953,-75.165,1
39.953,-75.165,1
39.953,-75.165,1
39.953,-75.165,1
39.953,-75.165,1
39.953,-75.165,1
39.953,-75.165,1
39.953,-75.165,1
39.953,-75.165,1
39.953,-75.165,1
39.953,-75.165,1
39.953,-75.165,1
39.953,-75.165,1
39.953,-75.165,1
39.953,-75.165,1
39.953,-75.165,1
39.953,-75.165,1
39.953,-75.165,1
39.953,-75.165,1
39.953,-75.165,1
39.953,-75.165,1
39.953,-75.165,1
39.953,-75.165,1
39.953,-75.165,1
39.953,-75.165,1
39.953,-75.165,1
39.953,-75.165,1
39.953,-75.165,1
39.953,-75.165,1
39.953,-75.165,1
39.953,-75.165,1
39.953,-75.165,1
39.953,-75.165,1
39.953,-75.165,1
39.953,-75.165,1
39.953,-75.165,1
39.953,-75.165,1
39.953,-75.165,1
39.953,-75.165,1
39.953,-75.165,1
39.953,-75.165,1
39.953,-75.165,1
39.953,-75.165,1
39.953,-75.165,1
39.953,-75.165,1
39.953,-75.165,1
39.953,-75.165,1
39.953,-75.165,1
39.953,-75.165,1
39.953,-75.165,1
39.953,-75.165,1
39.953,-75.165,1
39.953,-75.165,1
39.953,-75.165,1
39.953,-75.165,1
39.953,-75.165,1
39.953,-75.165,1
39.953,-75.165,1
39.953,-75.165,1
39.953,-75.165,1
39.953,-75.165,1
39.953,-75.165,1
39.953,-75.165,1
39.953,-75.165,1
39.953,-75.165,1
39.953,-75.165,1
39.953,-75.165,1
39.953,-75.165,1
39.953,-75.165,1
39.953,-75.165,1
39.953,-75.165,1
39.953,-75.165,1
39.953,-75.165,1
39.953,-75.165,1
39.953,-75.165,1
39.953,-75.165,1
39.953,-75.165,1
39.953,-75.165,1
39.953,-75.165,1
39.953,-75.165,1
39.953,-75.165,1
39.953,-75.165,1
39.953,-75.165,1
39.953,-75.165,1
39.953,-75.165,1
39.953,-75.165,1
39.953,-75.165,1
39.953,-75.165,1
39.953,-75.165,1
39.953,-75.165,1
39.953,-75.165,1
39.953,-75.165,1
39.953,-75.165,1
39.953,-75.165,1
39.953,-75.165,1
39.953,-75.165,1
39.953,-75.165,1
39.953,-75.165,1
39.953,-75.165,1
39.953,-75.165,1
39.953,-75.165,1
39.953,-75.165,1
39.953,-75.165,1
39.953,-75.165,1
39.953,-75.165,1
39.953,-75.165,1
39.953,-75.165,1
39.953,-75.165,1
39.953,-75.165,1
39.953,-75.165,1
39.953,-75.165,1
39.953,-75.165,1
39.953,-75.165,1
39.953,-75.165,1
39.953,-75.165,1
39.953,-75.165,1
39.953,-75.165,1
39.953,-75.165,1
39.953,-75.165,1
39.953,-75.165,1
39.953,-75.165,1
39.953,-75.165,1
39.953,-75.165,1
39.953,-75.165,1
39.953,-75.165,1
39.953,-75.165,1
39.953,-75.165,1
39.953,-75.165,1
39.953,-75.165,1
39.953,-75.165,1
39.953,-75.165,1
39.953,-75.165,1
39.953,-75.165,1
39.953,-75.165,1
39.953,-75.165,1
39.953,-75.165,1
39.953,-75.165,1
39.953,-75.165,1
39.953,-75.165,1
39.953,-75.165,1
39.953,-75.165,1
39.953,-75.165,1
39.953,-75.165,1
39.953,-75.165,1
39.953,-75.165,1
39.953,-75.165,1
39.953,-75.165,1
39.953,-75.165,1
39.953,-75.165,1
39.953,-75.165,1
39.953,-75.165,1
39.953,-75.165,1
39.953,-75.165,1
39.953,-75.165,1
39.953,-75.165,1
39.953,-75.165,1
39.953,-75.165,1
39.953,-75.165,1
39.953,-75.165,1
39.953,-75.165,1
39.953,-75.165,1
39.953,-75.165,1
39.953,-75.165,1
39.953,-75.165,1
39.953,-75.165,1
39.953,-75.165,1
39.953,-75.165,1
39.953,-75.165,1
39.953,-75.165,1
39.953,-75.165,1
39.953,-75.165,1
39.953,-75.165,1
39.953,-75.165,1
39.953,-75.165,1
39.953,-75.165,1
39.953,-75.165,1
39.953,-75.165,1
39.953,-75.165,1
39.953,-75.165,1
39.953,-75.165,1
39.953,-75.165,1
39.953,-75.165,1
39.953,-75.165,1
39.953,-75.165,1
39.953,-75.165,1
39.953,-75.165,1
39.953,-75.165,1
39.953,-75.165,1
39.953,-75.165,1
39.953,-75.165,1
39.953,-75.165,1
39.953,-75.165,1
39.953,-75.165,1
39.953,-75.165,1
39.953,-75.165,1
39.953,-75.165,1
39.953,-75.165,1
39.953,-75.165,1
39.953,-75.165,1
39.953,-75.165,1
39.953,-75.165,1
39.953,-75.165,1
39.953,-75.165,1
39.953,-75.165,1
39.953,-75.165,1
39.953,-75.165,1
39.953,-75.165,1
39.953,-75.165,1
39.953,-75.165,1
39.953,-75.165,1
39.953,-75.165,1
39.953,-75.165,1
39.953,-75.165,1
39.953,-75.165,1
39.953,-75.165,1
39.953,-75.165,1
39.953,-75.165,1
39.953,-75.165,1
39.953,-75.165,1
39.953,-75.165,1
39.953,-75.165,1
39.953,-75.165,1
39.953,-75.165,1
39.953,-75.165,1
39.953,-75.165,1
39.953,-75.165,1
39.953,-75.165,1
39.953,-75.165,1
39.953,-75.165,1
39.953,-75.165,1
39.953,-75.165,1
39.953,-75.165,1
39.953,-75.165,1
39.953,-75.165,1
39.953,-75.165,1
39.953,-75.165,1
39.953,-75.165,1
39.953,-75.165,1
39.953,-75.165,1
39.953,-75.165,1
39.953,-75.165,1
39.953,-75.165,1
39.953,-75.165,1
39.953,-75.165,1
39.953,-75.165,1
39.953,-75.165,1
39.953,-75.165,1
39.953,-75.165,1
39.953,-75.165,1
39.953,-75.165,1
39.953,-75.165,1
39.953,-75.165,1
39.953,-75.165,1
39.953,-75.165,1
39.953,-75.165,1
39.953,-75.165,1
39.953,-75.165,1
39.953,-75.165,1
39.953,-75.165,1
39.953,-75.165,1
39.953,-75.165,1
39.953,-75.165,1
39.953,-75.165,1
39.953,-75.165,1
39.953,-75.165,1
39.953,-75.165,1
39.953,-75.165,1
39.953,-75.165,1
39.953,-75.165,1
39.953,-75.165,1
39.953,-75.165,1
39.953,-75.165,1
39.953,-75.165,1
39.953,-75.165,1
39.953,-75.165,1
39.953,-75.165,1
39.953,-75.165,1
39.953,-75.165,1
39.953,-75.165,1
39.953,-75.165,1
39.953,-75.165,1
39.953,-75.165,1
39.953,-75.165,1
39.953,-75.165,1
39.953,-75.165,1
39.953,-75.165,1
39.953,-75.165,1
39.953,-75.165,1
39.953,-75.165,1
39.953,-75.165,1
39.953,-75.165,1
39.953,-75.165,1
39.953,-75.165,1
39.953,-75.165,1
39.953,-75.165,1
39.953,-75.165,1
39.953,-75.165,1
39.953,-75.165,1
39.953,-75.165,1
39.953,-75.165,1
39.953,-75.165,1
39.953,-75.165,1
39.953,-75.165,1
39.953,-75.165,1
39.953,-75.165,1
39.953,-75.165,1
39.953,-75.165,1
39.953,-75.165,1
39.953,-75.165,1
39.953,-75.165,1
39.953,-75.165,1
39.953,-75.165,1
39.953,-75.165,1
39.953,-75.165,1
39.953,-75.165,1
39.953,-75.165,1
39.953,-75.165,1
39.953,-75.165,1
39.953,-75.165,1
39.953,-75.165,1
39.953,-75.165,1
39.953,-75.165,1
39.953,-75.165,1
39.953,-75.165,1
39.953,-75.165,1
39.953,-75.165,1
39.953,-75.165,1
39.953,-75.165,1
39.953,-75.165,1
39.953,-75.165,1
39.953,-75.165,1
39.953,-75.165,1
39.953,-75.165,1
39.953,-75.165,1
39.953,-75.165,1
39.953,-75.165,1
39.953,-75.165,1
39.953,-75.165,1
39.953,-75.165,1
39.953,-75.165,1
39.953,-75.165,1
39.953,-75.165,1
39.953,-75.165,1
39.953,-75.165,1
39.953,-75.165,1
39.953,-75.165,1
39.953,-75.165,1
39.953,-75.165,1
39.953,-75.165,1
39.953,-75.165,1
39.953,-75.165,1
39.953,-75.165,1
39.953,-75.165,1
39.953,-75.165,1
39.953,-75.165,1
39.953,-75.165,1
39.953,-75.165,1
39.953,-75.165,1
39.953,-75.165,1
39.953,-75.165,1
39.953,-75.165,1
39.953,-75.165,1
39.953,-75.165,1
39.953,-75.165,1
39.953,-75.165,1
39.953,-75.165,1
39.953,-75.165,1
39.953,-75.165,1
39.953,-75.165,1
39.953,-75.165,1
39.953,-75.165,1
39.953,-75.165,1
39.953,-75.165,1
39.953,-75.165,1
39.953,-75.165,1
39.953,-75.165,1
39.953,-75.165,1
39.953,-75.165,1
39.953,-75.165,1
39.953,-75.165,1
39.953,-75.165,1
39.953,-75.165,1
39.953,-75.165,1
39.953,-75.165,1
39.953,-75.165,1
39.953,-75.165,1
39.953,-75.165,1
39.953,-75.165,1
39.953,-75.165,1
39.953,-75.165,1
39.953,-75.165,1
39.953,-75.165,1
39.953,-75.165,1
39.953,-75.165,1
39.953,-75.165,1
39.953,-75.165,1
39.953,-75.165,1
39.953,-75.165,1
39.953,-75.165,1
39.953,-75.165,1
39.953,-75.165,1
39.953,-75.165,1
39.953,-75.165,1
39.953,-75.165,1
39.953,-75.165,1
39.953,-75.165,1
39.953,-75.165,1
39.953,-75.165,1
39.953,-75.165,1
39.953,-75.165,1
39.953,-75.165,1
39.953,-75.165,1
39.953,-75.165,1
39.953,-75.165,1
39.953,-75.165,1
39.953,-75.165,1
39.953,-75.165,1
39.953,-75.165,1
39.953,-75.165,1
39.953,-75.165,1
39.953,-75.165,1
39.953,-75.165,1
39.953,-75.165,1
39.953,-75.165,1
39.953,-75.165,1
39.953,-75.165,1
39.953,-75.165,1
39.953,-75.165,1
39.953,-75.165,1
39.953,-75.165,1
39.953,-75.165,1
39.953,-75.165,1
39.953,-75.165,1
39.953,-75.165,1
39.953,-75.165,1
39.953,-75.165,1
39.953,-75.165,1
39.953,-75.165,1
39.953,-75.165,1
39.953,-75.165,1
39.953,-75.165,1
39.953,-75.165,1
39.953,-75.165,1
39.953,-75.165,1
39.953,-75.165,1
39.953,-75.165,1
39.953,-75.165,1
39.953,-75.165,1
39.953,-75.165,1
39.953,-75.165,1
39.953,-75.165,1
39.953,-75.165,1
39.953,-75.165,1
39.953,-75.165,1
39.953,-75.165,1
39.953,-75.165,1
39.953,-75.165,1
39.953,-75.165,1
39.953,-75.165,1
39.953,-75.165,1
39.953,-75.165,1
39.953,-75.165,1
39.953,-75.165,1
39.953,-75.165,1
39.953,-75.165,1
39.953,-75.165,1
39.953,-75.165,1
39.953,-75.165,1
39.953,-75.165,1
39.953,-75.165,1
39.953,-75.165,1
39.953,-75.165,1
39.953,-75.165,1
39.953,-75.165,1
39.953,-75.165,1
39.953,-75.165,1
39.953,-75.165,1
39.953,-75.165,1
39.953,-75.165,1
39.953,-75.165,1
39.953,-75.165,1
39.953,-75.165,1
39.953,-75.165,1
39.953,-75.165,1
39.953,-75.165,1
39.953,-75.165,1
39.953,-75.165,1
39.953,-75.165,1
39.953,-75.165,1
39.953,-75.165,1
39.953,-75.165,1
39.953,-75.165,1
39.953,-75.165,1
39.953,-75.165,1
39.953,-75.165,1
39.953,-75.165,1
39.953,-75.165,1
39.953,-75.165,1
39.953,-75.165,1
39.953,-75.165,1
39.953,-75.165,1
39.953,-75.165,1
39.953,-75.165,1
39.953,-75.165,1
39.953,-75.165,1
39.953,-75.165,1
39.953,-75.165,1
39.953,-75.165,1
39.953,-75.165,1
39.953,-75.165,1
39.953,-75.165,1
39.953,-75.165,1
39.953,-75.165,1
39.953,-75.165,1
39.953,-75.165,1
39.953,-75.165,1
39.953,-75.165,1
39.953,-75.165,1
39.953,-75.165,1
39.953,-75.165,1
39.953,-75.165,1
39.953,-75.165,1
39.953,-75.165,1
39.953,-75.165,1
39.953,-75.165,1
39.953,-75.165,1
39.953,-75.165,1
39.953,-75.165,1
39.953,-75.165,1
39.953,-75.165,1
39.953,-75.165,1
39.953,-75.165,1
39.953,-75.165,1
39.953,-75.165,1
39.953,-75.165,1
39.953,-75.165,1
39.953,-75.165,1
39.953,-75.165,1
39.953,-75.165,1
39.953,-75.165,1
39.953,-75.165,1
39.953,-75.165,1
39.953,-75.165,1
39.953,-75.165,1
39.953,-75.165,1
39.953,-75.165,1
39.953,-75.165,1
39.953,-75.165,1
39.953,-75.165,1
39.953,-75.165,1
39.953,-75.165,1
39.953,-75.165,1
39.953,-75.165,1
39.953,-75.165,1
39.953,-75.165,1
39.953,-75.165,1
39.953,-75.165,1
39.953,-75.165,1
39.953,-75.165,1
39.953,-75.165,1
39.953,-75.165,1
39.953,-75.165,1
39.953,-75.165,1
39.953,-75.165,1
39.953,-75.165,1
39.953,-75.165,1
39.953,-75.165,1
39.953,-75.165,1
39.953,-75.165,1
39.953,-75.165,1
39.953,-75.165,1
39.953,-75.165,1
39.953,-75.165,1
39.953,-75.165,1
39.953,-75.165,1
39.953,-75.165,1
39.953,-75.165,1
39.953,-75.165,1
39.953,-75.165,1
39.953,-75.165,1
39.953,-75.165,1
39.953,-75.165,1
39.953,-75.165,1
39.953,-75.165,1
39.953,-75.165,1
39.953,-75.165,1
39.953,-75.165,1
39.953,-75.165,1
39.953,-75.165,1
39.953,-75.165,1
39.953,-75.165,1
39.953,-75.165,1
39.953,-75.165,1
39.953,-75.165,1
39.953,-75.165,1
39.953,-75.165,1
39.953,-75.165,1
39.953,-75.165,1
39.953,-75.165,1
39.953,-75.165,1
39.953,-75.165,1
39.953,-75.165,1
39.953,-75.165,1
39.953,-75.165,1
39.953,-75.165,1
39.953,-75.165,1
39.953,-75.165,1
39.953,-75.165,1
39.953,-75.165,1
39.953,-75.165,1
39.953,-75.165,1
39.953,-75.165,1
39.953,-75.165,1
39.953,-75.165,1
39.953,-75.165,1
39.953,-75.165,1
39.953,-75.165,1
39.953,-75.165,1
39.953,-75.165,1
39.953,-75.165,1
39.953,-75.165,1
39.953,-75.165,1
39.953,-75.165,1
39.953,-75.165,1
39.953,-75.165,1
39.953,-75.165,1
39.953,-75.165,1
39.953,-75.165,1
39.953,-75.165,1
39.953,-75.165,1
39.953,-75.165,1
39.953,-75.165,1
39.953,-75.165,1
39.953,-75.165,1
39.953,-75.165,1
39.953,-75.165,1
39.953,-75.165,1
39.953,-75.165,1
39.953,-75.165,1
39.953,-75.165,1
39.953,-75.165,1
39.953,-75.165,1
39.953,-75.165,1
39.953,-75.165,1
39.953,-75.165,1
39.953,-75.165,1
39.953,-75.165,1
39.953,-75.165,1
39.953,-75.165,1
39.953,-75.165,1
39.953,-75.165,1
39.953,-75.165,1
39.953,-75.165,1
39.953,-75.165,1
39.953,-75.165,1
39.953,-75.165,1
39.953,-75.165,1
39.953,-75.165,1
39.953,-75.165,1
39.953,-75.165,1
39.953,-75.165,1
39.953,-75.165,1
39.953,-75.165,1
39.953,-75.165,1
39.953,-75.165,1
39.953,-75.165,1
39.953,-75.165,1
39.953,-75.165,1
39.953,-75.165,1
39.953,-75.165,1
39.953,-75.165,1
39.953,-75.165,1
39.953,-75.165,1
39.953,-75.165,1
39.953,-75.165,1
39.953,-75.165,1
39.953,-75.165,1
39.953,-75.165,1
39.953,-75.165,1
39.953,-75.165,1
39.953,-75.165,1
39.953,-75.165,1
39.953,-75.165,1
39.953,-75.165,1
39.953,-75.165,1
39.953,-75.165,1
39.953,-75.165,1
39.953,-75.165,1
39.953,-75.165,1
39.953,-75.165,1
39.953,-75.165,1
39.953,-75.165,1
39.953,-75.165,1
39.953,-75.165,1
39.953,-75.165,1
39.953,-75.165,1
39.953,-75.165,1
39.953,-75.165,1
39.953,-75.165,1
39.953,-75.165,1
39.953,-75.165,1
39.953,-75.165,1
39.953,-75.165,1
39.953,-75.165,1
39.953,-75.165,1
39.953,-75.165,1
39.953,-75.165,1
39.953,-75.165,1
39.953,-75.165,1
39.953,-75.165,1
39.953,-75.165,1
39.953,-75.165,1
39.953,-75.165,1
39.953,-75.165,1
39.953,-75.165,1
39.953,-75.165,1
39.953,-75.165,1
39.953,-75.165,1
39.953,-75.165,1
39.953,-75.165,1
39.953,-75.165,1
39.953,-75.165,1
39.953,-75.165,1
39.953,-75.165,1
39.953,-75.165,1
39.953,-75.165,1
39.953,-75.165,1
39.953,-75.165,1
39.953,-75.165,1
39.953,-75.165,1
39.953,-75.165,1
39.953,-75.165,1
39.953,-75.165,1
39.953,-75.165,1
39.953,-75.165,1
39.953,-75.165,1
39.953,-75.165,1
39.953,-75.165,1
39.953,-75.165,1
39.953,-75.165,1
39.953,-75.165,1
39.953,-75.165,1
39.953,-75.165,1
39.953,-75.165,1
39.953,-75.165,1
39.953,-75.165,1
39.953,-75.165,1
39.953,-75.165,1
39.953,-75.165,1
39.953,-75.165,1
39.953,-75.165,1
39.953,-75.165,1
39.953,-75.165,1
39.953,-75.165,1
39.953,-75.165,1
39.953,-75.165,1
39.953,-75.165,1
39.953,-75.165,1
39.953,-75.165,1
39.953,-75.165,1
39.953,-75.165,1
39.953,-75.165,1
39.953,-75.165,1
39.953,-75.165,1
39.953,-75.165,1
39.953,-75.165,1
39.953,-75.165,1
39.953,-75.165,1
39.953,-75.165,1
39.953,-75.165,1
39.953,-75.165,1
39.953,-75.165,1
39.953,-75.165,1
39.953,-75.165,1
39.953,-75.165,1
39.953,-75.165,1
39.953,-75.165,1
39.953,-75.165,1
39.953,-75.165,1
39.953,-75.165,1
39.953,-75.165,1
39.953,-75.165,1
39.953,-75.165,1
39.953,-75.165,1
39.953,-75.165,1
39.953,-75.165,1
39.953,-75.165,1
39.953,-75.165,1
39.953,-75.165,1
39.953,-75.165,1
39.953,-75.165,1
39.953,-75.165,1
39.953,-75.165,1
39.953,-75.165,1
39.953,-75.165,1
39.953,-75.165,1
39.953,-75.165,1
39.953,-75.165,1
39.953,-75.165,1
39.953,-75.165,1
39.953,-75.165,1
39.953,-75.165,1
39.953,-75.165,1
39.953,-75.165,1
39.953,-75.165,1
39.953,-75.165,1
39.953,-75.165,1
39.953,-75.165,1
39.953,-75.165,1
39.953,-75.165,1
39.953,-75.165,1
39.953,-75.165,1
39.953,-75.165,1
39.953,-75.165,1
39.953,-75.165,1
39.953,-75.165,1
39.953,-75.165,1
39.953,-75.165,1
39.953,-75.165,1
39.953,-75.165,1
39.953,-75.165,1
39.953,-75.165,1
39.953,-75.165,1
39.953,-75.165,1
39.953,-75.165,1
39.953,-75.165,1
39.953,-75.165,1
39.953,-75.165,1
39.953,-75.165,1
39.953,-75.165,1
39.953,-75.165,1
39.953,-75.165,1
39.953,-75.165,1
39.953,-75.165,1
39.953,-75.165,1
39.953,-75.165,1
39.953,-75.165,1
39.953,-75.165,1
39.953,-75.165,1
39.953,-75.165,1
39.953,-75.165,1
39.953,-75.165,1
39.953,-75.165,1
39.953,-75.165,1
39.953,-75.165,1
39.953,-75.165,1
39.953,-75.165,1
39.953,-75.165,1
39.953,-75.165,1
39.953,-75.165,1
39.953,-75.165,1
39.953,-75.165,1
39.953,-75.165,1
39.953,-75.165,1
39.953,-75.165,1
39.953,-75.165,1
39.953,-75.165,1
39.953,-75.165,1
39.953,-75.165,1
39.953,-75.165,1
39.953,-75.165,1
39.953,-75.165,1
39.953,-75.165,1
39.953,-75.165,1
39.953,-75.165,1
39.953,-75.165,1
39.953,-75.165,1
39.953,-75.165,1
39.953,-75.165,1
39.953,-75.165,1
39.953,-75.165,1
39.953,-75.165,1
39.953,-75.165,1
39.953,-75.165,1
39.953,-75.165,1
39.953,-75.165,1
39.953,-75.165,1
39.953,-75.165,1
39.953,-75.165,1
39.953,-75.165,1
39.953,-75.165,1
39.953,-75.165,1
39.953,-75.165,1
39.953,-75.165,1
39.953,-75.165,1
39.953,-75.165,1
39.953,-75.165,1
39.953,-75.165,1
39.953,-75.165,1
39.953,-75.165,1
39.953,-75.165,1
39.953,-75.165,1
39.953,-75.165,1
39.953,-75.165,1
39.953,-75.165,1
39.953,-75.165,1
39.953,-75.165,1
39.953,-75.165,1
39.953,-75.165,1
39.953,-75.165,1
39.953,-75.165,1
39.953,-75.165,1
39.953,-75.165,1
39.953,-75.165,1
39.953,-75.165,1
39.953,-75.165,1
39.953,-75.165,1
39.953,-75.165,1
39.953,-75.165,1
39.953,-75.165,1
39.953,-75.165,1
39.953,-75.165,1
39.953,-75.165,1
39.953,-75.165,1
39.953,-75.165,1
39.953,-75.165,1
39.953,-75.165,1
39.953,-75.165,1
39.953,-75.165,1
39.953,-75.165,1
39.953,-75.165,1
39.953,-75.165,1
39.953,-75.165,1
39.953,-75.165,1
39.953,-75.165,1
39.953,-75.165,1
39.953,-75.165,1
39.953,-75.165,1
39.953,-75.165,1
39.953,-75.165,1
39.953,-75.165,1
39.953,-75.165,1
39.953,-75.165,1
39.953,-75.165,1
39.953,-75.165,1
39.953,-75.165,1
39.953,-75.165,1
39.953,-75.165,1
39.953,-75.165,1
39.953,-75.165,1
39.953,-75.165,1
39.953,-75.165,1
39.953,-75.165,1
39.953,-75.165,1
39.953,-75.165,1
39.953,-75.165,1
39.953,-75.165,1
39.953,-75.165,1
39.953,-75.165,1
39.953,-75.165,1
39.953,-75.165,1
39.953,-75.165,1
39.953,-75.165,1
39.953,-75.165,1
39.953,-75.165,1
39.953,-75.165,1
39.953,-75.165,1
39.953,-75.165,1
39.953,-75.165,1
39.953,-75.165,1
39.953,-75.165,1
39.953,-75.165,1
39.953,-75.165,1
39.953,-75.165,1
39.953,-75.165,1
39.953,-75.165,1
39.953,-75.165,1
39.953,-75.165,1
39.953,-75.165,1
39.953,-75.165,1
39.953,-75.165,1
39.953,-75.165,1
39.953,-75.165,1
39.953,-75.165,1
39.953,-75.165,1
39.953,-75.165,1
39.953,-75.165,1
39.953,-75.165,1
39.953,-75.165,1
39.953,-75.165,1
39.953,-75.165,1
39.953,-75.165,1
39.953,-75.165,1
39.953,-75.165,1
39.953,-75.165,1
39.953,-75.165,1
39.953,-75.165,1
39.953,-75.165,1
39.953,-75.165,1
39.953,-75.165,1
39.953,-75.165,1
39.953,-75.165,1
39.953,-75.165,1
39.953,-75.165,1
39.953,-75.165,1
39.953,-75.165,1
39.953,-75.165,1
39.953,-75.165,1
39.953,-75.165,1
39.953,-75.165,1
39.953,-75.165,1
39.953,-75.165,1
39.953,-75.165,1
39.953,-75.165,1
39.953,-75.165,1
39.953,-75.165,1
39.953,-75.165,1
39.953,-75.165,1
39.953,-75.165,1
39.953,-75.165,1
39.953,-75.165,1
39.953,-75.165,1
39.953,-75.165,1
39.953,-75.165,1
39.953,-75.165,1
39.953,-75.165,1
39.953,-75.165,1
39.953,-75.165,1
39.953,-75.165,1
39.953,-75.165,1
39.953,-75.165,1
39.953,-75.165,1
39.953,-75.165,1
39.953,-75.165,1
39.953,-75.165,1
39.953,-75.165,1
39.953,-75.165,1
39.953,-75.165,1
39.953,-75.165,1
39.953,-75.165,1
39.953,-75.165,1
39.953,-75.165,1
39.953,-75.165,1
39.953,-75.165,1
39.953,-75.165,1
39.953,-75.165,1
39.953,-75.165,1
39.953,-75.165,1
39.953,-75.165,1
39.953,-75.165,1
39.953,-75.165,1
39.953,-75.165,1
39.953,-75.165,1
39.953,-75.165,1
39.953,-75.165,1
39.953,-75.165,1
39.953,-75.165,1
39.953,-75.165,1
39.953,-75.165,1
39.953,-75.165,1
39.953,-75.165,1
39.953,-75.165,1
39.953,-75.165,1
39.953,-75.165,1
39.953,-75.165,1
39.953,-75.165,1
39.953,-75.165,1
39.953,-75.165,1
39.953,-75.165,1
39.953,-75.165,1
39.953,-75.165,1
39.953,-75.165,1
39.953,-75.165,1
39.953,-75.165,1
39.953,-75.165,1
39.953,-75.165,1
39.953,-75.165,1
39.953,-75.165,1
39.953,-75.165,1
39.953,-75.165,1
39.953,-75.165,1
39.953,-75.165,1
39.953,-75.165,1
39.953,-75.165,1
39.953,-75.165,1
39.953,-75.165,1
39.953,-75.165,1
39.953,-75.165,1
39.953,-75.165,1
39.953,-75.165,1
39.953,-75.165,1
39.953,-75.165,1
39.953,-75.165,1
39.953,-75.165,1
39.953,-75.165,1
39.953,-75.165,1
39.953,-75.165,1
39.953,-75.165,1
39.953,-75.165,1
39.953,-75.165,1
39.953,-75.165,1
39.953,-75.165,1
39.953,-75.165,1
39.953,-75.165,1
39.953,-75.165,1
39.953,-75.165,1
39.953,-75.165,1
39.953,-75.165,1
39.953,-75.165,1
39.953,-75.165,1
39.953,-75.165,1
39.953,-75.165,1
39.953,-75.165,1
39.953,-75.165,1
39.953,-75.165,1
39.953,-75.165,1
39.953,-75.165,1
39.953,-75.165,1
39.953,-75.165,1
39.953,-75.165,1
39.953,-75.165,1
39.953,-75.165,1
39.953,-75.165,1
39.953,-75.165,1
39.953,-75.165,1
39.953,-75.165,1
39.953,-75.165,1
39.953,-75.165,1
39.953,-75.165,1
39.953,-75.165,1
39.953,-75.165,1
39.953,-75.165,1
39.953,-75.165,1
39.953,-75.165,1
39.953,-75.165,1
39.953,-75.165,1
39.953,-75.165,1
39.953,-75.165,1
39.953,-75.165,1
39.953,-75.165,1
39.953,-75.165,1
39.953,-75.165,1
39.953,-75.165,1
39.953,-75.165,1
39.953,-75.165,1
39.953,-75.165,1
39.953,-75.165,1
39.953,-75.165,1
39.953,-75.165,1
39.953,-75.165,1
39.953,-75.165,1
39.953,-75.165,1
39.953,-75.165,1
39.953,-75.165,1
39.953,-75.165,1
39.953,-75.165,1
39.953,-75.165,1
39.953,-75.165,1
39.953,-75.165,1
39.953,-75.165,1
39.953,-75.165,1
39.953,-75.165,1
39.953,-75.165,1
39.953,-75.165,1
39.953,-75.165,1
39.953,-75.165,1
39.953,-75.165,1
39.953,-75.165,1
39.953,-75.165,1
39.953,-75.165,1
39.953,-75.165,1
39.953,-75.165,1
39.953,-75.165,1
39.953,-75.165,1
39.953,-75.165,1
39.953,-75.165,1
39.953,-75.165,1
39.953,-75.165,1
39.953,-75.165,1
39.953,-75.165,1
39.953,-75.165,1
39.953,-75.165,1
39.953,-75.165,1
39.953,-75.165,1
39.953,-75.165,1
39.953,-75.165,1
39.953,-75.165,1
39.953,-75.165,1
39.953,-75.165,1
39.953,-75.165,1
39.953,-75.165,1
39.953,-75.165,1
39.953,-75.165,1
39.953,-75.165,1
39.953,-75.165,1
39.953,-75.165,1
39.953,-75.165,1
39.953,-75.165,1
39.953,-75.165,1
39.953,-75.165,1
39.953,-75.165,1
39.953,-75.165,1
39.953,-75.165,1
39.953,-75.165,1
39.953,-75.165,1
39.953,-75.165,1
39.953,-75.165,1
39.953,-75.165,1
39.953,-75.165,1
39.953,-75.165,1
39.953,-75.165,1
39.953,-75.165,1
39.953,-75.165,1
39.953,-75.165,1
39.953,-75.165,1
39.953,-75.165,1
39.953,-75.165,1
39.953,-75.165,1
39.953,-75.165,1
39.953,-75.165,1
39.953,-75.165,1
39.953,-75.165,1
39.953,-75.165,1
39.953,-75.165,1
39.953,-75.165,1
39.953,-75.165,1
39.953,-75.165,1
39.953,-75.165,1
39.953,-75.165,1
39.953,-75.165,1
39.953,-75.165,1
39.953,-75.165,1
39.953,-75.165,1
39.953,-75.165,1
39.953,-75.165,1
39.953,-75.165,1
39.953,-75.165,1
39.953,-75.165,1
39.953,-75.165,1
39.953,-75.165,1
39.953,-75.165,1
39.953,-75.165,1
39.953,-75.165,1
39.953,-75.165,1
39.953,-75.165,1
39.953,-75.165,1
39.953,-75.165,1
39.953,-75.165,1
39.953,-75.165,1
39.953,-75.165,1
39.953,-75.165,1
39.953,-75.165,1
39.953,-75.165,1
39.953,-75.165,1
39.953,-75.165,1
39.953,-75.165,1
39.953,-75.165,1
39.953,-75.165,1
39.953,-75.165,1
39.953,-75.165,1
39.953,-75.165,1
39.953,-75.165,1
39.953,-75.165,1
39.953,-75.165,1
39.953,-75.165,1
39.953,-75.165,1
39.953,-75.165,1
39.953,-75.165,1
39.953,-75.165,1
39.953,-75.165,1
39.953,-75.165,1
39.953,-75.165,1
39.953,-75.165,1
39.953,-75.165,1
39.953,-75.165,1
39.953,-75.165,1
39.953,-75.165,1
39.953,-75.165,1
39.953,-75.165,1
39.953,-75.165,1
39.953,-75.165,1
39.953,-75.165,1
39.953,-75.165,1
39.953,-75.165,1
39.953,-75.165,1
39.953,-75.165,1
39.953,-75.165,1
39.953,-75.165,1
39.953,-75.165,1
39.953,-75.165,1
39.953,-75.165,1
39.953,-75.165,1
39.953,-75.165,1
39.953,-75.165,1
39.953,-75.165,1
39.953,-75.165,1
39.953,-75.165,1
39.953,-75.165,1
39.953,-75.165,1
39.953,-75.165,1
39.953,-75.165,1
39.953,-75.165,1
39.953,-75.165,1
39.953,-75.165,1
39.953,-75.165,1
39.953,-75.165,1
39.953,-75.165,1
39.953,-75.165,1
39.953,-75.165,1
39.953,-75.165,1
39.953,-75.165,1
39.953,-75.165,1
39.953,-75.165,1
39.953,-75.165,1
39.953,-75.165,1
39.953,-75.165,1
39.953,-75.165,1
39.953,-75.165,1
39.953,-75.165,1
39.953,-75.165,1
39.953,-75.165,1
39.953,-75.165,1
39.953,-75.165,1
39.953,-75.165,1
39.953,-75.165,1
39.953,-75.165,1
39.953,-75.165,1
39.953,-75.165,1
39.953,-75.165,1
39.953,-75.165,1
39.953,-75.165,1
39.953,-75.165,1
39.953,-75.165,1
39.953,-75.165,1
39.953,-75.165,1
39.953,-75.165,1
39.953,-75.165,1
39.953,-75.165,1
39.953,-75.165,1
39.953,-75.165,1
39.953,-75.165,1
39.953,-75.165,1
39.953,-75.165,1
39.953,-75.165,1
39.953,-75.165,1
39.953,-75.165,1
39.953,-75.165,1
39.953,-75.165,1
39.953,-75.165,1
39.953,-75.165,1
39.953,-75.165,1
39.953,-75.165,1
39.953,-75.165,1
39.953,-75.165,1
39.953,-75.165,1
39.953,-75.165,1
39.953,-75.165,1
39.953,-75.165,1
39.953,-75.165,1
39.953,-75.165,1
39.953,-75.165,1
39.953,-75.165,1
39.953,-75.165,1
39.953,-75.165,1
39.953,-75.165,1
39.953,-75.165,1
39.953,-75.165,1
39.953,-75.165,1
39.953,-75.165,1
39.953,-75.165,1
39.953,-75.165,1
39.953,-75.165,1
39.953,-75.165,1
39.953,-75.165,1
39.953,-75.165,1
39.953,-75.165,1
39.953,-75.165,1
39.953,-75.165,1
39.953,-75.165,1
39.953,-75.165,1
39.953,-75.165,1
39.953,-75.165,1
39.953,-75.165,1
39.953,-75.165,1
39.953,-75.165,1
39.953,-75.165,1
39.953,-75.165,1
39.953,-75.165,1
39.953,-75.165,1
39.953,-75.165,1
39.953,-75.165,1
39.953,-75.165,1
39.953,-75.165,1
39.953,-75.165,1
39.953,-75.165,1
39.953,-75.165,1
39.953,-75.165,1
39.953,-75.165,1
39.953,-75.165,1
39.953,-75.165,1
39.953,-75.165,1
39.953,-75.165,1
39.953,-75.165,1
39.953,-75.165,1
39.953,-75.165,1
39.953,-75.165,1
39.953,-75.165,1
39.953,-75.165,1
39.953,-75.165,1
39.953,-75.165,1
39.953,-75.165,1
39.953,-75.165,1
39.953,-75.165,1
39.953,-75.165,1
39.953,-75.165,1
39.953,-75.165,1
39.953,-75.165,1
39.953,-75.165,1
39.953,-75.165,1
39.953,-75.165,1
39.953,-75.165,1
39.953,-75.165,1
39.953,-75.165,1
39.953,-75.165,1
39.953,-75.165,1
39.953,-75.165,1
39.953,-75.165,1
39.953,-75.165,1
39.953,-75.165,1
39.953,-75.165,1
39.953,-75.165,1
39.953,-75.165,1
39.953,-75.165,1
39.953,-75.165,1
39.953,-75.165,1
39.953,-75.165,1
39.953,-75.165,1
39.953,-75.165,1
39.953,-75.165,1
39.953,-75.165,1
39.953,-75.165,1
39.953,-75.165,1
39.953,-75.165,1
39.953,-75.165,1
39.953,-75.165,1
39.953,-75.165,1
39.953,-75.165,1
39.953,-75.165,1
39.953,-75.165,1
39.953,-75.165,1
39.953,-75.165,1
39.953,-75.165,1
39.953,-75.165,1
39.953,-75.165,1
39.953,-75.165,1
39.953,-75.165,1
39.953,-75.165,1
39.953,-75.165,1
39.953,-75.165,1
39.953,-75.165,1
39.953,-75.165,1
39.953,-75.165,1
39.953,-75.165,1
39.953,-75.165,1
39.953,-75.165,1
39.953,-75.165,1
39.953,-75.165,1
39.953,-75.165,1
39.953,-75.165,1
39.953,-75.165,1
39.953,-75.165,1
39.953,-75.165,1
39.953,-75.165,1
39.953,-75.165,1
39.953,-75.165,1
39.953,-75.165,1
39.953,-75.165,1
39.953,-75.165,1
39.953,-75.165,1
39.953,-75.165,1
39.953,-75.165,1
39.953,-75.165,1
39.953,-75.165,1
39.953,-75.165,1
39.953,-75.165,1
39.953,-75.165,1
39.953,-75.165,1
39.953,-75.165,1
39.953,-75.165,1
39.953,-75.165,1
39.953,-75.165,1
39.953,-75.165,1
39.953,-75.165,1
39.953,-75.165,1
39.953,-75.165,1
39.953,-75.165,1
39.953,-75.165,1
39.953,-75.165,1
39.953,-75.165,1
39.953,-75.165,1
39.953,-75.165,1
39.953,-75.165,1
39.953,-75.165,1
39.953,-75.165,1
39.953,-75.165,1
39.953,-75.165,1
39.953,-75.165,1
39.953,-75.165,1
39.953,-75.165,1
39.953,-75.165,1
39.953,-75.165,1
39.953,-75.165,1
39.953,-75.165,1
39.953,-75.165,1
39.953,-75.165,1
39.953,-75.165,1
39.953,-75.165,1
39.953,-75.165,1
39.953,-75.165,1
39.953,-75.165,1
39.953,-75.165,1
39.953,-75.165,1
39.953,-75.165,1
39.953,-75.165,1
39.953,-75.165,1
39.953,-75.165,1
39.953,-75.165,1
39.953,-75.165,1
39.953,-75.165,1
39.953,-75.165,1
39.953,-75.165,1
39.953,-75.165,1
39.953,-75.165,1
39.953,-75.165,1
39.953,-75.165,1
39.953,-75.165,1
39.953,-75.165,1
39.953,-75.165,1
39.953,-75.165,1
39.953,-75.165,1
39.953,-75.165,1
39.953,-75.165,1
39.953,-75.165,1
39.953,-75.165,1
39.953,-75.165,1
39.953,-75.165,1
39.953,-75.165,1
39.953,-75.165,1
39.953,-75.165,1
39.953,-75.165,1
39.953,-75.165,1
39.953,-75.165,1
39.953,-75.165,1
39.953,-75.165,1
39.953,-75.165,1
39.953,-75.165,1
39.953,-75.165,1
39.953,-75.165,1
39.953,-75.165,1
39.953,-75.165,1
39.953,-75.165,1
39.953,-75.165,1
39.953,-75.165,1
39.953,-75.165,1
39.953,-75.165,1
39.953,-75.165,1
39.953,-75.165,1
39.953,-75.165,1
39.953,-75.165,1
39.953,-75.165,1
39.953,-75.165,1
39.953,-75.165,1
39.953,-75.165,1
39.953,-75.165,1
39.953,-75.165,1
39.953,-75.165,1
39.953,-75.165,1
39.953,-75.165,1
39.953,-75.165,1
39.953,-75.165,1
39.953,-75.165,1
39.953,-75.165,1
39.953,-75.165,1
39.953,-75.165,1
39.953,-75.165,1
39.953,-75.165,1
39.953,-75.165,1
39.953,-75.165,1
39.953,-75.165,1
39.953,-75.165,1
39.953,-75.165,1
39.953,-75.165,1
39.953,-75.165,1
39.953,-75.165,1
39.953,-75.165,1
39.953,-75.165,1
39.953,-75.165,1
39.953,-75.165,1
39.953,-75.165,1
39.953,-75.165,1
39.953,-75.165,1
39.953,-75.165,1
39.953,-75.165,1
39.953,-75.165,1
39.953,-75.165,1
39.953,-75.165,1
39.953,-75.165,1
39.953,-75.165,1
39.953,-75.165,1
39.953,-75.165,1
39.953,-75.165,1
39.953,-75.165,1
39.953,-75.165,1
39.953,-75.165,1
39.953,-75.165,1
39.953,-75.165,1
39.953,-75.165,1
39.953,-75.165,1
39.953,-75.165,1
39.953,-75.165,1
39.953,-75.165,1
39.953,-75.165,1
39.953,-75.165,1
39.953,-75.165,1
39.953,-75.165,1
39.953,-75.165,1
39.953,-75.165,1
39.953,-75.165,1
39.953,-75.165,1
39.953,-75.165,1
39.953,-75.165,1
39.953,-75.165,1
39.953,-75.165,1
39.953,-75.165,1
39.953,-75.165,1
39.953,-75.165,1
39.953,-75.165,1
39.953,-75.165,1
39.953,-75.165,1
39.953,-75.165,1
39.953,-75.165,1
39.953,-75.165,1
39.953,-75.165,1
39.953,-75.165,1
39.953,-75.165,1
39.953,-75.165,1
39.953,-75.165,1
39.953,-75.165,1
39.953,-75.165,1
39.953,-75.165,1
39.953,-75.165,1
39.953,-75.165,1
39.953,-75.165,1
39.953,-75.165,1
39.953,-75.165,1
39.953,-75.165,1
39.953,-75.165,1
39.953,-75.165,1
39.953,-75.165,1
39.953,-75.165,1
39.953,-75.165,1
39.953,-75.165,1
39.953,-75.165,1
39.953,-75.165,1
39.953,-75.165,1
39.953,-75.165,1
39.953,-75.165,1
39.953,-75.165,1
39.953,-75.165,1
39.953,-75.165,1
39.953,-75.165,1
39.953,-75.165,1
39.953,-75.165,1
39.953,-75.165,1
39.953,-75.165,1
39.953,-75.165,1
39.953,-75.165,1
39.953,-75.165,1
39.953,-75.165,1
39.953,-75.165,1
39.953,-75.165,1
39.953,-75.165,1
39.953,-75.165,1
39.953,-75.165,1
39.953,-75.165,1
39.953,-75.165,1
39.953,-75.165,1
39.953,-75.165,1
39.953,-75.165,1
39.953,-75.165,1
39.953,-75.165,1
39.953,-75.165,1
39.953,-75.165,1
39.953,-75.165,1
39.953,-75.165,1
39.953,-75.165,1
39.953,-75.165,1
39.953,-75.165,1
39.953,-75.165,1
39.953,-75.165,1
39.953,-75.165,1
39.953,-75.165,1
39.953,-75.165,1
39.953,-75.165,1
39.953,-75.165,1
39.953,-75.165,1
39.953,-75.165,1
39.953,-75.165,1
39.953,-75.165,1
39.953,-75.165,1
39.953,-75.165,1
39.953,-75.165,1
39.953,-75.165,1
39.953,-75.165,1
39.953,-75.165,1
39.953,-75.165,1
39.953,-75.165,1
39.953,-75.165,1
39.953,-75.165,1
39.953,-75.165,1
39.953,-75.165,1
39.953,-75.165,1
39.953,-75.165,1
39.953,-75.165,1
39.953,-75.165,1
39.953,-75.165,1
39.953,-75.165,1
39.953,-75.165,1
39.953,-75.165,1
39.953,-75.165,1
39.953,-75.165,1
39.953,-75.165,1
39.953,-75.165,1
39.953,-75.165,1
39.953,-75.165,1
39.953,-75.165,1
39.953,-75.165,1
39.953,-75.165,1
39.953,-75.165,1
39.953,-75.165,1
39.953,-75.165,1
39.953,-75.165,1
39.953,-75.165,1
39.953,-75.165,1
39.953,-75.165,1
39.953,-75.165,1
39.953,-75.165,1
39.953,-75.165,1
39.953,-75.165,1
39.953,-75.165,1
39.953,-75.165,1
39.953,-75.165,1
39.953,-75.165,1
39.953,-75.165,1
39.953,-75.165,1
39.953,-75.165,1
39.953,-75.165,1
39.953,-75.165,1
39.953,-75.165,1
39.953,-75.165,1
39.953,-75.165,1
39.953,-75.165,1
39.953,-75.165,1
39.953,-75.165,1
39.953,-75.165,1
39.953,-75.165,1
39.953,-75.165,1
39.953,-75.165,1
39.953,-75.165,1
39.953,-75.165,1
39.953,-75.165,1
39.953,-75.165,1
39.953,-75.165,1
39.953,-75.165,1
39.953,-75.165,1
39.953,-75.165,1
39.953,-75.165,1
39.953,-75.165,1
39.953,-75.165,1
39.953,-75.165,1
39.953,-75.165,1
39.953,-75.165,1
39.953,-75.165,1
39.953,-75.165,1
39.953,-75.165,1
39.953,-75.165,1
39.953,-75.165,1
39.953,-75.165,1
39.953,-75.165,1
39.953,-75.165,1
39.953,-75.165,1
39.953,-75.165,1
39.953,-75.165,1
39.953,-75.165,1
39.953,-75.165,1
39.953,-75.165,1
39.953,-75.165,1
39.953,-75.165,1
39.953,-75.165,1
39.953,-75.165,1
39.953,-75.165,1
39.953,-75.165,1
39.953,-75.165,1
39.953,-75.165,1
39.953,-75.165,1
39.953,-75.165,1
39.953,-75.165,1
39.953,-75.165,1
39.953,-75.165,1
39.953,-75.165,1
39.953,-75.165,1
39.953,-75.165,1
39.953,-75.165,1
39.953,-75.165,1
39.953,-75.165,1
39.953,-75.165,1
39.953,-75.165,1
39.953,-75.165,1
39.953,-75.165,1
39.953,-75.165,1
39.953,-75.165,1
39.953,-75.165,1
39.953,-75.165,1
39.953,-75.165,1
39.953,-75.165,1
39.953,-75.165,1
39.953,-75.165,1
39.953,-75.165,1
39.953,-75.165,1
39.953,-75.165,1
39.953,-75.165,1
39.953,-75.165,1
39.953,-75.165,1
39.953,-75.165,1
39.953,-75.165,1
39.953,-75.165,1
39.953,-75.165,1
39.953,-75.165,1
39.953,-75.165,1
39.953,-75.165,1
39.953,-75.165,1
39.953,-75.165,1
39.953,-75.165,1
39.953,-75.165,1
39.953,-75.165,1
39.953,-75.165,1
39.953,-75.165,1
39.953,-75.165,1
39.953,-75.165,1
39.953,-75.165,1
39.953,-75.165,1
39.953,-75.165,1
39.953,-75.165,1
39.953,-75.165,1
39.953,-75.165,1
39.953,-75.165,1
39.953,-75.165,1
39.953,-75.165,1
39.953,-75.165,1
39.953,-75.165,1
39.953,-75.165,1
39.953,-75.165,1
39.953,-75.165,1
39.953,-75.165,1
39.953,-75.165,1
39.953,-75.165,1
39.953,-75.165,1
39.953,-75.165,1
39.953,-75.165,1
39.953,-75.165,1
39.953,-75.165,1
39.953,-75.165,1
39.953,-75.165,1
39.953,-75.165,1
39.953,-75.165,1
39.953,-75.165,1
39.953,-75.165,1
39.953,-75.165,1
39.953,-75.165,1
39.953,-75.165,1
39.953,-75.165,1
39.953,-75.165,1
39.953,-75.165,1
39.953,-75.165,1
39.953,-75.165,1
39.953,-75.165,1
39.953,-75.165,1
39.953,-75.165,1
39.953,-75.165,1
39.953,-75.165,1
39.953,-75.165,1
39.953,-75.165,1
39.953,-75.165,1
39.953,-75.165,1
39.953,-75.165,1
39.953,-75.165,1
39.953,-75.165,1
39.953,-75.165,1
39.953,-75.165,1
39.953,-75.165,1
39.953,-75.165,1
39.953,-75.165,1
39.953,-75.165,1
39.953,-75.165,1
39.953,-75.165,1
39.953,-75.165,1
39.953,-75.165,1
39.953,-75.165,1
39.953,-75.165,1
39.953,-75.165,1
39.953,-75.165,1
39.953,-75.165,1
39.953,-75.165,1
39.953,-75.165,1
39.953,-75.165,1
39.953,-75.165,1
39.953,-75.165,1
39.953,-75.165,1
39.953,-75.165,1
39.953,-75.165,1
39.953,-75.165,1
39.953,-75.165,1
39.953,-75.165,1
39.953,-75.165,1
39.953,-75.165,1
39.953,-75.165,1
39.953,-75.165,1
39.953,-75.165,1
39.953,-75.165,1
39.953,-75.165,1
39.953,-75.165,1
39.953,-75.165,1
39.953,-75.165,1
39.953,-75.165,1
39.953,-75.165,1
39.953,-75.165,1
39.953,-75.165,1
39.953,-75.165,1
39.953,-75.165,1
39.953,-75.165,1
39.953,-75.165,1
39.953,-75.165,1
39.953,-75.165,1
39.953,-75.165,1
39.953,-75.165,1
39.953,-75.165,1
39.953,-75.165,1
39.953,-75.165,1
39.953,-75.165,1
39.953,-75.165,1
39.953,-75.165,1
39.953,-75.165,1
39.953,-75.165,1
39.953,-75.165,1
39.953,-75.165,1
39.953,-75.165,1
39.953,-75.165,1
39.953,-75.165,1
39.953,-75.165,1
39.953,-75.165,1
39.953,-75.165,1
39.953,-75.165,1
39.953,-75.165,1
39.953,-75.165,1
39.953,-75.165,1
39.953,-75.165,1
39.953,-75.165,1
39.953,-75.165,1
39.953,-75.165,1
39.953,-75.165,1
39.953,-75.165,1
39.953,-75.165,1
39.953,-75.165,1
39.953,-75.165,1
39.953,-75.165,1
39.953,-75.165,1
39.953,-75.165,1
39.953,-75.165,1
39.953,-75.165,1
39.953,-75.165,1
39.953,-75.165,1
39.953,-75.165,1
39.953,-75.165,1
39.953,-75.165,1
39.953,-75.165,1
39.953,-75.165,1
39.953,-75.165,1
39.953,-75.165,1
39.953,-75.165,1
39.953,-75.165,1
39.953,-75.165,1
39.953,-75.165,1
39.953,-75.165,1
39.953,-75.165,1
39.953,-75.165,1
39.953,-75.165,1
39.953,-75.165,1
39.953,-75.165,1
39.953,-75.165,1
39.953,-75.165,1
39.953,-75.165,1
39.953,-75.165,1
39.953,-75.165,1
39.953,-75.165,1
39.953,-75.165,1
39.953,-75.165,1
39.953,-75.165,1
39.953,-75.165,1
39.953,-75.165,1
39.953,-75.165,1
39.953,-75.165,1
39.953,-75.165,1
39.953,-75.165,1
39.953,-75.165,1
39.953,-75.165,1
39.953,-75.165,1
39.953,-75.165,1
39.953,-75.165,1
39.953,-75.165,1
39.953,-75.165,1
39.953,-75.165,1
39.953,-75.165,1
39.953,-75.165,1
39.953,-75.165,1
39.953,-75.165,1
39.953,-75.165,1
39.953,-75.165,1
39.953,-75.165,1
39.953,-75.165,1
39.953,-75.165,1
39.953,-75.165,1
39.953,-75.165,1
39.953,-75.165,1
39.953,-75.165,1
39.953,-75.165,1
39.953,-75.165,1
39.953,-75.165,1
39.953,-75.165,1
39.953,-75.165,1
39.953,-75.165,1
39.953,-75.165,1
39.953,-75.165,1
39.953,-75.165,1
39.953,-75.165,1
39.953,-75.165,1
39.953,-75.165,1
39.953,-75.165,1
39.953,-75.165,1
39.953,-75.165,1
39.953,-75.165,1
39.953,-75.165,1
39.953,-75.165,1
39.953,-75.165,1
39.953,-75.165,1
39.953,-75.165,1
39.953,-75.165,1
39.953,-75.165,1
39.953,-75.165,1
39.953,-75.165,1
39.953,-75.165,1
39.953,-75.165,1
39.953,-75.165,1
39.953,-75.165,1
39.953,-75.165,1
39.953,-75.165,1
39.953,-75.165,1
39.953,-75.165,1
39.953,-75.165,1
39.953,-75.165,1
39.953,-75.165,1
39.953,-75.165,1
39.953,-75.165,1
39.953,-75.165,1
39.953,-75.165,1
39.953,-75.165,1
39.953,-75.165,1
39.953,-75.165,1
39.953,-75.165,1
39.953,-75.165,1
39.953,-75.165,1
39.953,-75.165,1
39.953,-75.165,1
39.953,-75.165,1
39.953,-75.165,1
39.953,-75.165,1
39.953,-75.165,1
39.953,-75.165,1
39.953,-75.165,1
39.953,-75.165,1
39.953,-75.165,1
39.953,-75.165,1
39.953,-75.165,1
39.953,-75.165,1
39.953,-75.165,1
39.953,-75.165,1
39.953,-75.165,1
39.953,-75.165,1
39.953,-75.165,1
39.953,-75.165,1
39.953,-75.165,1
39.953,-75.165,1
39.953,-75.165,1
39.953,-75.165,1
39.953,-75.165,1
39.953,-75.165,1
39.953,-75.165,1
39.953,-75.165,1
39.953,-75.165,1
39.953,-75.165,1
39.953,-75.165,1
39.953,-75.165,1
39.953,-75.165,1
39.953,-75.165,1
39.953,-75.165,1
39.953,-75.165,1
39.953,-75.165,1
39.953,-75.165,1
39.953,-75.165,1
39.953,-75.165,1
39.953,-75.165,1
39.953,-75.165,1
39.953,-75.165,1
39.953,-75.165,1
39.953,-75.165,1
39.953,-75.165,1
39.953,-75.165,1
39.953,-75.165,1
39.953,-75.165,1
39.953,-75.165,1
39.953,-75.165,1
39.953,-75.165,1
39.953,-75.165,1
39.953,-75.165,1
39.953,-75.165,1
39.953,-75.165,1
39.953,-75.165,1
39.953,-75.165,1
39.953,-75.165,1
39.953,-75.165,1
39.953,-75.165,1
39.953,-75.165,1
39.953,-75.165,1
39.953,-75.165,1
39.953,-75.165,1
39.953,-75.165,1
39.953,-75.165,1
39.953,-75.165,1
39.953,-75.165,1
39.953,-75.165,1
39.953,-75.165,1
39.953,-75.165,1
39.953,-75.165,1
39.953,-75.165,1
39.953,-75.165,1
39.953,-75.165,1
39.953,-75.165,1
39.953,-75.165,1
39.953,-75.165,1
39.953,-75.165,1
39.953,-75.165,1
39.953,-75.165,1
39.953,-75.165,1
39.953,-75.165,1
39.953,-75.165,1
39.953,-75.165,1
39.953,-75.165,1
39.953,-75.165,1
39.953,-75.165,1
39.953,-75.165,1
39.953,-75.165,1
39.953,-75.165,1
39.953,-75.165,1
39.953,-75.165,1
39.953,-75.165,1
39.953,-75.165,1
39.953,-75.165,1
39.953,-75.165,1
39.953,-75.165,1
39.953,-75.165,1
39.953,-75.165,1
39.953,-75.165,1
39.953,-75.165,1
39.953,-75.165,1
39.953,-75.165,1
39.953,-75.165,1
39.953,-75.165,1
39.953,-75.165,1
39.953,-75.165,1
39.953,-75.165,1
39.953,-75.165,1
39.953,-75.165,1
39.953,-75.165,1
39.953,-75.165,1
39.953,-75.165,1
39.953,-75.165,1
39.953,-75.165,1
39.953,-75.165,1
39.953,-75.165,1
39.953,-75.165,1
39.953,-75.165,1
39.953,-75.165,1
39.953,-75.165,1
39.953,-75.165,1
39.953,-75.165,1
39.953,-75.165,1
39.953,-75.165,1
39.953,-75.165,1
39.953,-75.165,1
39.953,-75.165,1
39.953,-75.165,1
39.953,-75.165,1
39.953,-75.165,1
39.953,-75.165,1
39.953,-75.165,1
39.953,-75.165,1
39.953,-75.165,1
39.953,-75.165,1
39.953,-75.165,1
39.953,-75.165,1
39.953,-75.165,1
39.953,-75.165,1
39.953,-75.165,1
39.953,-75.165,1
39.953,-75.165,1
39.953,-75.165,1
39.953,-75.165,1
39.953,-75.165,1
39.953,-75.165,1
39.953,-75.165,1
39.953,-75.165,1
39.953,-75.165,1
39.953,-75.165,1
39.953,-75.165,1
39.953,-75.165,1
39.953,-75.165,1
39.953,-75.165,1
39.953,-75.165,1
39.953,-75.165,1
39.953,-75.165,1
39.953,-75.165,1
39.953,-75.165,1
39.953,-75.165,1
39.953,-75.165,1
39.953,-75.165,1
39.953,-75.165,1
39.953,-75.165,1
39.953,-75.165,1
39.953,-75.165,1
39.953,-75.165,1
39.953,-75.165,1
39.953,-75.165,1
39.953,-75.165,1
39.953,-75.165,1
39.953,-75.165,1
39.953,-75.165,1
39.953,-75.165,1
39.953,-75.165,1
39.953,-75.165,1
39.953,-75.165,1
39.953,-75.165,1
39.953,-75.165,1
39.953,-75.165,1
39.953,-75.165,1
39.953,-75.165,1
39.953,-75.165,1
39.953,-75.165,1
39.953,-75.165,1
39.953,-75.165,1
39.953,-75.165,1
39.953,-75.165,1
39.953,-75.165,1
39.953,-75.165,1
39.953,-75.165,1
39.953,-75.165,1
39.953,-75.165,1
39.953,-75.165,1
39.953,-75.165,1
39.953,-75.165,1
39.953,-75.165,1
39.953,-75.165,1
39.953,-75.165,1
39.953,-75.165,1
39.953,-75.165,1
39.953,-75.165,1
39.953,-75.165,1
39.953,-75.165,1
39.953,-75.165,1
39.953,-75.165,1
39.953,-75.165,1
39.953,-75.165,1
39.953,-75.165,1
39.953,-75.165,1
39.953,-75.165,1
39.953,-75.165,1
39.953,-75.165,1
39.953,-75.165,1
39.953,-75.165,1
39.953,-75.165,1
39.953,-75.165,1
39.953,-75.165,1
39.953,-75.165,1
39.953,-75.165,1
39.953,-75.165,1
39.953,-75.165,1
39.953,-75.165,1
39.953,-75.165,1
39.953,-75.165,1
39.953,-75.165,1
39.953,-75.165,1
39.953,-75.165,1
39.953,-75.165,1
39.953,-75.165,1
39.953,-75.165,1
39.953,-75.165,1
39.953,-75.165,1
39.953,-75.165,1
39.953,-75.165,1
39.953,-75.165,1
39.953,-75.165,1
39.953,-75.165,1
39.953,-75.165,1
39.953,-75.165,1
39.953,-75.165,1
39.953,-75.165,1
39.953,-75.165,1
39.953,-75.165,1
39.953,-75.165,1
39.953,-75.165,1
39.953,-75.165,1
39.953,-75.165,1
39.953,-75.165,1
39.953,-75.165,1
39.953,-75.165,1
39.953,-75.165,1
39.953,-75.165,1
39.953,-75.165,1
39.953,-75.165,1
39.953,-75.165,1
39.953,-75.165,1
39.953,-75.165,1
39.953,-75.165,1
39.953,-75.165,1
39.953,-75.165,1
39.953,-75.165,1
39.953,-75.165,1
39.953,-75.165,1
39.953,-75.165,1
39.953,-75.165,1
39.953,-75.165,1
39.953,-75.165,1
39.953,-75.165,1
39.953,-75.165,1
39.953,-75.165,1
39.953,-75.165,1
39.953,-75.165,1
39.953,-75.165,1
39.953,-75.165,1
39.953,-75.165,1
39.953,-75.165,1
39.953,-75.165,1
39.953,-75.165,1
39.953,-75.165,1
39.953,-75.165,1
39.953,-75.165,1
39.953,-75.165,1
39.953,-75.165,1
39.953,-75.165,1
39.953,-75.165,1
39.953,-75.165,1
39.953,-75.165,1
39.953,-75.165,1
39.953,-75.165,1
39.953,-75.165,1
39.953,-75.165,1
39.953,-75.165,1
39.953,-75.165,1
39.953,-75.165,1
39.953,-75.165,1
39.953,-75.165,1
39.953,-75.165,1
39.953,-75.165,1
39.953,-75.165,1
39.953,-75.165,1
39.953,-75.165,1
39.953,-75.165,1
39.953,-75.165,1
39.953,-75.165,1
39.953,-75.165,1
39.953,-75.165,1
39.953,-75.165,1
39.953,-75.165,1
39.953,-75.165,1
39.953,-75.165,1
39.953,-75.165,1
39.953,-75.165,1
39.953,-75.165,1
39.953,-75.165,1
39.953,-75.165,1
39.953,-75.165,1
39.953,-75.165,1
39.953,-75.165,1
39.953,-75.165,1
39.953,-75.165,1
39.953,-75.165,1
39.953,-75.165,1
39.953,-75.165,1
39.953,-75.165,1
39.953,-75.165,1
39.953,-75.165,1
39.953,-75.165,1
39.953,-75.165,1
39.953,-75.165,1
39.953,-75.165,1
39.953,-75.165,1
39.953,-75.165,1
39.953,-75.165,1
39.953,-75.165,1
39.953,-75.165,1
39.953,-75.165,1
39.953,-75.165,1
39.953,-75.165,1
39.953,-75.165,1
39.953,-75.165,1
39.953,-75.165,1
39.953,-75.165,1
39.953,-75.165,1
39.953,-75.165,1
39.953,-75.165,1
39.953,-75.165,1
39.953,-75.165,1
39.953,-75.165,1
39.953,-75.165,1
39.953,-75.165,1
39.953,-75.165,1
39.953,-75.165,1
39.953,-75.165,1
39.953,-75.165,1
39.953,-75.165,1
39.953,-75.165,1
39.953,-75.165,1
39.953,-75.165,1
39.953,-75.165,1
39.953,-75.165,1
39.953,-75.165,1
39.953,-75.165,1
39.953,-75.165,1
39.953,-75.165,1
39.953,-75.165,1
39.953,-75.165,1
39.953,-75.165,1
39.953,-75.165,1
39.953,-75.165,1
39.953,-75.165,1
39.953,-75.165,1
39.953,-75.165,1
39.953,-75.165,1
39.953,-75.165,1
39.953,-75.165,1
39.953,-75.165,1
39.953,-75.165,1
39.953,-75.165,1
39.953,-75.165,1
39.953,-75.165,1
39.953,-75.165,1
39.953,-75.165,1
39.953,-75.165,1
39.953,-75.165,1
39.953,-75.165,1
39.953,-75.165,1
39.953,-75.165,1
39.953,-75.165,1
39.953,-75.165,1
39.953,-75.165,1
39.953,-75.165,1
39.953,-75.165,1
39.953,-75.165,1
39.953,-75.165,1
39.953,-75.165,1
39.953,-75.165,1
39.953,-75.165,1
39.953,-75.165,1
39.953,-75.165,1
39.953,-75.165,1
39.953,-75.165,1
39.953,-75.165,1
39.953,-75.165,1
39.953,-75.165,1
39.953,-75.165,1
39.953,-75.165,1
39.953,-75.165,1
39.953,-75.165,1
39.953,-75.165,1
39.953,-75.165,1
39.953,-75.165,1
39.953,-75.165,1
39.953,-75.165,1
39.953,-75.165,1
39.953,-75.165,1
39.953,-75.165,1
39.953,-75.165,1
39.953,-75.165,1
39.953,-75.165,1
39.953,-75.165,1
39.953,-75.165,1
39.953,-75.165,1
39.953,-75.165,1
39.953,-75.165,1
39.953,-75.165,1
39.953,-75.165,1
39.953,-75.165,1
39.953,-75.165,1
39.953,-75.165,1
39.953,-75.165,1
39.953,-75.165,1
39.953,-75.165,1
39.953,-75.165,1
39.953,-75.165,1
39.953,-75.165,1
39.953,-75.165,1
39.953,-75.165,1
39.953,-75.165,1
39.953,-75.165,1
39.953,-75.165,1
39.953,-75.165,1
39.953,-75.165,1
39.953,-75.165,1
39.953,-75.165,1
39.953,-75.165,1
39.953,-75.165,1
39.953,-75.165,1
39.953,-75.165,1
39.953,-75.165,1
39.953,-75.165,1
39.953,-75.165,1
39.953,-75.165,1
39.953,-75.165,1
39.953,-75.165,1
39.953,-75.165,1
39.953,-75.165,1
39.953,-75.165,1
39.953,-75.165,1
39.953,-75.165,1
39.953,-75.165,1
39.953,-75.165,1
39.953,-75.165,1
39.953,-75.165,1
39.953,-75.165,1
39.953,-75.165,1
39.953,-75.165,1
39.953,-75.165,1
39.953,-75.165,1
39.953,-75.165,1
39.953,-75.165,1
39.953,-75.165,1
39.953,-75.165,1
39.953,-75.165,1
39.953,-75.165,1
39.953,-75.165,1
39.953,-75.165,1
39.953,-75.165,1
39.953,-75.165,1
39.953,-75.165,1
39.953,-75.165,1
39.953,-75.165,1
39.953,-75.165,1
39.953,-75.165,1
39.953,-75.165,1
39.953,-75.165,1
39.953,-75.165,1
39.953,-75.165,1
39.953,-75.165,1
39.953,-75.165,1
39.953,-75.165,1
39.953,-75.165,1
39.953,-75.165,1
39.953,-75.165,1
39.953,-75.165,1
39.953,-75.165,1
39.953,-75.165,1
39.953,-75.165,1
39.953,-75.165,1
39.953,-75.165,1
39.953,-75.165,1
39.953,-75.165,1
39.953,-75.165,1
39.953,-75.165,1
39.953,-75.165,1
39.953,-75.165,1
39.953,-75.165,1
39.953,-75.165,1
39.953,-75.165,1
39.953,-75.165,1
39.953,-75.165,1
39.953,-75.165,1
39.953,-75.165,1
39.953,-75.165,1
39.953,-75.165,1
39.953,-75.165,1
39.953,-75.165,1
39.953,-75.165,1
39.953,-75.165,1
39.953,-75.165,1
39.953,-75.165,1
39.953,-75.165,1
39.953,-75.165,1
39.953,-75.165,1
39.953,-75.165,1
39.953,-75.165,1
39.953,-75.165,1
39.953,-75.165,1
39.953,-75.165,1
39.953,-75.165,1
39.953,-75.165,1
39.953,-75.165,1
39.953,-75.165,1
39.953,-75.165,1
39.953,-75.165,1
39.953,-75.165,1
39.953,-75.165,1
39.953,-75.165,1
39.953,-75.165,1
39.953,-75.165,1
39.953,-75.165,1
39.953,-75.165,1
39.953,-75.165,1
39.953,-75.165,1
39.953,-75.165,1
39.953,-75.165,1
39.953,-75.165,1
39.953,-75.165,1
39.953,-75.165,1
39.953,-75.165,1
39.953,-75.165,1
39.953,-75.165,1
39.953,-75.165,1
39.953,-75.165,1
39.953,-75.165,1
39.953,-75.165,1
39.953,-75.165,1
39.953,-75.165,1
39.953,-75.165,1
39.953,-75.165,1
39.953,-75.165,1
39.953,-75.165,1
39.953,-75.165,1
39.953,-75.165,1
39.953,-75.165,1
39.953,-75.165,1
39.953,-75.165,1
39.953,-75.165,1
39.953,-75.165,1
39.953,-75.165,1
39.953,-75.165,1
39.953,-75.165,1
39.953,-75.165,1
39.953,-75.165,1
39.953,-75.165,1
39.953,-75.165,1
39.953,-75.165,1
39.953,-75.165,1
39.953,-75.165,1
39.953,-75.165,1
39.953,-75.165,1
39.953,-75.165,1
39.953,-75.165,1
39.953,-75.165,1
39.953,-75.165,1
39.953,-75.165,1
39.953,-75.165,1
39.953,-75.165,1
39.953,-75.165,1
39.953,-75.165,1
39.953,-75.165,1
39.953,-75.165,1
39.953,-75.165,1
39.953,-75.165,1
39.953,-75.165,1
39.953,-75.165,1
39.953,-75.165,1
39.953,-75.165,1
39.953,-75.165,1
39.953,-75.165,1
39.953,-75.165,1
39.953,-75.165,1
39.953,-75.165,1
39.953,-75.165,1
39.953,-75.165,1
39.953,-75.165,1
39.953,-75.165,1
39.953,-75.165,1
39.953,-75.165,1
39.953,-75.165,1
39.953,-75.165,1
39.953,-75.165,1
39.953,-75.165,1
39.953,-75.165,1
39.953,-75.165,1
39.953,-75.165,1
39.953,-75.165,1
39.953,-75.165,1
39.953,-75.165,1
39.953,-75.165,1
39.953,-75.165,1
39.953,-75.165,1
39.953,-75.165,1
39.953,-75.165,1
39.953,-75.165,1
39.953,-75.165,1
39.953,-75.165,1
39.953,-75.165,1
39.953,-75.165,1
39.953,-75.165,1
39.953,-75.165,1
39.953,-75.165,1
39.953,-75.165,1
39.953,-75.165,1
39.953,-75.165,1
39.953,-75.165,1
39.953,-75.165,1
39.953,-75.165,1
39.953,-75.165,1
39.953,-75.165,1
39.953,-75.165,1
39.953,-75.165,1
39.953,-75.165,1
39.953,-75.165,1
39.953,-75.165,1
39.953,-75.165,1
39.953,-75.165,1
39.953,-75.165,1
39.953,-75.165,1
39.953,-75.165,1
39.953,-75.165,1
39.953,-75.165,1
39.953,-75.165,1
39.953,-75.165,1
39.953,-75.165,1
39.953,-75.165,1
39.953,-75.165,1
39.953,-75.165,1
39.953,-75.165,1
39.953,-75.165,1
39.953,-75.165,1
39.953,-75.165,1
39.953,-75.165,1
39.953,-75.165,1
39.953,-75.165,1
39.953,-75.165,1
39.953,-75.165,1
39.953,-75.165,1
39.953,-75.165,1
39.953,-75.165,1
39.953,-75.165,1
39.953,-75.165,1
39.953,-75.165,1
39.953,-75.165,1
39.953,-75.165,1
39.953,-75.165,1
39.953,-75.165,1
39.953,-75.165,1
39.953,-75.165,1
39.953,-75.165,1
39.953,-75.165,1
39.953,-75.165,1
39.953,-75.165,1
39.953,-75.165,1
39.953,-75.165,1
39.953,-75.165,1
39.953,-75.165,1
39.953,-75.165,1
39.953,-75.165,1
39.953,-75.165,1
39.953,-75.165,1
39.953,-75.165,1
39.953,-75.165,1
39.953,-75.165,1
39.953,-75.165,1
39.953,-75.165,1
39.953,-75.165,1
39.953,-75.165,1
39.953,-75.165,1
39.953,-75.165,1
39.953,-75.165,1
39.953,-75.165,1
39.953,-75.165,1
39.953,-75.165,1
39.953,-75.165,1
39.953,-75.165,1
39.953,-75.165,1
39.953,-75.165,1
39.953,-75.165,1
39.953,-75.165,1
39.953,-75.165,1
39.953,-75.165,1
39.953,-75.165,1
39.953,-75.165,1
39.953,-75.165,1
39.953,-75.165,1
39.953,-75.165,1
39.953,-75.165,1
39.953,-75.165,1
39.953,-75.165,1
39.953,-75.165,1
39.953,-75.165,1
39.953,-75.165,1
39.953,-75.165,1
39.953,-75.165,1
39.953,-75.165,1
39.953,-75.165,1
39.953,-75.165,1
39.953,-75.165,1
39.953,-75.165,1
39.953,-75.165,1
39.953,-75.165,1
39.953,-75.165,1
39.953,-75.165,1
39.953,-75.165,1
39.953,-75.165,1
39.953,-75.165,1
39.953,-75.165,1
39.953,-75.165,1
39.953,-75.165,1
39.953,-75.165,1
39.953,-75.165,1
39.953,-75.165,1
39.953,-75.165,1
39.953,-75.165,1
39.953,-75.165,1
39.953,-75.165,1
39.953,-75.165,1
39.953,-75.165,1
39.953,-75.165,1
39.953,-75.165,1
39.953,-75.165,1
39.953,-75.165,1
39.953,-75.165,1
39.953,-75.165,1
39.953,-75.165,1
39.953,-75.165,1
39.953,-75.165,1
39.953,-75.165,1
39.953,-75.165,1
39.953,-75.165,1
39.953,-75.165,1
39.953,-75.165,1
39.953,-75.165,1
39.953,-75.165,1
39.953,-75.165,1
39.953,-75.165,1
39.953,-75.165,1
39.953,-75.165,1
39.953,-75.165,1
39.953,-75.165,1
39.953,-75.165,1
39.953,-75.165,1
39.953,-75.165,1
39.953,-75.165,1
39.953,-75.165,1
39.953,-75.165,1
39.953,-75.165,1
39.953,-75.165,1
39.953,-75.165,1
39.953,-75.165,1
39.953,-75.165,1
39.953,-75.165,1
39.953,-75.165,1
39.953,-75.165,1
39.953,-75.165,1
39.953,-75.165,1
39.953,-75.165,1
39.953,-75.165,1
39.953,-75.165,1
39.953,-75.165,1
39.953,-75.165,1
39.953,-75.165,1
39.953,-75.165,1
39.953,-75.165,1
39.953,-75.165,1
39.953,-75.165,1
39.953,-75.165,1
39.953,-75.165,1
39.953,-75.165,1
39.953,-75.165,1
39.953,-75.165,1
39.953,-75.165,1
39.953,-75.165,1
39.953,-75.165,1
39.953,-75.165,1
39.953,-75.165,1
39.953,-75.165,1
39.953,-75.165,1
39.953,-75.165,1
39.953,-75.165,1
39.953,-75.165,1
39.953,-75.165,1
39.953,-75.165,1
39.953,-75.165,1
39.953,-75.165,1
39.953,-75.165,1
39.953,-75.165,1
39.953,-75.165,1
39.953,-75.165,1
39.953,-75.165,1
39.953,-75.165,1
39.953,-75.165,1
39.953,-75.165,1
39.953,-75.165,1
39.953,-75.165,1
39.953,-75.165,1
39.953,-75.165,1
39.953,-75.165,1
39.953,-75.165,1
39.953,-75.165,1
39.953,-75.165,1
39.953,-75.165,1
39.953,-75.165,1
39.953,-75.165,1
39.953,-75.165,1
39.953,-75.165,1
39.953,-75.165,1
39.953,-75.165,1
39.953,-75.165,1
39.953,-75.165,1
39.953,-75.165,1
39.953,-75.165,1
39.953,-75.165,1
39.953,-75.165,1
39.953,-75.165,1
39.953,-75.165,1
39.953,-75.165,1
39.953,-75.165,1
39.953,-75.165,1
39.953,-75.165,1
39.953,-75.165,1
39.953,-75.165,1
39.953,-75.165,1
39.953,-75.165,1
39.953,-75.165,1
39.953,-75.165,1
39.953,-75.165,1
39.953,-75.165,1
39.953,-75.165,1
39.953,-75.165,1
39.953,-75.165,1
39.953,-75.165,1
39.953,-75.165,1
39.953,-75.165,1
39.953,-75.165,1
39.953,-75.165,1
39.953,-75.165,1
39.953,-75.165,1
39.953,-75.165,1
39.953,-75.165,1
39.953,-75.165,1
39.953,-75.165,1
39.953,-75.165,1
39.953,-75.165,1
39.953,-75.165,1
39.953,-75.165,1
39.953,-75.165,1
39.953,-75.165,1
39.953,-75.165,1
39.953,-75.165,1
39.953,-75.165,1
39.953,-75.165,1
39.953,-75.165,1
39.953,-75.165,1
39.953,-75.165,1
39.953,-75.165,1
39.953,-75.165,1
39.953,-75.165,1
39.953,-75.165,1
39.953,-75.165,1
39.953,-75.165,1
39.953,-75.165,1
39.953,-75.165,1
39.953,-75.165,1
39.953,-75.165,1
39.953,-75.165,1
39.953,-75.165,1
39.953,-75.165,1
39.953,-75.165,1
39.953,-75.165,1
39.953,-75.165,1
39.953,-75.165,1
39.953,-75.165,1
39.953,-75.165,1
39.953,-75.165,1
39.953,-75.165,1
39.953,-75.165,1
39.953,-75.165,1
39.953,-75.165,1
39.953,-75.165,1
39.953,-75.165,1
39.953,-75.165,1
39.953,-75.165,1
39.953,-75.165,1
39.953,-75.165,1
39.953,-75.165,1
39.953,-75.165,1
39.953,-75.165,1
39.953,-75.165,1
39.953,-75.165,1
39.953,-75.165,1
39.953,-75.165,1
39.953,-75.165,1
39.953,-75.165,1
39.953,-75.165,1
39.953,-75.165,1
39.953,-75.165,1
39.953,-75.165,1
39.953,-75.165,1
39.953,-75.165,1
39.953,-75.165,1
39.953,-75.165,1
39.953,-75.165,1
39.953,-75.165,1
39.953,-75.165,1
39.953,-75.165,1
39.953,-75.165,1
39.953,-75.165,1
39.953,-75.165,1
39.953,-75.165,1
39.953,-75.165,1
39.953,-75.165,1
39.953,-75.165,1
39.953,-75.165,1
39.953,-75.165,1
39.953,-75.165,1
39.953,-75.165,1
39.953,-75.165,1
39.953,-75.165,1
39.953,-75.165,1
39.953,-75.165,1
39.953,-75.165,1
39.953,-75.165,1
39.953,-75.165,1
39.953,-75.165,1
39.953,-75.165,1
39.953,-75.165,1
39.953,-75.165,1
39.953,-75.165,1
39.953,-75.165,1
39.953,-75.165,1
39.953,-75.165,1
39.953,-75.165,1
39.953,-75.165,1
39.953,-75.165,1
39.953,-75.165,1
39.953,-75.165,1
39.953,-75.165,1
39.953,-75.165,1
39.953,-75.165,1
39.953,-75.165,1
39.953,-75.165,1
39.953,-75.165,1
39.953,-75.165,1
39.953,-75.165,1
39.953,-75.165,1
39.953,-75.165,1
39.953,-75.165,1
39.953,-75.165,1
39.953,-75.165,1
39.953,-75.165,1
39.953,-75.165,1
39.953,-75.165,1
39.953,-75.165,1
39.953,-75.165,1
39.953,-75.165,1
39.953,-75.165,1
39.953,-75.165,1
39.953,-75.165,1
39.953,-75.165,1
39.953,-75.165,1
39.953,-75.165,1
39.953,-75.165,1
39.953,-75.165,1
39.953,-75.165,1
39.953,-75.165,1
39.953,-75.165,1
39.953,-75.165,1
39.953,-75.165,1
39.953,-75.165,1
39.953,-75.165,1
39.953,-75.165,1
39.953,-75.165,1
39.953,-75.165,1
39.953,-75.165,1
39.953,-75.165,1
39.953,-75.165,1
39.953,-75.165,1
39.953,-75.165,1
39.953,-75.165,1
39.953,-75.165,1
39.953,-75.165,1
39.953,-75.165,1
39.953,-75.165,1
39.953,-75.165,1
39.953,-75.165,1
39.953,-75.165,1
39.953,-75.165,1
39.953,-75.165,1
39.953,-75.165,1
39.953,-75.165,1
39.953,-75.165,1
39.953,-75.165,1
39.953,-75.165,1
39.953,-75.165,1
39.953,-75.165,1
39.953,-75.165,1
39.953,-75.165,1
39.953,-75.165,1
39.953,-75.165,1
39.953,-75.165,1
39.953,-75.165,1
39.953,-75.165,1
39.953,-75.165,1
39.953,-75.165,1
39.953,-75.165,1
39.953,-75.165,1
39.953,-75.165,1
39.953,-75.165,1
39.953,-75.165,1
39.953,-75.165,1
39.953,-75.165,1
39.953,-75.165,1
39.953,-75.165,1
39.953,-75.165,1
39.953,-75.165,1
39.953,-75.165,1
39.953,-75.165,1
39.953,-75.165,1
39.953,-75.165,1
39.953,-75.165,1
39.953,-75.165,1
39.953,-75.165,1
39.953,-75.165,1
39.953,-75.165,1
39.953,-75.165,1
39.953,-75.165,1
39.953,-75.165,1
39.953,-75.165,1
39.953,-75.165,1
39.953,-75.165,1
39.953,-75.165,1
39.953,-75.165,1
39.953,-75.165,1
39.953,-75.165,1
39.953,-75.165,1
39.953,-75.165,1
39.953,-75.165,1
39.953,-75.165,1
39.953,-75.165,1
39.953,-75.165,1
39.953,-75.165,1
39.953,-75.165,1
39.953,-75.165,1
39.953,-75.165,1
39.953,-75.165,1
39.953,-75.165,1
39.953,-75.165,1
39.953,-75.165,1
39.953,-75.165,1
39.953,-75.165,1
39.953,-75.165,1
39.953,-75.165,1
39.953,-75.165,1
39.953,-75.165,1
39.953,-75.165,1
39.953,-75.165,1
39.953,-75.165,1
39.953,-75.165,1
39.953,-75.165,1
39.953,-75.165,1
39.953,-75.165,1
39.953,-75.165,1
39.953,-75.165,1
39.953,-75.165,1
39.953,-75.165,1
39.953,-75.165,1
39.953,-75.165,1
39.953,-75.165,1
39.953,-75.165,1
39.953,-75.165,1
39.953,-75.165,1
39.953,-75.165,1
39.953,-75.165,1
39.953,-75.165,1
39.953,-75.165,1
39.953,-75.165,1
39.953,-75.165,1
39.953,-75.165,1
39.953,-75.165,1
39.953,-75.165,1
39.953,-75.165,1
39.953,-75.165,1
39.953,-75.165,1
39.953,-75.165,1
39.953,-75.165,1
39.953,-75.165,1
39.953,-75.165,1
39.953,-75.165,1
39.953,-75.165,1
39.953,-75.165,1
39.953,-75.165,1
39.953,-75.165,1
39.953,-75.165,1
39.953,-75.165,1
39.953,-75.165,1
39.953,-75.165,1
39.953,-75.165,1
39.953,-75.165,1
39.953,-75.165,1
39.953,-75.165,1
39.953,-75.165,1
39.953,-75.165,1
39.953,-75.165,1
39.953,-75.165,1
39.953,-75.165,1
39.953,-75.165,1
39.953,-75.165,1
39.953,-75.165,1
39.953,-75.165,1
39.953,-75.165,1
39.953,-75.165,1
39.953,-75.165,1
39.953,-75.165,1
39.953,-75.165,1
39.953,-75.165,1
39.953,-75.165,1
39.953,-75.165,1
39.953,-75.165,1
39.953,-75.165,1
39.953,-75.165,1
39.953,-75.165,1
39.953,-75.165,1
39.953,-75.165,1
39.953,-75.165,1
39.953,-75.165,1
39.953,-75.165,1
39.953,-75.165,1
39.953,-75.165,1
39.953,-75.165,1
39.953,-75.165,1
39.953,-75.165,1
39.953,-75.165,1
39.953,-75.165,1
39.953,-75.165,1
39.953,-75.165,1
39.953,-75.165,1
39.953,-75.165,1
39.953,-75.165,1
39.953,-75.165,1
39.953,-75.165,1
39.953,-75.165,1
39.953,-75.165,1
39.953,-75.165,1
39.953,-75.165,1
39.953,-75.165,1
39.953,-75.165,1
39.953,-75.165,1
39.953,-75.165,1
39.953,-75.165,1
39.953,-75.165,1
39.953,-75.165,1
39.953,-75.165,1
39.953,-75.165,1
39.953,-75.165,1
39.953,-75.165,1
39.953,-75.165,1
39.953,-75.165,1
39.953,-75.165,1
39.953,-75.165,1
39.953,-75.165,1
39.953,-75.165,1
39.953,-75.165,1
39.953,-75.165,1
39.953,-75.165,1
39.953,-75.165,1
39.953,-75.165,1
39.953,-75.165,1
39.953,-75.165,1
39.953,-75.165,1
39.953,-75.165,1
39.953,-75.165,1
39.953,-75.165,1
39.953,-75.165,1
39.953,-75.165,1
39.953,-75.165,1
39.953,-75.165,1
39.953,-75.165,1
39.953,-75.165,1
39.953,-75.165,1
39.953,-75.165,1
39.953,-75.165,1
39.953,-75.165,1
39.953,-75.165,1
39.953,-75.165,1
39.953,-75.165,1
39.953,-75.165,1
39.953,-75.165,1
39.953,-75.165,1
39.953,-75.165,1
39.953,-75.165,1
39.953,-75.165,1
39.953,-75.165,1
39.953,-75.165,1
39.953,-75.165,1
39.953,-75.165,1
39.953,-75.165,1
39.953,-75.165,1
39.953,-75.165,1
39.953,-75.165,1
39.953,-75.165,1
39.953,-75.165,1
39.953,-75.165,1
39.953,-75.165,1
39.953,-75.165,1
39.953,-75.165,1
39.953,-75.165,1
39.953,-75.165,1
39.953,-75.165,1
39.953,-75.165,1
39.953,-75.165,1
39.953,-75.165,1
39.953,-75.165,1
39.953,-75.165,1
39.953,-75.165,1
39.953,-75.165,1
39.953,-75.165,1
39.953,-75.165,1
39.953,-75.165,1
39.953,-75.165,1
39.953,-75.165,1
39.953,-75.165,1
39.953,-75.165,1
39.953,-75.165,1
39.953,-75.165,1
39.953,-75.165,1
39.953,-75.165,1
39.953,-75.165,1
39.953,-75.165,1
39.953,-75.165,1
39.953,-75.165,1
39.953,-75.165,1
39.953,-75.165,1
39.953,-75.165,1
39.953,-75.165,1
39.953,-75.165,1
39.953,-75.165,1
39.953,-75.165,1
39.953,-75.165,1
39.953,-75.165,1
39.953,-75.165,1
39.953,-75.165,1
39.953,-75.165,1
39.953,-75.165,1
39.953,-75.165,1
39.953,-75.165,1
39.953,-75.165,1
39.953,-75.165,1
39.953,-75.165,1
39.953,-75.165,1
39.953,-75.165,1
39.953,-75.165,1
39.953,-75.165,1
39.953,-75.165,1
39.953,-75.165,1
39.953,-75.165,1
39.953,-75.165,1
39.953,-75.165,1
39.953,-75.165,1
39.953,-75.165,1
39.953,-75.165,1
39.953,-75.165,1
39.953,-75.165,1
39.953,-75.165,1
39.953,-75.165,1
39.953,-75.165,1
39.953,-75.165,1
39.953,-75.165,1
39.953,-75.165,1
39.953,-75.165,1
39.953,-75.165,1
39.953,-75.165,1
39.953,-75.165,1
39.953,-75.165,1
39.953,-75.165,1
39.953,-75.165,1
39.953,-75.165,1
39.953,-75.165,1
39.953,-75.165,1
39.953,-75.165,1
39.953,-75.165,1
39.953,-75.165,1
39.953,-75.165,1
39.953,-75.165,1
39.953,-75.165,1
39.953,-75.165,1
39.953,-75.165,1
39.953,-75.165,1
39.953,-75.165,1
39.953,-75.165,1
39.953,-75.165,1
39.953,-75.165,1
39.953,-75.165,1
39.953,-75.165,1
39.953,-75.165,1
39.953,-75.165,1
39.953,-75.165,1
39.953,-75.165,1
39.953,-75.165,1
39.953,-75.165,1
39.953,-75.165,1
39.953,-75.165,1
39.953,-75.165,1
39.953,-75.165,1
39.953,-75.165,1
39.953,-75.165,1
39.953,-75.165,1
39.953,-75.165,1
39.953,-75.165,1
39.953,-75.165,1
39.953,-75.165,1
39.953,-75.165,1
39.953,-75.165,1
39.953,-75.165,1
39.953,-75.165,1
39.953,-75.165,1
39.953,-75.165,1
39.953,-75.165,1
39.953,-75.165,1
39.953,-75.165,1
39.953,-75.165,1
39.953,-75.165,1
39.953,-75.165,1
39.953,-75.165,1
39.953,-75.165,1
39.953,-75.165,1
39.953,-75.165,1
39.953,-75.165,1
39.953,-75.165,1
39.953,-75.165,1
39.953,-75.165,1
39.953,-75.165,1
39.953,-75.165,1
39.953,-75.165,1
39.953,-75.165,1
39.953,-75.165,1
39.953,-75.165,1
39.953,-75.165,1
39.953,-75.165,1
39.953,-75.165,1
39.953,-75.165,1
39.953,-75.165,1
39.953,-75.165,1
39.953,-75.165,1
39.953,-75.165,1
39.953,-75.165,1
39.953,-75.165,1
39.953,-75.165,1
39.953,-75.165,1
39.953,-75.165,1
39.953,-75.165,1
39.953,-75.165,1
39.953,-75.165,1
39.953,-75.165,1
39.953,-75.165,1
39.953,-75.165,1
39.953,-75.165,1
39.953,-75.165,1
39.953,-75.165,1
39.953,-75.165,1
39.953,-75.165,1
39.953,-75.165,1
39.953,-75.165,1
39.953,-75.165,1
39.953,-75.165,1
39.953,-75.165,1
39.953,-75.165,1
39.953,-75.165,1
39.953,-75.165,1
39.953,-75.165,1
39.953,-75.165,1
39.953,-75.165,1
39.953,-75.165,1
39.953,-75.165,1
39.953,-75.165,1
39.953,-75.165,1
39.953,-75.165,1
39.953,-75.165,1
39.953,-75.165,1
39.953,-75.165,1
39.953,-75.165,1
39.953,-75.165,1
39.953,-75.165,1
39.953,-75.165,1
39.953,-75.165,1
39.953,-75.165,1
39.953,-75.165,1
39.953,-75.165,1
39.953,-75.165,1
39.953,-75.165,1
39.953,-75.165,1
39.953,-75.165,1
39.953,-75.165,1
39.953,-75.165,1
39.953,-75.165,1
39.953,-75.165,1
39.953,-75.165,1
39.953,-75.165,1
39.953,-75.165,1
39.953,-75.165,1
39.953,-75.165,1
39.953,-75.165,1
39.953,-75.165,1
39.953,-75.165,1
39.953,-75.165,1
39.953,-75.165,1
39.953,-75.165,1
39.953,-75.165,1
39.953,-75.165,1
39.953,-75.165,1
39.953,-75.165,1
39.953,-75.165,1
39.953,-75.165,1
39.953,-75.165,1
39.953,-75.165,1
39.953,-75.165,1
39.953,-75.165,1
39.953,-75.165,1
39.953,-75.165,1
39.953,-75.165,1
39.953,-75.165,1
39.953,-75.165,1
39.953,-75.165,1
39.953,-75.165,1
39.953,-75.165,1
39.953,-75.165,1
39.953,-75.165,1
39.953,-75.165,1
39.953,-75.165,1
39.953,-75.165,1
39.953,-75.165,1
39.953,-75.165,1
39.953,-75.165,1
39.953,-75.165,1
39.953,-75.165,1
39.953,-75.165,1
39.953,-75.165,1
39.953,-75.165,1
39.953,-75.165,1
39.953,-75.165,1
39.953,-75.165,1
39.953,-75.165,1
39.953,-75.165,1
39.953,-75.165,1
39.953,-75.165,1
39.953,-75.165,1
39.953,-75.165,1
39.953,-75.165,1
39.953,-75.165,1
39.953,-75.165,1
39.953,-75.165,1
39.953,-75.165,1
39.953,-75.165,1
39.953,-75.165,1
39.953,-75.165,1
39.953,-75.165,1
39.953,-75.165,1
39.953,-75.165,1
39.953,-75.165,1
39.953,-75.165,1
39.953,-75.165,1
39.953,-75.165,1
39.953,-75.165,1
39.953,-75.165,1
39.953,-75.165,1
39.953,-75.165,1
39.953,-75.165,1
39.953,-75.165,1
39.953,-75.165,1
39.953,-75.165,1
39.953,-75.165,1
39.953,-75.165,1
39.953,-75.165,1
39.953,-75.165,1
39.953,-75.165,1
39.953,-75.165,1
39.953,-75.165,1
39.953,-75.165,1
39.953,-75.165,1
39.953,-75.165,1
39.953,-75.165,1
39.953,-75.165,1
39.953,-75.165,1
39.953,-75.165,1
39.953,-75.165,1
39.953,-75.165,1
39.953,-75.165,1
39.953,-75.165,1
39.953,-75.165,1
39.953,-75.165,1
39.953,-75.165,1
39.953,-75.165,1
39.953,-75.165,1
39.953,-75.165,1
39.953,-75.165,1
39.953,-75.165,1
39.953,-75.165,1
39.953,-75.165,1
39.953,-75.165,1
39.953,-75.165,1
39.953,-75.165,1
39.953,-75.165,1
39.953,-75.165,1
39.953,-75.165,1
39.953,-75.165,1
39.953,-75.165,1
39.953,-75.165,1
39.953,-75.165,1
39.953,-75.165,1
39.953,-75.165,1
39.953,-75.165,1
39.953,-75.165,1
39.953,-75.165,1
39.953,-75.165,1
39.953,-75.165,1
39.953,-75.165,1
39.953,-75.165,1
39.953,-75.165,1
39.953,-75.165,1
39.953,-75.165,1
39.953,-75.165,1
39.953,-75.165,1
39.953,-75.165,1
39.953,-75.165,1
39.953,-75.165,1
39.953,-75.165,1
39.953,-75.165,1
39.953,-75.165,1
39.953,-75.165,1
39.953,-75.165,1
39.953,-75.165,1
39.953,-75.165,1
39.953,-75.165,1
39.953,-75.165,1
39.953,-75.165,1
39.953,-75.165,1
39.953,-75.165,1
39.953,-75.165,1
39.953,-75.165,1
39.953,-75.165,1
39.953,-75.165,1
39.953,-75.165,1
39.953,-75.165,1
39.953,-75.165,1
39.953,-75.165,1
39.953,-75.165,1
39.953,-75.165,1
39.953,-75.165,1
39.953,-75.165,1
39.953,-75.165,1
39.953,-75.165,1
39.953,-75.165,1
39.953,-75.165,1
39.953,-75.165,1
39.953,-75.165,1
39.953,-75.165,1
39.953,-75.165,1
39.953,-75.165,1
39.953,-75.165,1
39.953,-75.165,1
39.953,-75.165,1
39.953,-75.165,1
39.953,-75.165,1
39.953,-75.165,1
39.953,-75.165,1
39.953,-75.165,1
39.953,-75.165,1
39.953,-75.165,1
39.953,-75.165,1
39.953,-75.165,1
39.953,-75.165,1
39.953,-75.165,1
39.953,-75.165,1
39.953,-75.165,1
39.953,-75.165,1
39.953,-75.165,1
39.953,-75.165,1
39.953,-75.165,1
39.953,-75.165,1
39.953,-75.165,1
39.953,-75.165,1
39.953,-75.165,1
39.953,-75.165,1
39.953,-75.165,1
39.953,-75.165,1
39.953,-75.165,1
39.953,-75.165,1
39.953,-75.165,1
39.953,-75.165,1
39.953,-75.165,1
39.953,-75.165,1
39.953,-75.165,1
39.953,-75.165,1
39.953,-75.165,1
39.953,-75.165,1
39.953,-75.165,1
39.953,-75.165,1
39.953,-75.165,1
39.953,-75.165,1
39.953,-75.165,1
39.953,-75.165,1
39.953,-75.165,1
39.953,-75.165,1
39.953,-75.165,1
39.953,-75.165,1
39.953,-75.165,1
39.953,-75.165,1
39.953,-75.165,1
39.953,-75.165,1
39.953,-75.165,1
39.953,-75.165,1
39.953,-75.165,1
39.953,-75.165,1
39.953,-75.165,1
39.953,-75.165,1
39.953,-75.165,1
39.953,-75.165,1
39.953,-75.165,1
39.953,-75.165,1
39.953,-75.165,1
39.953,-75.165,1
39.953,-75.165,1
39.953,-75.165,1
39.953,-75.165,1
39.953,-75.165,1
39.953,-75.165,1
39.953,-75.165,1
39.953,-75.165,1
39.953,-75.165,1
39.953,-75.165,1
39.953,-75.165,1
39.953,-75.165,1
39.953,-75.165,1
39.953,-75.165,1
39.953,-75.165,1
39.953,-75.165,1
39.953,-75.165,1
39.953,-75.165,1
39.953,-75.165,1
39.953,-75.165,1
39.953,-75.165,1
39.953,-75.165,1
39.953,-75.165,1
39.953,-75.165,1
39.953,-75.165,1
39.953,-75.165,1
39.953,-75.165,1
39.953,-75.165,1
39.953,-75.165,1
39.953,-75.165,1
39.953,-75.165,1
39.953,-75.165,1
39.953,-75.165,1
39.953,-75.165,1
39.953,-75.165,1
39.953,-75.165,1
39.953,-75.165,1
39.953,-75.165,1
39.953,-75.165,1
39.953,-75.165,1
39.953,-75.165,1
39.953,-75.165,1
39.953,-75.165,1
39.953,-75.165,1
39.953,-75.165,1
39.953,-75.165,1
39.953,-75.165,1
39.953,-75.165,1
39.953,-75.165,1
39.953,-75.165,1
39.953,-75.165,1
39.953,-75.165,1
39.953,-75.165,1
39.953,-75.165,1
39.953,-75.165,1
39.953,-75.165,1
39.953,-75.165,1
39.953,-75.165,1
39.953,-75.165,1
39.953,-75.165,1
39.953,-75.165,1
39.953,-75.165,1
39.953,-75.165,1
39.953,-75.165,1
39.953,-75.165,1
39.953,-75.165,1
39.953,-75.165,1
39.953,-75.165,1
39.953,-75.165,1
39.953,-75.165,1
39.953,-75.165,1
39.953,-75.165,1
39.953,-75.165,1
39.953,-75.165,1
39.953,-75.165,1
39.953,-75.165,1
39.953,-75.165,1
39.953,-75.165,1
39.953,-75.165,1
39.953,-75.165,1
39.953,-75.165,1
39.953,-75.165,1
39.953,-75.165,1
39.953,-75.165,1
39.953,-75.165,1
39.953,-75.165,1
39.953,-75.165,1
39.953,-75.165,1
39.953,-75.165,1
39.953,-75.165,1
39.953,-75.165,1
39.953,-75.165,1
39.953,-75.165,1
39.953,-75.165,1
39.953,-75.165,1
39.953,-75.165,1
39.953,-75.165,1
39.953,-75.165,1
39.953,-75.165,1
39.953,-75.165,1
39.953,-75.165,1
39.953,-75.165,1
39.953,-75.165,1
39.953,-75.165,1
39.953,-75.165,1
39.953,-75.165,1
39.953,-75.165,1
39.953,-75.165,1
39.953,-75.165,1
39.953,-75.165,1
39.953,-75.165,1
39.953,-75.165,1
39.953,-75.165,1
39.953,-75.165,1
39.953,-75.165,1
39.953,-75.165,1
39.953,-75.165,1
39.953,-75.165,1
39.953,-75.165,1
39.953,-75.165,1
39.953,-75.165,1
39.953,-75.165,1
39.953,-75.165,1
39.953,-75.165,1
39.953,-75.165,1
39.953,-75.165,1
39.953,-75.165,1
39.953,-75.165,1
39.953,-75.165,1
39.953,-75.165,1
39.953,-75.165,1
39.953,-75.165,1
39.953,-75.165,1
39.953,-75.165,1
39.953,-75.165,1
39.953,-75.165,1
39.953,-75.165,1
39.953,-75.165,1
39.953,-75.165,1
39.953,-75.165,1
39.953,-75.165,1
39.953,-75.165,1
39.953,-75.165,1
39.953,-75.165,1
39.953,-75.165,1
39.953,-75.165,1
39.953,-75.165,1
39.953,-75.165,1
39.953,-75.165,1
39.953,-75.165,1
39.953,-75.165,1
39.953,-75.165,1
39.953,-75.165,1
39.953,-75.165,1
39.953,-75.165,1
39.953,-75.165,1
39.953,-75.165,1
39.953,-75.165,1
39.953,-75.165,1
39.953,-75.165,1
39.953,-75.165,1
39.953,-75.165,1
39.953,-75.165,1
39.953,-75.165,1
39.953,-75.165,1
39.953,-75.165,1
39.953,-75.165,1
39.953,-75.165,1
39.953,-75.165,1
39.953,-75.165,1
39.953,-75.165,1
39.953,-75.165,1
39.953,-75.165,1
39.953,-75.165,1
39.953,-75.165,1
39.953,-75.165,1
39.953,-75.165,1
39.953,-75.165,1
39.953,-75.165,1
39.953,-75.165,1
39.953,-75.165,1
39.953,-75.165,1
39.953,-75.165,1
39.953,-75.165,1
39.953,-75.165,1
39.953,-75.165,1
39.953,-75.165,1
39.953,-75.165,1
39.953,-75.165,1
39.953,-75.165,1
39.953,-75.165,1
39.953,-75.165,1
39.953,-75.165,1
39.953,-75.165,1
39.953,-75.165,1
39.953,-75.165,1
39.953,-75.165,1
39.953,-75.165,1
39.953,-75.165,1
39.953,-75.165,1
39.953,-75.165,1
39.953,-75.165,1
39.953,-75.165,1
39.953,-75.165,1
39.953,-75.165,1
39.953,-75.165,1
39.953,-75.165,1
39.953,-75.165,1
39.953,-75.165,1
39.953,-75.165,1
39.953,-75.165,1
39.953,-75.165,1
39.953,-75.165,1
39.953,-75.165,1
39.953,-75.165,1
39.953,-75.165,1
39.953,-75.165,1
39.953,-75.165,1
39.953,-75.165,1
39.953,-75.165,1
39.953,-75.165,1
39.953,-75.165,1
39.953,-75.165,1
39.953,-75.165,1
39.953,-75.165,1
39.953,-75.165,1
39.953,-75.165,1
39.953,-75.165,1
39.953,-75.165,1
39.953,-75.165,1
39.953,-75.165,1
39.953,-75.165,1
39.953,-75.165,1
39.953,-75.165,1
39.953,-75.165,1
39.953,-75.165,1
39.953,-75.165,1
39.953,-75.165,1
39.953,-75.165,1
39.953,-75.165,1
39.953,-75.165,1
39.953,-75.165,1
39.953,-75.165,1
39.953,-75.165,1
39.953,-75.165,1
39.953,-75.165,1
39.953,-75.165,1
39.953,-75.165,1
39.953,-75.165,1
39.953,-75.165,1
39.953,-75.165,1
39.953,-75.165,1
39.953,-75.165,1
39.953,-75.165,1
39.953,-75.165,1
39.953,-75.165,1
39.953,-75.165,1
39.953,-75.165,1
39.953,-75.165,1
39.953,-75.165,1
39.953,-75.165,1
39.953,-75.165,1
39.953,-75.165,1
39.953,-75.165,1
39.953,-75.165,1
39.953,-75.165,1
39.953,-75.165,1
39.953,-75.165,1
39.953,-75.165,1
39.953,-75.165,1
39.953,-75.165,1
39.953,-75.165,1
39.953,-75.165,1
39.953,-75.165,1
39.953,-75.165,1
39.953,-75.165,1
39.953,-75.165,1
39.953,-75.165,1
39.953,-75.165,1
39.953,-75.165,1
39.953,-75.165,1
39.953,-75.165,1
39.953,-75.165,1
39.953,-75.165,1
39.953,-75.165,1
39.953,-75.165,1
39.953,-75.165,1
39.953,-75.165,1
39.953,-75.165,1
39.953,-75.165,1
39.953,-75.165,1
39.953,-75.165,1
39.953,-75.165,1
39.953,-75.165,1
39.953,-75.165,1
39.953,-75.165,1
39.953,-75.165,1
39.953,-75.165,1
39.953,-75.165,1
39.953,-75.165,1
39.953,-75.165,1
39.953,-75.165,1
39.953,-75.165,1
39.953,-75.165,1
39.953,-75.165,1
39.953,-75.165,1
39.953,-75.165,1
39.953,-75.165,1
39.953,-75.165,1
39.953,-75.165,1
39.953,-75.165,1
39.953,-75.165,1
39.953,-75.165,1
39.953,-75.165,1
39.953,-75.165,1
39.953,-75.165,1
39.953,-75.165,1
39.953,-75.165,1
39.953,-75.165,1
39.953,-75.165,1
39.953,-75.165,1
39.953,-75.165,1
39.953,-75.165,1
39.953,-75.165,1
39.953,-75.165,1
39.953,-75.165,1
39.953,-75.165,1
39.953,-75.165,1
39.953,-75.165,1
39.953,-75.165,1
39.953,-75.165,1
39.953,-75.165,1
39.953,-75.165,1
39.953,-75.165,1
39.953,-75.165,1
39.953,-75.165,1
39.953,-75.165,1
39.953,-75.165,1
39.953,-75.165,1
39.953,-75.165,1
39.953,-75.165,1
39.953,-75.165,1
39.953,-75.165,1
39.953,-75.165,1
39.953,-75.165,1
39.953,-75.165,1
39.953,-75.165,1
39.953,-75.165,1
39.953,-75.165,1
39.953,-75.165,1
39.953,-75.165,1
39.953,-75.165,1
39.953,-75.165,1
39.953,-75.165,1
39.953,-75.165,1
39.953,-75.165,1
39.953,-75.165,1
39.953,-75.165,1
39.953,-75.165,1
39.953,-75.165,1
39.953,-75.165,1
39.953,-75.165,1
39.953,-75.165,1
39.953,-75.165,1
39.953,-75.165,1
39.953,-75.165,1
39.953,-75.165,1
39.953,-75.165,1
39.953,-75.165,1
39.953,-75.165,1
39.953,-75.165,1
39.953,-75.165,1
39.953,-75.165,1
39.953,-75.165,1
39.953,-75.165,1
39.953,-75.165,1
39.953,-75.165,1
39.953,-75.165,1
39.953,-75.165,1
39.953,-75.165,1
39.953,-75.165,1
39.953,-75.165,1
39.953,-75.165,1
39.953,-75.165,1
39.953,-75.165,1
39.953,-75.165,1
39.953,-75.165,1
39.953,-75.165,1
39.953,-75.165,1
39.953,-75.165,1
39.953,-75.165,1
39.953,-75.165,1
39.953,-75.165,1
39.953,-75.165,1
39.953,-75.165,1
39.953,-75.165,1
39.953,-75.165,1
39.953,-75.165,1
39.953,-75.165,1
39.953,-75.165,1
39.953,-75.165,1
39.953,-75.165,1
39.953,-75.165,1
39.953,-75.165,1
39.953,-75.165,1
39.953,-75.165,1
39.953,-75.165,1
39.953,-75.165,1
39.953,-75.165,1
39.953,-75.165,1
39.953,-75.165,1
39.953,-75.165,1
39.953,-75.165,1
39.953,-75.165,1
39.953,-75.165,1
39.953,-75.165,1
39.953,-75.165,1
39.953,-75.165,1
39.953,-75.165,1
39.953,-75.165,1
39.953,-75.165,1
39.953,-75.165,1
39.953,-75.165,1
39.953,-75.165,1
39.953,-75.165,1
39.953,-75.165,1
39.953,-75.165,1
39.953,-75.165,1
39.953,-75.165,1
39.953,-75.165,1
39.953,-75.165,1
39.953,-75.165,1
39.953,-75.165,1
39.953,-75.165,1
39.953,-75.165,1
39.953,-75.165,1
39.953,-75.165,1
39.953,-75.165,1
39.953,-75.165,1
39.953,-75.165,1
39.953,-75.165,1
39.953,-75.165,1
39.953,-75.165,1
39.953,-75.165,1
39.953,-75.165,1
39.953,-75.165,1
39.953,-75.165,1
39.953,-75.165,1
39.953,-75.165,1
39.953,-75.165,1
39.953,-75.165,1
39.953,-75.165,1
39.953,-75.165,1
39.953,-75.165,1
39.953,-75.165,1
39.953,-75.165,1
39.953,-75.165,1
39.953,-75.165,1
39.953,-75.165,1
39.953,-75.165,1
39.953,-75.165,1
39.953,-75.165,1
39.953,-75.165,1
39.953,-75.165,1
39.953,-75.165,1
39.953,-75.165,1
39.953,-75.165,1
39.953,-75.165,1
39.953,-75.165,1
39.953,-75.165,1
39.953,-75.165,1
39.953,-75.165,1
39.953,-75.165,1
39.953,-75.165,1
39.953,-75.165,1
39.953,-75.165,1
39.953,-75.165,1
39.953,-75.165,1
39.953,-75.165,1
39.953,-75.165,1
39.953,-75.165,1
39.953,-75.165,1
39.953,-75.165,1
39.953,-75.165,1
39.953,-75.165,1
39.953,-75.165,1
39.953,-75.165,1
39.953,-75.165,1
39.953,-75.165,1
39.953,-75.165,1
39.953,-75.165,1
39.953,-75.165,1
39.953,-75.165,1
39.953,-75.165,1
39.953,-75.165,1
39.953,-75.165,1
39.953,-75.165,1
39.953,-75.165,1
39.953,-75.165,1
39.953,-75.165,1
39.953,-75.165,1
39.953,-75.165,1
39.953,-75.165,1
39.953,-75.165,1
39.953,-75.165,1
39.953,-75.165,1
39.953,-75.165,1
39.953,-75.165,1
39.953,-75.165,1
39.953,-75.165,1
39.953,-75.165,1
39.953,-75.165,1
39.953,-75.165,1
39.953,-75.165,1
39.953,-75.165,1
39.953,-75.165,1
39.953,-75.165,1
39.953,-75.165,1
39.953,-75.165,1
39.953,-75.165,1
39.953,-75.165,1
39.953,-75.165,1
39.953,-75.165,1
39.953,-75.165,1
39.953,-75.165,1
39.953,-75.165,1
39.953,-75.165,1
39.953,-75.165,1
39.953,-75.165,1
39.953,-75.165,1
39.953,-75.165,1
39.953,-75.165,1
39.953,-75.165,1
39.953,-75.165,1
39.953,-75.165,1
39.953,-75.165,1
39.953,-75.165,1
39.953,-75.165,1
39.953,-75.165,1
39.953,-75.165,1
39.953,-75.165,1
39.953,-75.165,1
39.953,-75.165,1
39.953,-75.165,1
39.953,-75.165,1
39.953,-75.165,1
39.953,-75.165,1
39.953,-75.165,1
39.953,-75.165,1
39.953,-75.165,1
39.953,-75.165,1
39.953,-75.165,1
39.953,-75.165,1
39.953,-75.165,1
39.953,-75.165,1
39.953,-75.165,1
39.953,-75.165,1
39.953,-75.165,1
39.953,-75.165,1
39.953,-75.165,1
39.953,-75.165,1
39.953,-75.165,1
39.953,-75.165,1
39.953,-75.165,1
39.953,-75.165,1
39.953,-75.165,1
39.953,-75.165,1
39.953,-75.165,1
39.953,-75.165,1
39.953,-75.165,1
39.953,-75.165,1
39.953,-75.165,1
39.953,-75.165,1
39.953,-75.165,1
39.953,-75.165,1
39.953,-75.165,1
39.953,-75.165,1
39.953,-75.165,1
39.953,-75.165,1
39.953,-75.165,1
39.953,-75.165,1
39.953,-75.165,1
39.953,-75.165,1
39.953,-75.165,1
39.953,-75.165,1
39.953,-75.165,1
39.953,-75.165,1
39.953,-75.165,1
39.953,-75.165,1
39.953,-75.165,1
39.953,-75.165,1
39.953,-75.165,1
39.953,-75.165,1
39.953,-75.165,1
39.953,-75.165,1
39.953,-75.165,1
39.953,-75.165,1
39.953,-75.165,1
39.953,-75.165,1
39.953,-75.165,1
39.953,-75.165,1
39.953,-75.165,1
39.953,-75.165,1
39.953,-75.165,1
39.953,-75.165,1
39.953,-75.165,1
39.953,-75.165,1
39.953,-75.165,1
39.953,-75.165,1
39.953,-75.165,1
39.953,-75.165,1
39.953,-75.165,1
39.953,-75.165,1
39.953,-75.165,1
39.953,-75.165,1
39.953,-75.165,1
39.953,-75.165,1
39.953,-75.165,1
39.953,-75.165,1
39.953,-75.165,1
39.953,-75.165,1
39.953,-75.165,1
39.953,-75.165,1
39.953,-75.165,1
39.953,-75.165,1
39.953,-75.165,1
39.953,-75.165,1
39.953,-75.165,1
39.953,-75.165,1
39.953,-75.165,1
39.953,-75.165,1
39.953,-75.165,1
39.953,-75.165,1
39.953,-75.165,1
39.953,-75.165,1
39.953,-75.165,1
39.953,-75.165,1
39.953,-75.165,1
39.953,-75.165,1
39.953,-75.165,1
39.953,-75.165,1
39.953,-75.165,1
39.953,-75.165,1
39.953,-75.165,1
39.953,-75.165,1
39.953,-75.165,1
39.953,-75.165,1
39.953,-75.165,1
39.953,-75.165,1
39.953,-75.165,1
39.953,-75.165,1
39.953,-75.165,1
39.953,-75.165,1
39.953,-75.165,1
39.953,-75.165,1
39.953,-75.165,1
39.953,-75.165,1
39.953,-75.165,1
39.953,-75.165,1
39.953,-75.165,1
39.953,-75.165,1
39.953,-75.165,1
39.953,-75.165,1
39.953,-75.165,1
39.953,-75.165,1
39.953,-75.165,1
39.953,-75.165,1
39.953,-75.165,1
39.953,-75.165,1
39.953,-75.165,1
39.953,-75.165,1
39.953,-75.165,1
39.953,-75.165,1
39.953,-75.165,1
39.953,-75.165,1
39.953,-75.165,1
39.953,-75.165,1
39.953,-75.165,1
39.953,-75.165,1
39.953,-75.165,1
39.953,-75.165,1
39.953,-75.165,1
39.953,-75.165,1
39.953,-75.165,1
39.953,-75.165,1
39.953,-75.165,1
39.953,-75.165,1
39.953,-75.165,1
39.953,-75.165,1
39.953,-75.165,1
39.953,-75.165,1
39.953,-75.165,1
39.953,-75.165,1
39.953,-75.165,1
39.953,-75.165,1
39.953,-75.165,1
39.953,-75.165,1
39.953,-75.165,1
39.953,-75.165,1
39.953,-75.165,1
39.953,-75.165,1
39.953,-75.165,1
39.953,-75.165,1
39.953,-75.165,1
39.953,-75.165,1
39.953,-75.165,1
39.953,-75.165,1
39.953,-75.165,1
39.953,-75.165,1
39.953,-75.165,1
39.953,-75.165,1
39.953,-75.165,1
39.953,-75.165,1
39.953,-75.165,1
39.953,-75.165,1
39.953,-75.165,1
39.953,-75.165,1
39.953,-75.165,1
39.953,-75.165,1
39.953,-75.165,1
39.953,-75.165,1
39.953,-75.165,1
39.953,-75.165,1
39.953,-75.165,1
39.953,-75.165,1
39.953,-75.165,1
39.953,-75.165,1
39.953,-75.165,1
39.953,-75.165,1
39.953,-75.165,1
39.953,-75.165,1
39.953,-75.165,1
39.953,-75.165,1
39.953,-75.165,1
39.953,-75.165,1
39.953,-75.165,1
39.953,-75.165,1
39.953,-75.165,1
39.953,-75.165,1
39.953,-75.165,1
39.953,-75.165,1
39.953,-75.165,1
39.953,-75.165,1
39.953,-75.165,1
39.953,-75.165,1
39.953,-75.165,1
39.953,-75.165,1
39.953,-75.165,1
39.953,-75.165,1
39.953,-75.165,1
39.953,-75.165,1
39.953,-75.165,1
39.953,-75.165,1
39.953,-75.165,1
39.953,-75.165,1
39.953,-75.165,1
39.953,-75.165,1
39.953,-75.165,1
39.953,-75.165,1
39.953,-75.165,1
39.953,-75.165,1
39.953,-75.165,1
39.953,-75.165,1
39.953,-75.165,1
39.953,-75.165,1
39.953,-75.165,1
39.953,-75.165,1
39.953,-75.165,1
39.953,-75.165,1
39.953,-75.165,1
39.953,-75.165,1
39.953,-75.165,1
39.953,-75.165,1
39.953,-75.165,1
39.953,-75.165,1
39.953,-75.165,1
39.953,-75.165,1
39.953,-75.165,1
39.953,-75.165,1
39.953,-75.165,1
39.953,-75.165,1
39.953,-75.165,1
39.953,-75.165,1
39.953,-75.165,1
39.953,-75.165,1
39.953,-75.165,1
39.953,-75.165,1
39.953,-75.165,1
39.953,-75.165,1
39.953,-75.165,1
39.953,-75.165,1
39.953,-75.165,1
39.953,-75.165,1
39.953,-75.165,1
39.953,-75.165,1
39.953,-75.165,1
39.953,-75.165,1
39.953,-75.165,1
39.953,-75.165,1
39.953,-75.165,1
39.953,-75.165,1
39.953,-75.165,1
39.953,-75.165,1
39.953,-75.165,1
39.953,-75.165,1
39.953,-75.165,1
39.953,-75.165,1
39.953,-75.165,1
39.953,-75.165,1
39.953,-75.165,1
39.953,-75.165,1
39.953,-75.165,1
39.953,-75.165,1
39.953,-75.165,1
39.953,-75.165,1
39.953,-75.165,1
39.953,-75.165,1
39.953,-75.165,1
39.953,-75.165,1
39.953,-75.165,1
39.953,-75.165,1
39.953,-75.165,1
39.953,-75.165,1
39.953,-75.165,1
39.953,-75.165,1
39.953,-75.165,1
39.953,-75.165,1
39.953,-75.165,1
39.953,-75.165,1
39.953,-75.165,1
39.953,-75.165,1
39.953,-75.165,1
39.953,-75.165,1
39.953,-75.165,1
39.953,-75.165,1
39.953,-75.165,1
39.953,-75.165,1
39.953,-75.165,1
39.953,-75.165,1
39.953,-75.165,1
39.953,-75.165,1
39.953,-75.165,1
39.953,-75.165,1
39.953,-75.165,1
39.953,-75.165,1
39.953,-75.165,1
39.953,-75.165,1
39.953,-75.165,1
39.953,-75.165,1
39.953,-75.165,1
39.953,-75.165,1
39.953,-75.165,1
39.953,-75.165,1
39.953,-75.165,1
39.953,-75.165,1
39.953,-75.165,1
39.953,-75.165,1
39.953,-75.165,1
39.953,-75.165,1
39.953,-75.165,1
39.953,-75.165,1
39.953,-75.165,1
39.953,-75.165,1
39.953,-75.165,1
39.953,-75.165,1
39.953,-75.165,1
39.953,-75.165,1
39.953,-75.165,1
39.953,-75.165,1
39.953,-75.165,1
39.953,-75.165,1
39.953,-75.165,1
39.953,-75.165,1
39.953,-75.165,1
39.953,-75.165,1
39.953,-75.165,1
39.953,-75.165,1
39.953,-75.165,1
39.953,-75.165,1
39.953,-75.165,1
39.953,-75.165,1
39.953,-75.165,1
39.953,-75.165,1
39.953,-75.165,1
39.953,-75.165,1
39.953,-75.165,1
39.953,-75.165,1
39.953,-75.165,1
39.953,-75.165,1
39.953,-75.165,1
39.953,-75.165,1
39.953,-75.165,1
39.953,-75.165,1
39.953,-75.165,1
39.953,-75.165,1
39.953,-75.165,1
39.953,-75.165,1
39.953,-75.165,1
39.953,-75.165,1
39.953,-75.165,1
39.953,-75.165,1
39.953,-75.165,1
39.953,-75.165,1
39.953,-75.165,1
39.953,-75.165,1
39.953,-75.165,1
39.953,-75.165,1
39.953,-75.165,1
39.953,-75.165,1
39.953,-75.165,1
39.953,-75.165,1
39.953,-75.165,1
39.953,-75.165,1
39.953,-75.165,1
39.953,-75.165,1
39.953,-75.165,1
39.953,-75.165,1
39.953,-75.165,1
39.953,-75.165,1
39.953,-75.165,1
39.953,-75.165,1
39.953,-75.165,1
39.953,-75.165,1
39.953,-75.165,1
39.953,-75.165,1
39.953,-75.165,1
39.953,-75.165,1
39.953,-75.165,1
39.953,-75.165,1
39.953,-75.165,1
39.953,-75.165,1
39.953,-75.165,1
39.953,-75.165,1
39.953,-75.165,1
39.953,-75.165,1
39.953,-75.165,1
39.953,-75.165,1
39.953,-75.165,1
39.953,-75.165,1
39.953,-75.165,1
39.953,-75.165,1
39.953,-75.165,1
39.953,-75.165,1
39.953,-75.165,1
39.953,-75.165,1
39.953,-75.165,1
39.953,-75.165,1
39.953,-75.165,1
39.953,-75.165,1
39.953,-75.165,1
39.953,-75.165,1
39.953,-75.165,1
39.953,-75.165,1
39.953,-75.165,1
39.953,-75.165,1
39.953,-75.165,1
39.953,-75.165,1
39.953,-75.165,1
39.953,-75.165,1
39.953,-75.165,1
39.953,-75.165,1
39.953,-75.165,1
39.953,-75.165,1
39.953,-75.165,1
39.953,-75.165,1
39.953,-75.165,1
39.953,-75.165,1
39.953,-75.165,1
39.953,-75.165,1
39.953,-75.165,1
39.953,-75.165,1
39.953,-75.165,1
39.953,-75.165,1
39.953,-75.165,1
39.953,-75.165,1
39.953,-75.165,1
39.953,-75.165,1
39.953,-75.165,1
39.953,-75.165,1
39.953,-75.165,1
39.953,-75.165,1
39.953,-75.165,1
39.953,-75.165,1
39.953,-75.165,1
39.953,-75.165,1
39.953,-75.165,1
39.953,-75.165,1
39.953,-75.165,1
39.953,-75.165,1
39.953,-75.165,1
39.953,-75.165,1
39.953,-75.165,1
39.953,-75.165,1
39.953,-75.165,1
39.953,-75.165,1
39.953,-75.165,1
39.953,-75.165,1
39.953,-75.165,1
39.953,-75.165,1
39.953,-75.165,1
39.953,-75.165,1
39.953,-75.165,1
39.953,-75.165,1
39.953,-75.165,1
39.953,-75.165,1
39.953,-75.165,1
39.953,-75.165,1
39.953,-75.165,1
39.953,-75.165,1
39.953,-75.165,1
39.953,-75.165,1
39.953,-75.165,1
39.953,-75.165,1
39.953,-75.165,1
39.953,-75.165,1
39.953,-75.165,1
39.953,-75.165,1
39.953,-75.165,1
39.953,-75.165,1
39.953,-75.165,1
39.953,-75.165,1
39.953,-75.165,1
39.953,-75.165,1
39.953,-75.165,1
39.953,-75.165,1
39.953,-75.165,1
39.953,-75.165,1
39.953,-75.165,1
39.953,-75.165,1
39.953,-75.165,1
39.953,-75.165,1
39.953,-75.165,1
39.953,-75.165,1
39.953,-75.165,1
39.953,-75.165,1
39.953,-75.165,1
39.953,-75.165,1
39.953,-75.165,1
39.953,-75.165,1
39.953,-75.165,1
39.953,-75.165,1
39.953,-75.165,1
39.953,-75.165,1
39.953,-75.165,1
39.953,-75.165,1
39.953,-75.165,1
39.953,-75.165,1
39.953,-75.165,1
39.953,-75.165,1
39.953,-75.165,1
39.953,-75.165,1
39.953,-75.165,1
39.953,-75.165,1
39.953,-75.165,1
39.953,-75.165,1
39.953,-75.165,1
39.953,-75.165,1
39.953,-75.165,1
39.953,-75.165,1
39.953,-75.165,1
39.953,-75.165,1
39.953,-75.165,1
39.953,-75.165,1
39.953,-75.165,1
39.953,-75.165,1
39.953,-75.165,1
39.953,-75.165,1
39.953,-75.165,1
39.953,-75.165,1
39.953,-75.165,1
39.953,-75.165,1
39.953,-75.165,1
39.953,-75.165,1
39.953,-75.165,1
39.953,-75.165,1
39.953,-75.165,1
39.953,-75.165,1
39.953,-75.165,1
39.953,-75.165,1
39.953,-75.165,1
39.953,-75.165,1
39.953,-75.165,1
39.953,-75.165,1
39.953,-75.165,1
39.953,-75.165,1
39.953,-75.165,1
39.953,-75.165,1
39.953,-75.165,1
39.953,-75.165,1
39.953,-75.165,1
39.953,-75.165,1
39.953,-75.165,1
39.953,-75.165,1
39.953,-75.165,1
39.953,-75.165,1
39.953,-75.165,1
39.953,-75.165,1
39.953,-75.165,1
39.953,-75.165,1
39.953,-75.165,1
39.953,-75.165,1
39.953,-75.165,1
39.953,-75.165,1
39.953,-75.165,1
39.953,-75.165,1
39.953,-75.165,1
39.953,-75.165,1
39.953,-75.165,1
39.953,-75.165,1
39.953,-75.165,1
39.953,-75.165,1
39.953,-75.165,1
39.953,-75.165,1
39.953,-75.165,1
39.953,-75.165,1
39.953,-75.165,1
39.953,-75.165,1
39.953,-75.165,1
39.953,-75.165,1
39.953,-75.165,1
39.953,-75.165,1
39.953,-75.165,1
39.953,-75.165,1
39.953,-75.165,1
39.953,-75.165,1
39.953,-75.165,1
39.953,-75.165,1
39.953,-75.165,1
39.953,-75.165,1
39.953,-75.165,1
39.953,-75.165,1
39.953,-75.165,1
39.953,-75.165,1
39.953,-75.165,1
39.953,-75.165,1
39.953,-75.165,1
39.953,-75.165,1
39.953,-75.165,1
39.953,-75.165,1
39.953,-75.165,1
39.953,-75.165,1
39.953,-75.165,1
39.953,-75.165,1
39.953,-75.165,1
39.953,-75.165,1
39.953,-75.165,1
39.953,-75.165,1
39.953,-75.165,1
39.953,-75.165,1
39.953,-75.165,1
39.953,-75.165,1
39.953,-75.165,1
39.953,-75.165,1
39.953,-75.165,1
39.953,-75.165,1
39.953,-75.165,1
39.953,-75.165,1
39.953,-75.165,1
39.953,-75.165,1
39.953,-75.165,1
39.953,-75.165,1
39.953,-75.165,1
39.953,-75.165,1
39.953,-75.165,1
39.953,-75.165,1
39.953,-75.165,1
39.953,-75.165,1
39.953,-75.165,1
39.953,-75.165,1
39.953,-75.165,1
39.953,-75.165,1
39.953,-75.165,1
39.953,-75.165,1
39.953,-75.165,1
39.953,-75.165,1
39.953,-75.165,1
39.953,-75.165,1
39.953,-75.165,1
39.953,-75.165,1
39.953,-75.165,1
39.953,-75.165,1
39.953,-75.165,1
39.953,-75.165,1
39.953,-75.165,1
39.953,-75.165,1
39.953,-75.165,1
39.953,-75.165,1
39.953,-75.165,1
39.953,-75.165,1
39.953,-75.165,1
39.953,-75.165,1
39.953,-75.165,1
39.953,-75.165,1
39.953,-75.165,1
39.953,-75.165,1
39.953,-75.165,1
39.953,-75.165,1
39.953,-75.165,1
39.953,-75.165,1
39.953,-75.165,1
39.953,-75.165,1
39.953,-75.165,1
39.953,-75.165,1
39.953,-75.165,1
39.953,-75.165,1
39.953,-75.165,1
39.953,-75.165,1
39.953,-75.165,1
39.953,-75.165,1
39.953,-75.165,1
39.953,-75.165,1
39.953,-75.165,1
39.953,-75.165,1
39.953,-75.165,1
39.953,-75.165,1
39.953,-75.165,1
39.953,-75.165,1
39.953,-75.165,1
39.953,-75.165,1
39.953,-75.165,1
39.953,-75.165,1
39.953,-75.165,1
39.953,-75.165,1
39.953,-75.165,1
39.953,-75.165,1
39.953,-75.165,1
39.953,-75.165,1
39.953,-75.165,1
39.953,-75.165,1
39.953,-75.165,1
39.953,-75.165,1
39.953,-75.165,1
39.953,-75.165,1
39.953,-75.165,1
39.953,-75.165,1
39.953,-75.165,1
39.953,-75.165,1
39.953,-75.165,1
39.953,-75.165,1
39.953,-75.165,1
39.953,-75.165,1
39.953,-75.165,1
39.953,-75.165,1
39.953,-75.165,1
39.953,-75.165,1
39.953,-75.165,1
39.953,-75.165,1
39.953,-75.165,1
39.953,-75.165,1
39.953,-75.165,1
39.953,-75.165,1
39.953,-75.165,1
39.953,-75.165,1
39.953,-75.165,1
39.953,-75.165,1
39.953,-75.165,1
39.953,-75.165,1
39.953,-75.165,1
39.953,-75.165,1
39.953,-75.165,1
39.953,-75.165,1
39.953,-75.165,1
39.953,-75.165,1
39.953,-75.165,1
39.953,-75.165,1
39.953,-75.165,1
39.953,-75.165,1
39.953,-75.165,1
39.953,-75.165,1
39.953,-75.165,1
39.953,-75.165,1
39.953,-75.165,1
39.953,-75.165,1
39.953,-75.165,1
39.953,-75.165,1
39.953,-75.165,1
39.953,-75.165,1
39.953,-75.165,1
39.953,-75.165,1
39.953,-75.165,1
39.953,-75.165,1
39.953,-75.165,1
39.953,-75.165,1
39.953,-75.165,1
39.953,-75.165,1
39.953,-75.165,1
39.953,-75.165,1
39.953,-75.165,1
39.953,-75.165,1
39.953,-75.165,1
39.953,-75.165,1
39.953,-75.165,1
39.953,-75.165,1
39.953,-75.165,1
39.953,-75.165,1
39.953,-75.165,1
39.953,-75.165,1
39.953,-75.165,1
39.953,-75.165,1
39.953,-75.165,1
39.953,-75.165,1
39.953,-75.165,1
39.953,-75.165,1
39.953,-75.165,1
39.953,-75.165,1
39.953,-75.165,1
39.953,-75.165,1
39.953,-75.165,1
39.953,-75.165,1
39.953,-75.165,1
39.953,-75.165,1
39.953,-75.165,1
39.953,-75.165,1
39.953,-75.165,1
39.953,-75.165,1
39.953,-75.165,1
39.953,-75.165,1
39.953,-75.165,1
39.953,-75.165,1
39.953,-75.165,1
39.953,-75.165,1
39.953,-75.165,1
39.953,-75.165,1
39.953,-75.165,1
39.953,-75.165,1
39.953,-75.165,1
39.953,-75.165,1
39.953,-75.165,1
39.953,-75.165,1
39.953,-75.165,1
39.953,-75.165,1
39.953,-75.165,1
39.953,-75.165,1
39.953,-75.165,1
39.953,-75.165,1
39.953,-75.165,1
39.953,-75.165,1
39.953,-75.165,1
39.953,-75.165,1
39.953,-75.165,1
39.953,-75.165,1
39.953,-75.165,1
39.953,-75.165,1
39.953,-75.165,1
39.953,-75.165,1
39.953,-75.165,1
39.953,-75.165,1
39.953,-75.165,1
39.953,-75.165,1
39.953,-75.165,1
39.953,-75.165,1
39.953,-75.165,1
39.953,-75.165,1
39.953,-75.165,1
39.953,-75.165,1
39.953,-75.165,1
39.953,-75.165,1
39.953,-75.165,1
39.953,-75.165,1
39.953,-75.165,1
39.953,-75.165,1
39.953,-75.165,1
39.953,-75.165,1
39.953,-75.165,1
39.953,-75.165,1
39.953,-75.165,1
39.953,-75.165,1
39.953,-75.165,1
39.953,-75.165,1
39.953,-75.165,1
39.953,-75.165,1
39.953,-75.165,1
39.953,-75.165,1
39.953,-75.165,1
39.953,-75.165,1
39.953,-75.165,1
39.953,-75.165,1
39.953,-75.165,1
39.953,-75.165,1
39.953,-75.165,1
39.953,-75.165,1
39.953,-75.165,1
39.953,-75.165,1
39.953,-75.165,1
39.953,-75.165,1
39.953,-75.165,1
39.953,-75.165,1
39.953,-75.165,1
39.953,-75.165,1
39.953,-75.165,1
39.953,-75.165,1
39.953,-75.165,1
39.953,-75.165,1
39.953,-75.165,1
39.953,-75.165,1
39.953,-75.165,1
39.953,-75.165,1
39.953,-75.165,1
39.953,-75.165,1
39.953,-75.165,1
39.953,-75.165,1
39.953,-75.165,1
39.953,-75.165,1
39.953,-75.165,1
39.953,-75.165,1
39.953,-75.165,1
39.953,-75.165,1
39.953,-75.165,1
39.953,-75.165,1
39.953,-75.165,1
39.953,-75.165,1
39.953,-75.165,1
39.953,-75.165,1
39.953,-75.165,1
39.953,-75.165,1
39.953,-75.165,1
39.953,-75.165,1
39.953,-75.165,1
39.953,-75.165,1
39.953,-75.165,1
39.953,-75.165,1
39.953,-75.165,1
39.953,-75.165,1
39.953,-75.165,1
39.953,-75.165,1
39.953,-75.165,1
39.953,-75.165,1
39.953,-75.165,1
39.953,-75.165,1
39.953,-75.165,1
39.953,-75.165,1
39.953,-75.165,1
39.953,-75.165,1
39.953,-75.165,1
39.953,-75.165,1
39.953,-75.165,1
39.953,-75.165,1
39.953,-75.165,1
39.953,-75.165,1
39.953,-75.165,1
39.953,-75.165,1
39.953,-75.165,1
39.953,-75.165,1
39.953,-75.165,1
39.953,-75.165,1
39.953,-75.165,1
39.953,-75.165,1
39.953,-75.165,1
39.953,-75.165,1
39.953,-75.165,1
39.953,-75.165,1
39.953,-75.165,1
39.953,-75.165,1
39.953,-75.165,1
39.953,-75.165,1
39.953,-75.165,1
39.953,-75.165,1
39.953,-75.165,1
39.953,-75.165,1
39.953,-75.165,1
39.953,-75.165,1
39.953,-75.165,1
39.953,-75.165,1
39.953,-75.165,1
39.953,-75.165,1
39.953,-75.165,1
39.953,-75.165,1
39.953,-75.165,1
39.953,-75.165,1
39.953,-75.165,1
39.953,-75.165,1
39.953,-75.165,1
39.953,-75.165,1
39.953,-75.165,1
39.953,-75.165,1
39.953,-75.165,1
39.953,-75.165,1
39.953,-75.165,1
39.953,-75.165,1
39.953,-75.165,1
39.953,-75.165,1
39.953,-75.165,1
39.953,-75.165,1
39.953,-75.165,1
39.953,-75.165,1
39.953,-75.165,1
39.953,-75.165,1
39.953,-75.165,1
39.953,-75.165,1
39.953,-75.165,1
39.953,-75.165,1
39.953,-75.165,1
39.953,-75.165,1
39.953,-75.165,1
39.953,-75.165,1
39.953,-75.165,1
39.953,-75.165,1
39.953,-75.165,1
39.953,-75.165,1
39.953,-75.165,1
39.953,-75.165,1
39.953,-75.165,1
39.953,-75.165,1
39.953,-75.165,1
39.953,-75.165,1
39.953,-75.165,1
39.953,-75.165,1
39.953,-75.165,1
39.953,-75.165,1
39.953,-75.165,1
39.953,-75.165,1
39.953,-75.165,1
39.953,-75.165,1
39.953,-75.165,1
39.953,-75.165,1
39.953,-75.165,1
39.953,-75.165,1
39.953,-75.165,1
39.953,-75.165,1
39.953,-75.165,1
39.953,-75.165,1
39.953,-75.165,1
39.953,-75.165,1
39.953,-75.165,1
39.953,-75.165,1
39.953,-75.165,1
39.953,-75.165,1
39.953,-75.165,1
39.953,-75.165,1
39.953,-75.165,1
39.953,-75.165,1
39.953,-75.165,1
39.953,-75.165,1
39.953,-75.165,1
39.953,-75.165,1
39.953,-75.165,1
39.953,-75.165,1
39.953,-75.165,1
39.953,-75.165,1
39.953,-75.165,1
39.953,-75.165,1
39.953,-75.165,1
39.953,-75.165,1
39.953,-75.165,1
39.953,-75.165,1
39.953,-75.165,1
39.953,-75.165,1
39.953,-75.165,1
39.953,-75.165,1
39.953,-75.165,1
39.953,-75.165,1
39.953,-75.165,1
39.953,-75.165,1
39.953,-75.165,1
39.953,-75.165,1
39.953,-75.165,1
39.953,-75.165,1
39.953,-75.165,1
39.953,-75.165,1
39.953,-75.165,1
39.953,-75.165,1
39.953,-75.165,1
39.953,-75.165,1
39.953,-75.165,1
39.953,-75.165,1
39.953,-75.165,1
39.953,-75.165,1
39.953,-75.165,1
39.953,-75.165,1
39.953,-75.165,1
39.953,-75.165,1
39.953,-75.165,1
39.953,-75.165,1
39.953,-75.165,1
39.953,-75.165,1
39.953,-75.165,1
39.953,-75.165,1
39.953,-75.165,1
39.953,-75.165,1
39.953,-75.165,1
39.953,-75.165,1
39.953,-75.165,1
39.953,-75.165,1
39.953,-75.165,1
39.953,-75.165,1
39.953,-75.165,1
39.953,-75.165,1
39.953,-75.165,1
39.953,-75.165,1
39.953,-75.165,1
39.953,-75.165,1
39.953,-75.165,1
39.953,-75.165,1
39.953,-75.165,1
39.953,-75.165,1
39.953,-75.165,1
39.953,-75.165,1
39.953,-75.165,1
39.953,-75.165,1
39.953,-75.165,1
39.953,-75.165,1
39.953,-75.165,1
39.953,-75.165,1
39.953,-75.165,1
39.953,-75.165,1
39.953,-75.165,1
39.953,-75.165,1
39.953,-75.165,1
39.953,-75.165,1
39.953,-75.165,1
39.953,-75.165,1
39.953,-75.165,1
39.953,-75.165,1
39.953,-75.165,1
39.953,-75.165,1
39.953,-75.165,1
39.953,-75.165,1
39.953,-75.165,1
39.953,-75.165,1
39.953,-75.165,1
39.953,-75.165,1
39.953,-75.165,1
39.953,-75.165,1
39.953,-75.165,1
39.953,-75.165,1
39.953,-75.165,1
39.953,-75.165,1
39.953,-75.165,1
39.953,-75.165,1
39.953,-75.165,1
39.953,-75.165,1
39.953,-75.165,1
39.953,-75.165,1
39.953,-75.165,1
39.953,-75.165,1
39.953,-75.165,1
39.953,-75.165,1
39.953,-75.165,1
39.953,-75.165,1
39.953,-75.165,1
39.953,-75.165,1
39.953,-75.165,1
39.953,-75.165,1
39.953,-75.165,1
39.953,-75.165,1
39.953,-75.165,1
39.953,-75.165,1
39.953,-75.165,1
39.953,-75.165,1
39.953,-75.165,1
39.953,-75.165,1
39.953,-75.165,1
39.953,-75.165,1
39.953,-75.165,1
39.953,-75.165,1
39.953,-75.165,1
39.953,-75.165,1
39.953,-75.165,1
39.953,-75.165,1
39.953,-75.165,1
39.953,-75.165,1
39.953,-75.165,1
39.953,-75.165,1
39.953,-75.165,1
39.953,-75.165,1
39.953,-75.165,1
39.953,-75.165,1
39.953,-75.165,1
39.953,-75.165,1
39.953,-75.165,1
39.953,-75.165,1
39.953,-75.165,1
39.953,-75.165,1
39.953,-75.165,1
39.953,-75.165,1
39.953,-75.165,1
39.953,-75.165,1
39.953,-75.165,1
39.953,-75.165,1
39.953,-75.165,1
39.953,-75.165,1
39.953,-75.165,1
39.953,-75.165,1
39.953,-75.165,1
39.953,-75.165,1
39.953,-75.165,1
39.953,-75.165,1
39.953,-75.165,1
39.953,-75.165,1
39.953,-75.165,1
39.953,-75.165,1
39.953,-75.165,1
39.953,-75.165,1
39.953,-75.165,1
39.953,-75.165,1
39.953,-75.165,1
39.953,-75.165,1
39.953,-75.165,1
39.953,-75.165,1
39.953,-75.165,1
39.953,-75.165,1
39.953,-75.165,1
39.953,-75.165,1
39.953,-75.165,1
39.953,-75.165,1
39.953,-75.165,1
39.953,-75.165,1
39.953,-75.165,1
39.953,-75.165,1
39.953,-75.165,1
39.953,-75.165,1
39.953,-75.165,1
39.953,-75.165,1
39.953,-75.165,1
39.953,-75.165,1
39.953,-75.165,1
39.953,-75.165,1
39.953,-75.165,1
39.953,-75.165,1
39.953,-75.165,1
39.953,-75.165,1
39.953,-75.165,1
39.953,-75.165,1
39.953,-75.165,1
39.953,-75.165,1
39.953,-75.165,1
39.953,-75.165,1
39.953,-75.165,1
39.953,-75.165,1
39.953,-75.165,1
39.953,-75.165,1
39.953,-75.165,1
39.953,-75.165,1
39.953,-75.165,1
39.953,-75.165,1
39.953,-75.165,1
39.953,-75.165,1
39.953,-75.165,1
39.953,-75.165,1
39.953,-75.165,1
39.953,-75.165,1
39.953,-75.165,1
39.953,-75.165,1
39.953,-75.165,1
39.953,-75.165,1
39.953,-75.165,1
39.953,-75.165,1
39.953,-75.165,1
39.953,-75.165,1
39.953,-75.165,1
39.953,-75.165,1
39.953,-75.165,1
39.953,-75.165,1
39.953,-75.165,1
39.953,-75.165,1
39.953,-75.165,1
39.953,-75.165,1
39.953,-75.165,1
39.953,-75.165,1
39.953,-75.165,1
39.953,-75.165,1
39.953,-75.165,1
39.953,-75.165,1
39.953,-75.165,1
39.953,-75.165,1
39.953,-75.165,1
39.953,-75.165,1
39.953,-75.165,1
39.953,-75.165,1
39.953,-75.165,1
39.953,-75.165,1
39.953,-75.165,1
39.953,-75.165,1
39.953,-75.165,1
39.953,-75.165,1
39.953,-75.165,1
39.953,-75.165,1
39.953,-75.165,1
39.953,-75.165,1
39.953,-75.165,1
39.953,-75.165,1
39.953,-75.165,1
39.953,-75.165,1
39.953,-75.165,1
39.953,-75.165,1
39.953,-75.165,1
39.953,-75.165,1
39.953,-75.165,1
39.953,-75.165,1
39.953,-75.165,1
39.953,-75.165,1
39.953,-75.165,1
39.953,-75.165,1
39.953,-75.165,1
39.953,-75.165,1
39.953,-75.165,1
39.953,-75.165,1
39.953,-75.165,1
39.953,-75.165,1
39.953,-75.165,1
39.953,-75.165,1
39.953,-75.165,1
39.953,-75.165,1
39.953,-75.165,1
39.953,-75.165,1
39.953,-75.165,1
39.953,-75.165,1
39.953,-75.165,1
39.953,-75.165,1
39.953,-75.165,1
39.953,-75.165,1
39.953,-75.165,1
39.953,-75.165,1
39.953,-75.165,1
39.953,-75.165,1
39.953,-75.165,1
39.953,-75.165,1
39.953,-75.165,1
39.953,-75.165,1
39.953,-75.165,1
39.953,-75.165,1
39.953,-75.165,1
39.953,-75.165,1
39.953,-75.165,1
39.953,-75.165,1
39.953,-75.165,1
39.953,-75.165,1
39.953,-75.165,1
39.953,-75.165,1
39.953,-75.165,1
39.953,-75.165,1
39.953,-75.165,1
39.953,-75.165,1
39.953,-75.165,1
39.953,-75.165,1
39.953,-75.165,1
39.953,-75.165,1
39.953,-75.165,1
39.953,-75.165,1
39.953,-75.165,1
39.953,-75.165,1
39.953,-75.165,1
39.953,-75.165,1
39.953,-75.165,1
39.953,-75.165,1
39.953,-75.165,1
39.953,-75.165,1
39.953,-75.165,1
39.953,-75.165,1
39.953,-75.165,1
39.953,-75.165,1
39.953,-75.165,1
39.953,-75.165,1
39.953,-75.165,1
39.953,-75.165,1
39.953,-75.165,1
39.953,-75.165,1
39.953,-75.165,1
39.953,-75.165,1
39.953,-75.165,1
39.953,-75.165,1
39.953,-75.165,1
39.953,-75.165,1
39.953,-75.165,1
39.953,-75.165,1
39.953,-75.165,1
39.953,-75.165,1
39.953,-75.165,1
39.953,-75.165,1
39.953,-75.165,1
39.953,-75.165,1
39.953,-75.165,1
39.953,-75.165,1
39.953,-75.165,1
39.953,-75.165,1
39.953,-75.165,1
39.953,-75.165,1
39.953,-75.165,1
39.953,-75.165,1
39.953,-75.165,1
39.953,-75.165,1
39.953,-75.165,1
39.953,-75.165,1
39.953,-75.165,1
39.953,-75.165,1
39.953,-75.165,1
39.953,-75.165,1
39.953,-75.165,1
39.953,-75.165,1
39.953,-75.165,1
39.953,-75.165,1
39.953,-75.165,1
39.953,-75.165,1
39.953,-75.165,1
39.953,-75.165,1
39.953,-75.165,1
39.953,-75.165,1
39.953,-75.165,1
39.953,-75.165,1
39.953,-75.165,1
39.953,-75.165,1
39.953,-75.165,1
39.953,-75.165,1
39.953,-75.165,1
39.953,-75.165,1
39.953,-75.165,1
39.953,-75.165,1
39.953,-75.165,1
39.953,-75.165,1
39.953,-75.165,1
39.953,-75.165,1
39.953,-75.165,1
39.953,-75.165,1
39.953,-75.165,1
39.953,-75.165,1
39.953,-75.165,1
39.953,-75.165,1
39.953,-75.165,1
39.953,-75.165,1
39.953,-75.165,1
39.953,-75.165,1
39.953,-75.165,1
39.953,-75.165,1
39.953,-75.165,1
39.953,-75.165,1
39.953,-75.165,1
39.953,-75.165,1
39.953,-75.165,1
39.953,-75.165,1
39.953,-75.165,1
39.953,-75.165,1
39.953,-75.165,1
39.953,-75.165,1
39.953,-75.165,1
39.953,-75.165,1
39.953,-75.165,1
39.953,-75.165,1
39.953,-75.165,1
39.953,-75.165,1
39.953,-75.165,1
39.953,-75.165,1
39.953,-75.165,1
39.953,-75.165,1
39.953,-75.165,1
39.953,-75.165,1
39.953,-75.165,1
39.953,-75.165,1
39.953,-75.165,1
39.953,-75.165,1
39.953,-75.165,1
39.953,-75.165,1
39.953,-75.165,1
39.953,-75.165,1
39.953,-75.165,1
39.953,-75.165,1
39.953,-75.165,1
39.953,-75.165,1
39.953,-75.165,1
39.953,-75.165,1
39.953,-75.165,1
39.953,-75.165,1
39.953,-75.165,1
39.953,-75.165,1
39.953,-75.165,1
39.953,-75.165,1
39.953,-75.165,1
39.953,-75.165,1
39.953,-75.165,1
39.953,-75.165,1
39.953,-75.165,1
39.953,-75.165,1
39.953,-75.165,1
39.953,-75.165,1
39.953,-75.165,1
39.953,-75.165,1
39.953,-75.165,1
39.953,-75.165,1
39.953,-75.165,1
39.953,-75.165,1
39.953,-75.165,1
39.953,-75.165,1
39.953,-75.165,1
39.953,-75.165,1
39.953,-75.165,1
39.953,-75.165,1
39.953,-75.165,1
39.953,-75.165,1
39.953,-75.165,1
39.953,-75.165,1
39.953,-75.165,1
39.953,-75.165,1
39.953,-75.165,1
39.953,-75.165,1
39.953,-75.165,1
39.953,-75.165,1
39.953,-75.165,1
39.953,-75.165,1
39.953,-75.165,1
39.953,-75.165,1
39.953,-75.165,1
39.953,-75.165,1
39.953,-75.165,1
39.953,-75.165,1
39.953,-75.165,1
39.953,-75.165,1
39.953,-75.165,1
39.953,-75.165,1
39.953,-75.165,1
39.953,-75.165,1
39.953,-75.165,1
39.953,-75.165,1
39.953,-75.165,1
39.953,-75.165,1
39.953,-75.165,1
39.953,-75.165,1
39.953,-75.165,1
39.953,-75.165,1
39.953,-75.165,1
39.953,-75.165,1
39.953,-75.165,1
39.953,-75.165,1
39.953,-75.165,1
39.953,-75.165,1
39.953,-75.165,1
39.953,-75.165,1
39.953,-75.165,1
39.953,-75.165,1
39.953,-75.165,1
39.953,-75.165,1
39.953,-75.165,1
39.953,-75.165,1
39.953,-75.165,1
39.953,-75.165,1
39.953,-75.165,1
39.953,-75.165,1
39.953,-75.165,1
39.953,-75.165,1
39.953,-75.165,1
39.953,-75.165,1
39.953,-75.165,1
39.953,-75.165,1
39.953,-75.165,1
39.953,-75.165,1
39.953,-75.165,1
39.953,-75.165,1
39.953,-75.165,1
39.953,-75.165,1
39.953,-75.165,1
39.953,-75.165,1
39.953,-75.165,1
39.953,-75.165,1
39.953,-75.165,1
39.953,-75.165,1
39.953,-75.165,1
39.953,-75.165,1
39.953,-75.165,1
39.953,-75.165,1
39.953,-75.165,1
39.953,-75.165,1
39.953,-75.165,1
39.953,-75.165,1
39.953,-75.165,1
39.953,-75.165,1
39.953,-75.165,1
39.953,-75.165,1
39.953,-75.165,1
39.953,-75.165,1
39.953,-75.165,1
39.953,-75.165,1
39.953,-75.165,1
39.953,-75.165,1
39.953,-75.165,1
39.953,-75.165,1
39.953,-75.165,1
39.953,-75.165,1
39.953,-75.165,1
39.953,-75.165,1
39.953,-75.165,1
39.953,-75.165,1
39.953,-75.165,1
39.953,-75.165,1
39.953,-75.165,1
39.953,-75.165,1
39.953,-75.165,1
39.953,-75.165,1
39.953,-75.165,1
39.953,-75.165,1
39.953,-75.165,1
39.953,-75.165,1
39.953,-75.165,1
39.953,-75.165,1
39.953,-75.165,1
39.953,-75.165,1
39.953,-75.165,1
39.953,-75.165,1
39.953,-75.165,1
39.953,-75.165,1
39.953,-75.165,1
39.953,-75.165,1
39.953,-75.165,1
39.953,-75.165,1
39.953,-75.165,1
39.953,-75.165,1
39.953,-75.165,1
39.953,-75.165,1
39.953,-75.165,1
39.953,-75.165,1
39.953,-75.165,1
39.953,-75.165,1
39.953,-75.165,1
39.953,-75.165,1
39.953,-75.165,1
39.953,-75.165,1
39.953,-75.165,1
39.953,-75.165,1
39.953,-75.165,1
39.953,-75.165,1
39.953,-75.165,1
39.953,-75.165,1
39.953,-75.165,1
39.953,-75.165,1
39.953,-75.165,1
39.953,-75.165,1
39.953,-75.165,1
39.953,-75.165,1
39.953,-75.165,1
39.953,-75.165,1
39.953,-75.165,1
39.953,-75.165,1
39.953,-75.165,1
39.953,-75.165,1
39.953,-75.165,1
39.953,-75.165,1
39.953,-75.165,1
39.953,-75.165,1
39.953,-75.165,1
39.953,-75.165,1
39.953,-75.165,1
39.953,-75.165,1
39.953,-75.165,1
39.953,-75.165,1
39.953,-75.165,1
39.953,-75.165,1
39.953,-75.165,1
39.953,-75.165,1
39.953,-75.165,1
39.953,-75.165,1
39.953,-75.165,1
39.953,-75.165,1
39.953,-75.165,1
39.953,-75.165,1
39.953,-75.165,1
39.953,-75.165,1
39.953,-75.165,1
39.953,-75.165,1
39.953,-75.165,1
39.953,-75.165,1
39.953,-75.165,1
39.953,-75.165,1
39.953,-75.165,1
39.953,-75.165,1
39.953,-75.165,1
39.953,-75.165,1
39.953,-75.165,1
39.953,-75.165,1
39.953,-75.165,1
39.953,-75.165,1
39.953,-75.165,1
39.953,-75.165,1
39.953,-75.165,1
39.953,-75.165,1
39.953,-75.165,1
39.953,-75.165,1
39.953,-75.165,1
39.953,-75.165,1
39.953,-75.165,1
39.953,-75.165,1
39.953,-75.165,1
39.953,-75.165,1
39.953,-75.165,1
39.953,-75.165,1
39.953,-75.165,1
39.953,-75.165,1
39.953,-75.165,1
39.953,-75.165,1
39.953,-75.165,1
39.953,-75.165,1
39.953,-75.165,1
39.953,-75.165,1
39.953,-75.165,1
39.953,-75.165,1
39.953,-75.165,1
39.953,-75.165,1
39.953,-75.165,1
39.953,-75.165,1
39.953,-75.165,1
39.953,-75.165,1
39.953,-75.165,1
39.953,-75.165,1
39.953,-75.165,1
39.953,-75.165,1
39.953,-75.165,1
39.953,-75.165,1
39.953,-75.165,1
39.953,-75.165,1
39.953,-75.165,1
39.953,-75.165,1
39.953,-75.165,1
39.953,-75.165,1
39.953,-75.165,1
39.953,-75.165,1
39.953,-75.165,1
39.953,-75.165,1
39.953,-75.165,1
39.953,-75.165,1
39.953,-75.165,1
39.953,-75.165,1
39.953,-75.165,1
39.953,-75.165,1
39.953,-75.165,1
39.953,-75.165,1
39.953,-75.165,1
39.953,-75.165,1
39.953,-75.165,1
39.953,-75.165,1
39.953,-75.165,1
39.953,-75.165,1
39.953,-75.165,1
39.953,-75.165,1
39.953,-75.165,1
39.953,-75.165,1
39.953,-75.165,1
39.953,-75.165,1
39.953,-75.165,1
39.953,-75.165,1
39.953,-75.165,1
39.953,-75.165,1
39.953,-75.165,1
39.953,-75.165,1
39.953,-75.165,1
39.953,-75.165,1
39.953,-75.165,1
39.953,-75.165,1
39.953,-75.165,1
39.953,-75.165,1
39.953,-75.165,1
39.953,-75.165,1
39.953,-75.165,1
39.953,-75.165,1
39.953,-75.165,1
39.953,-75.165,1
39.953,-75.165,1
39.953,-75.165,1
39.953,-75.165,1
39.953,-75.165,1
39.953,-75.165,1
39.953,-75.165,1
39.953,-75.165,1
39.953,-75.165,1
39.953,-75.165,1
39.953,-75.165,1
39.953,-75.165,1
39.953,-75.165,1
39.953,-75.165,1
39.953,-75.165,1
39.953,-75.165,1
39.953,-75.165,1
39.953,-75.165,1
39.953,-75.165,1
39.953,-75.165,1
39.953,-75.165,1
39.953,-75.165,1
39.953,-75.165,1
39.953,-75.165,1
39.953,-75.165,1
39.953,-75.165,1
39.953,-75.165,1
39.953,-75.165,1
39.953,-75.165,1
39.953,-75.165,1
39.953,-75.165,1
39.953,-75.165,1
39.953,-75.165,1
39.953,-75.165,1
39.953,-75.165,1
39.953,-75.165,1
39.953,-75.165,1
39.953,-75.165,1
39.953,-75.165,1
39.953,-75.165,1
39.953,-75.165,1
39.953,-75.165,1
39.953,-75.165,1
39.953,-75.165,1
39.953,-75.165,1
39.953,-75.165,1
39.953,-75.165,1
39.953,-75.165,1
39.953,-75.165,1
39.953,-75.165,1
39.953,-75.165,1
39.953,-75.165,1
39.953,-75.165,1
39.953,-75.165,1
39.953,-75.165,1
39.953,-75.165,1
39.953,-75.165,1
39.953,-75.165,1
39.953,-75.165,1
39.953,-75.165,1
39.953,-75.165,1
39.953,-75.165,1
39.953,-75.165,1
39.953,-75.165,1
39.953,-75.165,1
39.953,-75.165,1
39.953,-75.165,1
39.953,-75.165,1
39.953,-75.165,1
39.953,-75.165,1
39.953,-75.165,1
39.953,-75.165,1
39.953,-75.165,1
39.953,-75.165,1
39.953,-75.165,1
39.953,-75.165,1
39.953,-75.165,1
39.953,-75.165,1
39.953,-75.165,1
39.953,-75.165,1
39.953,-75.165,1
39.953,-75.165,1
39.953,-75.165,1
39.953,-75.165,1
39.953,-75.165,1
39.953,-75.165,1
39.953,-75.165,1
39.953,-75.165,1
39.953,-75.165,1
39.953,-75.165,1
39.953,-75.165,1
39.953,-75.165,1
39.953,-75.165,1
39.953,-75.165,1
39.953,-75.165,1
39.953,-75.165,1
39.953,-75.165,1
39.953,-75.165,1
39.953,-75.165,1
39.953,-75.165,1
39.953,-75.165,1
39.953,-75.165,1
39.953,-75.165,1
39.953,-75.165,1
39.953,-75.165,1
39.953,-75.165,1
39.953,-75.165,1
39.953,-75.165,1
39.953,-75.165,1
39.953,-75.165,1
39.953,-75.165,1
39.953,-75.165,1
39.953,-75.165,1
39.953,-75.165,1
39.953,-75.165,1
39.953,-75.165,1
39.953,-75.165,1
39.953,-75.165,1
39.953,-75.165,1
39.953,-75.165,1
39.953,-75.165,1
39.953,-75.165,1
39.953,-75.165,1
39.953,-75.165,1
39.953,-75.165,1
39.953,-75.165,1
39.953,-75.165,1
39.953,-75.165,1
39.953,-75.165,1
39.953,-75.165,1
39.953,-75.165,1
39.953,-75.165,1
39.953,-75.165,1
39.953,-75.165,1
39.953,-75.165,1
39.953,-75.165,1
39.953,-75.165,1
39.953,-75.165,1
39.953,-75.165,1
39.953,-75.165,1
39.953,-75.165,1
39.953,-75.165,1
39.953,-75.165,1
39.953,-75.165,1
39.953,-75.165,1
39.953,-75.165,1
39.953,-75.165,1
39.953,-75.165,1
39.953,-75.165,1
39.953,-75.165,1
39.953,-75.165,1
39.953,-75.165,1
39.953,-75.165,1
39.953,-75.165,1
39.953,-75.165,1
39.953,-75.165,1
39.953,-75.165,1
39.953,-75.165,1
39.953,-75.165,1
39.953,-75.165,1
39.953,-75.165,1
39.953,-75.165,1
39.953,-75.165,1
39.953,-75.165,1
39.953,-75.165,1
39.953,-75.165,1
39.953,-75.165,1
39.953,-75.165,1
39.953,-75.165,1
39.953,-75.165,1
39.953,-75.165,1
39.953,-75.165,1
39.953,-75.165,1
39.953,-75.165,1
39.953,-75.165,1
39.953,-75.165,1
39.953,-75.165,1
39.953,-75.165,1
39.953,-75.165,1
39.953,-75.165,1
39.953,-75.165,1
39.953,-75.165,1
39.953,-75.165,1
39.953,-75.165,1
39.953,-75.165,1
39.953,-75.165,1
39.953,-75.165,1
39.953,-75.165,1
39.953,-75.165,1
39.953,-75.165,1
39.953,-75.165,1
39.953,-75.165,1
39.953,-75.165,1
39.953,-75.165,1
39.953,-75.165,1
39.953,-75.165,1
39.953,-75.165,1
39.953,-75.165,1
39.953,-75.165,1
39.953,-75.165,1
39.953,-75.165,1
39.953,-75.165,1
39.953,-75.165,1
39.953,-75.165,1
39.953,-75.165,1
39.953,-75.165,1
39.953,-75.165,1
39.953,-75.165,1
39.953,-75.165,1
39.953,-75.165,1
39.953,-75.165,1
39.953,-75.165,1
39.953,-75.165,1
39.953,-75.165,1
39.953,-75.165,1
39.953,-75.165,1
39.953,-75.165,1
39.953,-75.165,1
39.953,-75.165,1
39.953,-75.165,1
39.953,-75.165,1
39.953,-75.165,1
39.953,-75.165,1
39.953,-75.165,1
39.953,-75.165,1
39.953,-75.165,1
39.953,-75.165,1
39.953,-75.165,1
39.953,-75.165,1
39.953,-75.165,1
39.953,-75.165,1
39.953,-75.165,1
39.953,-75.165,1
39.953,-75.165,1
39.953,-75.165,1
39.953,-75.165,1
39.953,-75.165,1
39.953,-75.165,1
39.953,-75.165,1
39.953,-75.165,1
39.953,-75.165,1
39.953,-75.165,1
39.953,-75.165,1
39.953,-75.165,1
39.953,-75.165,1
39.953,-75.165,1
39.953,-75.165,1
39.953,-75.165,1
39.953,-75.165,1
39.953,-75.165,1
39.953,-75.165,1
39.953,-75.165,1
39.953,-75.165,1
39.953,-75.165,1
39.953,-75.165,1
39.953,-75.165,1
39.953,-75.165,1
39.953,-75.165,1
39.953,-75.165,1
39.953,-75.165,1
39.953,-75.165,1
39.953,-75.165,1
39.953,-75.165,1
39.953,-75.165,1
39.953,-75.165,1
39.953,-75.165,1
39.953,-75.165,1
39.953,-75.165,1
39.953,-75.165,1
39.953,-75.165,1
39.953,-75.165,1
39.953,-75.165,1
39.953,-75.165,1
39.953,-75.165,1
39.953,-75.165,1
39.953,-75.165,1
39.953,-75.165,1
39.953,-75.165,1
39.953,-75.165,1
39.953,-75.165,1
39.953,-75.165,1
39.953,-75.165,1
39.953,-75.165,1
39.953,-75.165,1
39.953,-75.165,1
39.953,-75.165,1
39.953,-75.165,1
39.953,-75.165,1
39.953,-75.165,1
39.953,-75.165,1
39.953,-75.165,1
39.953,-75.165,1
39.953,-75.165,1
39.953,-75.165,1
39.953,-75.165,1
39.953,-75.165,1
39.953,-75.165,1
39.953,-75.165,1
39.953,-75.165,1
39.953,-75.165,1
39.953,-75.165,1
39.953,-75.165,1
39.953,-75.165,1
39.953,-75.165,1
39.953,-75.165,1
39.953,-75.165,1
39.953,-75.165,1
39.953,-75.165,1
39.953,-75.165,1
39.953,-75.165,1
39.953,-75.165,1
39.953,-75.165,1
39.953,-75.165,1
39.953,-75.165,1
39.953,-75.165,1
39.953,-75.165,1
39.953,-75.165,1
39.953,-75.165,1
39.953,-75.165,1
39.953,-75.165,1
39.953,-75.165,1
39.953,-75.165,1
39.953,-75.165,1
39.953,-75.165,1
39.953,-75.165,1
39.953,-75.165,1
39.953,-75.165,1
39.953,-75.165,1
39.953,-75.165,1
39.953,-75.165,1
39.953,-75.165,1
39.953,-75.165,1
39.953,-75.165,1
39.953,-75.165,1
39.953,-75.165,1
39.953,-75.165,1
39.953,-75.165,1
39.953,-75.165,1
39.953,-75.165,1
39.953,-75.165,1
39.953,-75.165,1
39.953,-75.165,1
39.953,-75.165,1
39.953,-75.165,1
39.953,-75.165,1
39.953,-75.165,1
39.953,-75.165,1
39.953,-75.165,1
39.953,-75.165,1
39.953,-75.165,1
39.953,-75.165,1
39.953,-75.165,1
39.953,-75.165,1
39.953,-75.165,1
39.953,-75.165,1
39.953,-75.165,1
39.953,-75.165,1
39.953,-75.165,1
39.953,-75.165,1
39.953,-75.165,1
39.953,-75.165,1
39.953,-75.165,1
39.953,-75.165,1
39.953,-75.165,1
39.953,-75.165,1
39.953,-75.165,1
39.953,-75.165,1
39.953,-75.165,1
39.953,-75.165,1
39.953,-75.165,1
39.953,-75.165,1
39.953,-75.165,1
39.953,-75.165,1
39.953,-75.165,1
39.953,-75.165,1
39.953,-75.165,1
39.953,-75.165,1
39.953,-75.165,1
39.953,-75.165,1
39.953,-75.165,1
39.953,-75.165,1
39.953,-75.165,1
39.953,-75.165,1
39.953,-75.165,1
39.953,-75.165,1
39.953,-75.165,1
39.953,-75.165,1
39.953,-75.165,1
39.953,-75.165,1
39.953,-75.165,1
39.953,-75.165,1
39.953,-75.165,1
39.953,-75.165,1
39.953,-75.165,1
39.953,-75.165,1
39.953,-75.165,1
39.953,-75.165,1
39.953,-75.165,1
39.953,-75.165,1
39.953,-75.165,1
39.953,-75.165,1
39.953,-75.165,1
39.953,-75.165,1
39.953,-75.165,1
39.953,-75.165,1
39.953,-75.165,1
39.953,-75.165,1
39.953,-75.165,1
39.953,-75.165,1
39.953,-75.165,1
39.953,-75.165,1
39.953,-75.165,1
39.953,-75.165,1
39.953,-75.165,1
39.953,-75.165,1
39.953,-75.165,1
39.953,-75.165,1
39.953,-75.165,1
39.953,-75.165,1
39.953,-75.165,1
39.953,-75.165,1
39.953,-75.165,1
39.953,-75.165,1
39.953,-75.165,1
39.953,-75.165,1
39.953,-75.165,1
39.953,-75.165,1
39.953,-75.165,1
39.953,-75.165,1
39.953,-75.165,1
39.953,-75.165,1
39.953,-75.165,1
39.953,-75.165,1
39.953,-75.165,1
39.953,-75.165,1
39.953,-75.165,1
39.953,-75.165,1
39.953,-75.165,1
39.953,-75.165,1
39.953,-75.165,1
39.953,-75.165,1
39.953,-75.165,1
39.953,-75.165,1
39.953,-75.165,1
39.953,-75.165,1
39.953,-75.165,1
39.953,-75.165,1
39.953,-75.165,1
39.953,-75.165,1
39.953,-75.165,1
39.953,-75.165,1
39.953,-75.165,1
39.953,-75.165,1
39.953,-75.165,1
39.953,-75.165,1
39.953,-75.165,1
39.953,-75.165,1
39.953,-75.165,1
39.953,-75.165,1
39.953,-75.165,1
39.953,-75.165,1
39.953,-75.165,1
39.953,-75.165,1
39.953,-75.165,1
39.953,-75.165,1
39.953,-75.165,1
39.953,-75.165,1
39.953,-75.165,1
39.953,-75.165,1
39.953,-75.165,1
39.953,-75.165,1
39.953,-75.165,1
39.953,-75.165,1
39.953,-75.165,1
39.953,-75.165,1
39.953,-75.165,1
39.953,-75.165,1
39.953,-75.165,1
39.953,-75.165,1
39.953,-75.165,1
39.953,-75.165,1
39.953,-75.165,1
39.953,-75.165,1
39.953,-75.165,1
39.953,-75.165,1
39.953,-75.165,1
39.953,-75.165,1
39.953,-75.165,1
39.953,-75.165,1
39.953,-75.165,1
39.953,-75.165,1
39.953,-75.165,1
39.953,-75.165,1
39.953,-75.165,1
39.953,-75.165,1
39.953,-75.165,1
39.953,-75.165,1
39.953,-75.165,1
39.953,-75.165,1
39.953,-75.165,1
39.953,-75.165,1
39.953,-75.165,1
39.953,-75.165,1
39.953,-75.165,1
39.953,-75.165,1
39.953,-75.165,1
39.953,-75.165,1
39.953,-75.165,1
39.953,-75.165,1
39.953,-75.165,1
39.953,-75.165,1
39.953,-75.165,1
39.953,-75.165,1
39.953,-75.165,1
39.953,-75.165,1
39.953,-75.165,1
39.953,-75.165,1
39.953,-75.165,1
39.953,-75.165,1
39.953,-75.165,1
39.953,-75.165,1
39.953,-75.165,1
39.953,-75.165,1
39.953,-75.165,1
39.953,-75.165,1
39.953,-75.165,1
39.953,-75.165,1
39.953,-75.165,1
39.953,-75.165,1
39.953,-75.165,1
39.953,-75.165,1
39.953,-75.165,1
39.953,-75.165,1
39.953,-75.165,1
39.953,-75.165,1
39.953,-75.165,1
39.953,-75.165,1
39.953,-75.165,1
39.953,-75.165,1
39.953,-75.165,1
39.953,-75.165,1
39.953,-75.165,1
39.953,-75.165,1
39.953,-75.165,1
39.953,-75.165,1
39.953,-75.165,1
39.953,-75.165,1
39.953,-75.165,1
39.953,-75.165,1
39.953,-75.165,1
39.953,-75.165,1
39.953,-75.165,1
39.953,-75.165,1
39.953,-75.165,1
39.953,-75.165,1
39.953,-75.165,1
39.953,-75.165,1
39.953,-75.165,1
39.953,-75.165,1
39.953,-75.165,1
39.953,-75.165,1
39.953,-75.165,1
39.953,-75.165,1
39.953,-75.165,1
39.953,-75.165,1
39.953,-75.165,1
39.953,-75.165,1
39.953,-75.165,1
39.953,-75.165,1
39.953,-75.165,1
39.953,-75.165,1
39.953,-75.165,1
39.953,-75.165,1
39.953,-75.165,1
39.953,-75.165,1
39.953,-75.165,1
39.953,-75.165,1
39.953,-75.165,1
39.953,-75.165,1
39.953,-75.165,1
39.953,-75.165,1
39.953,-75.165,1
39.953,-75.165,1
39.953,-75.165,1
39.953,-75.165,1
39.953,-75.165,1
39.953,-75.165,1
39.953,-75.165,1
39.953,-75.165,1
39.953,-75.165,1
39.953,-75.165,1
39.953,-75.165,1
39.953,-75.165,1
39.953,-75.165,1
39.953,-75.165,1
39.953,-75.165,1
39.953,-75.165,1
39.953,-75.165,1
39.953,-75.165,1
39.953,-75.165,1
39.953,-75.165,1
39.953,-75.165,1
39.953,-75.165,1
39.953,-75.165,1
39.953,-75.165,1
39.953,-75.165,1
39.953,-75.165,1
39.953,-75.165,1
39.953,-75.165,1
39.953,-75.165,1
39.953,-75.165,1
39.953,-75.165,1
39.953,-75.165,1
39.953,-75.165,1
39.953,-75.165,1
39.953,-75.165,1
39.953,-75.165,1
39.953,-75.165,1
39.953,-75.165,1
39.953,-75.165,1
39.953,-75.165,1
39.953,-75.165,1
39.953,-75.165,1
39.953,-75.165,1
39.953,-75.165,1
39.953,-75.165,1
39.953,-75.165,1
39.953,-75.165,1
39.953,-75.165,1
39.953,-75.165,1
39.953,-75.165,1
39.953,-75.165,1
39.953,-75.165,1
39.953,-75.165,1
39.953,-75.165,1
39.953,-75.165,1
39.953,-75.165,1
39.953,-75.165,1
39.953,-75.165,1
39.953,-75.165,1
39.953,-75.165,1
39.953,-75.165,1
39.953,-75.165,1
39.953,-75.165,1
39.953,-75.165,1
39.953,-75.165,1
39.953,-75.165,1
39.953,-75.165,1
39.953,-75.165,1
39.953,-75.165,1
39.953,-75.165,1
39.953,-75.165,1
39.953,-75.165,1
39.953,-75.165,1
39.953,-75.165,1
39.953,-75.165,1
39.953,-75.165,1
39.953,-75.165,1
39.953,-75.165,1
39.953,-75.165,1
39.953,-75.165,1
39.953,-75.165,1
39.953,-75.165,1
39.953,-75.165,1
39.953,-75.165,1
39.953,-75.165,1
39.953,-75.165,1
39.953,-75.165,1
39.953,-75.165,1
39.953,-75.165,1
39.953,-75.165,1
39.953,-75.165,1
39.953,-75.165,1
39.953,-75.165,1
39.953,-75.165,1
39.953,-75.165,1
39.953,-75.165,1
39.953,-75.165,1
39.953,-75.165,1
39.953,-75.165,1
39.953,-75.165,1
39.953,-75.165,1
39.953,-75.165,1
39.953,-75.165,1
39.953,-75.165,1
39.953,-75.165,1
39.953,-75.165,1
39.953,-75.165,1
39.953,-75.165,1
39.953,-75.165,1
39.953,-75.165,1
39.953,-75.165,1
39.953,-75.165,1
39.953,-75.165,1
39.953,-75.165,1
39.953,-75.165,1
39.953,-75.165,1
39.953,-75.165,1
39.953,-75.165,1
39.953,-75.165,1
39.953,-75.165,1
39.953,-75.165,1
39.953,-75.165,1
39.953,-75.165,1
39.953,-75.165,1
39.953,-75.165,1
39.953,-75.165,1
39.953,-75.165,1
39.953,-75.165,1
39.953,-75.165,1
39.953,-75.165,1
39.953,-75.165,1
39.953,-75.165,1
39.953,-75.165,1
39.953,-75.165,1
39.953,-75.165,1
39.953,-75.165,1
39.953,-75.165,1
39.953,-75.165,1
39.953,-75.165,1
39.953,-75.165,1
39.953,-75.165,1
39.953,-75.165,1
39.953,-75.165,1
39.953,-75.165,1
39.953,-75.165,1
39.953,-75.165,1
39.953,-75.165,1
39.953,-75.165,1
39.953,-75.165,1
39.953,-75.165,1
39.953,-75.165,1
39.953,-75.165,1
39.953,-75.165,1
39.953,-75.165,1
39.953,-75.165,1
39.953,-75.165,1
39.953,-75.165,1
39.953,-75.165,1
39.953,-75.165,1
39.953,-75.165,1
39.953,-75.165,1
39.953,-75.165,1
39.953,-75.165,1
39.953,-75.165,1
39.953,-75.165,1
39.953,-75.165,1
39.953,-75.165,1
39.953,-75.165,1
39.953,-75.165,1
39.953,-75.165,1
39.953,-75.165,1
39.953,-75.165,1
39.953,-75.165,1
39.953,-75.165,1
39.953,-75.165,1
39.953,-75.165,1
39.953,-75.165,1
39.953,-75.165,1
39.953,-75.165,1
39.953,-75.165,1
39.953,-75.165,1
39.953,-75.165,1
39.953,-75.165,1
39.953,-75.165,1
39.953,-75.165,1
39.953,-75.165,1
39.953,-75.165,1
39.953,-75.165,1
39.953,-75.165,1
39.953,-75.165,1
39.953,-75.165,1
39.953,-75.165,1
39.953,-75.165,1
39.953,-75.165,1
39.953,-75.165,1
39.953,-75.165,1
39.953,-75.165,1
39.953,-75.165,1
39.953,-75.165,1
39.953,-75.165,1
39.953,-75.165,1
39.953,-75.165,1
39.953,-75.165,1
39.953,-75.165,1
39.953,-75.165,1
39.953,-75.165,1
39.953,-75.165,1
39.953,-75.165,1
39.953,-75.165,1
39.953,-75.165,1
39.953,-75.165,1
39.953,-75.165,1
39.953,-75.165,1
39.953,-75.165,1
39.953,-75.165,1
39.953,-75.165,1
39.953,-75.165,1
39.953,-75.165,1
39.953,-75.165,1
39.953,-75.165,1
39.953,-75.165,1
39.953,-75.165,1
39.953,-75.165,1
39.953,-75.165,1
39.953,-75.165,1
39.953,-75.165,1
39.953,-75.165,1
39.953,-75.165,1
39.953,-75.165,1
39.953,-75.165,1
39.953,-75.165,1
39.953,-75.165,1
39.953,-75.165,1
39.953,-75.165,1
39.953,-75.165,1
39.953,-75.165,1
39.953,-75.165,1
39.953,-75.165,1
39.953,-75.165,1
39.953,-75.165,1
39.953,-75.165,1
39.953,-75.165,1
39.953,-75.165,1
39.953,-75.165,1
39.953,-75.165,1
39.953,-75.165,1
39.953,-75.165,1
39.953,-75.165,1
39.953,-75.165,1
39.953,-75.165,1
39.953,-75.165,1
39.953,-75.165,1
39.953,-75.165,1
39.953,-75.165,1
39.953,-75.165,1
39.953,-75.165,1
39.953,-75.165,1
39.953,-75.165,1
39.953,-75.165,1
39.953,-75.165,1
39.953,-75.165,1
39.953,-75.165,1
39.953,-75.165,1
39.953,-75.165,1
39.953,-75.165,1
39.953,-75.165,1
39.953,-75.165,1
39.953,-75.165,1
39.953,-75.165,1
39.953,-75.165,1
39.953,-75.165,1
39.953,-75.165,1
39.953,-75.165,1
39.953,-75.165,1
39.953,-75.165,1
39.953,-75.165,1
39.953,-75.165,1
39.953,-75.165,1
39.953,-75.165,1
39.953,-75.165,1
39.953,-75.165,1
39.953,-75.165,1
39.953,-75.165,1
39.953,-75.165,1
39.953,-75.165,1
39.953,-75.165,1
39.953,-75.165,1
39.953,-75.165,1
39.953,-75.165,1
39.953,-75.165,1
39.953,-75.165,1
39.953,-75.165,1
39.953,-75.165,1
39.953,-75.165,1
39.953,-75.165,1
39.953,-75.165,1
39.953,-75.165,1
39.953,-75.165,1
39.953,-75.165,1
39.953,-75.165,1
39.953,-75.165,1
39.953,-75.165,1
39.953,-75.165,1
39.953,-75.165,1
39.953,-75.165,1
39.953,-75.165,1
39.953,-75.165,1
39.953,-75.165,1
39.953,-75.165,1
39.953,-75.165,1
39.953,-75.165,1
39.953,-75.165,1
39.953,-75.165,1
39.953,-75.165,1
39.953,-75.165,1
39.953,-75.165,1
39.953,-75.165,1
39.953,-75.165,1
39.953,-75.165,1
39.953,-75.165,1
39.953,-75.165,1
39.953,-75.165,1
39.953,-75.165,1
39.953,-75.165,1
39.953,-75.165,1
39.953,-75.165,1
39.953,-75.165,1
39.953,-75.165,1
39.953,-75.165,1
39.953,-75.165,1
39.953,-75.165,1
39.953,-75.165,1
39.953,-75.165,1
39.953,-75.165,1
39.953,-75.165,1
39.953,-75.165,1
39.953,-75.165,1
39.953,-75.165,1
39.953,-75.165,1
39.953,-75.165,1
39.953,-75.165,1
39.953,-75.165,1
39.953,-75.165,1
39.953,-75.165,1
39.953,-75.165,1
39.953,-75.165,1
39.953,-75.165,1
39.953,-75.165,1
39.953,-75.165,1
39.953,-75.165,1
39.953,-75.165,1
39.953,-75.165,1
39.953,-75.165,1
39.953,-75.165,1
39.953,-75.165,1
39.953,-75.165,1
39.953,-75.165,1
39.953,-75.165,1
39.953,-75.165,1
39.953,-75.165,1
39.953,-75.165,1
39.953,-75.165,1
39.953,-75.165,1
39.953,-75.165,1
39.953,-75.165,1
39.953,-75.165,1
39.953,-75.165,1
39.953,-75.165,1
39.953,-75.165,1
39.953,-75.165,1
39.953,-75.165,1
39.953,-75.165,1
39.953,-75.165,1
39.953,-75.165,1
39.953,-75.165,1
39.953,-75.165,1
39.953,-75.165,1
39.953,-75.165,1
39.953,-75.165,1
39.953,-75.165,1
39.953,-75.165,1
39.953,-75.165,1
39.953,-75.165,1
39.953,-75.165,1
39.953,-75.165,1
39.953,-75.165,1
39.953,-75.165,1
39.953,-75.165,1
39.953,-75.165,1
39.953,-75.165,1
39.953,-75.165,1
39.953,-75.165,1
39.953,-75.165,1
39.953,-75.165,1
39.953,-75.165,1
39.953,-75.165,1
39.953,-75.165,1
39.953,-75.165,1
39.953,-75.165,1
39.953,-75.165,1
39.953,-75.165,1
39.953,-75.165,1
39.953,-75.165,1
39.953,-75.165,1
39.953,-75.165,1
39.953,-75.165,1
39.953,-75.165,1
39.953,-75.165,1
39.953,-75.165,1
39.953,-75.165,1
39.953,-75.165,1
39.953,-75.165,1
39.953,-75.165,1
39.953,-75.165,1
39.953,-75.165,1
39.953,-75.165,1
39.953,-75.165,1
39.953,-75.165,1
39.953,-75.165,1
39.953,-75.165,1
39.953,-75.165,1
39.953,-75.165,1
39.953,-75.165,1
39.953,-75.165,1
39.953,-75.165,1
39.953,-75.165,1
39.953,-75.165,1
39.953,-75.165,1
39.953,-75.165,1
39.953,-75.165,1
39.953,-75.165,1
39.953,-75.165,1
39.953,-75.165,1
39.953,-75.165,1
39.953,-75.165,1
39.953,-75.165,1
39.953,-75.165,1
39.953,-75.165,1
39.953,-75.165,1
39.953,-75.165,1
39.953,-75.165,1
39.953,-75.165,1
39.953,-75.165,1
39.953,-75.165,1
39.953,-75.165,1
39.953,-75.165,1
39.953,-75.165,1
39.953,-75.165,1
39.953,-75.165,1
39.953,-75.165,1
39.953,-75.165,1
39.953,-75.165,1
39.953,-75.165,1
39.953,-75.165,1
39.953,-75.165,1
39.953,-75.165,1
39.953,-75.165,1
39.953,-75.165,1
39.953,-75.165,1
39.953,-75.165,1
39.953,-75.165,1
39.953,-75.165,1
39.953,-75.165,1
39.953,-75.165,1
39.953,-75.165,1
39.953,-75.165,1
39.953,-75.165,1
39.953,-75.165,1
39.953,-75.165,1
39.953,-75.165,1
39.953,-75.165,1
39.953,-75.165,1
39.953,-75.165,1
39.953,-75.165,1
39.953,-75.165,1
39.953,-75.165,1
39.953,-75.165,1
39.953,-75.165,1
39.953,-75.165,1
39.953,-75.165,1
39.953,-75.165,1
39.953,-75.165,1
39.953,-75.165,1
39.953,-75.165,1
39.953,-75.165,1
39.953,-75.165,1
39.953,-75.165,1
39.953,-75.165,1
39.953,-75.165,1
39.953,-75.165,1
39.953,-75.165,1
39.953,-75.165,1
39.953,-75.165,1
39.953,-75.165,1
39.953,-75.165,1
39.953,-75.165,1
39.953,-75.165,1
39.953,-75.165,1
39.953,-75.165,1
39.953,-75.165,1
39.953,-75.165,1
39.953,-75.165,1
39.953,-75.165,1
39.953,-75.165,1
39.953,-75.165,1
39.953,-75.165,1
39.953,-75.165,1
39.953,-75.165,1
39.953,-75.165,1
39.953,-75.165,1
39.953,-75.165,1
39.953,-75.165,1
39.953,-75.165,1
39.953,-75.165,1
39.953,-75.165,1
39.953,-75.165,1
39.953,-75.165,1
39.953,-75.165,1
39.953,-75.165,1
39.953,-75.165,1
39.953,-75.165,1
39.953,-75.165,1
39.953,-75.165,1
39.953,-75.165,1
39.953,-75.165,1
39.953,-75.165,1
39.953,-75.165,1
39.953,-75.165,1
39.953,-75.165,1
39.953,-75.165,1
39.953,-75.165,1
39.953,-75.165,1
39.953,-75.165,1
39.953,-75.165,1
39.953,-75.165,1
39.953,-75.165,1
39.953,-75.165,1
39.953,-75.165,1
39.953,-75.165,1
39.953,-75.165,1
39.953,-75.165,1
39.953,-75.165,1
39.953,-75.165,1
39.953,-75.165,1
39.953,-75.165,1
39.953,-75.165,1
39.953,-75.165,1
39.953,-75.165,1
39.953,-75.165,1
39.953,-75.165,1
39.953,-75.165,1
39.953,-75.165,1
39.953,-75.165,1
39.953,-75.165,1
39.953,-75.165,1
39.953,-75.165,1
39.953,-75.165,1
39.953,-75.165,1
39.953,-75.165,1
39.953,-75.165,1
39.953,-75.165,1
39.953,-75.165,1
39.953,-75.165,1
39.953,-75.165,1
39.953,-75.165,1
39.953,-75.165,1
39.953,-75.165,1
39.953,-75.165,1
39.953,-75.165,1
39.953,-75.165,1
39.953,-75.165,1
39.953,-75.165,1
39.953,-75.165,1
39.953,-75.165,1
39.953,-75.165,1
39.953,-75.165,1
39.953,-75.165,1
39.953,-75.165,1
39.953,-75.165,1
39.953,-75.165,1
39.953,-75.165,1
39.953,-75.165,1
39.953,-75.165,1
39.953,-75.165,1
39.953,-75.165,1
39.953,-75.165,1
39.953,-75.165,1
39.953,-75.165,1
39.953,-75.165,1
39.953,-75.165,1
39.953,-75.165,1
39.953,-75.165,1
39.953,-75.165,1
39.953,-75.165,1
39.953,-75.165,1
39.953,-75.165,1
39.953,-75.165,1
39.953,-75.165,1
39.953,-75.165,1
39.953,-75.165,1
39.953,-75.165,1
39.953,-75.165,1
39.953,-75.165,1
39.953,-75.165,1
39.953,-75.165,1
39.953,-75.165,1
39.953,-75.165,1
39.953,-75.165,1
39.953,-75.165,1
39.953,-75.165,1
39.953,-75.165,1
39.953,-75.165,1
39.953,-75.165,1
39.953,-75.165,1
39.953,-75.165,1
39.953,-75.165,1
39.953,-75.165,1
39.953,-75.165,1
39.953,-75.165,1
39.953,-75.165,1
39.953,-75.165,1
39.953,-75.165,1
39.953,-75.165,1
39.953,-75.165,1
39.953,-75.165,1
39.953,-75.165,1
39.953,-75.165,1
39.953,-75.165,1
39.953,-75.165,1
39.953,-75.165,1
39.953,-75.165,1
39.953,-75.165,1
39.953,-75.165,1
39.953,-75.165,1
39.953,-75.165,1
39.953,-75.165,1
39.953,-75.165,1
39.953,-75.165,1
39.953,-75.165,1
39.953,-75.165,1
39.953,-75.165,1
39.953,-75.165,1
39.953,-75.165,1
39.953,-75.165,1
39.953,-75.165,1
39.953,-75.165,1
39.953,-75.165,1
39.953,-75.165,1
39.953,-75.165,1
39.953,-75.165,1
39.953,-75.165,1
39.953,-75.165,1
39.953,-75.165,1
39.953,-75.165,1
39.953,-75.165,1
39.953,-75.165,1
39.953,-75.165,1
39.953,-75.165,1
39.953,-75.165,1
39.953,-75.165,1
39.953,-75.165,1
39.953,-75.165,1
39.953,-75.165,1
39.953,-75.165,1
39.953,-75.165,1
39.953,-75.165,1
39.953,-75.165,1
39.953,-75.165,1
39.953,-75.165,1
39.953,-75.165,1
39.953,-75.165,1
39.953,-75.165,1
39.953,-75.165,1
39.953,-75.165,1
39.953,-75.165,1
39.953,-75.165,1
39.953,-75.165,1
39.953,-75.165,1
39.953,-75.165,1
39.953,-75.165,1
39.953,-75.165,1
39.953,-75.165,1
39.953,-75.165,1
39.953,-75.165,1
39.953,-75.165,1
39.953,-75.165,1
39.953,-75.165,1
39.953,-75.165,1
39.953,-75.165,1
39.953,-75.165,1
39.953,-75.165,1
39.953,-75.165,1
39.953,-75.165,1
39.953,-75.165,1
39.953,-75.165,1
39.953,-75.165,1
39.953,-75.165,1
39.953,-75.165,1
39.953,-75.165,1
39.953,-75.165,1
39.953,-75.165,1
39.953,-75.165,1
39.953,-75.165,1
39.953,-75.165,1
39.953,-75.165,1
39.953,-75.165,1
39.953,-75.165,1
39.953,-75.165,1
39.953,-75.165,1
39.953,-75.165,1
39.953,-75.165,1
39.953,-75.165,1
39.953,-75.165,1
39.953,-75.165,1
39.953,-75.165,1
39.953,-75.165,1
39.953,-75.165,1
39.953,-75.165,1
39.953,-75.165,1
39.953,-75.165,1
39.953,-75.165,1
39.953,-75.165,1
39.953,-75.165,1
39.953,-75.165,1
39.953,-75.165,1
39.953,-75.165,1
39.953,-75.165,1
39.953,-75.165,1
39.953,-75.165,1
39.953,-75.165,1
39.953,-75.165,1
39.953,-75.165,1
39.953,-75.165,1
39.953,-75.165,1
39.953,-75.165,1
39.953,-75.165,1
39.953,-75.165,1
39.953,-75.165,1
39.953,-75.165,1
39.953,-75.165,1
39.953,-75.165,1
39.953,-75.165,1
39.953,-75.165,1
39.953,-75.165,1
39.953,-75.165,1
39.953,-75.165,1
39.953,-75.165,1
39.953,-75.165,1
39.953,-75.165,1
39.953,-75.165,1
39.953,-75.165,1
39.953,-75.165,1
39.953,-75.165,1
39.953,-75.165,1
39.953,-75.165,1
39.953,-75.165,1
39.953,-75.165,1
39.953,-75.165,1
39.953,-75.165,1
39.953,-75.165,1
39.953,-75.165,1
39.953,-75.165,1
39.953,-75.165,1
39.953,-75.165,1
39.953,-75.165,1
39.953,-75.165,1
39.953,-75.165,1
39.953,-75.165,1
39.953,-75.165,1
39.953,-75.165,1
39.953,-75.165,1
39.953,-75.165,1
39.953,-75.165,1
39.953,-75.165,1
39.953,-75.165,1
39.953,-75.165,1
39.953,-75.165,1
39.953,-75.165,1
39.953,-75.165,1
39.953,-75.165,1
39.953,-75.165,1
39.953,-75.165,1
39.953,-75.165,1
39.953,-75.165,1
39.953,-75.165,1
39.953,-75.165,1
39.953,-75.165,1
39.953,-75.165,1
39.953,-75.165,1
39.953,-75.165,1
39.953,-75.165,1
39.953,-75.165,1
39.953,-75.165,1
39.953,-75.165,1
39.953,-75.165,1
39.953,-75.165,1
39.953,-75.165,1
39.953,-75.165,1
39.953,-75.165,1
39.953,-75.165,1
39.953,-75.165,1
39.953,-75.165,1
39.953,-75.165,1
39.953,-75.165,1
39.953,-75.165,1
39.953,-75.165,1
39.953,-75.165,1
39.953,-75.165,1
39.953,-75.165,1
39.953,-75.165,1
39.953,-75.165,1
39.953,-75.165,1
39.953,-75.165,1
39.953,-75.165,1
39.953,-75.165,1
39.953,-75.165,1
39.953,-75.165,1
39.953,-75.165,1
39.953,-75.165,1
39.953,-75.165,1
39.953,-75.165,1
39.953,-75.165,1
39.953,-75.165,1
39.953,-75.165,1
39.953,-75.165,1
39.953,-75.165,1
39.953,-75.165,1
39.953,-75.165,1
39.953,-75.165,1
39.953,-75.165,1
39.953,-75.165,1
39.953,-75.165,1
39.953,-75.165,1
39.953,-75.165,1
39.953,-75.165,1
39.953,-75.165,1
39.953,-75.165,1
39.953,-75.165,1
39.953,-75.165,1
39.953,-75.165,1
39.953,-75.165,1
39.953,-75.165,1
39.953,-75.165,1
39.953,-75.165,1
39.953,-75.165,1
39.953,-75.165,1
39.953,-75.165,1
39.953,-75.165,1
39.953,-75.165,1
39.953,-75.165,1
39.953,-75.165,1
39.953,-75.165,1
39.953,-75.165,1
39.953,-75.165,1
39.953,-75.165,1
39.953,-75.165,1
39.953,-75.165,1
39.953,-75.165,1
39.953,-75.165,1
39.953,-75.165,1
39.953,-75.165,1
39.953,-75.165,1
39.953,-75.165,1
39.953,-75.165,1
39.953,-75.165,1
39.953,-75.165,1
39.953,-75.165,1
39.953,-75.165,1
39.953,-75.165,1
39.953,-75.165,1
39.953,-75.165,1
39.953,-75.165,1
39.953,-75.165,1
39.953,-75.165,1
39.953,-75.165,1
39.953,-75.165,1
39.953,-75.165,1
39.953,-75.165,1
39.953,-75.165,1
39.953,-75.165,1
39.953,-75.165,1
39.953,-75.165,1
39.953,-75.165,1
39.953,-75.165,1
39.953,-75.165,1
39.953,-75.165,1
39.953,-75.165,1
39.953,-75.165,1
39.953,-75.165,1
39.953,-75.165,1
39.953,-75.165,1
39.953,-75.165,1
39.953,-75.165,1
39.953,-75.165,1
39.953,-75.165,1
39.953,-75.165,1
39.953,-75.165,1
39.953,-75.165,1
39.953,-75.165,1
39.953,-75.165,1
39.953,-75.165,1
39.953,-75.165,1
39.953,-75.165,1
39.953,-75.165,1
39.953,-75.165,1
39.953,-75.165,1
39.953,-75.165,1
39.953,-75.165,1
39.953,-75.165,1
39.953,-75.165,1
39.953,-75.165,1
39.953,-75.165,1
39.953,-75.165,1
39.953,-75.165,1
39.953,-75.165,1
39.953,-75.165,1
39.953,-75.165,1
39.953,-75.165,1
39.953,-75.165,1
39.953,-75.165,1
39.953,-75.165,1
39.953,-75.165,1
39.953,-75.165,1
39.953,-75.165,1
39.953,-75.165,1
39.953,-75.165,1
39.953,-75.165,1
39.953,-75.165,1
39.953,-75.165,1
39.953,-75.165,1
39.953,-75.165,1
39.953,-75.165,1
39.953,-75.165,1
39.953,-75.165,1
39.953,-75.165,1
39.953,-75.165,1
39.953,-75.165,1
39.953,-75.165,1
39.953,-75.165,1
39.953,-75.165,1
39.953,-75.165,1
39.953,-75.165,1
39.953,-75.165,1
39.953,-75.165,1
39.953,-75.165,1
39.953,-75.165,1
39.953,-75.165,1
39.953,-75.165,1
39.953,-75.165,1
39.953,-75.165,1
39.953,-75.165,1
39.953,-75.165,1
39.953,-75.165,1
39.953,-75.165,1
39.953,-75.165,1
39.953,-75.165,1
39.953,-75.165,1
39.953,-75.165,1
39.953,-75.165,1
39.953,-75.165,1
39.953,-75.165,1
39.953,-75.165,1
39.953,-75.165,1
39.953,-75.165,1
39.953,-75.165,1
39.953,-75.165,1
39.953,-75.165,1
39.953,-75.165,1
39.953,-75.165,1
39.953,-75.165,1
39.953,-75.165,1
39.953,-75.165,1
39.953,-75.165,1
39.953,-75.165,1
39.953,-75.165,1
39.953,-75.165,1
39.953,-75.165,1
39.953,-75.165,1
39.953,-75.165,1
39.953,-75.165,1
39.953,-75.165,1
39.953,-75.165,1
39.953,-75.165,1
39.953,-75.165,1
39.953,-75.165,1
39.953,-75.165,1
39.953,-75.165,1
39.953,-75.165,1
39.953,-75.165,1
39.953,-75.165,1
39.953,-75.165,1
39.953,-75.165,1
39.953,-75.165,1
39.953,-75.165,1
39.953,-75.165,1
39.953,-75.165,1
39.953,-75.165,1
39.953,-75.165,1
39.953,-75.165,1
39.953,-75.165,1
39.953,-75.165,1
39.953,-75.165,1
39.953,-75.165,1
39.953,-75.165,1
39.953,-75.165,1
39.953,-75.165,1
39.953,-75.165,1
39.953,-75.165,1
39.953,-75.165,1
39.953,-75.165,1
39.953,-75.165,1
39.953,-75.165,1
39.953,-75.165,1
39.953,-75.165,1
39.953,-75.165,1
39.953,-75.165,1
39.953,-75.165,1
39.953,-75.165,1
39.953,-75.165,1
39.953,-75.165,1
39.953,-75.165,1
39.953,-75.165,1
39.953,-75.165,1
39.953,-75.165,1
39.953,-75.165,1
39.953,-75.165,1
39.953,-75.165,1
39.953,-75.165,1
39.953,-75.165,1
39.953,-75.165,1
39.953,-75.165,1
39.953,-75.165,1
39.953,-75.165,1
39.953,-75.165,1
39.953,-75.165,1
39.953,-75.165,1
39.953,-75.165,1
39.953,-75.165,1
39.953,-75.165,1
39.953,-75.165,1
39.953,-75.165,1
39.953,-75.165,1
39.953,-75.165,1
39.953,-75.165,1
39.953,-75.165,1
39.953,-75.165,1
39.953,-75.165,1
39.953,-75.165,1
39.953,-75.165,1
39.953,-75.165,1
39.953,-75.165,1
39.953,-75.165,1
39.953,-75.165,1
39.953,-75.165,1
39.953,-75.165,1
39.953,-75.165,1
39.953,-75.165,1
39.953,-75.165,1
39.953,-75.165,1
39.953,-75.165,1
39.953,-75.165,1
39.953,-75.165,1
39.953,-75.165,1
39.953,-75.165,1
39.953,-75.165,1
39.953,-75.165,1
39.953,-75.165,1
39.953,-75.165,1
39.953,-75.165,1
39.953,-75.165,1
39.953,-75.165,1
39.953,-75.165,1
39.953,-75.165,1
39.953,-75.165,1
39.953,-75.165,1
39.953,-75.165,1
39.953,-75.165,1
39.953,-75.165,1
39.953,-75.165,1
39.953,-75.165,1
39.953,-75.165,1
39.953,-75.165,1
39.953,-75.165,1
39.953,-75.165,1
39.953,-75.165,1
39.953,-75.165,1
39.953,-75.165,1
39.953,-75.165,1
39.953,-75.165,1
39.953,-75.165,1
39.953,-75.165,1
39.953,-75.165,1
39.953,-75.165,1
39.953,-75.165,1
39.953,-75.165,1
39.953,-75.165,1
39.953,-75.165,1
39.953,-75.165,1
39.953,-75.165,1
39.953,-75.165,1
39.953,-75.165,1
39.953,-75.165,1
39.953,-75.165,1
39.953,-75.165,1
39.953,-75.165,1
39.953,-75.165,1
39.953,-75.165,1
39.953,-75.165,1
39.953,-75.165,1
39.953,-75.165,1
39.953,-75.165,1
39.953,-75.165,1
39.953,-75.165,1
39.953,-75.165,1
39.953,-75.165,1
39.953,-75.165,1
39.953,-75.165,1
39.953,-75.165,1
39.953,-75.165,1
39.953,-75.165,1
39.953,-75.165,1
39.953,-75.165,1
39.953,-75.165,1
39.953,-75.165,1
39.953,-75.165,1
39.953,-75.165,1
39.953,-75.165,1
39.953,-75.165,1
39.953,-75.165,1
39.953,-75.165,1
39.953,-75.165,1
39.953,-75.165,1
39.953,-75.165,1
39.953,-75.165,1
39.953,-75.165,1
39.953,-75.165,1
39.953,-75.165,1
39.953,-75.165,1
39.953,-75.165,1
39.953,-75.165,1
39.953,-75.165,1
39.953,-75.165,1
39.953,-75.165,1
39.953,-75.165,1
39.953,-75.165,1
39.953,-75.165,1
39.953,-75.165,1
39.953,-75.165,1
39.953,-75.165,1
39.953,-75.165,1
39.953,-75.165,1
39.953,-75.165,1
39.953,-75.165,1
39.953,-75.165,1
39.953,-75.165,1
39.953,-75.165,1
39.953,-75.165,1
39.953,-75.165,1
39.953,-75.165,1
39.953,-75.165,1
39.953,-75.165,1
39.953,-75.165,1
39.953,-75.165,1
39.953,-75.165,1
39.953,-75.165,1
39.953,-75.165,1
39.953,-75.165,1
39.953,-75.165,1
39.953,-75.165,1
39.953,-75.165,1
39.953,-75.165,1
39.953,-75.165,1
39.953,-75.165,1
39.953,-75.165,1
39.953,-75.165,1
39.953,-75.165,1
39.953,-75.165,1
39.953,-75.165,1
39.953,-75.165,1
39.953,-75.165,1
39.953,-75.165,1
39.953,-75.165,1
39.953,-75.165,1
39.953,-75.165,1
39.953,-75.165,1
39.953,-75.165,1
39.953,-75.165,1
39.953,-75.165,1
39.953,-75.165,1
39.953,-75.165,1
39.953,-75.165,1
39.953,-75.165,1
39.953,-75.165,1
39.953,-75.165,1
39.953,-75.165,1
39.953,-75.165,1
39.953,-75.165,1
39.953,-75.165,1
39.953,-75.165,1
39.953,-75.165,1
39.953,-75.165,1
39.953,-75.165,1
39.953,-75.165,1
39.953,-75.165,1
39.953,-75.165,1
39.953,-75.165,1
39.953,-75.165,1
39.953,-75.165,1
39.953,-75.165,1
39.953,-75.165,1
39.953,-75.165,1
39.953,-75.165,1
39.953,-75.165,1
39.953,-75.165,1
39.953,-75.165,1
39.953,-75.165,1
39.953,-75.165,1
39.953,-75.165,1
39.953,-75.165,1
39.953,-75.165,1
39.953,-75.165,1
39.953,-75.165,1
39.953,-75.165,1
39.953,-75.165,1
39.953,-75.165,1
39.953,-75.165,1
39.953,-75.165,1
39.953,-75.165,1
39.953,-75.165,1
39.953,-75.165,1
39.953,-75.165,1
39.953,-75.165,1
39.953,-75.165,1
39.953,-75.165,1
39.953,-75.165,1
39.953,-75.165,1
39.953,-75.165,1
39.953,-75.165,1
39.953,-75.165,1
39.953,-75.165,1
39.953,-75.165,1
39.953,-75.165,1
39.953,-75.165,1
39.953,-75.165,1
39.953,-75.165,1
39.953,-75.165,1
39.953,-75.165,1
39.953,-75.165,1
39.953,-75.165,1
39.953,-75.165,1
39.953,-75.165,1
39.953,-75.165,1
39.953,-75.165,1
39.953,-75.165,1
39.953,-75.165,1
39.953,-75.165,1
39.953,-75.165,1
39.953,-75.165,1
39.953,-75.165,1
39.953,-75.165,1
39.953,-75.165,1
39.953,-75.165,1
39.953,-75.165,1
39.953,-75.165,1
39.953,-75.165,1
39.953,-75.165,1
39.953,-75.165,1
39.953,-75.165,1
39.953,-75.165,1
39.953,-75.165,1
39.953,-75.165,1
39.953,-75.165,1
39.953,-75.165,1
39.953,-75.165,1
39.953,-75.165,1
39.953,-75.165,1
39.953,-75.165,1
39.953,-75.165,1
39.953,-75.165,1
39.953,-75.165,1
39.953,-75.165,1
39.953,-75.165,1
39.953,-75.165,1
39.953,-75.165,1
39.953,-75.165,1
39.953,-75.165,1
39.953,-75.165,1
39.953,-75.165,1
39.953,-75.165,1
39.953,-75.165,1
39.953,-75.165,1
39.953,-75.165,1
39.953,-75.165,1
39.953,-75.165,1
39.953,-75.165,1
39.953,-75.165,1
39.953,-75.165,1
39.953,-75.165,1
39.953,-75.165,1
39.953,-75.165,1
39.953,-75.165,1
39.953,-75.165,1
39.953,-75.165,1
39.953,-75.165,1
39.953,-75.165,1
39.953,-75.165,1
39.953,-75.165,1
39.953,-75.165,1
39.953,-75.165,1
39.953,-75.165,1
39.953,-75.165,1
39.953,-75.165,1
39.953,-75.165,1
39.953,-75.165,1
39.953,-75.165,1
39.953,-75.165,1
39.953,-75.165,1
39.953,-75.165,1
39.953,-75.165,1
39.953,-75.165,1
39.953,-75.165,1
39.953,-75.165,1
39.953,-75.165,1
39.953,-75.165,1
39.953,-75.165,1
39.953,-75.165,1
39.953,-75.165,1
39.953,-75.165,1
39.953,-75.165,1
39.953,-75.165,1
39.953,-75.165,1
39.953,-75.165,1
39.953,-75.165,1
39.953,-75.165,1
39.953,-75.165,1
39.953,-75.165,1
39.953,-75.165,1
39.953,-75.165,1
39.953,-75.165,1
39.953,-75.165,1
39.953,-75.165,1
39.953,-75.165,1
39.953,-75.165,1
39.953,-75.165,1
39.953,-75.165,1
39.953,-75.165,1
39.953,-75.165,1
39.953,-75.165,1
39.953,-75.165,1
39.953,-75.165,1
39.953,-75.165,1
39.953,-75.165,1
39.953,-75.165,1
39.953,-75.165,1
39.953,-75.165,1
39.953,-75.165,1
39.953,-75.165,1
39.953,-75.165,1
39.953,-75.165,1
39.953,-75.165,1
39.953,-75.165,1
39.953,-75.165,1
39.953,-75.165,1
39.953,-75.165,1
39.953,-75.165,1
39.953,-75.165,1
39.953,-75.165,1
39.953,-75.165,1
39.953,-75.165,1
39.953,-75.165,1
39.953,-75.165,1
39.953,-75.165,1
39.953,-75.165,1
39.953,-75.165,1
39.953,-75.165,1
39.953,-75.165,1
39.953,-75.165,1
39.953,-75.165,1
39.953,-75.165,1
39.953,-75.165,1
39.953,-75.165,1
39.953,-75.165,1
39.953,-75.165,1
39.953,-75.165,1
39.953,-75.165,1
39.953,-75.165,1
39.953,-75.165,1
39.953,-75.165,1
39.953,-75.165,1
39.953,-75.165,1
39.953,-75.165,1
39.953,-75.165,1
39.953,-75.165,1
39.953,-75.165,1
39.953,-75.165,1
39.953,-75.165,1
39.953,-75.165,1
39.953,-75.165,1
39.953,-75.165,1
39.953,-75.165,1
39.953,-75.165,1
39.953,-75.165,1
39.953,-75.165,1
39.953,-75.165,1
39.953,-75.165,1
39.953,-75.165,1
39.953,-75.165,1
39.953,-75.165,1
39.953,-75.165,1
39.953,-75.165,1
39.953,-75.165,1
39.953,-75.165,1
39.953,-75.165,1
39.953,-75.165,1
39.953,-75.165,1
39.953,-75.165,1
39.953,-75.165,1
39.953,-75.165,1
39.953,-75.165,1
39.953,-75.165,1
39.953,-75.165,1
39.953,-75.165,1
39.953,-75.165,1
39.953,-75.165,1
39.953,-75.165,1
39.953,-75.165,1
39.953,-75.165,1
39.953,-75.165,1
39.953,-75.165,1
39.953,-75.165,1
39.953,-75.165,1
39.953,-75.165,1
39.953,-75.165,1
39.953,-75.165,1
39.953,-75.165,1
39.953,-75.165,1
39.953,-75.165,1
39.953,-75.165,1
39.953,-75.165,1
39.953,-75.165,1
39.953,-75.165,1
39.953,-75.165,1
39.953,-75.165,1
39.953,-75.165,1
39.953,-75.165,1
39.953,-75.165,1
39.953,-75.165,1
39.953,-75.165,1
39.953,-75.165,1
39.953,-75.165,1
39.953,-75.165,1
39.953,-75.165,1
39.953,-75.165,1
39.953,-75.165,1
39.953,-75.165,1
39.953,-75.165,1
39.953,-75.165,1
39.953,-75.165,1
39.953,-75.165,1
39.953,-75.165,1
39.953,-75.165,1
39.953,-75.165,1
39.953,-75.165,1
39.953,-75.165,1
39.953,-75.165,1
39.953,-75.165,1
39.953,-75.165,1
39.953,-75.165,1
39.953,-75.165,1
39.953,-75.165,1
39.953,-75.165,1
39.953,-75.165,1
39.953,-75.165,1
39.953,-75.165,1
39.953,-75.165,1
39.953,-75.165,1
39.953,-75.165,1
39.953,-75.165,1
39.953,-75.165,1
39.953,-75.165,1
39.953,-75.165,1
39.953,-75.165,1
39.953,-75.165,1
39.953,-75.165,1
39.953,-75.165,1
39.953,-75.165,1
39.953,-75.165,1
39.953,-75.165,1
39.953,-75.165,1
39.953,-75.165,1
39.953,-75.165,1
39.953,-75.165,1
39.953,-75.165,1
39.953,-75.165,1
39.953,-75.165,1
39.953,-75.165,1
39.953,-75.165,1
39.953,-75.165,1
39.953,-75.165,1
39.953,-75.165,1
39.953,-75.165,1
39.953,-75.165,1
39.953,-75.165,1
39.953,-75.165,1
39.953,-75.165,1
39.953,-75.165,1
39.953,-75.165,1
39.953,-75.165,1
39.953,-75.165,1
39.953,-75.165,1
39.953,-75.165,1
39.953,-75.165,1
39.953,-75.165,1
39.953,-75.165,1
39.953,-75.165,1
39.953,-75.165,1
39.953,-75.165,1
39.953,-75.165,1
39.953,-75.165,1
39.953,-75.165,1
39.953,-75.165,1
39.953,-75.165,1
39.953,-75.165,1
39.953,-75.165,1
39.953,-75.165,1
39.953,-75.165,1
39.953,-75.165,1
39.953,-75.165,1
39.953,-75.165,1
39.953,-75.165,1
39.953,-75.165,1
39.953,-75.165,1
39.953,-75.165,1
39.953,-75.165,1
39.953,-75.165,1
39.953,-75.165,1
39.953,-75.165,1
39.953,-75.165,1
39.953,-75.165,1
39.953,-75.165,1
39.953,-75.165,1
39.953,-75.165,1
39.953,-75.165,1
39.953,-75.165,1
39.953,-75.165,1
39.953,-75.165,1
39.953,-75.165,1
39.953,-75.165,1
39.953,-75.165,1
39.953,-75.165,1
39.953,-75.165,1
39.953,-75.165,1
39.953,-75.165,1
39.953,-75.165,1
39.953,-75.165,1
39.953,-75.165,1
39.953,-75.165,1
39.953,-75.165,1
39.953,-75.165,1
39.953,-75.165,1
39.953,-75.165,1
39.953,-75.165,1
39.953,-75.165,1
39.953,-75.165,1
39.953,-75.165,1
39.953,-75.165,1
39.953,-75.165,1
39.953,-75.165,1
39.953,-75.165,1
39.953,-75.165,1
39.953,-75.165,1
39.953,-75.165,1
39.953,-75.165,1
39.953,-75.165,1
39.953,-75.165,1
39.953,-75.165,1
39.953,-75.165,1
39.953,-75.165,1
39.953,-75.165,1
39.953,-75.165,1
39.953,-75.165,1
39.953,-75.165,1
39.953,-75.165,1
39.953,-75.165,1
39.953,-75.165,1
39.953,-75.165,1
39.953,-75.165,1
39.953,-75.165,1
39.953,-75.165,1
39.953,-75.165,1
39.953,-75.165,1
39.953,-75.165,1
39.953,-75.165,1
39.953,-75.165,1
39.953,-75.165,1
39.953,-75.165,1
39.953,-75.165,1
39.953,-75.165,1
39.953,-75.165,1
39.953,-75.165,1
39.953,-75.165,1
39.953,-75.165,1
39.953,-75.165,1
39.953,-75.165,1
39.953,-75.165,1
39.953,-75.165,1
39.953,-75.165,1
39.953,-75.165,1
39.953,-75.165,1
39.953,-75.165,1
39.953,-75.165,1
39.953,-75.165,1
39.953,-75.165,1
39.953,-75.165,1
39.953,-75.165,1
39.953,-75.165,1
39.953,-75.165,1
39.953,-75.165,1
39.953,-75.165,1
39.953,-75.165,1
39.953,-75.165,1
39.953,-75.165,1
39.953,-75.165,1
39.953,-75.165,1
39.953,-75.165,1
39.953,-75.165,1
39.953,-75.165,1
39.953,-75.165,1
39.953,-75.165,1
39.953,-75.165,1
39.953,-75.165,1
39.953,-75.165,1
39.953,-75.165,1
39.953,-75.165,1
39.953,-75.165,1
39.953,-75.165,1
39.953,-75.165,1
39.953,-75.165,1
39.953,-75.165,1
39.953,-75.165,1
39.953,-75.165,1
39.953,-75.165,1
39.953,-75.165,1
39.953,-75.165,1
39.953,-75.165,1
39.953,-75.165,1
39.953,-75.165,1
39.953,-75.165,1
39.953,-75.165,1
39.953,-75.165,1
39.953,-75.165,1
39.953,-75.165,1
39.953,-75.165,1
39.953,-75.165,1
39.953,-75.165,1
39.953,-75.165,1
39.953,-75.165,1
39.953,-75.165,1
39.953,-75.165,1
39.953,-75.165,1
39.953,-75.165,1
39.953,-75.165,1
39.953,-75.165,1
39.953,-75.165,1
39.953,-75.165,1
39.953,-75.165,1
39.953,-75.165,1
39.953,-75.165,1
39.953,-75.165,1
39.953,-75.165,1
39.953,-75.165,1
39.953,-75.165,1
39.953,-75.165,1
39.953,-75.165,1
39.953,-75.165,1
39.953,-75.165,1
39.953,-75.165,1
39.953,-75.165,1
39.953,-75.165,1
39.953,-75.165,1
39.953,-75.165,1
39.953,-75.165,1
39.953,-75.165,1
39.953,-75.165,1
39.953,-75.165,1
39.953,-75.165,1
39.953,-75.165,1
39.953,-75.165,1
39.953,-75.165,1
39.953,-75.165,1
39.953,-75.165,1
39.953,-75.165,1
39.953,-75.165,1
39.953,-75.165,1
39.953,-75.165,1
39.953,-75.165,1
39.953,-75.165,1
39.953,-75.165,1
39.953,-75.165,1
39.953,-75.165,1
39.953,-75.165,1
39.953,-75.165,1
39.953,-75.165,1
39.953,-75.165,1
39.953,-75.165,1
39.953,-75.165,1
39.953,-75.165,1
39.953,-75.165,1
39.953,-75.165,1
39.953,-75.165,1
39.953,-75.165,1
39.953,-75.165,1
39.953,-75.165,1
39.953,-75.165,1
39.953,-75.165,1
39.953,-75.165,1
39.953,-75.165,1
39.953,-75.165,1
39.953,-75.165,1
39.953,-75.165,1
39.953,-75.165,1
39.953,-75.165,1
39.953,-75.165,1
39.953,-75.165,1
39.953,-75.165,1
39.953,-75.165,1
39.953,-75.165,1
39.953,-75.165,1
39.953,-75.165,1
39.953,-75.165,1
39.953,-75.165,1
39.953,-75.165,1
39.953,-75.165,1
39.953,-75.165,1
39.953,-75.165,1
39.953,-75.165,1
39.953,-75.165,1
39.953,-75.165,1
39.953,-75.165,1
39.953,-75.165,1
39.953,-75.165,1
39.953,-75.165,1
39.953,-75.165,1
39.953,-75.165,1
39.953,-75.165,1
39.953,-75.165,1
39.953,-75.165,1
39.953,-75.165,1
39.953,-75.165,1
39.953,-75.165,1
39.953,-75.165,1
39.953,-75.165,1
39.953,-75.165,1
39.953,-75.165,1
39.953,-75.165,1
39.953,-75.165,1
39.953,-75.165,1
39.953,-75.165,1
39.953,-75.165,1
39.953,-75.165,1
39.953,-75.165,1
39.953,-75.165,1
39.953,-75.165,1
39.953,-75.165,1
39.953,-75.165,1
39.953,-75.165,1
39.953,-75.165,1
39.953,-75.165,1
39.953,-75.165,1
39.953,-75.165,1
39.953,-75.165,1
39.953,-75.165,1
39.953,-75.165,1
39.953,-75.165,1
39.953,-75.165,1
39.953,-75.165,1
39.953,-75.165,1
39.953,-75.165,1
39.953,-75.165,1
39.953,-75.165,1
39.953,-75.165,1
39.953,-75.165,1
39.953,-75.165,1
39.953,-75.165,1
39.953,-75.165,1
39.953,-75.165,1
39.953,-75.165,1
39.953,-75.165,1
39.953,-75.165,1
39.953,-75.165,1
39.953,-75.165,1
39.953,-75.165,1
39.953,-75.165,1
39.953,-75.165,1
39.953,-75.165,1
39.953,-75.165,1
39.953,-75.165,1
39.953,-75.165,1
39.953,-75.165,1
39.953,-75.165,1
39.953,-75.165,1
39.953,-75.165,1
39.953,-75.165,1
39.953,-75.165,1
39.953,-75.165,1
39.953,-75.165,1
39.953,-75.165,1
39.953,-75.165,1
39.953,-75.165,1
39.953,-75.165,1
39.953,-75.165,1
39.953,-75.165,1
39.953,-75.165,1
39.953,-75.165,1
39.953,-75.165,1
39.953,-75.165,1
39.953,-75.165,1
39.953,-75.165,1
39.953,-75.165,1
39.953,-75.165,1
39.953,-75.165,1
39.953,-75.165,1
39.953,-75.165,1
39.953,-75.165,1
39.953,-75.165,1
39.953,-75.165,1
39.953,-75.165,1
39.953,-75.165,1
39.953,-75.165,1
39.953,-75.165,1
39.953,-75.165,1
39.953,-75.165,1
39.953,-75.165,1
39.953,-75.165,1
39.953,-75.165,1
39.953,-75.165,1
39.953,-75.165,1
39.953,-75.165,1
39.953,-75.165,1
39.953,-75.165,1
39.953,-75.165,1
39.953,-75.165,1
39.953,-75.165,1
39.953,-75.165,1
39.953,-75.165,1
39.953,-75.165,1
39.953,-75.165,1
39.953,-75.165,1
39.953,-75.165,1
39.953,-75.165,1
39.953,-75.165,1
39.953,-75.165,1
39.953,-75.165,1
39.953,-75.165,1
39.953,-75.165,1
39.953,-75.165,1
39.953,-75.165,1
39.953,-75.165,1
39.953,-75.165,1
39.953,-75.165,1
39.953,-75.165,1
39.953,-75.165,1
39.953,-75.165,1
39.953,-75.165,1
39.953,-75.165,1
39.953,-75.165,1
39.953,-75.165,1
39.953,-75.165,1
39.953,-75.165,1
39.953,-75.165,1
39.953,-75.165,1
39.953,-75.165,1
39.953,-75.165,1
39.953,-75.165,1
39.953,-75.165,1
39.953,-75.165,1
39.953,-75.165,1
39.953,-75.165,1
39.953,-75.165,1
39.953,-75.165,1
39.953,-75.165,1
39.953,-75.165,1
39.953,-75.165,1
39.953,-75.165,1
39.953,-75.165,1
39.953,-75.165,1
39.953,-75.165,1
39.953,-75.165,1
39.953,-75.165,1
39.953,-75.165,1
39.953,-75.165,1
39.953,-75.165,1
39.953,-75.165,1
39.953,-75.165,1
39.953,-75.165,1
39.953,-75.165,1
39.953,-75.165,1
39.953,-75.165,1
39.953,-75.165,1
39.953,-75.165,1
39.953,-75.165,1
39.953,-75.165,1
39.953,-75.165,1
39.953,-75.165,1
39.953,-75.165,1
39.953,-75.165,1
39.953,-75.165,1
39.953,-75.165,1
39.953,-75.165,1
39.953,-75.165,1
39.953,-75.165,1
39.953,-75.165,1
39.953,-75.165,1
39.953,-75.165,1
39.953,-75.165,1
39.953,-75.165,1
39.953,-75.165,1
39.953,-75.165,1
39.953,-75.165,1
39.953,-75.165,1
39.953,-75.165,1
39.953,-75.165,1
39.953,-75.165,1
39.953,-75.165,1
39.953,-75.165,1
39.953,-75.165,1
39.953,-75.165,1
39.953,-75.165,1
39.953,-75.165,1
39.953,-75.165,1
39.953,-75.165,1
39.953,-75.165,1
39.953,-75.165,1
39.953,-75.165,1
39.953,-75.165,1
39.953,-75.165,1
39.953,-75.165,1
39.953,-75.165,1
39.953,-75.165,1
39.953,-75.165,1
39.953,-75.165,1
39.953,-75.165,1
39.953,-75.165,1
39.953,-75.165,1
39.953,-75.165,1
39.953,-75.165,1
39.953,-75.165,1
39.953,-75.165,1
39.953,-75.165,1
39.953,-75.165,1
39.953,-75.165,1
39.953,-75.165,1
39.953,-75.165,1
39.953,-75.165,1
39.953,-75.165,1
39.953,-75.165,1
39.953,-75.165,1
39.953,-75.165,1
39.953,-75.165,1
39.953,-75.165,1
39.953,-75.165,1
39.953,-75.165,1
39.953,-75.165,1
39.953,-75.165,1
39.953,-75.165,1
39.953,-75.165,1
39.953,-75.165,1
39.953,-75.165,1
39.953,-75.165,1
39.953,-75.165,1
39.953,-75.165,1
39.953,-75.165,1
39.953,-75.165,1
39.953,-75.165,1
39.953,-75.165,1
39.953,-75.165,1
39.953,-75.165,1
39.953,-75.165,1
39.953,-75.165,1
39.953,-75.165,1
39.953,-75.165,1
39.953,-75.165,1
39.953,-75.165,1
39.953,-75.165,1
39.953,-75.165,1
39.953,-75.165,1
39.953,-75.165,1
39.953,-75.165,1
39.953,-75.165,1
39.953,-75.165,1
39.953,-75.165,1
39.953,-75.165,1
39.953,-75.165,1
39.953,-75.165,1
39.953,-75.165,1
39.953,-75.165,1
39.953,-75.165,1
39.953,-75.165,1
39.953,-75.165,1
39.953,-75.165,1
39.953,-75.165,1
39.953,-75.165,1
39.953,-75.165,1
39.953,-75.165,1
39.953,-75.165,1
39.953,-75.165,1
39.953,-75.165,1
39.953,-75.165,1
39.953,-75.165,1
39.953,-75.165,1
39.953,-75.165,1
39.953,-75.165,1
39.953,-75.165,1
39.953,-75.165,1
39.953,-75.165,1
39.953,-75.165,1
39.953,-75.165,1
39.953,-75.165,1
39.953,-75.165,1
39.953,-75.165,1
39.953,-75.165,1
39.953,-75.165,1
39.953,-75.165,1
39.953,-75.165,1
39.953,-75.165,1
39.953,-75.165,1
39.953,-75.165,1
39.953,-75.165,1
39.953,-75.165,1
39.953,-75.165,1
39.953,-75.165,1
39.953,-75.165,1
39.953,-75.165,1
39.953,-75.165,1
39.953,-75.165,1
39.953,-75.165,1
39.953,-75.165,1
39.953,-75.165,1
39.953,-75.165,1
39.953,-75.165,1
39.953,-75.165,1
39.953,-75.165,1
39.953,-75.165,1
39.953,-75.165,1
39.953,-75.165,1
39.953,-75.165,1
39.953,-75.165,1
39.953,-75.165,1
39.953,-75.165,1
39.953,-75.165,1
39.953,-75.165,1
39.953,-75.165,1
39.953,-75.165,1
39.953,-75.165,1
39.953,-75.165,1
39.953,-75.165,1
39.953,-75.165,1
39.953,-75.165,1
39.953,-75.165,1
39.953,-75.165,1
39.953,-75.165,1
39.953,-75.165,1
39.953,-75.165,1
39.953,-75.165,1
39.953,-75.165,1
39.953,-75.165,1
39.953,-75.165,1
39.953,-75.165,1
39.953,-75.165,1
39.953,-75.165,1
39.953,-75.165,1
39.953,-75.165,1
39.953,-75.165,1
39.953,-75.165,1
39.953,-75.165,1
39.953,-75.165,1
39.953,-75.165,1
39.953,-75.165,1
39.953,-75.165,1
39.953,-75.165,1
39.953,-75.165,1
39.953,-75.165,1
39.953,-75.165,1
39.953,-75.165,1
39.953,-75.165,1
39.953,-75.165,1
39.953,-75.165,1
39.953,-75.165,1
39.953,-75.165,1
39.953,-75.165,1
39.953,-75.165,1
39.953,-75.165,1
39.953,-75.165,1
39.953,-75.165,1
39.953,-75.165,1
39.953,-75.165,1
39.953,-75.165,1
39.953,-75.165,1
39.953,-75.165,1
39.953,-75.165,1
39.953,-75.165,1
39.953,-75.165,1
39.953,-75.165,1
39.953,-75.165,1
39.953,-75.165,1
39.953,-75.165,1
39.953,-75.165,1
39.953,-75.165,1
39.953,-75.165,1
39.953,-75.165,1
39.953,-75.165,1
39.953,-75.165,1
39.953,-75.165,1
39.953,-75.165,1
39.953,-75.165,1
39.953,-75.165,1
39.953,-75.165,1
39.953,-75.165,1
39.953,-75.165,1
39.953,-75.165,1
39.953,-75.165,1
39.953,-75.165,1
39.953,-75.165,1
39.953,-75.165,1
39.953,-75.165,1
39.953,-75.165,1
39.953,-75.165,1
39.953,-75.165,1
39.953,-75.165,1
39.953,-75.165,1
39.953,-75.165,1
39.953,-75.165,1
39.953,-75.165,1
39.953,-75.165,1
39.953,-75.165,1
39.953,-75.165,1
39.953,-75.165,1
39.953,-75.165,1
39.953,-75.165,1
39.953,-75.165,1
39.953,-75.165,1
39.953,-75.165,1
39.953,-75.165,1
39.953,-75.165,1
39.953,-75.165,1
39.953,-75.165,1
39.953,-75.165,1
39.953,-75.165,1
39.953,-75.165,1
39.953,-75.165,1
39.953,-75.165,1
39.953,-75.165,1
39.953,-75.165,1
39.953,-75.165,1
39.953,-75.165,1
39.953,-75.165,1
39.953,-75.165,1
39.953,-75.165,1
39.953,-75.165,1
39.953,-75.165,1
39.953,-75.165,1
39.953,-75.165,1
39.953,-75.165,1
39.953,-75.165,1
39.953,-75.165,1
39.953,-75.165,1
39.953,-75.165,1
39.953,-75.165,1
39.953,-75.165,1
39.953,-75.165,1
39.953,-75.165,1
39.953,-75.165,1
39.953,-75.165,1
39.953,-75.165,1
39.953,-75.165,1
39.953,-75.165,1
39.953,-75.165,1
39.953,-75.165,1
39.953,-75.165,1
39.953,-75.165,1
39.953,-75.165,1
39.953,-75.165,1
39.953,-75.165,1
39.953,-75.165,1
39.953,-75.165,1
39.953,-75.165,1
39.953,-75.165,1
39.953,-75.165,1
39.953,-75.165,1
39.953,-75.165,1
39.953,-75.165,1
39.953,-75.165,1
39.953,-75.165,1
39.953,-75.165,1
39.953,-75.165,1
39.953,-75.165,1
39.953,-75.165,1
39.953,-75.165,1
39.953,-75.165,1
39.953,-75.165,1
39.953,-75.165,1
39.953,-75.165,1
39.953,-75.165,1
39.953,-75.165,1
39.953,-75.165,1
39.953,-75.165,1
39.953,-75.165,1
39.953,-75.165,1
39.953,-75.165,1
39.953,-75.165,1
39.953,-75.165,1
39.953,-75.165,1
39.953,-75.165,1
39.953,-75.165,1
39.953,-75.165,1
39.953,-75.165,1
39.953,-75.165,1
39.953,-75.165,1
39.953,-75.165,1
39.953,-75.165,1
39.953,-75.165,1
39.953,-75.165,1
39.953,-75.165,1
39.953,-75.165,1
39.953,-75.165,1
39.953,-75.165,1
39.953,-75.165,1
39.953,-75.165,1
39.953,-75.165,1
39.953,-75.165,1
39.953,-75.165,1
39.953,-75.165,1
39.953,-75.165,1
39.953,-75.165,1
39.953,-75.165,1
39.953,-75.165,1
39.953,-75.165,1
39.953,-75.165,1
39.953,-75.165,1
39.953,-75.165,1
39.953,-75.165,1
39.953,-75.165,1
39.953,-75.165,1
39.953,-75.165,1
39.953,-75.165,1
39.953,-75.165,1
39.953,-75.165,1
39.953,-75.165,1
39.953,-75.165,1
39.953,-75.165,1
39.953,-75.165,1
39.953,-75.165,1
39.953,-75.165,1
39.953,-75.165,1
39.953,-75.165,1
39.953,-75.165,1
39.953,-75.165,1
39.953,-75.165,1
39.953,-75.165,1
39.953,-75.165,1
39.953,-75.165,1
39.953,-75.165,1
39.953,-75.165,1
39.953,-75.165,1
39.953,-75.165,1
39.953,-75.165,1
39.953,-75.165,1
39.953,-75.165,1
39.953,-75.165,1
39.953,-75.165,1
39.953,-75.165,1
39.953,-75.165,1
39.953,-75.165,1
39.953,-75.165,1
39.953,-75.165,1
39.953,-75.165,1
39.953,-75.165,1
39.953,-75.165,1
39.953,-75.165,1
39.953,-75.165,1
39.953,-75.165,1
39.953,-75.165,1
39.953,-75.165,1
39.953,-75.165,1
39.953,-75.165,1
39.953,-75.165,1
39.953,-75.165,1
39.953,-75.165,1
39.953,-75.165,1
39.953,-75.165,1
39.953,-75.165,1
39.953,-75.165,1
39.953,-75.165,1
39.953,-75.165,1
39.953,-75.165,1
39.953,-75.165,1
39.953,-75.165,1
39.953,-75.165,1
39.953,-75.165,1
39.953,-75.165,1
39.953,-75.165,1
39.953,-75.165,1
39.953,-75.165,1
39.953,-75.165,1
39.953,-75.165,1
39.953,-75.165,1
39.953,-75.165,1
39.953,-75.165,1
39.953,-75.165,1
39.953,-75.165,1
39.953,-75.165,1
39.953,-75.165,1
39.953,-75.165,1
39.953,-75.165,1
39.953,-75.165,1
39.953,-75.165,1
39.953,-75.165,1
39.953,-75.165,1
39.953,-75.165,1
39.953,-75.165,1
39.953,-75.165,1
39.953,-75.165,1
39.953,-75.165,1
39.953,-75.165,1
39.953,-75.165,1
39.953,-75.165,1
39.953,-75.165,1
39.953,-75.165,1
39.953,-75.165,1
39.953,-75.165,1
39.953,-75.165,1
39.953,-75.165,1
39.953,-75.165,1
39.953,-75.165,1
39.953,-75.165,1
39.953,-75.165,1
39.953,-75.165,1
39.953,-75.165,1
39.953,-75.165,1
39.953,-75.165,1
39.953,-75.165,1
39.953,-75.165,1
39.953,-75.165,1
39.953,-75.165,1
39.953,-75.165,1
39.953,-75.165,1
39.953,-75.165,1
39.953,-75.165,1
39.953,-75.165,1
39.953,-75.165,1
39.953,-75.165,1
39.953,-75.165,1
39.953,-75.165,1
39.953,-75.165,1
39.953,-75.165,1
39.953,-75.165,1
39.953,-75.165,1
39.953,-75.165,1
39.953,-75.165,1
39.953,-75.165,1
39.953,-75.165,1
39.953,-75.165,1
39.953,-75.165,1
39.953,-75.165,1
39.953,-75.165,1
39.953,-75.165,1
39.953,-75.165,1
39.953,-75.165,1
39.953,-75.165,1
39.953,-75.165,1
39.953,-75.165,1
39.953,-75.165,1
39.953,-75.165,1
39.953,-75.165,1
39.953,-75.165,1
39.953,-75.165,1
39.953,-75.165,1
39.953,-75.165,1
39.953,-75.165,1
39.953,-75.165,1
39.953,-75.165,1
39.953,-75.165,1
39.953,-75.165,1
39.953,-75.165,1
39.953,-75.165,1
39.953,-75.165,1
39.953,-75.165,1
39.953,-75.165,1
39.953,-75.165,1
39.953,-75.165,1
39.953,-75.165,1
39.953,-75.165,1
39.953,-75.165,1
39.953,-75.165,1
39.953,-75.165,1
39.953,-75.165,1
39.953,-75.165,1
39.953,-75.165,1
39.953,-75.165,1
39.953,-75.165,1
39.953,-75.165,1
39.953,-75.165,1
39.953,-75.165,1
39.953,-75.165,1
39.953,-75.165,1
39.953,-75.165,1
39.953,-75.165,1
39.953,-75.165,1
39.953,-75.165,1
39.953,-75.165,1
39.953,-75.165,1
39.953,-75.165,1
39.953,-75.165,1
39.953,-75.165,1
39.953,-75.165,1
39.953,-75.165,1
39.953,-75.165,1
39.953,-75.165,1
39.953,-75.165,1
39.953,-75.165,1
39.953,-75.165,1
39.953,-75.165,1
39.953,-75.165,1
39.953,-75.165,1
39.953,-75.165,1
39.953,-75.165,1
39.953,-75.165,1
39.953,-75.165,1
39.953,-75.165,1
39.953,-75.165,1
39.953,-75.165,1
39.953,-75.165,1
39.953,-75.165,1
39.953,-75.165,1
39.953,-75.165,1
39.953,-75.165,1
39.953,-75.165,1
39.953,-75.165,1
39.953,-75.165,1
39.953,-75.165,1
39.953,-75.165,1
39.953,-75.165,1
39.953,-75.165,1
39.953,-75.165,1
39.953,-75.165,1
39.953,-75.165,1
39.953,-75.165,1
39.953,-75.165,1
39.953,-75.165,1
39.953,-75.165,1
39.953,-75.165,1
39.953,-75.165,1
39.953,-75.165,1
39.953,-75.165,1
39.953,-75.165,1
39.953,-75.165,1
39.953,-75.165,1
39.953,-75.165,1
39.953,-75.165,1
39.953,-75.165,1
39.953,-75.165,1
39.953,-75.165,1
39.953,-75.165,1
39.953,-75.165,1
39.953,-75.165,1
39.953,-75.165,1
39.953,-75.165,1
39.953,-75.165,1
39.953,-75.165,1
39.953,-75.165,1
39.953,-75.165,1
39.953,-75.165,1
39.953,-75.165,1
39.953,-75.165,1
39.953,-75.165,1
39.953,-75.165,1
39.953,-75.165,1
39.953,-75.165,1
39.953,-75.165,1
39.953,-75.165,1
39.953,-75.165,1
39.953,-75.165,1
39.953,-75.165,1
39.953,-75.165,1
39.953,-75.165,1
39.953,-75.165,1
39.953,-75.165,1
39.953,-75.165,1
39.953,-75.165,1
39.953,-75.165,1
39.953,-75.165,1
39.953,-75.165,1
39.953,-75.165,1
39.953,-75.165,1
39.953,-75.165,1
39.953,-75.165,1
39.953,-75.165,1
39.953,-75.165,1
39.953,-75.165,1
39.953,-75.165,1
39.953,-75.165,1
39.953,-75.165,1
39.953,-75.165,1
39.953,-75.165,1
39.953,-75.165,1
39.953,-75.165,1
39.953,-75.165,1
39.953,-75.165,1
39.953,-75.165,1
39.953,-75.165,1
39.953,-75.165,1
39.953,-75.165,1
39.953,-75.165,1
39.953,-75.165,1
39.953,-75.165,1
39.953,-75.165,1
39.953,-75.165,1
39.953,-75.165,1
39.953,-75.165,1
39.953,-75.165,1
39.953,-75.165,1
39.953,-75.165,1
39.953,-75.165,1
39.953,-75.165,1
39.953,-75.165,1
39.953,-75.165,1
39.953,-75.165,1
39.953,-75.165,1
39.953,-75.165,1
39.953,-75.165,1
39.953,-75.165,1
39.953,-75.165,1
39.953,-75.165,1
39.953,-75.165,1
39.953,-75.165,1
39.953,-75.165,1
39.953,-75.165,1
39.953,-75.165,1
39.953,-75.165,1
39.953,-75.165,1
39.953,-75.165,1
39.953,-75.165,1
39.953,-75.165,1
39.953,-75.165,1
39.953,-75.165,1
39.953,-75.165,1
39.953,-75.165,1
39.953,-75.165,1
39.953,-75.165,1
39.953,-75.165,1
39.953,-75.165,1
39.953,-75.165,1
39.953,-75.165,1
39.953,-75.165,1
39.953,-75.165,1
39.953,-75.165,1
39.953,-75.165,1
39.953,-75.165,1
39.953,-75.165,1
39.953,-75.165,1
39.953,-75.165,1
39.953,-75.165,1
39.953,-75.165,1
39.953,-75.165,1
39.953,-75.165,1
39.953,-75.165,1
39.953,-75.165,1
39.953,-75.165,1
39.953,-75.165,1
39.953,-75.165,1
39.953,-75.165,1
39.953,-75.165,1
39.953,-75.165,1
39.953,-75.165,1
39.953,-75.165,1
39.953,-75.165,1
39.953,-75.165,1
39.953,-75.165,1
39.953,-75.165,1
39.953,-75.165,1
39.953,-75.165,1
39.953,-75.165,1
39.953,-75.165,1
39.953,-75.165,1
39.953,-75.165,1
39.953,-75.165,1
39.953,-75.165,1
39.953,-75.165,1
39.953,-75.165,1
39.953,-75.165,1
39.953,-75.165,1
39.953,-75.165,1
39.953,-75.165,1
39.953,-75.165,1
39.953,-75.165,1
39.953,-75.165,1
39.953,-75.165,1
39.953,-75.165,1
39.953,-75.165,1
39.953,-75.165,1
39.953,-75.165,1
39.953,-75.165,1
39.953,-75.165,1
39.953,-75.165,1
39.953,-75.165,1
39.953,-75.165,1
39.953,-75.165,1
39.953,-75.165,1
39.953,-75.165,1
39.953,-75.165,1
39.953,-75.165,1
39.953,-75.165,1
39.953,-75.165,1
39.953,-75.165,1
39.953,-75.165,1
39.953,-75.165,1
39.953,-75.165,1
39.953,-75.165,1
39.953,-75.165,1
39.953,-75.165,1
39.953,-75.165,1
39.953,-75.165,1
39.953,-75.165,1
41.2,-78.0,1
41.2,-78.0,1
41.2,-78.0,1
41.2,-78.0,1
40.6,-76.2,1
40.6,-76.2,1
40.6,-76.2,1
40.6,-76.2,1
40.6,-76.2,1
40.6,-76.2,1
40.6,-76.2,1
40.6,-76.2,1
40.6,-76.2,1
40.6,-76.2,1
40.6,-76.2,1
40.6,-76.2,1
40.6,-76.2,1
40.6,-76.2,1
40.6,-76.2,1
40.6,-76.2,1
40.6,-76.2,1
40.6,-76.2,1
40.6,-76.2,1
40.6,-76.2,1
40.6,-76.2,1
40.6,-76.2,1
40.6,-76.2,1
40.6,-76.2,1
40.6,-76.2,1
40.6,-76.2,1
40.6,-76.2,1
40.6,-76.2,1
40.6,-76.2,1
40.6,-76.2,1
40.6,-76.2,1
40.6,-76.2,1
40.6,-76.2,1
40.6,-76.2,1
40.6,-76.2,1
40.6,-76.2,1
40.6,-76.2,1
40.6,-76.2,1
40.6,-76.2,1
40.6,-76.2,1
40.6,-76.2,1
40.6,-76.2,1
40.6,-76.2,1
40.6,-76.2,1
40.6,-76.2,1
40.6,-76.2,1
40.6,-76.2,1
40.6,-76.2,1
40.6,-76.2,1
40.6,-76.2,1
40.6,-76.2,1
40.6,-76.2,1
40.6,-76.2,1
40.6,-76.2,1
40.6,-76.2,1
40.6,-76.2,1
40.6,-76.2,1
40.6,-76.2,1
40.6,-76.2,1
40.6,-76.2,1
40.6,-76.2,1
40.6,-76.2,1
40.6,-76.2,1
40.6,-76.2,1
40.6,-76.2,1
40.6,-76.2,1
40.6,-76.2,1
40.6,-76.2,1
40.6,-76.2,1
40.6,-76.2,1
40.6,-76.2,1
40.6,-76.2,1
40.6,-76.2,1
40.6,-76.2,1
40.6,-76.2,1
40.6,-76.2,1
40.6,-76.2,1
40.6,-76.2,1
40.6,-76.2,1
40.6,-76.2,1
40.6,-76.2,1
40.6,-76.2,1
40.6,-76.2,1
40.6,-76.2,1
40.6,-76.2,1
40.6,-76.2,1
40.6,-76.2,1
40.6,-76.2,1
40.6,-76.2,1
40.6,-76.2,1
40.6,-76.2,1
40.6,-76.2,1
40.6,-76.2,1
40.6,-76.2,1
40.6,-76.2,1
40.6,-76.2,1
40.6,-76.2,1
40.6,-76.2,1
40.6,-76.2,1
40.6,-76.2,1
40.6,-76.2,1
40.6,-76.2,1
40.6,-76.2,1
40.6,-76.2,1
40.6,-76.2,1
40.6,-76.2,1
40.6,-76.2,1
40.6,-76.2,1
40.6,-76.2,1
40.6,-76.2,1
40.6,-76.2,1
40.6,-76.2,1
40.6,-76.2,1
40.6,-76.2,1
40.6,-76.2,1
40.6,-76.2,1
40.6,-76.2,1
40.6,-76.2,1
40.6,-76.2,1
40.6,-76.2,1
40.6,-76.2,1
40.6,-76.2,1
40.6,-76.2,1
40.6,-76.2,1
40.6,-76.2,1
40.6,-76.2,1
40.6,-76.2,1
40.6,-76.2,1
40.6,-76.2,1
40.6,-76.2,1
40.6,-76.2,1
40.6,-76.2,1
40.6,-76.2,1
40.6,-76.2,1
40.6,-76.2,1
40.6,-76.2,1
40.6,-76.2,1
40.6,-76.2,1
40.6,-76.2,1
40.6,-76.2,1
40.6,-76.2,1
40.6,-76.2,1
40.6,-76.2,1
40.6,-76.2,1
40.6,-76.2,1
40.6,-76.2,1
40.6,-76.2,1
40.6,-76.2,1
40.6,-76.2,1
40.6,-76.2,1
40.6,-76.2,1
40.6,-76.2,1
40.6,-76.2,1
40.6,-76.2,1
40.6,-76.2,1
40.6,-76.2,1
40.6,-76.2,1
40.6,-76.2,1
40.6,-76.2,1
40.6,-76.2,1
40.6,-76.2,1
40.6,-76.2,1
40.6,-76.2,1
40.6,-76.2,1
40.6,-76.2,1
40.6,-76.2,1
40.6,-76.2,1
40.6,-76.2,1
40.6,-76.2,1
40.6,-76.2,1
40.6,-76.2,1
40.6,-76.2,1
40.6,-76.2,1
40.6,-76.2,1
40.6,-76.2,1
40.6,-76.2,1
40.6,-76.2,1
40.6,-76.2,1
40.6,-76.2,1
40.6,-76.2,1
40.6,-76.2,1
40.6,-76.2,1
40.6,-76.2,1
40.6,-76.2,1
40.6,-76.2,1
40.6,-76.2,1
40.6,-76.2,1
40.6,-76.2,1
40.6,-76.2,1
40.6,-76.2,1
40.6,-76.2,1
40.6,-76.2,1
40.6,-76.2,1
40.6,-76.2,1
40.6,-76.2,1
40.6,-76.2,1
40.6,-76.2,1
40.6,-76.2,1
40.6,-76.2,1
40.6,-76.2,1
40.6,-76.2,1
40.6,-76.2,1
40.6,-76.2,1
40.6,-76.2,1
40.6,-76.2,1
40.6,-76.2,1
40.6,-76.2,1
40.6,-76.2,1
40.6,-76.2,1
40.6,-76.2,1
40.6,-76.2,1
40.6,-76.2,1
40.6,-76.2,1
40.6,-76.2,1
40.6,-76.2,1
40.6,-76.2,1
40.6,-76.2,1
40.6,-76.2,1
40.6,-76.2,1
40.6,-76.2,1
40.6,-76.2,1
40.6,-76.2,1
40.6,-76.2,1
40.6,-76.2,1
40.6,-76.2,1
40.6,-76.2,1
40.6,-76.2,1
40.6,-76.2,1
40.6,-76.2,1
40.6,-76.2,1
40.6,-76.2,1
40.6,-76.2,1
40.6,-76.2,1
40.6,-76.2,1
40.6,-76.2,1
40.6,-76.2,1
40.6,-76.2,1
40.6,-76.2,1
40.6,-76.2,1
40.6,-76.2,1
40.6,-76.2,1
40.6,-76.2,1
40.6,-76.2,1
40.6,-76.2,1
40.6,-76.2,1
40.6,-76.2,1
40.6,-76.2,1
40.6,-76.2,1
40.6,-76.2,1
40.6,-76.2,1
40.6,-76.2,1
40.6,-76.2,1
40.6,-76.2,1
40.6,-76.2,1
40.6,-76.2,1
40.6,-76.2,1
40.6,-76.2,1
40.6,-76.2,1
40.6,-76.2,1
40.6,-76.2,1
40.6,-76.2,1
40.6,-76.2,1
40.6,-76.2,1
40.6,-76.2,1
40.6,-76.2,1
40.6,-76.2,1
40.6,-76.2,1
40.6,-76.2,1
40.6,-76.2,1
40.6,-76.2,1
40.6,-76.2,1
40.6,-76.2,1
40.6,-76.2,1
40.6,-76.2,1
40.6,-76.2,1
40.6,-76.2,1
40.6,-76.2,1
40.6,-76.2,1
40.6,-76.2,1
40.6,-76.2,1
40.6,-76.2,1
40.6,-76.2,1
40.6,-76.2,1
40.6,-76.2,1
40.6,-76.2,1
40.6,-76.2,1
40.6,-76.2,1
40.6,-76.2,1
40.6,-76.2,1
40.6,-76.2,1
40.6,-76.2,1
40.6,-76.2,1
40.6,-76.2,1
40.6,-76.2,1
40.6,-76.2,1
40.6,-76.2,1
40.6,-76.2,1
40.6,-76.2,1
40.6,-76.2,1
40.6,-76.2,1
40.6,-76.2,1
40.6,-76.2,1
40.6,-76.2,1
40.6,-76.2,1
40.6,-76.2,1
40.6,-76.2,1
40.6,-76.2,1
40.6,-76.2,1
40.6,-76.2,1
40.6,-76.2,1
40.6,-76.2,1
40.6,-76.2,1
40.6,-76.2,1
40.6,-76.2,1
40.6,-76.2,1
40.6,-76.2,1
40.6,-76.2,1
40.6,-76.2,1
40.6,-76.2,1
40.6,-76.2,1
40.6,-76.2,1
40.6,-76.2,1
40.6,-76.2,1
40.6,-76.2,1
40.6,-76.2,1
40.6,-76.2,1
40.6,-76.2,1
40.6,-76.2,1
40.6,-76.2,1
40.6,-76.2,1
40.6,-76.2,1
40.6,-76.2,1
40.6,-76.2,1
40.6,-76.2,1
40.6,-76.2,1
40.6,-76.2,1
40.6,-76.2,1
40.6,-76.2,1
40.6,-76.2,1
40.6,-76.2,1
40.6,-76.2,1
40.6,-76.2,1
40.6,-76.2,1
40.6,-76.2,1
40.6,-76.2,1
40.6,-76.2,1
40.6,-76.2,1
40.6,-76.2,1
40.6,-76.2,1
40.6,-76.2,1
40.6,-76.2,1
40.6,-76.2,1
40.6,-76.2,1
40.6,-76.2,1
40.6,-76.2,1
40.6,-76.2,1
40.6,-76.2,1
40.6,-76.2,1
40.6,-76.2,1
40.6,-76.2,1
40.6,-76.2,1
40.6,-76.2,1
40.6,-76.2,1
40.6,-76.2,1
40.6,-76.2,1
40.6,-76.2,1
40.6,-76.2,1
40.6,-76.2,1
40.6,-76.2,1
40.6,-76.2,1
40.6,-76.2,1
40.6,-76.2,1
40.6,-76.2,1
40.6,-76.2,1
40.6,-76.2,1
40.6,-76.2,1
40.6,-76.2,1
40.6,-76.2,1
40.6,-76.2,1
40.6,-76.2,1
40.6,-76.2,1
40.6,-76.2,1
40.6,-76.2,1
40.6,-76.2,1
40.6,-76.2,1
40.6,-76.2,1
40.6,-76.2,1
40.6,-76.2,1
40.6,-76.2,1
40.6,-76.2,1
40.6,-76.2,1
40.6,-76.2,1
40.6,-76.2,1
40.6,-76.2,1
40.6,-76.2,1
40.6,-76.2,1
40.6,-76.2,1
40.6,-76.2,1
40.6,-76.2,1
40.6,-76.2,1
40.6,-76.2,1
40.6,-76.2,1
40.6,-76.2,1
40.6,-76.2,1
40.6,-76.2,1
40.6,-76.2,1
40.6,-76.2,1
40.6,-76.2,1
40.6,-76.2,1
40.6,-76.2,1
40.6,-76.2,1
40.6,-76.2,1
40.6,-76.2,1
40.6,-76.2,1
40.6,-76.2,1
40.6,-76.2,1
40.6,-76.2,1
40.6,-76.2,1
40.6,-76.2,1
40.6,-76.2,1
40.6,-76.2,1
40.6,-76.2,1
40.6,-76.2,1
40.6,-76.2,1
40.6,-76.2,1
40.6,-76.2,1
40.6,-76.2,1
40.6,-76.2,1
40.6,-76.2,1
40.6,-76.2,1
40.6,-76.2,1
40.6,-76.2,1
40.6,-76.2,1
40.6,-76.2,1
40.6,-76.2,1
40.6,-76.2,1
40.6,-76.2,1
40.6,-76.2,1
40.6,-76.2,1
40.6,-76.2,1
40.6,-76.2,1
40.6,-76.2,1
40.6,-76.2,1
40.6,-76.2,1
40.6,-76.2,1
40.6,-76.2,1
40.6,-76.2,1
40.6,-76.2,1
40.6,-76.2,1
40.6,-76.2,1
40.6,-76.2,1
40.6,-76.2,1
40.6,-76.2,1
40.6,-76.2,1
40.6,-76.2,1
40.6,-76.2,1
40.6,-76.2,1
40.6,-76.2,1
40.6,-76.2,1
40.6,-76.2,1
40.6,-76.2,1
40.6,-76.2,1
40.6,-76.2,1
40.6,-76.2,1
40.6,-76.2,1
40.6,-76.2,1
40.6,-76.2,1
40.6,-76.2,1
40.6,-76.2,1
40.6,-76.2,1
40.6,-76.2,1
40.6,-76.2,1
40.6,-76.2,1
40.6,-76.2,1
40.6,-76.2,1
40.6,-76.2,1
40.6,-76.2,1
40.6,-76.2,1
40.6,-76.2,1
40.6,-76.2,1
40.6,-76.2,1
40.6,-76.2,1
40.6,-76.2,1
40.6,-76.2,1
40.6,-76.2,1
40.6,-76.2,1
40.6,-76.2,1
40.6,-76.2,1
40.6,-76.2,1
40.6,-76.2,1
40.6,-76.2,1
40.6,-76.2,1
40.6,-76.2,1
40.6,-76.2,1
40.6,-76.2,1
40.6,-76.2,1
40.6,-76.2,1
40.6,-76.2,1
40.6,-76.2,1
40.6,-76.2,1
40.6,-76.2,1
40.6,-76.2,1
40.6,-76.2,1
40.6,-76.2,1
40.6,-76.2,1
40.6,-76.2,1
40.6,-76.2,1
40.6,-76.2,1
40.6,-76.2,1
40.6,-76.2,1
40.6,-76.2,1
40.6,-76.2,1
40.6,-76.2,1
40.6,-76.2,1
40.6,-76.2,1
40.6,-76.2,1
40.6,-76.2,1
40.6,-76.2,1
40.6,-76.2,1
40.6,-76.2,1
40.6,-76.2,1
40.6,-76.2,1
40.6,-76.2,1
40.6,-76.2,1
40.6,-76.2,1
40.6,-76.2,1
40.6,-76.2,1
40.6,-76.2,1
40.6,-76.2,1
40.6,-76.2,1
40.6,-76.2,1
40.6,-76.2,1
40.6,-76.2,1
40.6,-76.2,1
40.6,-76.2,1
40.6,-76.2,1
40.6,-76.2,1
40.6,-76.2,1
40.6,-76.2,1
40.6,-76.2,1
40.6,-76.2,1
None,None,1
None,None,1
None,None,1
None,None,1
None,None,1
None,None,1
None,None,1
None,None,1
None,None,1
None,None,1
None,None,1
None,None,1
None,None,1
None,None,1
None,None,1
None,None,1
None,None,1
None,None,1
None,None,1
None,None,1
None,None,1
None,None,1
None,None,1
None,None,1
None,None,1
None,None,1
None,None,1
None,None,1
None,None,1
None,None,1
None,None,1
None,None,1
None,None,1
40.0,-79.1,1
40.0,-79.1,1
40.0,-79.1,1
40.0,-79.1,1
40.0,-79.1,1
40.0,-79.1,1
40.0,-79.1,1
40.0,-79.1,1
40.0,-79.1,1
40.0,-79.1,1
40.0,-79.1,1
40.0,-79.1,1
40.0,-79.1,1
40.0,-79.1,1
40.0,-79.1,1
40.0,-79.1,1
40.0,-79.1,1
40.0,-79.1,1
40.0,-79.1,1
40.0,-79.1,1
40.0,-79.1,1
40.0,-79.1,1
40.0,-79.1,1
40.0,-79.1,1
40.0,-79.1,1
40.0,-79.1,1
40.0,-79.1,1
40.0,-79.1,1
40.0,-79.1,1
40.0,-79.1,1
40.0,-79.1,1
40.0,-79.1,1
40.0,-79.1,1
40.0,-79.1,1
40.0,-79.1,1
40.0,-79.1,1
40.0,-79.1,1
40.9,-77.9,1
40.9,-77.9,1
41.9,-75.5,1
41.9,-75.5,1
41.9,-75.5,1
41.9,-75.5,1
41.9,-75.5,1
41.9,-75.5,1
41.9,-75.5,1
41.9,-75.5,1
41.9,-75.5,1
41.9,-75.5,1
41.9,-75.5,1
41.9,-75.5,1
41.9,-75.5,1
41.9,-75.5,1
41.9,-75.5,1
41.9,-75.5,1
41.9,-75.5,1
41.9,-75.5,1
41.9,-75.5,1
41.9,-75.5,1
41.9,-75.5,1
41.9,-75.5,1
41.9,-75.5,1
41.9,-75.5,1
41.9,-75.5,1
41.9,-75.5,1
41.9,-75.5,1
41.9,-75.5,1
41.9,-75.5,1
41.9,-75.5,1
41.9,-75.5,1
41.9,-75.5,1
41.9,-75.5,1
41.9,-75.5,1
41.9,-75.5,1
41.9,-75.5,1
41.9,-75.5,1
41.9,-75.5,1
41.9,-75.5,1
41.9,-75.5,1
41.9,-75.5,1
41.9,-75.5,1
41.9,-75.5,1
41.9,-75.5,1
41.9,-75.5,1
41.9,-75.5,1
41.9,-75.5,1
41.9,-75.5,1
41.9,-75.5,1
41.9,-75.5,1
41.9,-75.5,1
41.9,-75.5,1
41.9,-75.5,1
41.9,-75.5,1
41.9,-75.5,1
41.9,-75.5,1
41.9,-75.5,1
41.9,-75.5,1
41.9,-75.5,1
41.9,-75.5,1
41.9,-75.5,1
41.9,-75.5,1
41.9,-75.5,1
41.9,-75.5,1
41.9,-75.5,1
41.9,-75.5,1
41.9,-75.5,1
41.9,-75.5,1
41.9,-75.5,1
41.9,-75.5,1
41.9,-75.5,1
41.9,-75.5,1
41.9,-75.5,1
41.9,-75.5,1
41.9,-75.5,1
41.9,-75.5,1
41.9,-75.5,1
41.9,-75.5,1
41.9,-75.5,1
41.9,-75.5,1
41.9,-75.5,1
41.9,-75.5,1
41.9,-75.5,1
41.9,-75.5,1
41.9,-75.5,1
41.9,-75.5,1
41.9,-75.5,1
41.9,-77.1,1
41.9,-77.1,1
41.9,-77.1,1
41.9,-77.1,1
41.9,-77.1,1
41.9,-77.1,1
41.9,-77.1,1
41.9,-77.1,1
41.9,-77.1,1
41.9,-77.1,1
41.9,-77.1,1
41.9,-77.1,1
41.9,-77.1,1
41.9,-77.1,1
41.9,-77.1,1
41.9,-77.1,1
40.38,-77.84,1
40.38,-77.84,1
40.38,-77.84,1
40.38,-77.84,1
40.38,-77.84,1
40.38,-77.84,1
40.38,-77.84,1
40.38,-77.84,1
40.38,-77.84,1
40.38,-77.84,1
40.38,-77.84,1
40.38,-77.84,1
40.38,-77.84,1
40.38,-77.84,1
40.38,-77.84,1
40.38,-77.84,1
40.38,-77.84,1
40.38,-77.84,1
40.38,-77.84,1
40.38,-77.84,1
40.38,-77.84,1
40.38,-77.84,1
40.38,-77.84,1
40.38,-77.84,1
40.38,-77.84,1
40.38,-77.84,1
40.38,-77.84,1
40.38,-77.84,1
40.38,-77.84,1
40.38,-77.84,1
40.38,-77.84,1
40.38,-77.84,1
40.38,-77.84,1
40.38,-77.84,1
40.38,-77.84,1
40.38,-77.84,1
40.38,-77.84,1
40.38,-77.84,1
40.38,-77.84,1
40.38,-77.84,1
40.38,-77.84,1
40.38,-77.84,1
40.38,-77.84,1
40.38,-77.84,1
40.38,-77.84,1
40.38,-77.84,1
40.38,-77.84,1
40.38,-77.84,1
40.38,-77.84,1
40.38,-77.84,1
40.38,-77.84,1
40.38,-77.84,1
40.38,-77.84,1
40.38,-77.84,1
40.38,-77.84,1
40.38,-77.84,1
41.78,-80.13,1
41.78,-80.13,1
41.78,-80.13,1
41.78,-80.13,1
41.78,-80.13,1
41.78,-80.13,1
41.78,-80.13,1
41.78,-80.13,1
41.8,-79.1,1
41.8,-79.1,1
40.2,-80.2,1
40.2,-80.2,1
40.2,-80.2,1
40.2,-80.2,1
40.2,-80.2,1
40.2,-80.2,1
40.2,-80.2,1
40.2,-80.2,1
40.2,-80.2,1
40.2,-80.2,1
40.2,-80.2,1
40.2,-80.2,1
40.2,-80.2,1
40.2,-80.2,1
40.2,-80.2,1
40.2,-80.2,1
40.2,-80.2,1
40.2,-80.2,1
40.2,-80.2,1
40.2,-80.2,1
40.2,-80.2,1
40.2,-80.2,1
40.2,-80.2,1
40.2,-80.2,1
40.2,-80.2,1
40.2,-80.2,1
40.2,-80.2,1
40.2,-80.2,1
40.2,-80.2,1
40.2,-80.2,1
40.2,-80.2,1
40.2,-80.2,1
40.2,-80.2,1
40.2,-80.2,1
40.2,-80.2,1
40.2,-80.2,1
40.2,-80.2,1
40.2,-80.2,1
40.2,-80.2,1
40.2,-80.2,1
40.2,-80.2,1
40.2,-80.2,1
40.2,-80.2,1
40.2,-80.2,1
40.2,-80.2,1
40.2,-80.2,1
40.2,-80.2,1
40.2,-80.2,1
40.2,-80.2,1
40.2,-80.2,1
40.2,-80.2,1
40.2,-80.2,1
40.2,-80.2,1
40.2,-80.2,1
40.2,-80.2,1
40.2,-80.2,1
40.2,-80.2,1
40.2,-80.2,1
40.2,-80.2,1
40.2,-80.2,1
40.2,-80.2,1
40.2,-80.2,1
40.2,-80.2,1
40.2,-80.2,1
40.2,-80.2,1
40.2,-80.2,1
40.2,-80.2,1
40.2,-80.2,1
40.2,-80.2,1
40.2,-80.2,1
40.2,-80.2,1
40.2,-80.2,1
40.2,-80.2,1
40.2,-80.2,1
40.2,-80.2,1
40.2,-80.2,1
40.2,-80.2,1
40.2,-80.2,1
40.2,-80.2,1
40.2,-80.2,1
40.2,-80.2,1
40.2,-80.2,1
40.2,-80.2,1
40.2,-80.2,1
40.2,-80.2,1
40.2,-80.2,1
40.2,-80.2,1
40.2,-80.2,1
40.2,-80.2,1
40.2,-80.2,1
40.2,-80.2,1
40.2,-80.2,1
40.2,-80.2,1
40.2,-80.2,1
40.2,-80.2,1
40.2,-80.2,1
40.2,-80.2,1
40.2,-80.2,1
40.2,-80.2,1
40.2,-80.2,1
40.2,-80.2,1
40.2,-80.2,1
40.2,-80.2,1
40.2,-80.2,1
40.2,-80.2,1
40.2,-80.2,1
40.2,-80.2,1
40.2,-80.2,1
40.2,-80.2,1
40.2,-80.2,1
40.2,-80.2,1
40.2,-80.2,1
40.2,-80.2,1
40.2,-80.2,1
40.2,-80.2,1
40.2,-80.2,1
40.2,-80.2,1
40.2,-80.2,1
40.2,-80.2,1
40.2,-80.2,1
40.2,-80.2,1
40.2,-80.2,1
40.2,-80.2,1
40.2,-80.2,1
40.2,-80.2,1
40.2,-80.2,1
40.2,-80.2,1
40.2,-80.2,1
40.2,-80.2,1
40.2,-80.2,1
40.06,-75.4,1
40.06,-75.4,1
40.06,-75.4,1
40.06,-75.4,1
40.06,-75.4,1
40.06,-75.4,1
40.06,-75.4,1
40.06,-75.4,1
40.06,-75.4,1
40.06,-75.4,1
40.06,-75.4,1
40.06,-75.4,1
40.06,-75.4,1
40.06,-75.4,1
40.06,-75.4,1
40.06,-75.4,1
40.06,-75.4,1
40.06,-75.4,1
40.06,-75.4,1
40.06,-75.4,1
40.06,-75.4,1
40.06,-75.4,1
40.06,-75.4,1
40.06,-75.4,1
40.06,-75.4,1
40.06,-75.4,1
40.06,-75.4,1
40.06,-75.4,1
40.06,-75.4,1
40.06,-75.4,1
40.06,-75.4,1
40.06,-75.4,1
40.06,-75.4,1
40.06,-75.4,1
40.06,-75.4,1
40.06,-75.4,1
40.06,-75.4,1
40.06,-75.4,1
40.06,-75.4,1
40.06,-75.4,1
40.06,-75.4,1
40.06,-75.4,1
40.06,-75.4,1
40.06,-75.4,1
40.06,-75.4,1
40.06,-75.4,1
40.06,-75.4,1
40.06,-75.4,1
40.06,-75.4,1
40.06,-75.4,1
40.06,-75.4,1
40.06,-75.4,1
40.06,-75.4,1
40.06,-75.4,1
40.06,-75.4,1
40.06,-75.4,1
40.06,-75.4,1
40.06,-75.4,1
40.06,-75.4,1
40.06,-75.4,1
40.06,-75.4,1
40.06,-75.4,1
40.06,-75.4,1
40.06,-75.4,1
40.06,-75.4,1
40.06,-75.4,1
40.06,-75.4,1
40.06,-75.4,1
40.06,-75.4,1
40.06,-75.4,1
40.06,-75.4,1
40.06,-75.4,1
40.06,-75.4,1
40.06,-75.4,1
40.06,-75.4,1
40.06,-75.4,1
40.06,-75.4,1
40.06,-75.4,1
40.06,-75.4,1
40.06,-75.4,1
40.06,-75.4,1
40.06,-75.4,1
40.06,-75.4,1
40.06,-75.4,1
40.06,-75.4,1
40.06,-75.4,1
40.06,-75.4,1
40.06,-75.4,1
40.06,-75.4,1
40.06,-75.4,1
40.06,-75.4,1
40.06,-75.4,1
40.06,-75.4,1
40.06,-75.4,1
40.06,-75.4,1
40.06,-75.4,1
40.06,-75.4,1
40.06,-75.4,1
40.06,-75.4,1
40.06,-75.4,1
40.06,-75.4,1
40.06,-75.4,1
40.06,-75.4,1
40.06,-75.4,1
40.06,-75.4,1
40.06,-75.4,1
40.06,-75.4,1
40.06,-75.4,1
40.06,-75.4,1
40.06,-75.4,1
40.332,-79.679,1
40.332,-79.679,1
40.332,-79.679,1
40.332,-79.679,1
40.332,-79.679,1
40.332,-79.679,1
40.332,-79.679,1
40.332,-79.679,1
40.332,-79.679,1
40.332,-79.679,1
40.332,-79.679,1
40.332,-79.679,1
40.332,-79.679,1
40.332,-79.679,1
40.332,-79.679,1
40.332,-79.679,1
40.332,-79.679,1
40.332,-79.679,1
40.332,-79.679,1
40.332,-79.679,1
40.332,-79.679,1
40.332,-79.679,1
40.332,-79.679,1
40.332,-79.679,1
40.332,-79.679,1
40.332,-79.679,1
40.332,-79.679,1
40.332,-79.679,1
40.332,-79.679,1
40.332,-79.679,1
40.332,-79.679,1
40.332,-79.679,1
40.332,-79.679,1
40.332,-79.679,1
40.332,-79.679,1
40.332,-79.679,1
40.332,-79.679,1
40.332,-79.679,1
40.332,-79.679,1
40.332,-79.679,1
40.332,-79.679,1
40.332,-79.679,1
40.332,-79.679,1
40.332,-79.679,1
40.332,-79.679,1
40.332,-79.679,1
40.332,-79.679,1
40.332,-79.679,1
40.332,-79.679,1
40.332,-79.679,1
40.332,-79.679,1
40.332,-79.679,1
40.332,-79.679,1
40.332,-79.679,1
40.332,-79.679,1
40.332,-79.679,1
40.332,-79.679,1
40.332,-79.679,1
40.332,-79.679,1
40.332,-79.679,1
40.332,-79.679,1
40.332,-79.679,1
40.332,-79.679,1
40.332,-79.679,1
40.332,-79.679,1
40.332,-79.679,1
40.332,-79.679,1
40.332,-79.679,1
40.332,-79.679,1
40.332,-79.679,1
40.332,-79.679,1
40.332,-79.679,1
40.332,-79.679,1
40.332,-79.679,1
40.332,-79.679,1
40.332,-79.679,1
40.332,-79.679,1
40.332,-79.679,1
40.332,-79.679,1
40.332,-79.679,1
40.332,-79.679,1
40.332,-79.679,1
40.332,-79.679,1
40.332,-79.679,1
40.332,-79.679,1
40.332,-79.679,1
40.332,-79.679,1
40.332,-79.679,1
40.332,-79.679,1
40.332,-79.679,1
40.332,-79.679,1
40.332,-79.679,1
40.332,-79.679,1
40.332,-79.679,1
40.332,-79.679,1
40.332,-79.679,1
40.332,-79.679,1
40.332,-79.679,1
40.332,-79.679,1
40.332,-79.679,1
40.332,-79.679,1
40.332,-79.679,1
40.332,-79.679,1
40.332,-79.679,1
40.332,-79.679,1
40.332,-79.679,1
40.332,-79.679,1
40.332,-79.679,1
40.332,-79.679,1
40.332,-79.679,1
40.332,-79.679,1
40.332,-79.679,1
40.332,-79.679,1
40.332,-79.679,1
40.332,-79.679,1
40.332,-79.679,1
40.332,-79.679,1
40.332,-79.679,1
40.332,-79.679,1
40.332,-79.679,1
40.332,-79.679,1
40.332,-79.679,1
40.332,-79.679,1
40.332,-79.679,1
40.332,-79.679,1
40.332,-79.679,1
40.332,-79.679,1
40.332,-79.679,1
40.332,-79.679,1
40.332,-79.679,1
40.332,-79.679,1
40.332,-79.679,1
40.332,-79.679,1
40.332,-79.679,1
40.332,-79.679,1
40.332,-79.679,1
40.332,-79.679,1
40.332,-79.679,1
40.332,-79.679,1
40.332,-79.679,1
40.332,-79.679,1
40.332,-79.679,1
40.332,-79.679,1
40.332,-79.679,1
40.332,-79.679,1
40.332,-79.679,1
40.332,-79.679,1
40.332,-79.679,1
40.332,-79.679,1
40.332,-79.679,1
40.332,-79.679,1
40.332,-79.679,1
40.332,-79.679,1
40.332,-79.679,1
40.332,-79.679,1
40.332,-79.679,1
40.332,-79.679,1
40.332,-79.679,1
40.332,-79.679,1
40.332,-79.679,1
40.332,-79.679,1
40.332,-79.679,1
40.332,-79.679,1
40.332,-79.679,1
40.332,-79.679,1
40.332,-79.679,1
40.332,-79.679,1
40.332,-79.679,1
40.332,-79.679,1
40.332,-79.679,1
40.332,-79.679,1
40.332,-79.679,1
40.332,-79.679,1
40.332,-79.679,1
40.332,-79.679,1
40.332,-79.679,1
40.332,-79.679,1
40.332,-79.679,1
40.332,-79.679,1
40.332,-79.679,1
40.332,-79.679,1
40.332,-79.679,1
40.332,-79.679,1
40.332,-79.679,1
40.332,-79.679,1
40.332,-79.679,1
40.332,-79.679,1
40.332,-79.679,1
40.332,-79.679,1
40.332,-79.679,1
40.332,-79.679,1
40.332,-79.679,1
40.332,-79.679,1
40.332,-79.679,1
40.332,-79.679,1
40.332,-79.679,1
40.332,-79.679,1
40.332,-79.679,1
40.332,-79.679,1
40.332,-79.679,1
40.332,-79.679,1
40.332,-79.679,1
40.332,-79.679,1
40.332,-79.679,1
40.332,-79.679,1
40.332,-79.679,1
40.332,-79.679,1
40.332,-79.679,1
40.332,-79.679,1
40.332,-79.679,1
40.332,-79.679,1
40.332,-79.679,1
40.332,-79.679,1
40.332,-79.679,1
40.332,-79.679,1
40.332,-79.679,1
40.332,-79.679,1
40.332,-79.679,1
40.332,-79.679,1
40.332,-79.679,1
40.332,-79.679,1
40.332,-79.679,1
40.332,-79.679,1
40.332,-79.679,1
40.332,-79.679,1
40.332,-79.679,1
40.332,-79.679,1
40.332,-79.679,1
40.332,-79.679,1
40.332,-79.679,1
40.332,-79.679,1
40.332,-79.679,1
40.332,-79.679,1
40.332,-79.679,1
40.332,-79.679,1
40.332,-79.679,1
40.332,-79.679,1
40.332,-79.679,1
40.332,-79.679,1
40.332,-79.679,1
40.332,-79.679,1
40.332,-79.679,1
40.332,-79.679,1
40.332,-79.679,1
40.332,-79.679,1
40.332,-79.679,1
40.332,-79.679,1
40.332,-79.679,1
40.332,-79.679,1
40.332,-79.679,1
40.332,-79.679,1
40.332,-79.679,1
40.332,-79.679,1
40.332,-79.679,1
40.332,-79.679,1
40.332,-79.679,1
40.332,-79.679,1
40.332,-79.679,1
40.332,-79.679,1
40.332,-79.679,1
40.332,-79.679,1
40.332,-79.679,1
40.332,-79.679,1
40.332,-79.679,1
40.332,-79.679,1
40.332,-79.679,1
40.332,-79.679,1
40.332,-79.679,1
40.332,-79.679,1
40.332,-79.679,1
40.332,-79.679,1
40.332,-79.679,1
40.332,-79.679,1
40.332,-79.679,1
40.332,-79.679,1
40.332,-79.679,1
40.332,-79.679,1
40.332,-79.679,1
40.332,-79.679,1
40.332,-79.679,1
40.332,-79.679,1
40.332,-79.679,1
40.332,-79.679,1
40.332,-79.679,1
40.332,-79.679,1
40.332,-79.679,1
40.332,-79.679,1
40.332,-79.679,1
40.332,-79.679,1
40.332,-79.679,1
40.332,-79.679,1
40.332,-79.679,1
40.332,-79.679,1
40.332,-79.679,1
40.332,-79.679,1
40.332,-79.679,1
40.332,-79.679,1
40.332,-79.679,1
40.332,-79.679,1
40.332,-79.679,1
40.332,-79.679,1
40.332,-79.679,1
40.332,-79.679,1
40.332,-79.679,1
40.332,-79.679,1
40.332,-79.679,1
40.332,-79.679,1
40.332,-79.679,1
40.332,-79.679,1
40.332,-79.679,1
40.332,-79.679,1
40.332,-79.679,1
40.332,-79.679,1
40.332,-79.679,1
40.332,-79.679,1
40.332,-79.679,1
40.332,-79.679,1
40.332,-79.679,1
40.332,-79.679,1
40.332,-79.679,1
40.332,-79.679,1
40.332,-79.679,1
40.332,-79.679,1
40.332,-79.679,1
40.332,-79.679,1
40.332,-79.679,1
40.332,-79.679,1
40.332,-79.679,1
40.332,-79.679,1
40.332,-79.679,1
40.332,-79.679,1
40.332,-79.679,1
40.332,-79.679,1
40.332,-79.679,1
40.332,-79.679,1
40.332,-79.679,1
40.332,-79.679,1
40.332,-79.679,1
40.332,-79.679,1
40.332,-79.679,1
40.332,-79.679,1
40.332,-79.679,1
40.332,-79.679,1
40.332,-79.679,1
40.332,-79.679,1
40.332,-79.679,1
40.332,-79.679,1
40.332,-79.679,1
40.332,-79.679,1
40.332,-79.679,1
40.332,-79.679,1
40.332,-79.679,1
40.332,-79.679,1
40.332,-79.679,1
40.332,-79.679,1
40.332,-79.679,1
40.332,-79.679,1
40.332,-79.679,1
40.332,-79.679,1
40.332,-79.679,1
40.332,-79.679,1
40.332,-79.679,1
40.332,-79.679,1
40.332,-79.679,1
40.332,-79.679,1
40.332,-79.679,1
40.332,-79.679,1
40.332,-79.679,1
40.332,-79.679,1
40.332,-79.679,1
40.332,-79.679,1
40.332,-79.679,1
40.332,-79.679,1
40.332,-79.679,1
40.332,-79.679,1
40.332,-79.679,1
40.332,-79.679,1
40.332,-79.679,1
40.332,-79.679,1
40.332,-79.679,1
40.332,-79.679,1
40.332,-79.679,1
40.332,-79.679,1
40.332,-79.679,1
40.332,-79.679,1
40.332,-79.679,1
40.332,-79.679,1
40.332,-79.679,1
40.332,-79.679,1
40.332,-79.679,1
40.332,-79.679,1
40.332,-79.679,1
40.332,-79.679,1
40.332,-79.679,1
40.332,-79.679,1
40.332,-79.679,1
40.332,-79.679,1
40.332,-79.679,1
40.332,-79.679,1
40.332,-79.679,1
40.332,-79.679,1
40.332,-79.679,1
40.332,-79.679,1
40.332,-79.679,1
40.332,-79.679,1
40.332,-79.679,1
40.332,-79.679,1
40.332,-79.679,1
40.332,-79.679,1
40.332,-79.679,1
40.332,-79.679,1
40.332,-79.679,1
40.332,-79.679,1
40.332,-79.679,1
40.332,-79.679,1
40.332,-79.679,1
40.332,-79.679,1
40.332,-79.679,1
40.332,-79.679,1
40.332,-79.679,1
40.332,-79.679,1
40.332,-79.679,1
40.332,-79.679,1
40.332,-79.679,1
40.332,-79.679,1
40.332,-79.679,1
40.332,-79.679,1
40.332,-79.679,1
40.332,-79.679,1
40.332,-79.679,1
40.332,-79.679,1
40.332,-79.679,1
41.34,-75.87,1
41.34,-75.87,1
41.34,-75.87,1
41.34,-75.87,1
41.34,-75.87,1
41.34,-75.87,1
41.34,-75.87,1
41.34,-75.87,1
41.34,-75.87,1
41.34,-75.87,1
41.34,-75.87,1
41.34,-75.87,1
41.34,-75.87,1
41.34,-75.87,1
41.34,-75.87,1
41.34,-75.87,1
41.34,-75.87,1
41.34,-75.87,1
41.34,-75.87,1
41.34,-75.87,1
41.34,-75.87,1
41.34,-75.87,1
41.34,-75.87,1
41.34,-75.87,1
41.34,-75.87,1
41.34,-75.87,1
41.34,-75.87,1
41.34,-75.87,1
41.34,-75.87,1
41.34,-75.87,1
39.96,-76.73,1
39.96,-76.73,1
39.96,-76.73,1
39.96,-76.73,1
39.96,-76.73,1
39.96,-76.73,1
39.96,-76.73,1
39.96,-76.73,1
39.96,-76.73,1
39.96,-76.73,1
39.96,-76.73,1
39.96,-76.73,1
39.96,-76.73,1
39.96,-76.73,1
39.96,-76.73,1
39.96,-76.73,1
39.96,-76.73,1
39.96,-76.73,1
39.96,-76.73,1
39.96,-76.73,1
39.96,-76.73,1
39.96,-76.73,1
39.96,-76.73,1
39.96,-76.73,1
39.96,-76.73,1
39.96,-76.73,1
39.96,-76.73,1
39.96,-76.73,1
39.96,-76.73,1
39.96,-76.73,1
39.96,-76.73,1
39.96,-76.73,1
39.96,-76.73,1
39.96,-76.73,1
39.96,-76.73,1
39.96,-76.73,1
39.96,-76.73,1
39.96,-76.73,1
39.96,-76.73,1
39.96,-76.73,1
39.96,-76.73,1
39.96,-76.73,1
39.96,-76.73,1
39.96,-76.73,1
39.96,-76.73,1
39.96,-76.73,1
39.96,-76.73,1
39.96,-76.73,1
39.96,-76.73,1
39.96,-76.73,1
39.96,-76.73,1
39.96,-76.73,1
39.96,-76.73,1
39.96,-76.73,1
39.96,-76.73,1
39.96,-76.73,1
39.96,-76.73,1
39.96,-76.73,1
39.96,-76.73,1
39.96,-76.73,1
39.96,-76.73,1
39.96,-76.73,1
39.96,-76.73,1
39.96,-76.73,1
39.96,-76.73,1
39.96,-76.73,1
39.96,-76.73,1
39.96,-76.73,1
39.96,-76.73,1
39.96,-76.73,1
39.96,-76.73,1
39.96,-76.73,1
39.96,-76.73,1
39.96,-76.73,1
39.96,-76.73,1
39.96,-76.73,1
39.96,-76.73,1
39.96,-76.73,1
39.96,-76.73,1
39.96,-76.73,1
39.96,-76.73,1
39.96,-76.73,1
39.96,-76.73,1
39.96,-76.73,1
39.96,-76.73,1
39.96,-76.73,1
39.96,-76.73,1
39.96,-76.73,1
39.96,-76.73,1
39.96,-76.73,1
39.96,-76.73,1
39.96,-76.73,1
39.96,-76.73,1
39.96,-76.73,1
39.96,-76.73,1
39.96,-76.73,1
39.96,-76.73,1
39.96,-76.73,1
39.96,-76.73,1
39.96,-76.73,1
39.96,-76.73,1
39.96,-76.73,1
39.96,-76.73,1
39.96,-76.73,1
39.96,-76.73,1
39.96,-76.73,1
39.96,-76.73,1
39.96,-76.73,1
39.96,-76.73,1
39.96,-76.73,1
39.96,-76.73,1
39.96,-76.73,1
39.96,-76.73,1
39.96,-76.73,1
39.96,-76.73,1
39.96,-76.73,1
39.96,-76.73,1
39.96,-76.73,1
39.96,-76.73,1
39.96,-76.73,1
39.96,-76.73,1
39.96,-76.73,1
39.96,-76.73,1
39.96,-76.73,1
39.96,-76.73,1
39.96,-76.73,1
39.96,-76.73,1
39.96,-76.73,1
39.96,-76.73,1
39.96,-76.73,1
39.96,-76.73,1
39.96,-76.73,1
39.96,-76.73,1
39.96,-76.73,1
39.96,-76.73,1
39.96,-76.73,1
39.96,-76.73,1
39.96,-76.73,1
39.96,-76.73,1
39.96,-76.73,1
39.96,-76.73,1
39.96,-76.73,1
39.96,-76.73,1
39.96,-76.73,1
39.96,-76.73,1
39.96,-76.73,1
39.96,-76.73,1
39.96,-76.73,1
39.96,-76.73,1
39.96,-76.73,1
39.96,-76.73,1
39.96,-76.73,1
39.96,-76.73,1
39.96,-76.73,1
39.96,-76.73,1
39.96,-76.73,1
39.96,-76.73,1
39.96,-76.73,1
39.96,-76.73,1
39.96,-76.73,1
39.96,-76.73,1
39.96,-76.73,1
39.96,-76.73,1
39.96,-76.73,1
39.96,-76.73,1
39.96,-76.73,1
39.96,-76.73,1
39.96,-76.73,1
39.96,-76.73,1
39.96,-76.73,1
39.96,-76.73,1
39.96,-76.73,1
39.96,-76.73,1
39.96,-76.73,1
39.96,-76.73,1
39.96,-76.73,1
39.96,-76.73,1
39.96,-76.73,1
39.96,-76.73,1
39.96,-76.73,1
39.96,-76.73,1
39.96,-76.73,1
39.96,-76.73,1
39.96,-76.73,1
39.96,-76.73,1
39.96,-76.73,1
39.96,-76.73,1
39.96,-76.73,1
39.96,-76.73,1
39.96,-76.73,1
39.96,-76.73,1
39.96,-76.73,1
39.96,-76.73,1
39.96,-76.73,1
39.96,-76.73,1
39.96,-76.73,1
39.96,-76.73,1
39.96,-76.73,1
39.96,-76.73,1
39.96,-76.73,1
39.96,-76.73,1
39.96,-76.73,1
39.96,-76.73,1
39.96,-76.73,1
39.96,-76.73,1
39.96,-76.73,1
39.96,-76.73,1
39.96,-76.73,1
39.96,-76.73,1
39.96,-76.73,1
39.96,-76.73,1
39.96,-76.73,1
39.96,-76.73,1
39.96,-76.73,1
39.96,-76.73,1
39.96,-76.73,1
39.96,-76.73,1
39.96,-76.73,1
39.96,-76.73,1
39.96,-76.73,1
39.96,-76.73,1
39.96,-76.73,1
39.96,-76.73,1
39.96,-76.73,1
39.96,-76.73,1
39.96,-76.73,1
39.96,-76.73,1
39.96,-76.73,1
39.96,-76.73,1
39.96,-76.73,1
39.96,-76.73,1
39.96,-76.73,1
39.96,-76.73,1
39.96,-76.73,1
39.96,-76.73,1
39.96,-76.73,1
39.96,-76.73,1
39.96,-76.73,1
39.96,-76.73,1
39.96,-76.73,1
39.96,-76.73,1
39.96,-76.73,1
39.96,-76.73,1
39.96,-76.73,1
39.96,-76.73,1
39.96,-76.73,1
39.96,-76.73,1
39.96,-76.73,1
39.96,-76.73,1
39.96,-76.73,1
39.96,-76.73,1
39.96,-76.73,1
39.96,-76.73,1
39.96,-76.73,1
39.96,-76.73,1
39.96,-76.73,1
39.96,-76.73,1
39.96,-76.73,1
39.96,-76.73,1
39.96,-76.73,1
39.96,-76.73,1
39.96,-76.73,1
39.96,-76.73,1
39.96,-76.73,1
39.96,-76.73,1
39.96,-76.73,1
39.96,-76.73,1
39.96,-76.73,1
39.96,-76.73,1
39.96,-76.73,1
39.96,-76.73,1
39.96,-76.73,1
39.96,-76.73,1
39.96,-76.73,1
39.96,-76.73,1
39.96,-76.73,1
39.96,-76.73,1
39.96,-76.73,1
39.96,-76.73,1
39.96,-76.73,1
39.96,-76.73,1
39.96,-76.73,1
39.96,-76.73,1
39.96,-76.73,1
39.96,-76.73,1
39.96,-76.73,1
39.96,-76.73,1
39.96,-76.73,1
39.96,-76.73,1
39.96,-76.73,1
39.96,-76.73,1
39.96,-76.73,1
39.96,-76.73,1
39.96,-76.73,1
39.96,-76.73,1
39.96,-76.73,1
39.96,-76.73,1
39.96,-76.73,1
39.96,-76.73,1
39.96,-76.73,1
39.96,-76.73,1
39.96,-76.73,1
39.96,-76.73,1
39.96,-76.73,1
39.96,-76.73,1
39.96,-76.73,1
39.96,-76.73,1
39.96,-76.73,1
39.96,-76.73,1
39.96,-76.73,1
39.96,-76.73,1
39.96,-76.73,1
39.96,-76.73,1
39.96,-76.73,1
39.96,-76.73,1
39.96,-76.73,1
39.96,-76.73,1
39.96,-76.73,1
39.96,-76.73,1
39.96,-76.73,1
39.96,-76.73,1
39.96,-76.73,1
39.96,-76.73,1
39.96,-76.73,1
39.96,-76.73,1
39.96,-76.73,1
39.96,-76.73,1
39.96,-76.73,1
39.96,-76.73,1
39.96,-76.73,1
39.96,-76.73,1
39.96,-76.73,1
39.96,-76.73,1
39.96,-76.73,1
39.96,-76.73,1
39.96,-76.73,1
39.96,-76.73,1
39.96,-76.73,1
39.96,-76.73,1
39.96,-76.73,1
39.96,-76.73,1
39.96,-76.73,1
39.96,-76.73,1
39.96,-76.73,1
39.96,-76.73,1
39.96,-76.73,1
39.96,-76.73,1
39.96,-76.73,1
39.96,-76.73,1
39.96,-76.73,1
39.96,-76.73,1
39.96,-76.73,1
39.96,-76.73,1
39.96,-76.73,1
39.96,-76.73,1
39.96,-76.73,1
39.96,-76.73,1
39.96,-76.73,1
39.96,-76.73,1
39.96,-76.73,1
39.96,-76.73,1
39.96,-76.73,1
39.96,-76.73,1
39.96,-76.73,1
39.96,-76.73,1
39.96,-76.73,1
39.96,-76.73,1
39.96,-76.73,1
39.96,-76.73,1
39.96,-76.73,1
39.96,-76.73,1
39.96,-76.73,1
39.96,-76.73,1
39.96,-76.73,1
39.96,-76.73,1
39.96,-76.73,1
39.96,-76.73,1
39.96,-76.73,1
39.96,-76.73,1
39.96,-76.73,1
39.96,-76.73,1
39.96,-76.73,1
39.96,-76.73,1
39.96,-76.73,1
39.96,-76.73,1
39.96,-76.73,1
39.96,-76.73,1
39.96,-76.73,1
39.96,-76.73,1
39.96,-76.73,1
39.96,-76.73,1
39.96,-76.73,1
39.96,-76.73,1
39.96,-76.73,1
39.96,-76.73,1
39.96,-76.73,1
39.96,-76.73,1
39.96,-76.73,1
39.96,-76.73,1
39.96,-76.73,1
39.96,-76.73,1
39.96,-76.73,1
39.96,-76.73,1
39.96,-76.73,1
39.96,-76.73,1
39.96,-76.73,1
39.96,-76.73,1
39.96,-76.73,1
39.96,-76.73,1
39.96,-76.73,1
39.96,-76.73,1
39.96,-76.73,1
39.96,-76.73,1
39.96,-76.73,1
39.96,-76.73,1
39.96,-76.73,1
39.96,-76.73,1
39.96,-76.73,1
39.96,-76.73,1
39.96,-76.73,1
39.96,-76.73,1
39.96,-76.73,1
39.96,-76.73,1
39.96,-76.73,1
39.96,-76.73,1
39.96,-76.73,1
39.96,-76.73,1
39.96,-76.73,1
39.96,-76.73,1
39.96,-76.73,1
39.96,-76.73,1
39.96,-76.73,1
39.96,-76.73,1
39.96,-76.73,1
39.96,-76.73,1
39.96,-76.73,1
39.96,-76.73,1
39.96,-76.73,1
39.96,-76.73,1
39.96,-76.73,1
39.96,-76.73,1
39.96,-76.73,1
39.96,-76.73,1
39.96,-76.73,1
39.96,-76.73,1
39.96,-76.73,1
39.96,-76.73,1
39.96,-76.73,1
39.96,-76.73,1
39.96,-76.73,1
39.96,-76.73,1
39.96,-76.73,1
39.96,-76.73,1
39.96,-76.73,1
39.96,-76.73,1
39.96,-76.73,1
39.96,-76.73,1
39.96,-76.73,1
39.96,-76.73,1
39.96,-76.73,1
39.96,-76.73,1
39.96,-76.73,1
39.96,-76.73,1
39.96,-76.73,1
39.96,-76.73,1
39.96,-76.73,1
39.96,-76.73,1
39.96,-76.73,1
39.96,-76.73,1
39.96,-76.73,1
39.96,-76.73,1
39.96,-76.73,1
39.96,-76.73,1
39.96,-76.73,1
39.96,-76.73,1
39.96,-76.73,1
39.96,-76.73,1
39.96,-76.73,1
39.96,-76.73,1
39.96,-76.73,1
39.96,-76.73,1
39.96,-76.73,1
39.96,-76.73,1
39.96,-76.73,1
39.96,-76.73,1
39.96,-76.73,1
39.96,-76.73,1
39.96,-76.73,1
39.96,-76.73,1
39.96,-76.73,1
39.96,-76.73,1
39.96,-76.73,1
39.96,-76.73,1
39.96,-76.73,1
39.96,-76.73,1
39.96,-76.73,1
39.96,-76.73,1
39.96,-76.73,1
39.96,-76.73,1
39.96,-76.73,1
39.96,-76.73,1
39.96,-76.73,1
39.96,-76.73,1
39.96,-76.73,1
39.96,-76.73,1
39.96,-76.73,1
39.96,-76.73,1
39.96,-76.73,1
39.96,-76.73,1
39.96,-76.73,1
39.96,-76.73,1
39.96,-76.73,1
39.96,-76.73,1
39.96,-76.73,1
39.96,-76.73,1
39.96,-76.73,1
39.96,-76.73,1
39.96,-76.73,1
39.96,-76.73,1
39.96,-76.73,1
39.96,-76.73,1
39.96,-76.73,1
39.96,-76.73,1
39.96,-76.73,1
39.96,-76.73,1
39.96,-76.73,1
39.96,-76.73,1
39.96,-76.73,1
39.96,-76.73,1
39.96,-76.73,1
39.96,-76.73,1
39.96,-76.73,1
39.96,-76.73,1
39.96,-76.73,1
39.96,-76.73,1
39.96,-76.73,1
39.96,-76.73,1
39.96,-76.73,1
39.96,-76.73,1
39.96,-76.73,1
39.96,-76.73,1
39.96,-76.73,1
39.96,-76.73,1
39.96,-76.73,1
39.96,-76.73,1
39.96,-76.73,1
39.96,-76.73,1
39.96,-76.73,1
39.96,-76.73,1
39.96,-76.73,1
39.96,-76.73,1
39.96,-76.73,1
39.96,-76.73,1
39.96,-76.73,1
39.96,-76.73,1
39.96,-76.73,1
39.96,-76.73,1
39.96,-76.73,1
39.96,-76.73,1
39.96,-76.73,1
39.96,-76.73,1
39.96,-76.73,1
39.96,-76.73,1
39.96,-76.73,1
39.96,-76.73,1
39.96,-76.73,1
39.96,-76.73,1
39.96,-76.73,1
39.96,-76.73,1
39.96,-76.73,1
39.96,-76.73,1
39.96,-76.73,1
39.96,-76.73,1
39.96,-76.73,1
39.96,-76.73,1
39.96,-76.73,1
39.96,-76.73,1
39.96,-76.73,1
39.96,-76.73,1
39.96,-76.73,1
39.96,-76.73,1
39.96,-76.73,1
39.96,-76.73,1
39.96,-76.73,1
39.96,-76.73,1
39.96,-76.73,1
39.96,-76.73,1
39.96,-76.73,1
39.96,-76.73,1
39.96,-76.73,1
39.96,-76.73,1
39.96,-76.73,1
39.96,-76.73,1
39.96,-76.73,1
39.96,-76.73,1
39.96,-76.73,1
39.96,-76.73,1
39.96,-76.73,1
39.96,-76.73,1
39.96,-76.73,1
39.96,-76.73,1
39.96,-76.73,1
39.96,-76.73,1
39.96,-76.73,1
39.96,-76.73,1
39.96,-76.73,1
39.96,-76.73,1
39.96,-76.73,1
39.96,-76.73,1
39.96,-76.73,1
39.96,-76.73,1
39.96,-76.73,1
39.96,-76.73,1
39.96,-76.73,1
39.96,-76.73,1
39.96,-76.73,1
39.96,-76.73,1
39.96,-76.73,1
39.96,-76.73,1
39.96,-76.73,1
39.96,-76.73,1
39.96,-76.73,1
39.96,-76.73,1
39.96,-76.73,1
39.96,-76.73,1
39.96,-76.73,1
39.96,-76.73,1
39.96,-76.73,1
39.96,-76.73,1
39.96,-76.73,1
39.96,-76.73,1
39.96,-76.73,1
39.96,-76.73,1
39.96,-76.73,1
39.96,-76.73,1
39.96,-76.73,1
39.96,-76.73,1
39.96,-76.73,1
39.96,-76.73,1
39.96,-76.73,1
39.96,-76.73,1
39.96,-76.73,1
39.96,-76.73,1
39.96,-76.73,1
39.96,-76.73,1
39.96,-76.73,1
39.96,-76.73,1
39.96,-76.73,1
39.96,-76.73,1
39.96,-76.73,1
39.96,-76.73,1
39.96,-76.73,1
39.96,-76.73,1
39.96,-76.73,1
39.96,-76.73,1
39.96,-76.73,1
39.96,-76.73,1
39.96,-76.73,1
39.96,-76.73,1
39.96,-76.73,1
39.96,-76.73,1
39.96,-76.73,1
39.96,-76.73,1
39.96,-76.73,1
39.96,-76.73,1
39.96,-76.73,1
39.96,-76.73,1
39.96,-76.73,1
39.96,-76.73,1
39.96,-76.73,1
39.96,-76.73,1
39.96,-76.73,1
39.96,-76.73,1
39.96,-76.73,1
39.96,-76.73,1
39.96,-76.73,1
39.96,-76.73,1
39.96,-76.73,1
39.96,-76.73,1
39.96,-76.73,1
39.96,-76.73,1
39.96,-76.73,1
39.96,-76.73,1
39.96,-76.73,1
39.96,-76.73,1
39.96,-76.73,1
39.96,-76.73,1
39.96,-76.73,1
39.96,-76.73,1
39.96,-76.73,1
39.96,-76.73,1
39.96,-76.73,1
39.96,-76.73,1
39.96,-76.73,1
39.96,-76.73,1
39.96,-76.73,1
39.96,-76.73,1
39.96,-76.73,1
39.96,-76.73,1
39.96,-76.73,1
39.96,-76.73,1
39.96,-76.73,1
39.96,-76.73,1
39.96,-76.73,1
39.96,-76.73,1
39.96,-76.73,1
39.96,-76.73,1
39.96,-76.73,1
39.96,-76.73,1
39.96,-76.73,1
39.96,-76.73,1
39.96,-76.73,1
39.96,-76.73,1
39.96,-76.73,1
39.96,-76.73,1
39.96,-76.73,1
39.96,-76.73,1
39.96,-76.73,1
39.96,-76.73,1
39.96,-76.73,1
39.96,-76.73,1
39.96,-76.73,1
39.96,-76.73,1
39.96,-76.73,1
39.96,-76.73,1
39.96,-76.73,1
39.96,-76.73,1
39.96,-76.73,1
39.96,-76.73,1
39.96,-76.73,1
39.96,-76.73,1
39.96,-76.73,1
39.96,-76.73,1
39.96,-76.73,1
39.96,-76.73,1
39.96,-76.73,1
39.96,-76.73,1
39.96,-76.73,1
39.96,-76.73,1
39.96,-76.73,1
39.96,-76.73,1
39.96,-76.73,1
39.96,-76.73,1
39.96,-76.73,1
39.96,-76.73,1
39.96,-76.73,1
39.96,-76.73,1
39.96,-76.73,1
39.96,-76.73,1
39.96,-76.73,1
39.96,-76.73,1
39.96,-76.73,1
39.96,-76.73,1
39.96,-76.73,1
39.96,-76.73,1
39.96,-76.73,1
39.96,-76.73,1
39.96,-76.73,1
39.96,-76.73,1
39.96,-76.73,1
39.96,-76.73,1
39.96,-76.73,1
39.96,-76.73,1
39.96,-76.73,1
39.96,-76.73,1
39.96,-76.73,1
39.96,-76.73,1
39.96,-76.73,1
39.96,-76.73,1
39.96,-76.73,1
39.96,-76.73,1
39.96,-76.73,1
39.96,-76.73,1
39.96,-76.73,1
39.96,-76.73,1
39.96,-76.73,1
39.96,-76.73,1
39.96,-76.73,1
39.96,-76.73,1
39.96,-76.73,1
39.96,-76.73,1
39.96,-76.73,1
39.96,-76.73,1
39.96,-76.73,1
39.96,-76.73,1
39.96,-76.73,1
39.96,-76.73,1
39.96,-76.73,1
39.96,-76.73,1
39.96,-76.73,1
39.96,-76.73,1
39.96,-76.73,1
39.96,-76.73,1
39.96,-76.73,1
39.96,-76.73,1
39.96,-76.73,1
39.96,-76.73,1
39.96,-76.73,1
39.96,-76.73,1
39.96,-76.73,1
39.96,-76.73,1
39.96,-76.73,1
39.96,-76.73,1
39.96,-76.73,1
39.96,-76.73,1
39.96,-76.73,1
39.96,-76.73,1
39.96,-76.73,1
39.96,-76.73,1
39.96,-76.73,1
39.96,-76.73,1
39.96,-76.73,1
39.96,-76.73,1
39.96,-76.73,1
39.96,-76.73,1
39.96,-76.73,1
39.96,-76.73,1
39.96,-76.73,1
39.96,-76.73,1
39.96,-76.73,1
39.96,-76.73,1
39.96,-76.73,1
39.96,-76.73,1
39.96,-76.73,1
39.96,-76.73,1
39.96,-76.73,1
39.96,-76.73,1
39.96,-76.73,1
39.96,-76.73,1
39.96,-76.73,1
39.96,-76.73,1
39.96,-76.73,1
39.96,-76.73,1
39.96,-76.73,1
39.96,-76.73,1
39.96,-76.73,1
39.96,-76.73,1
39.96,-76.73,1
39.96,-76.73,1
39.96,-76.73,1
39.96,-76.73,1
39.96,-76.73,1
39.96,-76.73,1
39.96,-76.73,1
39.96,-76.73,1
39.96,-76.73,1
39.96,-76.73,1
39.96,-76.73,1
39.96,-76.73,1
39.96,-76.73,1
39.96,-76.73,1
39.96,-76.73,1
39.96,-76.73,1
39.96,-76.73,1
39.96,-76.73,1
39.96,-76.73,1
39.96,-76.73,1
39.96,-76.73,1
39.96,-76.73,1
39.96,-76.73,1
39.96,-76.73,1
39.96,-76.73,1
39.96,-76.73,1
39.96,-76.73,1
39.96,-76.73,1
39.96,-76.73,1
39.96,-76.73,1
39.96,-76.73,1
39.96,-76.73,1
39.96,-76.73,1
39.96,-76.73,1
39.96,-76.73,1
42.64,-82.58,1
42.64,-82.58,1
42.64,-82.58,1
42.64,-82.58,1
42.64,-82.58,1
42.64,-82.58,1
42.64,-82.58,1
42.64,-82.58,1
42.5,-85.9,1
42.5,-85.9,1
42.5,-85.9,1
42.5,-85.9,1
42.5,-85.9,1
42.5,-85.9,1
42.5,-85.9,1
42.5,-85.9,1
42.5,-85.9,1
42.5,-85.9,1
42.5,-85.9,1
42.5,-85.9,1
42.5,-85.9,1
42.5,-85.9,1
42.5,-85.9,1
42.5,-85.9,1
42.5,-85.9,1
42.5,-85.9,1
42.5,-85.9,1
42.5,-85.9,1
42.5,-85.9,1
42.5,-85.9,1
42.5,-85.9,1
42.5,-85.9,1
42.5,-85.9,1
42.5,-85.9,1
42.5,-85.9,1
42.5,-85.9,1
42.5,-85.9,1
42.5,-85.9,1
42.5,-85.9,1
42.5,-85.9,1
42.5,-85.9,1
42.5,-85.9,1
42.5,-85.9,1
42.5,-85.9,1
42.5,-85.9,1
42.5,-85.9,1
42.5,-85.9,1
42.5,-85.9,1
42.5,-85.9,1
42.5,-85.9,1
42.5,-85.9,1
42.5,-85.9,1
42.5,-85.9,1
42.5,-85.9,1
42.5,-85.9,1
42.5,-85.9,1
42.5,-85.9,1
42.5,-85.9,1
42.5,-85.9,1
42.5,-85.9,1
42.5,-85.9,1
42.5,-85.9,1
42.5,-85.9,1
42.5,-85.9,1
42.5,-85.9,1
42.5,-85.9,1
42.5,-85.9,1
42.5,-85.9,1
42.5,-85.9,1
42.5,-85.9,1
42.5,-85.9,1
42.5,-85.9,1
42.5,-85.9,1
42.5,-85.9,1
42.5,-85.9,1
42.5,-85.9,1
42.5,-85.9,1
42.5,-85.9,1
42.5,-85.9,1
42.5,-85.9,1
42.5,-85.9,1
42.5,-85.9,1
42.5,-85.9,1
42.5,-85.9,1
42.5,-85.9,1
42.5,-85.9,1
42.5,-85.9,1
42.5,-85.9,1
42.5,-85.9,1
42.5,-85.9,1
42.5,-85.9,1
42.5,-85.9,1
42.5,-85.9,1
42.5,-85.9,1
42.5,-85.9,1
42.5,-85.9,1
42.5,-85.9,1
42.5,-85.9,1
42.5,-85.9,1
42.5,-85.9,1
42.5,-85.9,1
42.5,-85.9,1
42.5,-85.9,1
42.5,-85.9,1
42.5,-85.9,1
42.5,-85.9,1
42.5,-85.9,1
42.5,-85.9,1
42.5,-85.9,1
42.5,-85.9,1
42.5,-85.9,1
42.5,-85.9,1
42.5,-85.9,1
42.5,-85.9,1
42.5,-85.9,1
42.5,-85.9,1
42.5,-85.9,1
42.5,-85.9,1
42.5,-85.9,1
42.5,-85.9,1
42.5,-85.9,1
42.5,-85.9,1
42.5,-85.9,1
42.5,-85.9,1
42.5,-85.9,1
42.5,-85.9,1
42.5,-85.9,1
42.5,-85.9,1
42.5,-85.9,1
42.5,-85.9,1
42.5,-85.9,1
42.5,-85.9,1
42.5,-85.9,1
42.5,-85.9,1
42.5,-85.9,1
42.5,-85.9,1
42.5,-85.9,1
42.5,-85.9,1
42.5,-85.9,1
42.5,-85.9,1
42.5,-85.9,1
42.5,-85.9,1
42.5,-85.9,1
42.5,-85.9,1
42.5,-85.9,1
42.5,-85.9,1
42.5,-85.9,1
42.5,-85.9,1
42.5,-85.9,1
42.5,-85.9,1
42.5,-85.9,1
42.5,-85.9,1
42.5,-85.9,1
42.5,-85.9,1
42.5,-85.9,1
42.5,-85.9,1
42.5,-85.9,1
42.5,-85.9,1
42.5,-85.9,1
42.5,-85.9,1
42.5,-85.9,1
42.5,-85.9,1
42.5,-85.9,1
42.5,-85.9,1
42.5,-85.9,1
42.5,-85.9,1
42.5,-85.9,1
42.5,-85.9,1
42.5,-85.9,1
42.5,-85.9,1
42.5,-85.9,1
42.5,-85.9,1
42.5,-85.9,1
42.5,-85.9,1
42.5,-85.9,1
42.5,-85.9,1
42.5,-85.9,1
42.5,-85.9,1
42.5,-85.9,1
42.5,-85.9,1
42.5,-85.9,1
42.5,-85.9,1
42.5,-85.9,1
42.5,-85.9,1
42.5,-85.9,1
42.5,-85.9,1
42.5,-85.9,1
42.5,-85.9,1
42.5,-85.9,1
42.5,-85.9,1
42.5,-85.9,1
42.5,-85.9,1
42.5,-85.9,1
42.5,-85.9,1
42.5,-85.9,1
42.5,-85.9,1
42.5,-85.9,1
42.5,-85.9,1
42.5,-85.9,1
45.1,-83.5,1
45.1,-83.5,1
45.1,-83.5,1
45.1,-83.5,1
45.1,-83.5,1
45.1,-83.5,1
45.1,-83.5,1
45.1,-83.5,1
45.1,-83.5,1
45.1,-83.5,1
45.1,-83.5,1
45.1,-83.5,1
45.1,-83.5,1
45.1,-83.5,1
45.1,-83.5,1
45.1,-83.5,1
45.1,-83.5,1
45.1,-83.5,1
45.1,-83.5,1
45.1,-83.5,1
45.1,-83.5,1
45.1,-83.5,1
45.1,-83.5,1
45.1,-83.5,1
45.1,-83.5,1
45.1,-83.5,1
45.1,-83.5,1
45.1,-83.5,1
45.1,-83.5,1
45.1,-83.5,1
45.1,-83.5,1
45.1,-83.5,1
45.1,-83.5,1
45.1,-83.5,1
45.1,-83.5,1
45.1,-83.5,1
45.1,-83.5,1
45.1,-83.5,1
45.1,-83.5,1
45.1,-83.5,1
45.1,-83.5,1
45.1,-83.5,1
45.1,-83.5,1
45.1,-83.5,1
45.1,-83.5,1
45.1,-83.5,1
45.1,-83.5,1
45.1,-83.5,1
45.1,-83.5,1
45.1,-83.5,1
45.1,-83.5,1
45.1,-83.5,1
45.1,-83.5,1
45.1,-83.5,1
45.1,-83.5,1
45.1,-83.5,1
45.1,-83.5,1
45.1,-83.5,1
45.1,-83.5,1
45.1,-83.5,1
45.1,-83.5,1
45.1,-83.5,1
45.1,-83.5,1
45.1,-83.5,1
45.1,-83.5,1
45.1,-83.5,1
45.1,-83.5,1
45.1,-83.5,1
45.1,-83.5,1
45.1,-83.5,1
45.1,-83.5,1
45.1,-83.5,1
45.1,-83.5,1
45.1,-83.5,1
45.1,-83.5,1
45.1,-83.5,1
45.1,-83.5,1
45.1,-83.5,1
45.1,-83.5,1
45.1,-83.5,1
45.1,-83.5,1
45.1,-83.5,1
45.1,-83.5,1
45.1,-83.5,1
45.1,-83.5,1
45.1,-83.5,1
45.1,-83.5,1
45.1,-83.5,1
45.1,-83.5,1
45.1,-83.5,1
45.1,-83.5,1
42.47,-83.14,1
42.47,-83.14,1
42.47,-83.14,1
42.47,-83.14,1
42.47,-83.14,1
42.47,-83.14,1
42.47,-83.14,1
42.47,-83.14,1
42.47,-83.14,1
42.47,-83.14,1
42.47,-83.14,1
42.9,-85.2,1
42.9,-85.2,1
42.9,-85.2,1
42.9,-85.2,1
42.9,-85.2,1
42.9,-85.2,1
42.9,-85.2,1
42.9,-85.2,1
42.9,-85.2,1
42.9,-85.2,1
42.9,-85.2,1
42.9,-85.2,1
42.9,-85.2,1
42.9,-85.2,1
42.9,-85.2,1
42.9,-85.2,1
42.9,-85.2,1
42.9,-85.2,1
42.9,-85.2,1
42.9,-85.2,1
42.9,-85.2,1
42.9,-85.2,1
42.9,-85.2,1
42.9,-85.2,1
42.9,-85.2,1
42.9,-85.2,1
42.9,-85.2,1
42.9,-85.2,1
42.9,-85.2,1
42.9,-85.2,1
42.9,-85.2,1
42.9,-85.2,1
46.8,-88.5,1
43.75,-85.15,1
43.75,-85.15,1
43.75,-85.15,1
43.75,-85.15,1
43.75,-85.15,1
43.75,-85.15,1
43.75,-85.15,1
43.75,-85.15,1
43.75,-85.15,1
43.75,-85.15,1
43.75,-85.15,1
43.75,-85.15,1
43.75,-85.15,1
43.75,-85.15,1
43.75,-85.15,1
43.75,-85.15,1
43.75,-85.15,1
43.75,-85.15,1
43.75,-85.15,1
43.75,-85.15,1
43.75,-85.15,1
43.75,-85.15,1
43.75,-85.15,1
43.75,-85.15,1
43.75,-85.15,1
43.75,-85.15,1
43.75,-85.15,1
43.75,-85.15,1
43.75,-85.15,1
43.75,-85.15,1
43.75,-85.15,1
43.75,-85.15,1
43.75,-85.15,1
43.75,-85.15,1
43.75,-85.15,1
43.75,-85.15,1
43.75,-85.15,1
43.75,-85.15,1
43.75,-85.15,1
43.75,-85.15,1
43.75,-85.15,1
43.75,-85.15,1
43.75,-85.15,1
43.75,-85.15,1
43.75,-85.15,1
43.75,-85.15,1
43.75,-85.15,1
43.75,-85.15,1
43.75,-85.15,1
43.75,-85.15,1
43.75,-85.15,1
43.75,-85.15,1
43.75,-85.15,1
43.75,-85.15,1
43.75,-85.15,1
43.75,-85.15,1
43.75,-85.15,1
43.6,-83.9,1
43.6,-83.9,1
43.6,-83.9,1
43.6,-83.9,1
43.6,-83.9,1
43.6,-83.9,1
43.6,-83.9,1
43.6,-83.9,1
43.6,-83.9,1
43.6,-83.9,1
43.6,-83.9,1
43.6,-83.9,1
43.6,-83.9,1
43.6,-83.9,1
43.6,-83.9,1
43.6,-83.9,1
43.6,-83.9,1
43.6,-83.9,1
43.6,-83.9,1
43.6,-83.9,1
43.6,-83.9,1
43.6,-83.9,1
43.6,-83.9,1
43.6,-83.9,1
43.6,-83.9,1
43.6,-83.9,1
43.6,-83.9,1
43.6,-83.9,1
43.6,-83.9,1
43.6,-83.9,1
43.6,-83.9,1
43.6,-83.9,1
43.6,-83.9,1
43.6,-83.9,1
43.6,-83.9,1
43.6,-83.9,1
43.6,-83.9,1
43.6,-83.9,1
43.6,-83.9,1
43.6,-83.9,1
43.6,-83.9,1
43.6,-83.9,1
43.6,-83.9,1
43.6,-83.9,1
43.6,-83.9,1
43.6,-83.9,1
43.6,-83.9,1
43.6,-83.9,1
43.6,-83.9,1
43.6,-83.9,1
43.6,-83.9,1
43.6,-83.9,1
43.6,-83.9,1
43.6,-83.9,1
43.6,-83.9,1
43.6,-83.9,1
43.6,-83.9,1
43.6,-83.9,1
43.6,-83.9,1
43.6,-83.9,1
43.6,-83.9,1
43.6,-83.9,1
43.6,-83.9,1
43.6,-83.9,1
43.6,-83.9,1
43.6,-83.9,1
43.6,-83.9,1
43.6,-83.9,1
43.6,-83.9,1
43.6,-83.9,1
43.6,-83.9,1
43.6,-83.9,1
43.6,-83.9,1
43.6,-83.9,1
43.6,-83.9,1
43.6,-83.9,1
43.6,-83.9,1
43.6,-83.9,1
43.6,-83.9,1
43.6,-83.9,1
43.6,-83.9,1
43.6,-83.9,1
43.6,-83.9,1
43.6,-83.9,1
43.6,-83.9,1
43.6,-83.9,1
43.6,-83.9,1
43.6,-83.9,1
43.6,-83.9,1
43.6,-83.9,1
43.6,-83.9,1
43.6,-83.9,1
43.6,-83.9,1
43.6,-83.9,1
43.6,-83.9,1
43.6,-83.9,1
43.6,-83.9,1
43.6,-83.9,1
43.6,-83.9,1
43.6,-83.9,1
43.6,-83.9,1
43.6,-83.9,1
43.6,-83.9,1
43.6,-83.9,1
43.6,-83.9,1
43.6,-83.9,1
43.6,-83.9,1
43.6,-83.9,1
43.6,-83.9,1
43.6,-83.9,1
43.6,-83.9,1
43.6,-83.9,1
43.6,-83.9,1
43.6,-83.9,1
43.6,-83.9,1
43.6,-83.9,1
43.6,-83.9,1
43.6,-83.9,1
43.6,-83.9,1
43.6,-83.9,1
43.6,-83.9,1
43.6,-83.9,1
43.6,-83.9,1
43.6,-83.9,1
43.6,-83.9,1
43.6,-83.9,1
43.6,-83.9,1
43.6,-83.9,1
43.6,-83.9,1
43.6,-83.9,1
43.6,-83.9,1
43.6,-83.9,1
43.6,-83.9,1
43.6,-83.9,1
43.6,-83.9,1
43.6,-83.9,1
43.6,-83.9,1
43.6,-83.9,1
43.6,-83.9,1
43.6,-83.9,1
43.6,-83.9,1
43.6,-83.9,1
43.6,-83.9,1
43.6,-83.9,1
43.6,-83.9,1
43.6,-83.9,1
43.6,-83.9,1
43.6,-83.9,1
43.6,-83.9,1
43.6,-83.9,1
43.6,-83.9,1
43.6,-83.9,1
43.6,-83.9,1
43.6,-83.9,1
43.6,-83.9,1
43.6,-83.9,1
43.6,-83.9,1
43.6,-83.9,1
43.6,-83.9,1
43.6,-83.9,1
43.6,-83.9,1
43.6,-83.9,1
43.6,-83.9,1
43.6,-83.9,1
43.6,-83.9,1
43.6,-83.9,1
43.6,-83.9,1
43.6,-83.9,1
43.6,-83.9,1
43.6,-83.9,1
43.6,-83.9,1
43.6,-83.9,1
43.6,-83.9,1
43.6,-83.9,1
43.6,-83.9,1
43.6,-83.9,1
43.6,-83.9,1
43.6,-83.9,1
43.6,-83.9,1
43.6,-83.9,1
43.6,-83.9,1
43.6,-83.9,1
43.6,-83.9,1
43.6,-83.9,1
43.6,-83.9,1
43.6,-83.9,1
43.6,-83.9,1
43.6,-83.9,1
43.6,-83.9,1
43.6,-83.9,1
43.6,-83.9,1
43.6,-83.9,1
43.6,-83.9,1
43.6,-83.9,1
43.6,-83.9,1
43.6,-83.9,1
43.6,-83.9,1
43.6,-83.9,1
43.6,-83.9,1
43.6,-83.9,1
43.6,-83.9,1
43.6,-83.9,1
43.6,-83.9,1
43.6,-83.9,1
43.6,-83.9,1
43.6,-83.9,1
43.6,-83.9,1
43.6,-83.9,1
43.6,-83.9,1
43.6,-83.9,1
43.6,-83.9,1
43.6,-83.9,1
43.6,-83.9,1
43.6,-83.9,1
43.6,-83.9,1
43.6,-83.9,1
43.6,-83.9,1
43.6,-83.9,1
43.6,-83.9,1
43.6,-83.9,1
43.6,-83.9,1
43.6,-83.9,1
43.6,-83.9,1
43.6,-83.9,1
43.6,-83.9,1
43.6,-83.9,1
43.6,-83.9,1
43.6,-83.9,1
43.6,-83.9,1
43.6,-83.9,1
43.6,-83.9,1
43.6,-83.9,1
43.6,-83.9,1
43.6,-83.9,1
43.6,-83.9,1
43.6,-83.9,1
43.6,-83.9,1
43.6,-83.9,1
43.6,-83.9,1
43.6,-83.9,1
43.6,-83.9,1
43.6,-83.9,1
43.6,-83.9,1
43.6,-83.9,1
43.6,-83.9,1
43.6,-83.9,1
43.6,-83.9,1
43.6,-83.9,1
43.6,-83.9,1
43.6,-83.9,1
43.6,-83.9,1
43.6,-83.9,1
43.6,-83.9,1
43.6,-83.9,1
43.6,-83.9,1
44.57,-86.08,1
44.57,-86.08,1
44.57,-86.08,1
44.57,-86.08,1
41.95,-86.27,1
41.95,-86.27,1
41.95,-86.27,1
41.95,-86.27,1
41.95,-86.27,1
41.95,-86.27,1
41.95,-86.27,1
41.95,-86.27,1
41.95,-86.27,1
41.95,-86.27,1
41.95,-86.27,1
41.95,-86.27,1
41.95,-86.27,1
41.95,-86.27,1
41.95,-86.27,1
41.95,-86.27,1
41.95,-86.27,1
41.95,-86.27,1
41.95,-86.27,1
41.95,-86.27,1
41.95,-86.27,1
41.95,-86.27,1
41.95,-86.27,1
41.95,-86.27,1
41.95,-86.27,1
41.95,-86.27,1
41.95,-86.27,1
41.95,-86.27,1
41.95,-86.27,1
41.95,-86.27,1
41.95,-86.27,1
41.95,-86.27,1
41.95,-86.27,1
41.95,-86.27,1
41.95,-86.27,1
41.95,-86.27,1
41.95,-86.27,1
41.95,-86.27,1
41.95,-86.27,1
41.95,-86.27,1
41.95,-86.27,1
41.95,-86.27,1
41.95,-86.27,1
41.95,-86.27,1
41.95,-86.27,1
41.95,-86.27,1
41.95,-86.27,1
41.95,-86.27,1
41.95,-86.27,1
41.95,-86.27,1
41.95,-86.27,1
41.95,-86.27,1
41.95,-86.27,1
41.95,-86.27,1
41.95,-86.27,1
41.95,-86.27,1
41.95,-86.27,1
41.95,-86.27,1
41.95,-86.27,1
41.95,-86.27,1
41.95,-86.27,1
41.95,-86.27,1
41.95,-86.27,1
41.95,-86.27,1
41.95,-86.27,1
41.95,-86.27,1
41.95,-86.27,1
41.95,-86.27,1
41.95,-86.27,1
41.95,-86.27,1
41.95,-86.27,1
41.95,-86.27,1
41.95,-86.27,1
41.95,-86.27,1
41.95,-86.27,1
41.95,-86.27,1
41.95,-86.27,1
41.95,-86.27,1
41.95,-86.27,1
41.95,-86.27,1
41.95,-86.27,1
41.95,-86.27,1
41.95,-86.27,1
41.95,-86.27,1
41.95,-86.27,1
41.95,-86.27,1
41.95,-86.27,1
41.95,-86.27,1
41.95,-86.27,1
41.95,-86.27,1
41.95,-86.27,1
41.95,-86.27,1
41.95,-86.27,1
41.95,-86.27,1
41.95,-86.27,1
41.95,-86.27,1
41.95,-86.27,1
41.95,-86.27,1
41.95,-86.27,1
41.95,-86.27,1
41.95,-86.27,1
41.95,-86.27,1
41.95,-86.27,1
41.95,-86.27,1
41.95,-86.27,1
41.95,-86.27,1
41.95,-86.27,1
41.95,-86.27,1
41.95,-86.27,1
41.95,-86.27,1
41.95,-86.27,1
41.95,-86.27,1
41.95,-86.27,1
41.95,-86.27,1
41.95,-86.27,1
41.95,-86.27,1
41.95,-86.27,1
41.95,-86.27,1
41.95,-86.27,1
41.95,-86.27,1
41.95,-86.27,1
41.95,-86.27,1
41.95,-86.27,1
41.95,-86.27,1
41.95,-86.27,1
41.95,-86.27,1
41.95,-86.27,1
41.95,-86.27,1
41.95,-86.27,1
41.95,-86.27,1
41.95,-86.27,1
41.95,-86.27,1
41.95,-86.27,1
41.95,-86.27,1
41.95,-86.27,1
41.95,-86.27,1
41.95,-86.27,1
41.95,-86.27,1
41.95,-86.27,1
41.95,-86.27,1
41.95,-86.27,1
41.95,-86.27,1
41.95,-86.27,1
41.95,-86.27,1
41.95,-86.27,1
41.95,-86.27,1
41.95,-86.27,1
41.95,-86.27,1
41.95,-86.27,1
41.95,-86.27,1
41.95,-86.27,1
41.95,-86.27,1
41.95,-86.27,1
41.95,-86.27,1
41.95,-86.27,1
41.95,-86.27,1
41.95,-86.27,1
41.95,-86.27,1
41.95,-86.27,1
41.95,-86.27,1
41.95,-86.27,1
41.95,-86.27,1
41.95,-86.27,1
41.95,-86.27,1
41.95,-86.27,1
41.95,-86.27,1
41.95,-86.27,1
41.95,-86.27,1
41.95,-86.27,1
41.95,-86.27,1
41.95,-86.27,1
41.95,-86.27,1
41.95,-86.27,1
41.95,-86.27,1
41.95,-86.27,1
41.95,-86.27,1
41.95,-86.27,1
41.95,-86.27,1
41.95,-86.27,1
41.95,-86.27,1
41.95,-86.27,1
41.95,-86.27,1
41.95,-86.27,1
41.95,-86.27,1
41.95,-86.27,1
41.95,-86.27,1
41.95,-86.27,1
41.95,-86.27,1
41.95,-86.27,1
41.95,-86.27,1
41.95,-86.27,1
41.95,-86.27,1
41.95,-86.27,1
41.95,-86.27,1
41.95,-86.27,1
41.95,-86.27,1
41.95,-86.27,1
41.95,-86.27,1
41.95,-86.27,1
41.95,-86.27,1
41.95,-86.27,1
41.95,-86.27,1
41.95,-86.27,1
41.95,-86.27,1
41.95,-86.27,1
41.95,-86.27,1
41.95,-86.27,1
41.95,-86.27,1
41.95,-86.27,1
41.95,-86.27,1
41.95,-86.27,1
41.95,-86.27,1
41.95,-86.27,1
41.95,-86.27,1
41.95,-86.27,1
41.95,-86.27,1
41.95,-86.27,1
41.95,-86.27,1
41.95,-86.27,1
41.95,-86.27,1
41.95,-86.27,1
41.95,-86.27,1
41.95,-86.27,1
41.95,-86.27,1
41.95,-86.27,1
41.95,-86.27,1
41.95,-86.27,1
41.95,-86.27,1
41.95,-86.27,1
41.95,-86.27,1
41.95,-86.27,1
41.95,-86.27,1
41.95,-86.27,1
41.95,-86.27,1
41.95,-86.27,1
41.95,-86.27,1
41.95,-86.27,1
41.95,-86.27,1
41.95,-86.27,1
41.95,-86.27,1
41.95,-86.27,1
41.95,-86.27,1
41.95,-86.27,1
41.95,-86.27,1
41.95,-86.27,1
41.95,-86.27,1
41.95,-86.27,1
41.95,-86.27,1
41.95,-86.27,1
41.95,-86.27,1
41.95,-86.27,1
41.95,-86.27,1
41.95,-86.27,1
41.95,-86.27,1
41.95,-86.27,1
41.95,-86.27,1
41.95,-86.27,1
41.95,-86.27,1
41.95,-86.27,1
41.95,-86.27,1
41.95,-86.27,1
41.95,-86.27,1
41.95,-86.27,1
41.95,-86.27,1
41.95,-86.27,1
41.95,-86.27,1
41.95,-86.27,1
41.95,-86.27,1
41.95,-86.27,1
41.95,-86.27,1
41.95,-86.27,1
41.95,-86.27,1
41.95,-86.27,1
41.95,-86.27,1
41.95,-86.27,1
41.95,-86.27,1
41.95,-86.27,1
41.95,-86.27,1
41.95,-86.27,1
41.95,-86.27,1
41.95,-86.27,1
41.95,-86.27,1
41.95,-86.27,1
41.95,-86.27,1
41.95,-86.27,1
41.95,-86.27,1
41.95,-86.27,1
41.95,-86.27,1
41.95,-86.27,1
41.95,-86.27,1
41.95,-86.27,1
41.95,-86.27,1
41.95,-86.27,1
41.95,-86.27,1
41.95,-86.27,1
41.95,-86.27,1
41.95,-86.27,1
41.95,-86.27,1
41.95,-86.27,1
41.95,-86.27,1
41.95,-86.27,1
41.95,-86.27,1
41.95,-86.27,1
41.95,-86.27,1
41.95,-86.27,1
41.95,-86.27,1
41.95,-86.27,1
41.95,-86.27,1
41.95,-86.27,1
41.95,-86.27,1
41.95,-86.27,1
41.95,-86.27,1
41.95,-86.27,1
41.95,-86.27,1
41.95,-86.27,1
41.95,-86.27,1
41.95,-86.27,1
41.95,-86.27,1
41.95,-86.27,1
41.95,-86.27,1
41.95,-86.27,1
41.95,-86.27,1
41.95,-86.27,1
41.95,-86.27,1
41.95,-86.27,1
41.95,-86.27,1
41.95,-86.27,1
41.95,-86.27,1
41.95,-86.27,1
41.95,-86.27,1
41.95,-86.27,1
41.95,-86.27,1
41.95,-86.27,1
41.95,-86.27,1
41.95,-86.27,1
41.95,-86.27,1
41.95,-86.27,1
41.95,-86.27,1
41.95,-86.27,1
41.95,-86.27,1
41.95,-86.27,1
41.95,-86.27,1
41.95,-86.27,1
41.95,-86.27,1
41.95,-86.27,1
41.95,-86.27,1
41.95,-86.27,1
41.95,-86.27,1
41.95,-86.27,1
41.95,-86.27,1
41.95,-86.27,1
41.95,-86.27,1
41.95,-86.27,1
41.95,-86.27,1
41.95,-86.27,1
41.95,-86.27,1
41.95,-86.27,1
41.95,-86.27,1
41.95,-86.27,1
41.95,-86.27,1
41.95,-86.27,1
41.95,-86.27,1
41.95,-86.27,1
41.95,-86.27,1
41.95,-86.27,1
41.95,-86.27,1
41.95,-86.27,1
41.95,-86.27,1
41.95,-86.27,1
41.95,-86.27,1
41.95,-86.27,1
41.95,-86.27,1
41.95,-86.27,1
41.95,-86.27,1
41.95,-86.27,1
41.95,-86.27,1
41.95,-86.27,1
41.95,-86.27,1
41.95,-86.27,1
41.95,-86.27,1
41.95,-86.27,1
41.95,-86.27,1
41.95,-86.27,1
41.95,-86.27,1
41.95,-86.27,1
41.95,-86.27,1
41.95,-86.27,1
41.95,-86.27,1
41.95,-86.27,1
41.95,-86.27,1
41.95,-86.27,1
41.95,-86.27,1
41.95,-86.27,1
41.95,-86.27,1
41.95,-86.27,1
41.95,-86.27,1
41.95,-86.27,1
41.95,-86.27,1
41.95,-86.27,1
41.95,-86.27,1
41.95,-86.27,1
41.95,-86.27,1
41.95,-86.27,1
41.95,-86.27,1
41.95,-86.27,1
41.95,-86.27,1
41.95,-86.27,1
41.95,-86.27,1
41.95,-86.27,1
41.95,-86.27,1
41.95,-86.27,1
41.95,-86.27,1
41.95,-86.27,1
41.95,-86.27,1
41.95,-86.27,1
41.95,-86.27,1
41.95,-86.27,1
41.95,-86.27,1
41.95,-86.27,1
41.95,-86.27,1
41.95,-86.27,1
41.95,-86.27,1
41.95,-86.27,1
41.95,-86.27,1
41.95,-86.27,1
41.95,-86.27,1
41.95,-86.27,1
41.95,-86.27,1
41.95,-86.27,1
41.95,-86.27,1
41.95,-86.27,1
41.95,-86.27,1
41.95,-86.27,1
41.95,-86.27,1
41.95,-86.27,1
41.95,-86.27,1
41.95,-86.27,1
41.95,-86.27,1
41.95,-86.27,1
41.95,-86.27,1
41.95,-86.27,1
41.95,-86.27,1
41.95,-86.27,1
41.95,-86.27,1
41.95,-86.27,1
41.95,-86.27,1
41.95,-86.27,1
41.95,-86.27,1
41.95,-86.27,1
41.95,-86.27,1
41.95,-86.27,1
41.95,-86.27,1
41.95,-86.27,1
41.95,-86.27,1
41.95,-86.27,1
41.95,-86.27,1
41.95,-86.27,1
41.95,-86.27,1
41.95,-86.27,1
41.95,-86.27,1
41.95,-86.27,1
41.95,-86.27,1
41.95,-86.27,1
41.95,-86.27,1
41.95,-86.27,1
41.95,-86.27,1
41.95,-86.27,1
41.95,-86.27,1
41.95,-86.27,1
41.95,-86.27,1
41.95,-86.27,1
41.95,-86.27,1
41.95,-86.27,1
41.95,-86.27,1
41.95,-86.27,1
41.95,-86.27,1
41.95,-86.27,1
41.95,-86.27,1
41.95,-86.27,1
41.95,-86.27,1
41.95,-86.27,1
41.95,-86.27,1
41.95,-86.27,1
41.95,-86.27,1
41.95,-86.27,1
41.95,-86.27,1
41.95,-86.27,1
41.95,-86.27,1
41.95,-86.27,1
41.95,-86.27,1
41.95,-86.27,1
41.95,-86.27,1
41.95,-86.27,1
41.95,-86.27,1
41.95,-86.27,1
41.95,-86.27,1
41.95,-86.27,1
41.95,-86.27,1
41.95,-86.27,1
41.95,-86.27,1
41.95,-86.27,1
41.95,-86.27,1
41.95,-86.27,1
41.95,-86.27,1
41.95,-86.27,1
41.95,-86.27,1
41.95,-86.27,1
41.95,-86.27,1
41.95,-86.27,1
41.95,-86.27,1
41.95,-86.27,1
41.95,-86.27,1
41.95,-86.27,1
41.95,-86.27,1
41.95,-86.27,1
41.95,-86.27,1
41.95,-86.27,1
41.95,-86.27,1
41.95,-86.27,1
41.95,-86.27,1
41.95,-86.27,1
41.95,-86.27,1
41.95,-86.27,1
41.95,-86.27,1
41.95,-86.27,1
41.95,-86.27,1
41.95,-86.27,1
41.95,-86.27,1
41.95,-86.27,1
41.95,-86.27,1
41.95,-86.27,1
41.95,-86.27,1
41.95,-86.27,1
41.95,-86.27,1
41.95,-86.27,1
41.95,-86.27,1
41.95,-86.27,1
41.95,-86.27,1
41.95,-86.27,1
41.95,-86.27,1
41.95,-86.27,1
41.95,-86.27,1
41.95,-86.27,1
41.95,-86.27,1
41.95,-86.27,1
41.95,-86.27,1
41.95,-86.27,1
41.95,-86.27,1
41.95,-86.27,1
41.95,-86.27,1
41.95,-86.27,1
41.95,-86.27,1
43.9,-86.1,1
43.9,-86.1,1
43.9,-86.1,1
43.9,-86.1,1
43.9,-86.1,1
43.9,-86.1,1
43.9,-86.1,1
43.9,-86.1,1
43.9,-86.1,1
43.9,-86.1,1
43.9,-86.1,1
43.9,-86.1,1
43.9,-86.1,1
43.9,-86.1,1
43.9,-86.1,1
43.9,-86.1,1
43.9,-86.1,1
43.9,-86.1,1
43.9,-86.1,1
43.9,-86.1,1
43.9,-86.1,1
43.9,-86.1,1
43.9,-86.1,1
43.9,-86.1,1
43.9,-86.1,1
43.9,-86.1,1
43.9,-86.1,1
43.9,-86.1,1
43.9,-86.1,1
43.9,-86.1,1
43.9,-86.1,1
43.9,-86.1,1
43.9,-86.1,1
43.9,-86.1,1
43.9,-86.1,1
43.9,-86.1,1
43.9,-86.1,1
43.9,-86.1,1
43.9,-86.1,1
43.9,-86.1,1
43.9,-86.1,1
43.9,-86.1,1
43.9,-86.1,1
43.9,-86.1,1
43.9,-86.1,1
43.9,-86.1,1
43.9,-86.1,1
43.9,-86.1,1
43.9,-86.1,1
43.9,-86.1,1
43.9,-86.1,1
43.9,-86.1,1
43.9,-86.1,1
43.9,-86.1,1
43.9,-86.1,1
43.9,-86.1,1
43.9,-86.1,1
43.9,-86.1,1
43.9,-86.1,1
43.9,-86.1,1
43.9,-86.1,1
43.9,-86.1,1
43.9,-86.1,1
43.9,-86.1,1
43.9,-86.1,1
43.9,-86.1,1
43.9,-86.1,1
43.9,-86.1,1
43.9,-86.1,1
43.9,-86.1,1
43.9,-86.1,1
43.9,-86.1,1
43.9,-86.1,1
43.9,-86.1,1
43.9,-86.1,1
43.9,-86.1,1
43.9,-86.1,1
43.9,-86.1,1
43.9,-86.1,1
43.9,-86.1,1
43.9,-86.1,1
43.9,-86.1,1
43.9,-86.1,1
43.9,-86.1,1
43.9,-86.1,1
43.9,-86.1,1
43.9,-86.1,1
43.9,-86.1,1
43.9,-86.1,1
43.9,-86.1,1
43.9,-86.1,1
43.9,-86.1,1
43.9,-86.1,1
43.9,-86.1,1
43.9,-86.1,1
43.9,-86.1,1
43.9,-86.1,1
43.6,-83.2,1
43.6,-83.2,1
43.6,-83.2,1
43.6,-83.2,1
43.6,-83.2,1
43.6,-83.2,1
43.6,-83.2,1
43.6,-83.2,1
43.6,-83.2,1
43.6,-83.2,1
43.6,-83.2,1
43.6,-83.2,1
43.6,-83.2,1
43.6,-83.2,1
43.6,-83.2,1
43.6,-83.2,1
43.6,-83.2,1
43.6,-83.2,1
43.6,-83.2,1
43.6,-83.2,1
43.6,-83.2,1
43.6,-83.2,1
43.6,-83.2,1
43.6,-83.2,1
43.6,-83.2,1
43.6,-83.2,1
43.6,-83.2,1
43.6,-83.2,1
43.6,-83.2,1
43.6,-83.2,1
43.6,-83.2,1
43.6,-83.2,1
43.6,-83.2,1
43.6,-83.2,1
43.6,-83.2,1
43.6,-83.2,1
43.6,-83.2,1
43.6,-83.2,1
43.6,-83.2,1
43.6,-83.2,1
43.6,-83.2,1
43.6,-83.2,1
43.6,-83.2,1
43.6,-83.2,1
43.6,-83.2,1
43.6,-83.2,1
43.6,-83.2,1
43.6,-83.2,1
43.6,-83.2,1
43.6,-83.2,1
43.6,-83.2,1
43.6,-83.2,1
43.6,-83.2,1
43.6,-83.2,1
43.6,-83.2,1
43.6,-83.2,1
43.6,-83.2,1
43.6,-83.2,1
43.6,-83.2,1
43.6,-83.2,1
43.6,-83.2,1
43.6,-83.2,1
43.6,-83.2,1
43.6,-83.2,1
43.6,-83.2,1
43.6,-83.2,1
45.3,-85.2,1
45.3,-85.2,1
45.3,-85.2,1
45.3,-85.2,1
45.3,-85.2,1
45.3,-85.2,1
45.3,-85.2,1
45.3,-85.2,1
45.3,-85.2,1
45.3,-85.2,1
45.3,-85.2,1
45.3,-85.2,1
45.3,-85.2,1
45.3,-85.2,1
45.6,-84.5,1
45.6,-84.5,1
45.6,-84.5,1
45.6,-84.5,1
45.6,-84.5,1
45.6,-84.5,1
45.6,-84.5,1
45.6,-84.5,1
45.6,-84.5,1
45.6,-84.5,1
45.6,-84.5,1
45.6,-84.5,1
45.6,-84.5,1
45.6,-84.5,1
45.6,-84.5,1
45.6,-84.5,1
45.6,-84.5,1
45.6,-84.5,1
45.6,-84.5,1
45.6,-84.5,1
45.6,-84.5,1
43.9,-84.7,1
43.9,-84.7,1
43.9,-84.7,1
43.9,-84.7,1
43.9,-84.7,1
43.9,-84.7,1
43.9,-84.7,1
43.9,-84.7,1
43.9,-84.7,1
43.9,-84.7,1
43.9,-84.7,1
43.9,-84.7,1
43.9,-84.7,1
43.9,-84.7,1
43.9,-84.7,1
43.9,-84.7,1
43.9,-84.7,1
42.1,-84.0,1
42.1,-84.0,1
42.1,-84.0,1
42.1,-84.0,1
42.1,-84.0,1
42.1,-84.0,1
42.1,-84.0,1
42.1,-84.0,1
42.1,-84.0,1
42.1,-84.0,1
42.1,-84.0,1
42.1,-84.0,1
42.1,-84.0,1
42.1,-84.0,1
42.1,-84.0,1
42.1,-84.0,1
42.1,-84.0,1
42.1,-84.0,1
42.1,-84.0,1
42.1,-84.0,1
42.1,-84.0,1
42.1,-84.0,1
42.1,-84.0,1
42.1,-84.0,1
42.1,-84.0,1
42.1,-84.0,1
42.1,-84.0,1
42.1,-84.0,1
42.1,-84.0,1
42.1,-84.0,1
42.1,-84.0,1
42.1,-84.0,1
42.1,-84.0,1
42.1,-84.0,1
42.1,-84.0,1
42.1,-84.0,1
42.1,-84.0,1
42.1,-84.0,1
42.1,-84.0,1
42.1,-84.0,1
42.1,-84.0,1
42.1,-84.0,1
42.1,-84.0,1
42.1,-84.0,1
42.1,-84.0,1
42.1,-84.0,1
42.1,-84.0,1
42.1,-84.0,1
42.1,-84.0,1
42.1,-84.0,1
42.1,-84.0,1
42.1,-84.0,1
42.1,-84.0,1
42.1,-84.0,1
42.1,-84.0,1
42.1,-84.0,1
42.1,-84.0,1
42.1,-84.0,1
42.1,-84.0,1
42.1,-84.0,1
42.1,-84.0,1
42.1,-84.0,1
42.1,-84.0,1
42.1,-84.0,1
42.1,-84.0,1
42.1,-84.0,1
42.1,-84.0,1
42.1,-84.0,1
42.1,-84.0,1
42.1,-84.0,1
42.1,-84.0,1
42.1,-84.0,1
42.1,-84.0,1
42.1,-84.0,1
42.1,-84.0,1
42.1,-84.0,1
42.1,-84.0,1
42.1,-84.0,1
42.1,-84.0,1
42.1,-84.0,1
42.1,-84.0,1
42.1,-84.0,1
42.1,-84.0,1
42.1,-84.0,1
42.1,-84.0,1
42.1,-84.0,1
42.1,-84.0,1
42.1,-84.0,1
42.1,-84.0,1
42.1,-84.0,1
42.1,-84.0,1
42.1,-84.0,1
42.1,-84.0,1
42.1,-84.0,1
42.1,-84.0,1
42.1,-84.0,1
42.1,-84.0,1
42.1,-84.0,1
42.1,-84.0,1
42.1,-84.0,1
42.1,-84.0,1
42.1,-84.0,1
42.1,-84.0,1
42.1,-84.0,1
42.1,-84.0,1
42.1,-84.0,1
42.1,-84.0,1
42.1,-84.0,1
42.1,-84.0,1
42.1,-84.0,1
42.1,-84.0,1
42.1,-84.0,1
42.1,-84.0,1
42.1,-84.0,1
42.1,-84.0,1
42.1,-84.0,1
42.1,-84.0,1
42.1,-84.0,1
42.1,-84.0,1
42.1,-84.0,1
42.1,-84.0,1
42.1,-84.0,1
42.1,-84.0,1
42.1,-84.0,1
42.1,-84.0,1
42.1,-84.0,1
42.1,-84.0,1
42.1,-84.0,1
42.1,-84.0,1
42.1,-84.0,1
42.1,-84.0,1
42.1,-84.0,1
42.1,-84.0,1
42.1,-84.0,1
42.1,-84.0,1
42.1,-84.0,1
42.5,-85.4,1
42.5,-85.4,1
42.5,-85.4,1
42.5,-85.4,1
42.5,-85.4,1
42.5,-85.4,1
42.5,-85.4,1
42.5,-85.4,1
42.5,-85.4,1
42.5,-85.4,1
42.5,-85.4,1
42.5,-85.4,1
42.5,-85.4,1
42.5,-85.4,1
42.5,-85.4,1
42.5,-85.4,1
42.35,-83.06,1
42.35,-83.06,1
42.35,-83.06,1
42.35,-83.06,1
42.35,-83.06,1
42.35,-83.06,1
42.35,-83.06,1
42.35,-83.06,1
42.35,-83.06,1
42.35,-83.06,1
42.35,-83.06,1
42.35,-83.06,1
42.35,-83.06,1
42.35,-83.06,1
42.35,-83.06,1
42.35,-83.06,1
42.35,-83.06,1
42.35,-83.06,1
42.35,-83.06,1
42.35,-83.06,1
42.35,-83.06,1
42.35,-83.06,1
42.35,-83.06,1
42.35,-83.06,1
42.35,-83.06,1
42.35,-83.06,1
42.35,-83.06,1
42.35,-83.06,1
42.35,-83.06,1
42.35,-83.06,1
42.35,-83.06,1
42.35,-83.06,1
42.35,-83.06,1
42.35,-83.06,1
42.35,-83.06,1
42.35,-83.06,1
42.35,-83.06,1
42.35,-83.06,1
42.35,-83.06,1
42.35,-83.06,1
42.35,-83.06,1
42.35,-83.06,1
42.35,-83.06,1
42.35,-83.06,1
42.35,-83.06,1
42.35,-83.06,1
42.35,-83.06,1
42.35,-83.06,1
42.35,-83.06,1
42.35,-83.06,1
42.35,-83.06,1
42.35,-83.06,1
42.35,-83.06,1
42.35,-83.06,1
42.35,-83.06,1
42.35,-83.06,1
42.35,-83.06,1
42.35,-83.06,1
42.35,-83.06,1
42.35,-83.06,1
42.35,-83.06,1
42.35,-83.06,1
42.35,-83.06,1
42.35,-83.06,1
42.35,-83.06,1
42.35,-83.06,1
42.35,-83.06,1
42.35,-83.06,1
42.35,-83.06,1
42.35,-83.06,1
42.35,-83.06,1
42.35,-83.06,1
42.35,-83.06,1
42.35,-83.06,1
42.35,-83.06,1
42.35,-83.06,1
42.35,-83.06,1
42.35,-83.06,1
42.35,-83.06,1
42.35,-83.06,1
42.35,-83.06,1
42.35,-83.06,1
42.35,-83.06,1
42.35,-83.06,1
42.35,-83.06,1
42.35,-83.06,1
42.35,-83.06,1
42.35,-83.06,1
42.35,-83.06,1
42.35,-83.06,1
42.35,-83.06,1
42.35,-83.06,1
42.35,-83.06,1
42.35,-83.06,1
42.35,-83.06,1
42.35,-83.06,1
42.35,-83.06,1
42.35,-83.06,1
42.35,-83.06,1
42.35,-83.06,1
42.35,-83.06,1
42.35,-83.06,1
42.35,-83.06,1
42.35,-83.06,1
42.35,-83.06,1
42.35,-83.06,1
42.35,-83.06,1
42.35,-83.06,1
42.35,-83.06,1
42.35,-83.06,1
42.35,-83.06,1
42.35,-83.06,1
42.35,-83.06,1
42.35,-83.06,1
42.35,-83.06,1
42.35,-83.06,1
42.35,-83.06,1
42.35,-83.06,1
42.35,-83.06,1
42.35,-83.06,1
42.35,-83.06,1
42.35,-83.06,1
42.35,-83.06,1
42.35,-83.06,1
42.35,-83.06,1
42.35,-83.06,1
42.35,-83.06,1
42.35,-83.06,1
42.35,-83.06,1
42.35,-83.06,1
42.35,-83.06,1
42.35,-83.06,1
42.35,-83.06,1
42.35,-83.06,1
42.35,-83.06,1
42.35,-83.06,1
42.35,-83.06,1
42.35,-83.06,1
42.35,-83.06,1
42.35,-83.06,1
42.35,-83.06,1
42.35,-83.06,1
42.35,-83.06,1
42.35,-83.06,1
42.35,-83.06,1
42.35,-83.06,1
42.35,-83.06,1
42.35,-83.06,1
42.35,-83.06,1
42.35,-83.06,1
42.35,-83.06,1
42.35,-83.06,1
42.35,-83.06,1
42.35,-83.06,1
42.35,-83.06,1
42.35,-83.06,1
42.35,-83.06,1
42.35,-83.06,1
42.35,-83.06,1
42.35,-83.06,1
42.35,-83.06,1
42.35,-83.06,1
42.35,-83.06,1
42.35,-83.06,1
42.35,-83.06,1
42.35,-83.06,1
42.35,-83.06,1
42.35,-83.06,1
42.35,-83.06,1
42.35,-83.06,1
42.35,-83.06,1
42.35,-83.06,1
42.35,-83.06,1
42.35,-83.06,1
42.35,-83.06,1
42.35,-83.06,1
42.35,-83.06,1
42.35,-83.06,1
42.35,-83.06,1
42.35,-83.06,1
42.35,-83.06,1
42.35,-83.06,1
42.35,-83.06,1
42.35,-83.06,1
42.35,-83.06,1
42.35,-83.06,1
42.35,-83.06,1
42.35,-83.06,1
42.35,-83.06,1
42.35,-83.06,1
42.35,-83.06,1
42.35,-83.06,1
42.35,-83.06,1
42.35,-83.06,1
42.35,-83.06,1
42.35,-83.06,1
42.35,-83.06,1
42.35,-83.06,1
42.35,-83.06,1
42.35,-83.06,1
42.35,-83.06,1
42.35,-83.06,1
42.35,-83.06,1
42.35,-83.06,1
42.35,-83.06,1
42.35,-83.06,1
42.35,-83.06,1
42.35,-83.06,1
42.35,-83.06,1
42.35,-83.06,1
42.35,-83.06,1
42.35,-83.06,1
42.35,-83.06,1
42.35,-83.06,1
42.35,-83.06,1
42.35,-83.06,1
42.35,-83.06,1
42.35,-83.06,1
42.35,-83.06,1
42.35,-83.06,1
42.35,-83.06,1
42.35,-83.06,1
42.35,-83.06,1
42.35,-83.06,1
42.35,-83.06,1
42.35,-83.06,1
42.35,-83.06,1
42.35,-83.06,1
42.35,-83.06,1
42.35,-83.06,1
42.35,-83.06,1
42.35,-83.06,1
42.35,-83.06,1
42.35,-83.06,1
42.35,-83.06,1
42.35,-83.06,1
42.35,-83.06,1
42.35,-83.06,1
42.35,-83.06,1
42.35,-83.06,1
42.35,-83.06,1
42.35,-83.06,1
42.35,-83.06,1
42.35,-83.06,1
42.35,-83.06,1
42.35,-83.06,1
42.35,-83.06,1
42.35,-83.06,1
42.35,-83.06,1
42.35,-83.06,1
42.35,-83.06,1
42.35,-83.06,1
42.35,-83.06,1
42.35,-83.06,1
42.35,-83.06,1
42.35,-83.06,1
42.35,-83.06,1
42.35,-83.06,1
42.35,-83.06,1
42.35,-83.06,1
42.35,-83.06,1
42.35,-83.06,1
42.35,-83.06,1
42.35,-83.06,1
42.35,-83.06,1
42.35,-83.06,1
42.35,-83.06,1
42.35,-83.06,1
42.35,-83.06,1
42.35,-83.06,1
42.35,-83.06,1
42.35,-83.06,1
42.35,-83.06,1
42.35,-83.06,1
42.35,-83.06,1
42.35,-83.06,1
42.35,-83.06,1
42.35,-83.06,1
42.35,-83.06,1
42.35,-83.06,1
42.35,-83.06,1
42.35,-83.06,1
42.35,-83.06,1
42.35,-83.06,1
42.35,-83.06,1
42.35,-83.06,1
42.35,-83.06,1
42.35,-83.06,1
42.35,-83.06,1
42.35,-83.06,1
42.35,-83.06,1
42.35,-83.06,1
42.35,-83.06,1
42.35,-83.06,1
42.35,-83.06,1
42.35,-83.06,1
42.35,-83.06,1
42.35,-83.06,1
42.35,-83.06,1
42.35,-83.06,1
42.35,-83.06,1
42.35,-83.06,1
42.35,-83.06,1
42.35,-83.06,1
42.35,-83.06,1
42.35,-83.06,1
42.35,-83.06,1
42.35,-83.06,1
42.35,-83.06,1
42.35,-83.06,1
42.35,-83.06,1
42.35,-83.06,1
42.35,-83.06,1
42.35,-83.06,1
42.35,-83.06,1
42.35,-83.06,1
42.35,-83.06,1
42.35,-83.06,1
42.35,-83.06,1
42.35,-83.06,1
42.35,-83.06,1
42.35,-83.06,1
42.35,-83.06,1
42.35,-83.06,1
42.35,-83.06,1
42.35,-83.06,1
42.35,-83.06,1
42.35,-83.06,1
42.35,-83.06,1
42.35,-83.06,1
42.35,-83.06,1
42.35,-83.06,1
42.35,-83.06,1
42.35,-83.06,1
42.35,-83.06,1
42.35,-83.06,1
42.35,-83.06,1
42.35,-83.06,1
42.35,-83.06,1
42.35,-83.06,1
42.35,-83.06,1
42.35,-83.06,1
42.35,-83.06,1
42.35,-83.06,1
42.35,-83.06,1
42.35,-83.06,1
42.35,-83.06,1
42.35,-83.06,1
42.35,-83.06,1
42.35,-83.06,1
42.35,-83.06,1
42.35,-83.06,1
42.35,-83.06,1
42.35,-83.06,1
42.35,-83.06,1
42.35,-83.06,1
42.35,-83.06,1
42.35,-83.06,1
42.35,-83.06,1
42.35,-83.06,1
42.35,-83.06,1
42.35,-83.06,1
42.35,-83.06,1
42.35,-83.06,1
42.35,-83.06,1
42.35,-83.06,1
42.35,-83.06,1
42.35,-83.06,1
42.35,-83.06,1
42.35,-83.06,1
42.35,-83.06,1
42.35,-83.06,1
42.35,-83.06,1
42.35,-83.06,1
42.35,-83.06,1
42.35,-83.06,1
42.35,-83.06,1
42.35,-83.06,1
42.35,-83.06,1
42.35,-83.06,1
42.35,-83.06,1
42.35,-83.06,1
42.35,-83.06,1
42.35,-83.06,1
42.35,-83.06,1
42.35,-83.06,1
42.35,-83.06,1
42.35,-83.06,1
42.35,-83.06,1
42.35,-83.06,1
42.35,-83.06,1
42.35,-83.06,1
42.35,-83.06,1
42.35,-83.06,1
42.35,-83.06,1
42.35,-83.06,1
42.35,-83.06,1
42.35,-83.06,1
42.35,-83.06,1
42.35,-83.06,1
42.35,-83.06,1
42.35,-83.06,1
42.35,-83.06,1
42.35,-83.06,1
42.35,-83.06,1
42.35,-83.06,1
42.35,-83.06,1
42.35,-83.06,1
42.35,-83.06,1
42.35,-83.06,1
42.35,-83.06,1
42.35,-83.06,1
42.35,-83.06,1
42.35,-83.06,1
42.35,-83.06,1
42.35,-83.06,1
42.35,-83.06,1
42.35,-83.06,1
42.35,-83.06,1
42.35,-83.06,1
42.35,-83.06,1
42.35,-83.06,1
42.35,-83.06,1
42.35,-83.06,1
42.35,-83.06,1
42.35,-83.06,1
42.35,-83.06,1
42.35,-83.06,1
42.35,-83.06,1
42.35,-83.06,1
42.35,-83.06,1
42.35,-83.06,1
42.35,-83.06,1
42.35,-83.06,1
42.35,-83.06,1
42.35,-83.06,1
42.35,-83.06,1
42.35,-83.06,1
42.35,-83.06,1
42.35,-83.06,1
42.35,-83.06,1
42.35,-83.06,1
42.35,-83.06,1
42.35,-83.06,1
42.35,-83.06,1
42.35,-83.06,1
42.35,-83.06,1
42.35,-83.06,1
42.35,-83.06,1
42.35,-83.06,1
42.35,-83.06,1
42.35,-83.06,1
42.35,-83.06,1
42.35,-83.06,1
42.35,-83.06,1
42.35,-83.06,1
42.35,-83.06,1
42.35,-83.06,1
42.35,-83.06,1
42.35,-83.06,1
42.35,-83.06,1
42.35,-83.06,1
42.35,-83.06,1
42.35,-83.06,1
42.35,-83.06,1
42.35,-83.06,1
42.35,-83.06,1
42.35,-83.06,1
42.35,-83.06,1
42.35,-83.06,1
42.35,-83.06,1
42.35,-83.06,1
42.35,-83.06,1
42.35,-83.06,1
42.35,-83.06,1
42.35,-83.06,1
42.35,-83.06,1
42.35,-83.06,1
42.35,-83.06,1
42.35,-83.06,1
42.35,-83.06,1
42.35,-83.06,1
42.35,-83.06,1
42.35,-83.06,1
42.35,-83.06,1
42.35,-83.06,1
42.35,-83.06,1
42.35,-83.06,1
42.35,-83.06,1
42.35,-83.06,1
42.35,-83.06,1
42.35,-83.06,1
42.35,-83.06,1
42.35,-83.06,1
42.35,-83.06,1
42.35,-83.06,1
42.35,-83.06,1
42.35,-83.06,1
42.35,-83.06,1
42.35,-83.06,1
42.35,-83.06,1
42.35,-83.06,1
42.35,-83.06,1
42.35,-83.06,1
42.35,-83.06,1
42.35,-83.06,1
42.35,-83.06,1
42.35,-83.06,1
42.35,-83.06,1
42.35,-83.06,1
42.35,-83.06,1
42.35,-83.06,1
42.35,-83.06,1
42.35,-83.06,1
42.35,-83.06,1
42.35,-83.06,1
42.35,-83.06,1
42.35,-83.06,1
42.35,-83.06,1
42.35,-83.06,1
42.35,-83.06,1
42.35,-83.06,1
42.35,-83.06,1
42.35,-83.06,1
42.35,-83.06,1
42.35,-83.06,1
42.35,-83.06,1
42.35,-83.06,1
42.35,-83.06,1
42.35,-83.06,1
42.35,-83.06,1
42.35,-83.06,1
42.35,-83.06,1
42.35,-83.06,1
42.35,-83.06,1
42.35,-83.06,1
42.35,-83.06,1
42.35,-83.06,1
42.35,-83.06,1
42.35,-83.06,1
42.35,-83.06,1
42.35,-83.06,1
42.35,-83.06,1
42.35,-83.06,1
42.35,-83.06,1
42.35,-83.06,1
42.35,-83.06,1
42.35,-83.06,1
42.35,-83.06,1
42.35,-83.06,1
42.35,-83.06,1
42.35,-83.06,1
42.35,-83.06,1
42.35,-83.06,1
42.35,-83.06,1
42.35,-83.06,1
42.35,-83.06,1
42.35,-83.06,1
42.35,-83.06,1
42.35,-83.06,1
42.35,-83.06,1
42.35,-83.06,1
42.35,-83.06,1
42.35,-83.06,1
42.35,-83.06,1
42.35,-83.06,1
42.35,-83.06,1
42.35,-83.06,1
42.35,-83.06,1
42.35,-83.06,1
42.35,-83.06,1
42.35,-83.06,1
42.35,-83.06,1
42.35,-83.06,1
42.35,-83.06,1
42.35,-83.06,1
42.35,-83.06,1
42.35,-83.06,1
42.35,-83.06,1
42.35,-83.06,1
42.35,-83.06,1
42.35,-83.06,1
42.35,-83.06,1
42.35,-83.06,1
42.35,-83.06,1
42.35,-83.06,1
42.35,-83.06,1
42.35,-83.06,1
42.35,-83.06,1
42.35,-83.06,1
42.35,-83.06,1
42.35,-83.06,1
42.35,-83.06,1
42.35,-83.06,1
42.35,-83.06,1
42.35,-83.06,1
42.35,-83.06,1
42.35,-83.06,1
42.35,-83.06,1
42.35,-83.06,1
42.35,-83.06,1
42.35,-83.06,1
42.35,-83.06,1
42.35,-83.06,1
42.35,-83.06,1
42.35,-83.06,1
42.35,-83.06,1
42.35,-83.06,1
42.35,-83.06,1
42.35,-83.06,1
42.35,-83.06,1
42.35,-83.06,1
42.35,-83.06,1
42.35,-83.06,1
42.35,-83.06,1
42.35,-83.06,1
42.35,-83.06,1
42.35,-83.06,1
42.35,-83.06,1
42.35,-83.06,1
42.35,-83.06,1
42.35,-83.06,1
42.35,-83.06,1
42.35,-83.06,1
42.35,-83.06,1
42.35,-83.06,1
42.35,-83.06,1
42.35,-83.06,1
42.35,-83.06,1
42.35,-83.06,1
42.35,-83.06,1
42.35,-83.06,1
42.35,-83.06,1
42.35,-83.06,1
42.35,-83.06,1
42.35,-83.06,1
42.35,-83.06,1
42.35,-83.06,1
42.35,-83.06,1
42.35,-83.06,1
42.35,-83.06,1
42.35,-83.06,1
42.35,-83.06,1
42.35,-83.06,1
42.35,-83.06,1
42.35,-83.06,1
42.35,-83.06,1
42.35,-83.06,1
42.35,-83.06,1
42.35,-83.06,1
42.35,-83.06,1
42.35,-83.06,1
42.35,-83.06,1
42.35,-83.06,1
42.35,-83.06,1
42.35,-83.06,1
42.35,-83.06,1
42.35,-83.06,1
42.35,-83.06,1
42.35,-83.06,1
42.35,-83.06,1
42.35,-83.06,1
42.35,-83.06,1
42.35,-83.06,1
42.35,-83.06,1
42.35,-83.06,1
42.35,-83.06,1
42.35,-83.06,1
42.35,-83.06,1
42.35,-83.06,1
42.35,-83.06,1
42.35,-83.06,1
42.35,-83.06,1
42.35,-83.06,1
42.35,-83.06,1
42.35,-83.06,1
42.35,-83.06,1
42.35,-83.06,1
42.35,-83.06,1
42.35,-83.06,1
42.35,-83.06,1
42.35,-83.06,1
42.35,-83.06,1
42.35,-83.06,1
42.35,-83.06,1
42.35,-83.06,1
42.35,-83.06,1
42.35,-83.06,1
42.35,-83.06,1
42.35,-83.06,1
42.35,-83.06,1
42.35,-83.06,1
42.35,-83.06,1
42.35,-83.06,1
42.35,-83.06,1
42.35,-83.06,1
42.35,-83.06,1
42.35,-83.06,1
42.35,-83.06,1
42.35,-83.06,1
42.35,-83.06,1
42.35,-83.06,1
42.35,-83.06,1
42.35,-83.06,1
42.35,-83.06,1
42.35,-83.06,1
42.35,-83.06,1
42.35,-83.06,1
42.35,-83.06,1
42.35,-83.06,1
42.35,-83.06,1
42.35,-83.06,1
42.35,-83.06,1
42.35,-83.06,1
42.35,-83.06,1
42.35,-83.06,1
42.35,-83.06,1
42.35,-83.06,1
42.35,-83.06,1
42.35,-83.06,1
42.35,-83.06,1
42.35,-83.06,1
42.35,-83.06,1
42.35,-83.06,1
42.35,-83.06,1
42.35,-83.06,1
42.35,-83.06,1
42.35,-83.06,1
42.35,-83.06,1
42.35,-83.06,1
42.35,-83.06,1
42.35,-83.06,1
42.35,-83.06,1
42.35,-83.06,1
42.35,-83.06,1
42.35,-83.06,1
42.35,-83.06,1
42.35,-83.06,1
42.35,-83.06,1
42.35,-83.06,1
42.35,-83.06,1
42.35,-83.06,1
42.35,-83.06,1
42.35,-83.06,1
42.35,-83.06,1
42.35,-83.06,1
42.35,-83.06,1
42.35,-83.06,1
42.35,-83.06,1
42.35,-83.06,1
42.35,-83.06,1
42.35,-83.06,1
42.35,-83.06,1
42.35,-83.06,1
42.35,-83.06,1
42.35,-83.06,1
42.35,-83.06,1
42.35,-83.06,1
42.35,-83.06,1
42.35,-83.06,1
42.35,-83.06,1
42.35,-83.06,1
42.35,-83.06,1
42.35,-83.06,1
42.35,-83.06,1
42.35,-83.06,1
42.35,-83.06,1
42.35,-83.06,1
42.35,-83.06,1
42.35,-83.06,1
42.35,-83.06,1
42.35,-83.06,1
42.35,-83.06,1
42.35,-83.06,1
42.35,-83.06,1
42.35,-83.06,1
42.35,-83.06,1
42.35,-83.06,1
42.35,-83.06,1
42.35,-83.06,1
42.35,-83.06,1
42.35,-83.06,1
42.35,-83.06,1
42.35,-83.06,1
42.35,-83.06,1
42.35,-83.06,1
42.35,-83.06,1
42.35,-83.06,1
42.35,-83.06,1
42.35,-83.06,1
42.35,-83.06,1
42.35,-83.06,1
42.35,-83.06,1
42.35,-83.06,1
42.35,-83.06,1
42.35,-83.06,1
42.35,-83.06,1
42.35,-83.06,1
42.35,-83.06,1
42.35,-83.06,1
42.35,-83.06,1
42.35,-83.06,1
42.35,-83.06,1
42.35,-83.06,1
42.35,-83.06,1
42.35,-83.06,1
42.35,-83.06,1
42.35,-83.06,1
42.35,-83.06,1
42.35,-83.06,1
42.35,-83.06,1
42.35,-83.06,1
42.35,-83.06,1
42.35,-83.06,1
42.35,-83.06,1
42.35,-83.06,1
42.35,-83.06,1
42.35,-83.06,1
42.35,-83.06,1
42.35,-83.06,1
42.35,-83.06,1
42.35,-83.06,1
42.35,-83.06,1
42.35,-83.06,1
42.35,-83.06,1
42.35,-83.06,1
42.35,-83.06,1
42.35,-83.06,1
42.35,-83.06,1
42.35,-83.06,1
42.35,-83.06,1
42.35,-83.06,1
42.35,-83.06,1
42.35,-83.06,1
42.35,-83.06,1
42.35,-83.06,1
42.35,-83.06,1
42.35,-83.06,1
42.35,-83.06,1
42.35,-83.06,1
42.35,-83.06,1
42.35,-83.06,1
42.35,-83.06,1
42.35,-83.06,1
42.35,-83.06,1
42.35,-83.06,1
42.35,-83.06,1
42.35,-83.06,1
42.35,-83.06,1
42.35,-83.06,1
42.35,-83.06,1
42.35,-83.06,1
42.35,-83.06,1
42.35,-83.06,1
42.35,-83.06,1
42.35,-83.06,1
42.35,-83.06,1
42.35,-83.06,1
42.35,-83.06,1
42.35,-83.06,1
42.35,-83.06,1
42.35,-83.06,1
42.35,-83.06,1
42.35,-83.06,1
42.35,-83.06,1
42.35,-83.06,1
42.35,-83.06,1
42.35,-83.06,1
42.35,-83.06,1
42.35,-83.06,1
42.35,-83.06,1
42.35,-83.06,1
42.35,-83.06,1
42.35,-83.06,1
42.35,-83.06,1
42.35,-83.06,1
42.35,-83.06,1
42.35,-83.06,1
42.35,-83.06,1
42.35,-83.06,1
42.35,-83.06,1
42.35,-83.06,1
42.35,-83.06,1
42.35,-83.06,1
42.35,-83.06,1
42.35,-83.06,1
42.35,-83.06,1
42.35,-83.06,1
42.35,-83.06,1
42.35,-83.06,1
42.35,-83.06,1
42.35,-83.06,1
42.35,-83.06,1
42.35,-83.06,1
42.35,-83.06,1
42.35,-83.06,1
42.35,-83.06,1
42.35,-83.06,1
42.35,-83.06,1
42.35,-83.06,1
42.35,-83.06,1
42.35,-83.06,1
42.35,-83.06,1
42.35,-83.06,1
42.35,-83.06,1
42.35,-83.06,1
42.35,-83.06,1
42.35,-83.06,1
42.35,-83.06,1
42.35,-83.06,1
42.35,-83.06,1
42.35,-83.06,1
42.35,-83.06,1
42.35,-83.06,1
42.35,-83.06,1
42.35,-83.06,1
42.35,-83.06,1
42.35,-83.06,1
42.35,-83.06,1
42.35,-83.06,1
42.35,-83.06,1
42.35,-83.06,1
42.35,-83.06,1
42.35,-83.06,1
42.35,-83.06,1
42.35,-83.06,1
42.35,-83.06,1
42.35,-83.06,1
42.35,-83.06,1
42.35,-83.06,1
42.35,-83.06,1
42.35,-83.06,1
42.35,-83.06,1
42.35,-83.06,1
42.35,-83.06,1
42.35,-83.06,1
42.35,-83.06,1
42.35,-83.06,1
42.35,-83.06,1
42.35,-83.06,1
42.35,-83.06,1
42.35,-83.06,1
42.35,-83.06,1
42.35,-83.06,1
42.35,-83.06,1
42.35,-83.06,1
42.35,-83.06,1
42.35,-83.06,1
42.35,-83.06,1
42.35,-83.06,1
42.35,-83.06,1
42.35,-83.06,1
42.35,-83.06,1
42.35,-83.06,1
42.35,-83.06,1
42.35,-83.06,1
42.35,-83.06,1
42.35,-83.06,1
42.35,-83.06,1
42.35,-83.06,1
42.35,-83.06,1
42.35,-83.06,1
42.35,-83.06,1
42.35,-83.06,1
42.35,-83.06,1
42.35,-83.06,1
42.35,-83.06,1
42.35,-83.06,1
42.35,-83.06,1
42.35,-83.06,1
42.35,-83.06,1
42.35,-83.06,1
42.35,-83.06,1
42.35,-83.06,1
42.35,-83.06,1
42.35,-83.06,1
42.35,-83.06,1
42.35,-83.06,1
42.35,-83.06,1
42.35,-83.06,1
42.35,-83.06,1
42.35,-83.06,1
42.35,-83.06,1
42.35,-83.06,1
42.35,-83.06,1
42.35,-83.06,1
42.35,-83.06,1
42.35,-83.06,1
42.35,-83.06,1
42.35,-83.06,1
42.35,-83.06,1
42.35,-83.06,1
42.35,-83.06,1
42.35,-83.06,1
42.35,-83.06,1
42.35,-83.06,1
42.35,-83.06,1
42.35,-83.06,1
42.35,-83.06,1
42.35,-83.06,1
42.35,-83.06,1
42.35,-83.06,1
42.35,-83.06,1
42.35,-83.06,1
42.35,-83.06,1
42.35,-83.06,1
42.35,-83.06,1
42.35,-83.06,1
42.35,-83.06,1
42.35,-83.06,1
42.35,-83.06,1
42.35,-83.06,1
42.35,-83.06,1
42.35,-83.06,1
42.35,-83.06,1
42.35,-83.06,1
42.35,-83.06,1
42.35,-83.06,1
42.35,-83.06,1
42.35,-83.06,1
42.35,-83.06,1
42.35,-83.06,1
42.35,-83.06,1
42.35,-83.06,1
42.35,-83.06,1
42.35,-83.06,1
42.35,-83.06,1
42.35,-83.06,1
42.35,-83.06,1
42.35,-83.06,1
42.35,-83.06,1
42.35,-83.06,1
42.35,-83.06,1
42.35,-83.06,1
42.35,-83.06,1
42.35,-83.06,1
42.35,-83.06,1
42.35,-83.06,1
42.35,-83.06,1
42.35,-83.06,1
42.35,-83.06,1
42.35,-83.06,1
42.35,-83.06,1
42.35,-83.06,1
42.35,-83.06,1
42.35,-83.06,1
42.35,-83.06,1
42.35,-83.06,1
42.35,-83.06,1
42.35,-83.06,1
42.35,-83.06,1
42.35,-83.06,1
42.35,-83.06,1
42.35,-83.06,1
42.35,-83.06,1
42.35,-83.06,1
42.35,-83.06,1
42.35,-83.06,1
42.35,-83.06,1
42.35,-83.06,1
42.35,-83.06,1
42.35,-83.06,1
42.35,-83.06,1
42.35,-83.06,1
42.35,-83.06,1
42.35,-83.06,1
42.35,-83.06,1
42.35,-83.06,1
42.35,-83.06,1
42.35,-83.06,1
42.35,-83.06,1
42.35,-83.06,1
42.35,-83.06,1
42.35,-83.06,1
42.35,-83.06,1
42.35,-83.06,1
42.35,-83.06,1
42.35,-83.06,1
42.35,-83.06,1
42.35,-83.06,1
42.35,-83.06,1
42.35,-83.06,1
42.35,-83.06,1
42.35,-83.06,1
42.35,-83.06,1
42.35,-83.06,1
42.35,-83.06,1
42.35,-83.06,1
42.35,-83.06,1
42.35,-83.06,1
42.35,-83.06,1
42.35,-83.06,1
42.35,-83.06,1
42.35,-83.06,1
42.35,-83.06,1
42.35,-83.06,1
42.35,-83.06,1
42.35,-83.06,1
42.35,-83.06,1
42.35,-83.06,1
42.35,-83.06,1
42.35,-83.06,1
42.35,-83.06,1
42.35,-83.06,1
42.35,-83.06,1
42.35,-83.06,1
42.35,-83.06,1
42.35,-83.06,1
42.35,-83.06,1
42.35,-83.06,1
42.35,-83.06,1
42.35,-83.06,1
42.35,-83.06,1
42.35,-83.06,1
42.35,-83.06,1
42.35,-83.06,1
42.35,-83.06,1
42.35,-83.06,1
42.35,-83.06,1
42.35,-83.06,1
42.35,-83.06,1
42.35,-83.06,1
42.35,-83.06,1
42.35,-83.06,1
42.35,-83.06,1
42.35,-83.06,1
42.35,-83.06,1
42.35,-83.06,1
42.35,-83.06,1
42.35,-83.06,1
42.35,-83.06,1
42.35,-83.06,1
42.35,-83.06,1
42.35,-83.06,1
42.35,-83.06,1
42.35,-83.06,1
42.35,-83.06,1
42.35,-83.06,1
42.35,-83.06,1
42.35,-83.06,1
42.35,-83.06,1
42.35,-83.06,1
42.35,-83.06,1
42.35,-83.06,1
42.35,-83.06,1
42.35,-83.06,1
42.35,-83.06,1
42.35,-83.06,1
42.35,-83.06,1
42.35,-83.06,1
42.35,-83.06,1
42.35,-83.06,1
42.35,-83.06,1
42.35,-83.06,1
42.35,-83.06,1
42.35,-83.06,1
42.35,-83.06,1
42.35,-83.06,1
42.35,-83.06,1
42.35,-83.06,1
42.35,-83.06,1
42.35,-83.06,1
42.35,-83.06,1
42.35,-83.06,1
42.35,-83.06,1
42.35,-83.06,1
42.35,-83.06,1
42.35,-83.06,1
42.35,-83.06,1
42.35,-83.06,1
42.35,-83.06,1
42.35,-83.06,1
42.35,-83.06,1
42.35,-83.06,1
42.35,-83.06,1
42.35,-83.06,1
42.35,-83.06,1
42.35,-83.06,1
42.35,-83.06,1
42.35,-83.06,1
42.35,-83.06,1
42.35,-83.06,1
42.35,-83.06,1
42.35,-83.06,1
42.35,-83.06,1
42.35,-83.06,1
42.35,-83.06,1
42.35,-83.06,1
42.35,-83.06,1
42.35,-83.06,1
42.35,-83.06,1
42.35,-83.06,1
42.35,-83.06,1
42.35,-83.06,1
42.35,-83.06,1
42.35,-83.06,1
42.35,-83.06,1
42.35,-83.06,1
42.35,-83.06,1
42.35,-83.06,1
42.35,-83.06,1
42.35,-83.06,1
42.35,-83.06,1
42.35,-83.06,1
42.35,-83.06,1
42.35,-83.06,1
42.35,-83.06,1
42.35,-83.06,1
42.35,-83.06,1
42.35,-83.06,1
42.35,-83.06,1
42.35,-83.06,1
42.35,-83.06,1
42.35,-83.06,1
42.35,-83.06,1
42.35,-83.06,1
42.35,-83.06,1
42.35,-83.06,1
42.35,-83.06,1
42.35,-83.06,1
42.35,-83.06,1
42.35,-83.06,1
42.35,-83.06,1
42.35,-83.06,1
42.35,-83.06,1
42.35,-83.06,1
42.35,-83.06,1
42.35,-83.06,1
42.35,-83.06,1
42.35,-83.06,1
42.35,-83.06,1
42.35,-83.06,1
42.35,-83.06,1
42.35,-83.06,1
42.35,-83.06,1
42.35,-83.06,1
42.35,-83.06,1
42.35,-83.06,1
42.35,-83.06,1
42.35,-83.06,1
42.35,-83.06,1
42.35,-83.06,1
42.35,-83.06,1
42.35,-83.06,1
42.35,-83.06,1
42.35,-83.06,1
42.35,-83.06,1
42.35,-83.06,1
42.35,-83.06,1
42.35,-83.06,1
42.35,-83.06,1
42.35,-83.06,1
42.35,-83.06,1
42.35,-83.06,1
42.35,-83.06,1
42.35,-83.06,1
42.35,-83.06,1
42.35,-83.06,1
42.35,-83.06,1
42.35,-83.06,1
42.35,-83.06,1
42.35,-83.06,1
42.35,-83.06,1
42.35,-83.06,1
42.35,-83.06,1
42.35,-83.06,1
42.35,-83.06,1
42.35,-83.06,1
42.35,-83.06,1
42.35,-83.06,1
42.35,-83.06,1
42.35,-83.06,1
42.35,-83.06,1
42.35,-83.06,1
42.35,-83.06,1
42.35,-83.06,1
42.35,-83.06,1
42.35,-83.06,1
42.35,-83.06,1
42.35,-83.06,1
42.35,-83.06,1
42.35,-83.06,1
42.35,-83.06,1
42.35,-83.06,1
42.35,-83.06,1
42.35,-83.06,1
42.35,-83.06,1
42.35,-83.06,1
42.35,-83.06,1
42.35,-83.06,1
42.35,-83.06,1
42.35,-83.06,1
42.35,-83.06,1
42.35,-83.06,1
42.35,-83.06,1
42.35,-83.06,1
42.35,-83.06,1
42.35,-83.06,1
42.35,-83.06,1
42.35,-83.06,1
42.35,-83.06,1
42.35,-83.06,1
42.35,-83.06,1
42.35,-83.06,1
42.35,-83.06,1
42.35,-83.06,1
42.35,-83.06,1
42.35,-83.06,1
42.35,-83.06,1
42.35,-83.06,1
42.35,-83.06,1
42.35,-83.06,1
42.35,-83.06,1
42.35,-83.06,1
42.35,-83.06,1
42.35,-83.06,1
42.35,-83.06,1
42.35,-83.06,1
42.35,-83.06,1
42.35,-83.06,1
42.35,-83.06,1
42.35,-83.06,1
42.35,-83.06,1
42.35,-83.06,1
42.35,-83.06,1
42.35,-83.06,1
42.35,-83.06,1
42.35,-83.06,1
42.35,-83.06,1
42.35,-83.06,1
42.35,-83.06,1
42.35,-83.06,1
42.35,-83.06,1
42.35,-83.06,1
42.35,-83.06,1
42.35,-83.06,1
42.35,-83.06,1
42.35,-83.06,1
42.35,-83.06,1
42.35,-83.06,1
42.35,-83.06,1
42.35,-83.06,1
42.35,-83.06,1
42.35,-83.06,1
42.35,-83.06,1
42.35,-83.06,1
42.35,-83.06,1
42.35,-83.06,1
42.35,-83.06,1
42.35,-83.06,1
42.35,-83.06,1
42.35,-83.06,1
42.35,-83.06,1
42.35,-83.06,1
42.35,-83.06,1
42.35,-83.06,1
42.35,-83.06,1
42.35,-83.06,1
42.35,-83.06,1
42.35,-83.06,1
42.35,-83.06,1
42.35,-83.06,1
42.35,-83.06,1
42.35,-83.06,1
42.35,-83.06,1
42.35,-83.06,1
42.35,-83.06,1
42.35,-83.06,1
42.35,-83.06,1
42.35,-83.06,1
42.35,-83.06,1
42.35,-83.06,1
42.35,-83.06,1
42.35,-83.06,1
42.35,-83.06,1
42.35,-83.06,1
42.35,-83.06,1
42.35,-83.06,1
42.35,-83.06,1
42.35,-83.06,1
42.35,-83.06,1
42.35,-83.06,1
42.35,-83.06,1
42.35,-83.06,1
42.35,-83.06,1
42.35,-83.06,1
42.35,-83.06,1
42.35,-83.06,1
42.35,-83.06,1
42.35,-83.06,1
42.35,-83.06,1
42.35,-83.06,1
42.35,-83.06,1
42.35,-83.06,1
42.35,-83.06,1
42.35,-83.06,1
42.35,-83.06,1
42.35,-83.06,1
42.35,-83.06,1
42.35,-83.06,1
42.35,-83.06,1
42.35,-83.06,1
42.35,-83.06,1
42.35,-83.06,1
42.35,-83.06,1
42.35,-83.06,1
42.35,-83.06,1
42.35,-83.06,1
42.35,-83.06,1
42.35,-83.06,1
42.35,-83.06,1
42.35,-83.06,1
42.35,-83.06,1
42.35,-83.06,1
42.35,-83.06,1
42.35,-83.06,1
42.35,-83.06,1
42.35,-83.06,1
42.35,-83.06,1
42.35,-83.06,1
42.35,-83.06,1
42.35,-83.06,1
42.35,-83.06,1
42.35,-83.06,1
42.35,-83.06,1
42.35,-83.06,1
42.35,-83.06,1
42.35,-83.06,1
42.35,-83.06,1
42.35,-83.06,1
42.35,-83.06,1
42.35,-83.06,1
42.35,-83.06,1
42.35,-83.06,1
42.35,-83.06,1
42.35,-83.06,1
42.35,-83.06,1
42.35,-83.06,1
42.35,-83.06,1
42.35,-83.06,1
42.35,-83.06,1
42.35,-83.06,1
42.35,-83.06,1
42.35,-83.06,1
42.35,-83.06,1
42.35,-83.06,1
42.35,-83.06,1
42.35,-83.06,1
42.35,-83.06,1
42.35,-83.06,1
42.35,-83.06,1
42.35,-83.06,1
42.35,-83.06,1
42.35,-83.06,1
42.35,-83.06,1
42.35,-83.06,1
42.35,-83.06,1
42.35,-83.06,1
42.35,-83.06,1
42.35,-83.06,1
42.35,-83.06,1
42.35,-83.06,1
42.35,-83.06,1
42.35,-83.06,1
42.35,-83.06,1
42.35,-83.06,1
42.35,-83.06,1
42.35,-83.06,1
42.35,-83.06,1
42.35,-83.06,1
42.35,-83.06,1
42.35,-83.06,1
42.35,-83.06,1
42.35,-83.06,1
42.35,-83.06,1
42.35,-83.06,1
42.35,-83.06,1
42.35,-83.06,1
42.35,-83.06,1
42.35,-83.06,1
42.35,-83.06,1
42.35,-83.06,1
42.35,-83.06,1
42.35,-83.06,1
42.35,-83.06,1
42.35,-83.06,1
42.35,-83.06,1
42.35,-83.06,1
42.35,-83.06,1
42.35,-83.06,1
42.35,-83.06,1
42.35,-83.06,1
42.35,-83.06,1
42.35,-83.06,1
42.35,-83.06,1
42.35,-83.06,1
42.35,-83.06,1
42.35,-83.06,1
42.35,-83.06,1
42.35,-83.06,1
42.35,-83.06,1
42.35,-83.06,1
42.35,-83.06,1
42.35,-83.06,1
42.35,-83.06,1
42.35,-83.06,1
42.35,-83.06,1
42.35,-83.06,1
42.35,-83.06,1
42.35,-83.06,1
42.35,-83.06,1
42.35,-83.06,1
42.35,-83.06,1
42.35,-83.06,1
42.35,-83.06,1
42.35,-83.06,1
42.35,-83.06,1
42.35,-83.06,1
42.35,-83.06,1
42.35,-83.06,1
42.35,-83.06,1
42.35,-83.06,1
42.35,-83.06,1
42.35,-83.06,1
42.35,-83.06,1
42.35,-83.06,1
42.35,-83.06,1
42.35,-83.06,1
42.35,-83.06,1
42.35,-83.06,1
42.35,-83.06,1
42.35,-83.06,1
42.35,-83.06,1
42.35,-83.06,1
42.35,-83.06,1
42.35,-83.06,1
42.35,-83.06,1
42.35,-83.06,1
42.35,-83.06,1
42.35,-83.06,1
42.35,-83.06,1
42.35,-83.06,1
42.35,-83.06,1
42.35,-83.06,1
42.35,-83.06,1
42.35,-83.06,1
42.35,-83.06,1
42.35,-83.06,1
42.35,-83.06,1
42.35,-83.06,1
42.35,-83.06,1
42.35,-83.06,1
42.35,-83.06,1
42.35,-83.06,1
42.35,-83.06,1
42.35,-83.06,1
42.35,-83.06,1
42.35,-83.06,1
42.35,-83.06,1
42.35,-83.06,1
42.35,-83.06,1
42.35,-83.06,1
42.35,-83.06,1
42.35,-83.06,1
42.35,-83.06,1
42.35,-83.06,1
42.35,-83.06,1
42.35,-83.06,1
42.35,-83.06,1
42.35,-83.06,1
42.35,-83.06,1
42.35,-83.06,1
42.35,-83.06,1
42.35,-83.06,1
42.35,-83.06,1
42.35,-83.06,1
42.35,-83.06,1
42.35,-83.06,1
42.35,-83.06,1
42.35,-83.06,1
42.35,-83.06,1
42.35,-83.06,1
42.35,-83.06,1
42.35,-83.06,1
42.35,-83.06,1
42.35,-83.06,1
42.35,-83.06,1
42.35,-83.06,1
42.35,-83.06,1
42.35,-83.06,1
42.35,-83.06,1
42.35,-83.06,1
42.35,-83.06,1
42.35,-83.06,1
42.35,-83.06,1
42.35,-83.06,1
42.35,-83.06,1
42.35,-83.06,1
42.35,-83.06,1
42.35,-83.06,1
42.35,-83.06,1
42.35,-83.06,1
42.35,-83.06,1
42.35,-83.06,1
42.35,-83.06,1
42.35,-83.06,1
42.35,-83.06,1
42.35,-83.06,1
42.35,-83.06,1
42.35,-83.06,1
42.35,-83.06,1
42.35,-83.06,1
42.35,-83.06,1
42.35,-83.06,1
42.35,-83.06,1
42.35,-83.06,1
42.35,-83.06,1
42.35,-83.06,1
42.35,-83.06,1
42.35,-83.06,1
42.35,-83.06,1
42.35,-83.06,1
42.35,-83.06,1
42.35,-83.06,1
42.35,-83.06,1
42.35,-83.06,1
42.35,-83.06,1
42.35,-83.06,1
42.35,-83.06,1
42.35,-83.06,1
42.35,-83.06,1
42.35,-83.06,1
42.35,-83.06,1
42.35,-83.06,1
42.35,-83.06,1
42.35,-83.06,1
42.35,-83.06,1
42.35,-83.06,1
42.35,-83.06,1
42.35,-83.06,1
42.35,-83.06,1
42.35,-83.06,1
42.35,-83.06,1
42.35,-83.06,1
42.35,-83.06,1
42.35,-83.06,1
42.35,-83.06,1
42.35,-83.06,1
42.35,-83.06,1
42.35,-83.06,1
42.35,-83.06,1
42.35,-83.06,1
42.35,-83.06,1
42.35,-83.06,1
42.35,-83.06,1
42.35,-83.06,1
42.35,-83.06,1
42.35,-83.06,1
42.35,-83.06,1
42.35,-83.06,1
42.35,-83.06,1
42.35,-83.06,1
42.35,-83.06,1
42.35,-83.06,1
42.35,-83.06,1
42.35,-83.06,1
42.35,-83.06,1
42.35,-83.06,1
42.35,-83.06,1
42.35,-83.06,1
42.35,-83.06,1
42.35,-83.06,1
42.35,-83.06,1
42.35,-83.06,1
42.35,-83.06,1
42.35,-83.06,1
42.35,-83.06,1
42.35,-83.06,1
42.35,-83.06,1
42.35,-83.06,1
42.35,-83.06,1
42.35,-83.06,1
42.35,-83.06,1
42.35,-83.06,1
42.35,-83.06,1
42.35,-83.06,1
42.35,-83.06,1
42.35,-83.06,1
42.35,-83.06,1
42.35,-83.06,1
42.35,-83.06,1
42.35,-83.06,1
42.35,-83.06,1
42.35,-83.06,1
42.35,-83.06,1
42.35,-83.06,1
42.35,-83.06,1
42.35,-83.06,1
42.35,-83.06,1
42.35,-83.06,1
42.35,-83.06,1
42.35,-83.06,1
42.35,-83.06,1
42.35,-83.06,1
42.35,-83.06,1
42.35,-83.06,1
42.35,-83.06,1
42.35,-83.06,1
42.35,-83.06,1
42.35,-83.06,1
42.35,-83.06,1
42.35,-83.06,1
42.35,-83.06,1
42.35,-83.06,1
42.35,-83.06,1
42.35,-83.06,1
42.35,-83.06,1
42.35,-83.06,1
42.35,-83.06,1
42.35,-83.06,1
42.35,-83.06,1
42.35,-83.06,1
42.35,-83.06,1
42.35,-83.06,1
42.35,-83.06,1
42.35,-83.06,1
42.35,-83.06,1
42.35,-83.06,1
42.35,-83.06,1
42.35,-83.06,1
42.35,-83.06,1
42.35,-83.06,1
42.35,-83.06,1
42.35,-83.06,1
42.35,-83.06,1
42.35,-83.06,1
42.35,-83.06,1
42.35,-83.06,1
42.35,-83.06,1
42.35,-83.06,1
42.35,-83.06,1
42.35,-83.06,1
42.35,-83.06,1
42.35,-83.06,1
42.35,-83.06,1
42.35,-83.06,1
42.35,-83.06,1
42.35,-83.06,1
42.35,-83.06,1
42.35,-83.06,1
42.35,-83.06,1
42.35,-83.06,1
42.35,-83.06,1
42.35,-83.06,1
42.35,-83.06,1
42.35,-83.06,1
42.35,-83.06,1
42.35,-83.06,1
42.35,-83.06,1
42.35,-83.06,1
42.35,-83.06,1
42.35,-83.06,1
42.35,-83.06,1
42.35,-83.06,1
42.35,-83.06,1
42.35,-83.06,1
42.35,-83.06,1
42.35,-83.06,1
42.35,-83.06,1
42.35,-83.06,1
42.35,-83.06,1
42.35,-83.06,1
42.35,-83.06,1
42.35,-83.06,1
42.35,-83.06,1
42.35,-83.06,1
42.35,-83.06,1
42.35,-83.06,1
42.35,-83.06,1
42.35,-83.06,1
42.35,-83.06,1
42.35,-83.06,1
42.35,-83.06,1
42.35,-83.06,1
42.35,-83.06,1
42.35,-83.06,1
42.35,-83.06,1
42.35,-83.06,1
42.35,-83.06,1
42.35,-83.06,1
42.35,-83.06,1
42.35,-83.06,1
42.35,-83.06,1
42.35,-83.06,1
42.35,-83.06,1
42.35,-83.06,1
42.35,-83.06,1
42.35,-83.06,1
42.35,-83.06,1
42.35,-83.06,1
42.35,-83.06,1
42.35,-83.06,1
42.35,-83.06,1
42.35,-83.06,1
42.35,-83.06,1
42.35,-83.06,1
42.35,-83.06,1
42.35,-83.06,1
42.35,-83.06,1
42.35,-83.06,1
42.35,-83.06,1
42.35,-83.06,1
42.35,-83.06,1
42.35,-83.06,1
42.35,-83.06,1
42.35,-83.06,1
42.35,-83.06,1
42.35,-83.06,1
42.35,-83.06,1
42.35,-83.06,1
42.35,-83.06,1
42.35,-83.06,1
42.35,-83.06,1
42.35,-83.06,1
42.35,-83.06,1
42.35,-83.06,1
42.35,-83.06,1
42.35,-83.06,1
42.35,-83.06,1
42.35,-83.06,1
42.35,-83.06,1
42.35,-83.06,1
42.35,-83.06,1
42.35,-83.06,1
42.35,-83.06,1
42.35,-83.06,1
42.35,-83.06,1
42.35,-83.06,1
42.35,-83.06,1
42.35,-83.06,1
42.35,-83.06,1
42.35,-83.06,1
42.35,-83.06,1
42.35,-83.06,1
42.35,-83.06,1
42.35,-83.06,1
42.35,-83.06,1
42.35,-83.06,1
42.35,-83.06,1
42.35,-83.06,1
42.35,-83.06,1
42.35,-83.06,1
42.35,-83.06,1
42.35,-83.06,1
42.35,-83.06,1
42.35,-83.06,1
42.35,-83.06,1
42.35,-83.06,1
42.35,-83.06,1
42.35,-83.06,1
42.35,-83.06,1
42.35,-83.06,1
42.35,-83.06,1
42.35,-83.06,1
42.35,-83.06,1
42.35,-83.06,1
42.35,-83.06,1
42.35,-83.06,1
42.35,-83.06,1
42.35,-83.06,1
42.35,-83.06,1
42.35,-83.06,1
42.35,-83.06,1
42.35,-83.06,1
42.35,-83.06,1
42.35,-83.06,1
42.35,-83.06,1
42.35,-83.06,1
42.35,-83.06,1
42.35,-83.06,1
42.35,-83.06,1
42.35,-83.06,1
42.35,-83.06,1
42.35,-83.06,1
42.35,-83.06,1
42.35,-83.06,1
42.35,-83.06,1
42.35,-83.06,1
42.35,-83.06,1
42.35,-83.06,1
42.35,-83.06,1
42.35,-83.06,1
42.35,-83.06,1
42.35,-83.06,1
42.35,-83.06,1
42.35,-83.06,1
42.35,-83.06,1
42.35,-83.06,1
42.35,-83.06,1
42.35,-83.06,1
42.35,-83.06,1
42.35,-83.06,1
42.35,-83.06,1
42.35,-83.06,1
42.35,-83.06,1
42.35,-83.06,1
42.35,-83.06,1
42.35,-83.06,1
42.35,-83.06,1
42.35,-83.06,1
42.35,-83.06,1
42.35,-83.06,1
42.35,-83.06,1
42.35,-83.06,1
42.35,-83.06,1
42.35,-83.06,1
42.35,-83.06,1
42.35,-83.06,1
42.35,-83.06,1
42.35,-83.06,1
42.35,-83.06,1
42.35,-83.06,1
42.35,-83.06,1
42.35,-83.06,1
42.35,-83.06,1
42.35,-83.06,1
42.35,-83.06,1
42.35,-83.06,1
42.35,-83.06,1
42.35,-83.06,1
42.35,-83.06,1
42.35,-83.06,1
42.35,-83.06,1
42.35,-83.06,1
42.35,-83.06,1
42.35,-83.06,1
42.35,-83.06,1
42.35,-83.06,1
42.35,-83.06,1
42.35,-83.06,1
42.35,-83.06,1
42.35,-83.06,1
42.35,-83.06,1
42.35,-83.06,1
42.35,-83.06,1
42.35,-83.06,1
42.35,-83.06,1
42.35,-83.06,1
42.35,-83.06,1
42.35,-83.06,1
42.35,-83.06,1
42.35,-83.06,1
42.35,-83.06,1
42.35,-83.06,1
42.35,-83.06,1
42.35,-83.06,1
42.35,-83.06,1
42.35,-83.06,1
42.35,-83.06,1
42.35,-83.06,1
42.35,-83.06,1
42.35,-83.06,1
42.35,-83.06,1
42.35,-83.06,1
42.35,-83.06,1
42.35,-83.06,1
42.35,-83.06,1
42.35,-83.06,1
42.35,-83.06,1
42.35,-83.06,1
42.35,-83.06,1
42.35,-83.06,1
42.35,-83.06,1
42.35,-83.06,1
42.35,-83.06,1
42.35,-83.06,1
42.35,-83.06,1
42.35,-83.06,1
42.35,-83.06,1
42.35,-83.06,1
42.35,-83.06,1
42.35,-83.06,1
42.35,-83.06,1
42.35,-83.06,1
42.35,-83.06,1
42.35,-83.06,1
42.35,-83.06,1
42.35,-83.06,1
42.35,-83.06,1
42.35,-83.06,1
42.35,-83.06,1
42.35,-83.06,1
42.35,-83.06,1
42.35,-83.06,1
42.35,-83.06,1
42.35,-83.06,1
42.35,-83.06,1
42.35,-83.06,1
42.35,-83.06,1
42.35,-83.06,1
42.35,-83.06,1
42.35,-83.06,1
42.35,-83.06,1
42.35,-83.06,1
42.35,-83.06,1
42.35,-83.06,1
42.35,-83.06,1
42.35,-83.06,1
42.35,-83.06,1
42.35,-83.06,1
42.35,-83.06,1
42.35,-83.06,1
42.35,-83.06,1
42.35,-83.06,1
42.35,-83.06,1
42.35,-83.06,1
42.35,-83.06,1
42.35,-83.06,1
42.35,-83.06,1
42.35,-83.06,1
42.35,-83.06,1
42.35,-83.06,1
42.35,-83.06,1
42.35,-83.06,1
42.35,-83.06,1
42.35,-83.06,1
42.35,-83.06,1
42.35,-83.06,1
42.35,-83.06,1
42.35,-83.06,1
42.35,-83.06,1
42.35,-83.06,1
42.35,-83.06,1
42.35,-83.06,1
42.35,-83.06,1
42.35,-83.06,1
42.35,-83.06,1
42.35,-83.06,1
42.35,-83.06,1
42.35,-83.06,1
42.35,-83.06,1
42.35,-83.06,1
42.35,-83.06,1
42.35,-83.06,1
42.35,-83.06,1
42.35,-83.06,1
42.35,-83.06,1
42.35,-83.06,1
42.35,-83.06,1
42.35,-83.06,1
42.35,-83.06,1
42.35,-83.06,1
42.35,-83.06,1
42.35,-83.06,1
42.35,-83.06,1
42.35,-83.06,1
42.35,-83.06,1
42.35,-83.06,1
42.35,-83.06,1
42.35,-83.06,1
42.35,-83.06,1
42.35,-83.06,1
42.35,-83.06,1
42.35,-83.06,1
42.35,-83.06,1
42.35,-83.06,1
42.35,-83.06,1
42.35,-83.06,1
42.35,-83.06,1
42.35,-83.06,1
42.35,-83.06,1
42.35,-83.06,1
42.35,-83.06,1
42.35,-83.06,1
42.35,-83.06,1
42.35,-83.06,1
42.35,-83.06,1
42.35,-83.06,1
42.35,-83.06,1
42.35,-83.06,1
42.35,-83.06,1
42.35,-83.06,1
42.35,-83.06,1
42.35,-83.06,1
42.35,-83.06,1
42.35,-83.06,1
42.35,-83.06,1
42.35,-83.06,1
42.35,-83.06,1
42.35,-83.06,1
42.35,-83.06,1
42.35,-83.06,1
42.35,-83.06,1
42.35,-83.06,1
42.35,-83.06,1
42.35,-83.06,1
42.35,-83.06,1
42.35,-83.06,1
42.35,-83.06,1
42.35,-83.06,1
42.35,-83.06,1
42.35,-83.06,1
42.35,-83.06,1
42.35,-83.06,1
42.35,-83.06,1
42.35,-83.06,1
42.35,-83.06,1
42.35,-83.06,1
42.35,-83.06,1
42.35,-83.06,1
42.35,-83.06,1
42.35,-83.06,1
42.35,-83.06,1
42.35,-83.06,1
42.35,-83.06,1
42.35,-83.06,1
42.35,-83.06,1
42.35,-83.06,1
42.35,-83.06,1
42.35,-83.06,1
42.35,-83.06,1
42.35,-83.06,1
42.35,-83.06,1
42.35,-83.06,1
42.35,-83.06,1
42.35,-83.06,1
42.35,-83.06,1
42.35,-83.06,1
42.35,-83.06,1
42.35,-83.06,1
42.35,-83.06,1
42.35,-83.06,1
42.35,-83.06,1
42.35,-83.06,1
42.35,-83.06,1
42.35,-83.06,1
42.35,-83.06,1
42.35,-83.06,1
42.35,-83.06,1
42.35,-83.06,1
42.35,-83.06,1
42.35,-83.06,1
42.35,-83.06,1
42.35,-83.06,1
42.35,-83.06,1
42.35,-83.06,1
42.35,-83.06,1
42.35,-83.06,1
42.35,-83.06,1
42.35,-83.06,1
42.35,-83.06,1
42.35,-83.06,1
42.35,-83.06,1
42.35,-83.06,1
42.35,-83.06,1
42.35,-83.06,1
42.35,-83.06,1
42.35,-83.06,1
42.35,-83.06,1
42.35,-83.06,1
42.35,-83.06,1
42.35,-83.06,1
42.35,-83.06,1
42.35,-83.06,1
42.35,-83.06,1
42.35,-83.06,1
42.35,-83.06,1
42.35,-83.06,1
42.35,-83.06,1
42.35,-83.06,1
42.35,-83.06,1
42.35,-83.06,1
42.35,-83.06,1
42.35,-83.06,1
42.35,-83.06,1
42.35,-83.06,1
42.35,-83.06,1
42.35,-83.06,1
42.35,-83.06,1
42.35,-83.06,1
42.35,-83.06,1
42.35,-83.06,1
42.35,-83.06,1
42.35,-83.06,1
42.35,-83.06,1
42.35,-83.06,1
42.35,-83.06,1
42.35,-83.06,1
42.35,-83.06,1
42.35,-83.06,1
42.35,-83.06,1
42.35,-83.06,1
42.35,-83.06,1
42.35,-83.06,1
42.35,-83.06,1
42.35,-83.06,1
42.35,-83.06,1
42.35,-83.06,1
42.35,-83.06,1
42.35,-83.06,1
42.35,-83.06,1
42.35,-83.06,1
42.35,-83.06,1
42.35,-83.06,1
42.35,-83.06,1
42.35,-83.06,1
42.35,-83.06,1
42.35,-83.06,1
42.35,-83.06,1
42.35,-83.06,1
42.35,-83.06,1
42.35,-83.06,1
42.35,-83.06,1
42.35,-83.06,1
42.35,-83.06,1
42.35,-83.06,1
42.35,-83.06,1
42.35,-83.06,1
42.35,-83.06,1
42.35,-83.06,1
42.35,-83.06,1
42.35,-83.06,1
42.35,-83.06,1
42.35,-83.06,1
42.35,-83.06,1
42.35,-83.06,1
42.35,-83.06,1
42.35,-83.06,1
42.35,-83.06,1
42.35,-83.06,1
42.35,-83.06,1
42.35,-83.06,1
42.35,-83.06,1
42.35,-83.06,1
42.35,-83.06,1
42.35,-83.06,1
42.35,-83.06,1
42.35,-83.06,1
42.35,-83.06,1
42.35,-83.06,1
42.35,-83.06,1
42.35,-83.06,1
42.35,-83.06,1
42.35,-83.06,1
42.35,-83.06,1
42.35,-83.06,1
42.35,-83.06,1
42.35,-83.06,1
42.35,-83.06,1
42.35,-83.06,1
42.35,-83.06,1
42.35,-83.06,1
42.35,-83.06,1
42.35,-83.06,1
42.35,-83.06,1
42.35,-83.06,1
42.35,-83.06,1
42.35,-83.06,1
42.35,-83.06,1
42.35,-83.06,1
42.35,-83.06,1
42.35,-83.06,1
42.35,-83.06,1
42.35,-83.06,1
42.35,-83.06,1
42.35,-83.06,1
42.35,-83.06,1
42.35,-83.06,1
42.35,-83.06,1
42.35,-83.06,1
42.35,-83.06,1
42.35,-83.06,1
42.35,-83.06,1
42.35,-83.06,1
42.35,-83.06,1
42.35,-83.06,1
42.35,-83.06,1
42.35,-83.06,1
42.35,-83.06,1
42.35,-83.06,1
42.35,-83.06,1
42.35,-83.06,1
42.35,-83.06,1
42.35,-83.06,1
42.35,-83.06,1
42.35,-83.06,1
42.35,-83.06,1
42.35,-83.06,1
42.35,-83.06,1
42.35,-83.06,1
42.35,-83.06,1
42.35,-83.06,1
42.35,-83.06,1
42.35,-83.06,1
42.35,-83.06,1
42.35,-83.06,1
42.35,-83.06,1
42.35,-83.06,1
42.35,-83.06,1
42.35,-83.06,1
42.35,-83.06,1
42.35,-83.06,1
42.35,-83.06,1
42.35,-83.06,1
42.35,-83.06,1
42.35,-83.06,1
42.35,-83.06,1
42.35,-83.06,1
42.35,-83.06,1
42.35,-83.06,1
42.35,-83.06,1
42.35,-83.06,1
42.35,-83.06,1
42.35,-83.06,1
42.35,-83.06,1
42.35,-83.06,1
42.35,-83.06,1
42.35,-83.06,1
42.35,-83.06,1
42.35,-83.06,1
42.35,-83.06,1
42.35,-83.06,1
42.35,-83.06,1
42.35,-83.06,1
42.35,-83.06,1
42.35,-83.06,1
42.35,-83.06,1
42.35,-83.06,1
42.35,-83.06,1
42.35,-83.06,1
42.35,-83.06,1
42.35,-83.06,1
42.35,-83.06,1
42.35,-83.06,1
42.35,-83.06,1
42.35,-83.06,1
42.35,-83.06,1
42.35,-83.06,1
42.35,-83.06,1
42.35,-83.06,1
42.35,-83.06,1
42.35,-83.06,1
42.35,-83.06,1
42.35,-83.06,1
42.35,-83.06,1
42.35,-83.06,1
42.35,-83.06,1
42.35,-83.06,1
42.35,-83.06,1
42.35,-83.06,1
42.35,-83.06,1
42.35,-83.06,1
42.35,-83.06,1
42.35,-83.06,1
42.35,-83.06,1
42.35,-83.06,1
42.35,-83.06,1
42.35,-83.06,1
42.35,-83.06,1
42.35,-83.06,1
42.35,-83.06,1
42.35,-83.06,1
42.35,-83.06,1
42.35,-83.06,1
42.35,-83.06,1
42.35,-83.06,1
42.35,-83.06,1
42.35,-83.06,1
42.35,-83.06,1
42.35,-83.06,1
42.35,-83.06,1
42.35,-83.06,1
42.35,-83.06,1
42.35,-83.06,1
42.35,-83.06,1
42.35,-83.06,1
42.35,-83.06,1
42.35,-83.06,1
42.35,-83.06,1
42.35,-83.06,1
42.35,-83.06,1
42.35,-83.06,1
42.35,-83.06,1
42.35,-83.06,1
42.35,-83.06,1
42.35,-83.06,1
42.35,-83.06,1
42.35,-83.06,1
42.35,-83.06,1
42.35,-83.06,1
42.35,-83.06,1
42.35,-83.06,1
42.35,-83.06,1
42.35,-83.06,1
42.35,-83.06,1
42.35,-83.06,1
42.35,-83.06,1
42.35,-83.06,1
42.35,-83.06,1
42.35,-83.06,1
42.35,-83.06,1
42.35,-83.06,1
42.35,-83.06,1
42.35,-83.06,1
42.35,-83.06,1
42.35,-83.06,1
42.35,-83.06,1
42.35,-83.06,1
42.35,-83.06,1
42.35,-83.06,1
42.35,-83.06,1
42.35,-83.06,1
42.35,-83.06,1
42.35,-83.06,1
42.35,-83.06,1
42.35,-83.06,1
42.35,-83.06,1
42.35,-83.06,1
42.35,-83.06,1
42.35,-83.06,1
42.35,-83.06,1
42.35,-83.06,1
42.35,-83.06,1
42.35,-83.06,1
42.35,-83.06,1
42.35,-83.06,1
42.35,-83.06,1
42.35,-83.06,1
42.35,-83.06,1
42.35,-83.06,1
42.35,-83.06,1
42.35,-83.06,1
42.35,-83.06,1
42.35,-83.06,1
42.35,-83.06,1
42.35,-83.06,1
42.35,-83.06,1
42.35,-83.06,1
42.35,-83.06,1
42.35,-83.06,1
42.35,-83.06,1
42.35,-83.06,1
42.35,-83.06,1
42.35,-83.06,1
42.35,-83.06,1
42.35,-83.06,1
42.35,-83.06,1
42.35,-83.06,1
42.35,-83.06,1
42.35,-83.06,1
42.35,-83.06,1
42.35,-83.06,1
42.35,-83.06,1
42.35,-83.06,1
42.35,-83.06,1
42.35,-83.06,1
42.35,-83.06,1
42.35,-83.06,1
42.35,-83.06,1
42.35,-83.06,1
42.35,-83.06,1
42.35,-83.06,1
42.35,-83.06,1
42.35,-83.06,1
42.35,-83.06,1
42.35,-83.06,1
42.35,-83.06,1
42.35,-83.06,1
42.35,-83.06,1
42.35,-83.06,1
42.35,-83.06,1
42.35,-83.06,1
42.35,-83.06,1
42.35,-83.06,1
42.35,-83.06,1
42.35,-83.06,1
42.35,-83.06,1
42.35,-83.06,1
42.35,-83.06,1
42.35,-83.06,1
42.35,-83.06,1
42.35,-83.06,1
42.35,-83.06,1
42.35,-83.06,1
42.35,-83.06,1
42.35,-83.06,1
42.35,-83.06,1
42.35,-83.06,1
42.35,-83.06,1
42.35,-83.06,1
42.35,-83.06,1
42.35,-83.06,1
42.35,-83.06,1
42.35,-83.06,1
42.35,-83.06,1
42.35,-83.06,1
42.35,-83.06,1
42.35,-83.06,1
42.35,-83.06,1
42.35,-83.06,1
42.35,-83.06,1
42.35,-83.06,1
42.35,-83.06,1
42.35,-83.06,1
42.35,-83.06,1
42.35,-83.06,1
42.35,-83.06,1
42.35,-83.06,1
42.35,-83.06,1
42.35,-83.06,1
42.35,-83.06,1
42.35,-83.06,1
42.35,-83.06,1
42.35,-83.06,1
42.35,-83.06,1
42.35,-83.06,1
42.35,-83.06,1
42.35,-83.06,1
42.35,-83.06,1
42.35,-83.06,1
42.35,-83.06,1
42.35,-83.06,1
42.35,-83.06,1
42.35,-83.06,1
42.35,-83.06,1
42.35,-83.06,1
42.35,-83.06,1
42.35,-83.06,1
42.35,-83.06,1
42.35,-83.06,1
42.35,-83.06,1
42.35,-83.06,1
42.35,-83.06,1
42.35,-83.06,1
42.35,-83.06,1
42.35,-83.06,1
42.35,-83.06,1
42.35,-83.06,1
42.35,-83.06,1
42.35,-83.06,1
42.35,-83.06,1
42.35,-83.06,1
42.35,-83.06,1
42.35,-83.06,1
42.35,-83.06,1
42.35,-83.06,1
42.35,-83.06,1
42.35,-83.06,1
42.35,-83.06,1
42.35,-83.06,1
42.35,-83.06,1
42.35,-83.06,1
42.35,-83.06,1
42.35,-83.06,1
42.35,-83.06,1
42.35,-83.06,1
42.35,-83.06,1
42.35,-83.06,1
42.35,-83.06,1
42.35,-83.06,1
42.35,-83.06,1
42.35,-83.06,1
42.35,-83.06,1
42.35,-83.06,1
42.35,-83.06,1
42.35,-83.06,1
42.35,-83.06,1
42.35,-83.06,1
42.35,-83.06,1
42.35,-83.06,1
42.35,-83.06,1
42.35,-83.06,1
42.35,-83.06,1
42.35,-83.06,1
42.35,-83.06,1
42.35,-83.06,1
42.35,-83.06,1
42.35,-83.06,1
42.35,-83.06,1
42.35,-83.06,1
42.35,-83.06,1
42.35,-83.06,1
42.35,-83.06,1
42.35,-83.06,1
42.35,-83.06,1
42.35,-83.06,1
42.35,-83.06,1
42.35,-83.06,1
42.35,-83.06,1
42.35,-83.06,1
42.35,-83.06,1
42.35,-83.06,1
42.35,-83.06,1
42.35,-83.06,1
42.35,-83.06,1
42.35,-83.06,1
42.35,-83.06,1
42.35,-83.06,1
42.35,-83.06,1
42.35,-83.06,1
42.35,-83.06,1
42.35,-83.06,1
42.35,-83.06,1
42.35,-83.06,1
42.35,-83.06,1
42.35,-83.06,1
42.35,-83.06,1
42.35,-83.06,1
42.35,-83.06,1
42.35,-83.06,1
42.35,-83.06,1
42.35,-83.06,1
42.35,-83.06,1
42.35,-83.06,1
42.35,-83.06,1
42.35,-83.06,1
42.35,-83.06,1
42.35,-83.06,1
42.35,-83.06,1
42.35,-83.06,1
42.35,-83.06,1
42.35,-83.06,1
42.35,-83.06,1
42.35,-83.06,1
42.35,-83.06,1
42.35,-83.06,1
42.35,-83.06,1
42.35,-83.06,1
42.35,-83.06,1
42.35,-83.06,1
42.35,-83.06,1
42.35,-83.06,1
42.35,-83.06,1
42.35,-83.06,1
42.35,-83.06,1
42.35,-83.06,1
42.35,-83.06,1
42.35,-83.06,1
42.35,-83.06,1
42.35,-83.06,1
42.35,-83.06,1
42.35,-83.06,1
42.35,-83.06,1
42.35,-83.06,1
42.35,-83.06,1
42.35,-83.06,1
42.35,-83.06,1
42.35,-83.06,1
42.35,-83.06,1
42.35,-83.06,1
42.35,-83.06,1
42.35,-83.06,1
42.35,-83.06,1
42.35,-83.06,1
42.35,-83.06,1
42.35,-83.06,1
42.35,-83.06,1
42.35,-83.06,1
42.35,-83.06,1
42.35,-83.06,1
42.35,-83.06,1
42.35,-83.06,1
42.35,-83.06,1
42.35,-83.06,1
42.35,-83.06,1
42.35,-83.06,1
42.35,-83.06,1
42.35,-83.06,1
42.35,-83.06,1
42.35,-83.06,1
42.35,-83.06,1
42.35,-83.06,1
42.35,-83.06,1
42.35,-83.06,1
42.35,-83.06,1
42.35,-83.06,1
42.35,-83.06,1
42.35,-83.06,1
42.35,-83.06,1
42.35,-83.06,1
42.35,-83.06,1
42.35,-83.06,1
42.35,-83.06,1
42.35,-83.06,1
42.35,-83.06,1
42.35,-83.06,1
42.35,-83.06,1
42.35,-83.06,1
42.35,-83.06,1
42.35,-83.06,1
42.35,-83.06,1
42.35,-83.06,1
42.35,-83.06,1
42.35,-83.06,1
42.35,-83.06,1
42.35,-83.06,1
42.35,-83.06,1
42.35,-83.06,1
42.35,-83.06,1
42.35,-83.06,1
42.35,-83.06,1
42.35,-83.06,1
42.35,-83.06,1
42.35,-83.06,1
42.35,-83.06,1
42.35,-83.06,1
42.35,-83.06,1
42.35,-83.06,1
42.35,-83.06,1
42.35,-83.06,1
42.35,-83.06,1
42.35,-83.06,1
42.35,-83.06,1
42.35,-83.06,1
42.35,-83.06,1
42.35,-83.06,1
42.35,-83.06,1
42.35,-83.06,1
42.35,-83.06,1
42.35,-83.06,1
42.35,-83.06,1
42.35,-83.06,1
42.35,-83.06,1
42.35,-83.06,1
42.35,-83.06,1
42.35,-83.06,1
42.35,-83.06,1
42.35,-83.06,1
42.35,-83.06,1
42.35,-83.06,1
42.35,-83.06,1
42.35,-83.06,1
42.35,-83.06,1
42.35,-83.06,1
42.35,-83.06,1
42.35,-83.06,1
42.35,-83.06,1
42.35,-83.06,1
42.35,-83.06,1
42.35,-83.06,1
42.35,-83.06,1
42.35,-83.06,1
42.35,-83.06,1
42.35,-83.06,1
42.35,-83.06,1
42.35,-83.06,1
42.35,-83.06,1
42.35,-83.06,1
42.35,-83.06,1
42.35,-83.06,1
42.35,-83.06,1
42.35,-83.06,1
42.35,-83.06,1
42.35,-83.06,1
42.35,-83.06,1
42.35,-83.06,1
42.35,-83.06,1
42.35,-83.06,1
42.35,-83.06,1
42.35,-83.06,1
42.35,-83.06,1
42.35,-83.06,1
42.35,-83.06,1
42.35,-83.06,1
42.35,-83.06,1
42.35,-83.06,1
42.35,-83.06,1
42.35,-83.06,1
42.35,-83.06,1
42.35,-83.06,1
42.35,-83.06,1
42.35,-83.06,1
42.35,-83.06,1
42.35,-83.06,1
42.35,-83.06,1
42.35,-83.06,1
42.35,-83.06,1
42.35,-83.06,1
42.35,-83.06,1
42.35,-83.06,1
42.35,-83.06,1
42.35,-83.06,1
42.35,-83.06,1
42.35,-83.06,1
42.35,-83.06,1
42.35,-83.06,1
42.35,-83.06,1
42.35,-83.06,1
42.35,-83.06,1
42.35,-83.06,1
42.35,-83.06,1
42.35,-83.06,1
42.35,-83.06,1
42.35,-83.06,1
42.35,-83.06,1
42.35,-83.06,1
42.35,-83.06,1
42.35,-83.06,1
42.35,-83.06,1
42.35,-83.06,1
42.35,-83.06,1
42.35,-83.06,1
42.35,-83.06,1
42.35,-83.06,1
42.35,-83.06,1
42.35,-83.06,1
42.35,-83.06,1
42.35,-83.06,1
42.35,-83.06,1
42.35,-83.06,1
42.35,-83.06,1
42.35,-83.06,1
42.35,-83.06,1
42.35,-83.06,1
42.35,-83.06,1
42.35,-83.06,1
42.35,-83.06,1
42.35,-83.06,1
42.35,-83.06,1
42.35,-83.06,1
42.35,-83.06,1
42.35,-83.06,1
42.35,-83.06,1
42.35,-83.06,1
42.35,-83.06,1
42.35,-83.06,1
42.35,-83.06,1
42.35,-83.06,1
42.35,-83.06,1
42.35,-83.06,1
42.35,-83.06,1
42.35,-83.06,1
42.35,-83.06,1
42.35,-83.06,1
42.35,-83.06,1
42.35,-83.06,1
42.35,-83.06,1
42.35,-83.06,1
42.35,-83.06,1
42.35,-83.06,1
42.35,-83.06,1
42.35,-83.06,1
42.35,-83.06,1
42.35,-83.06,1
42.35,-83.06,1
42.35,-83.06,1
42.35,-83.06,1
42.35,-83.06,1
42.35,-83.06,1
42.35,-83.06,1
42.35,-83.06,1
42.35,-83.06,1
42.35,-83.06,1
42.35,-83.06,1
42.35,-83.06,1
42.35,-83.06,1
42.35,-83.06,1
42.35,-83.06,1
42.35,-83.06,1
42.35,-83.06,1
42.35,-83.06,1
42.35,-83.06,1
42.35,-83.06,1
42.35,-83.06,1
42.35,-83.06,1
42.35,-83.06,1
42.35,-83.06,1
42.35,-83.06,1
42.35,-83.06,1
42.35,-83.06,1
42.35,-83.06,1
42.35,-83.06,1
42.35,-83.06,1
42.35,-83.06,1
42.35,-83.06,1
42.35,-83.06,1
42.35,-83.06,1
42.35,-83.06,1
42.35,-83.06,1
42.35,-83.06,1
42.35,-83.06,1
42.35,-83.06,1
42.35,-83.06,1
42.35,-83.06,1
42.35,-83.06,1
42.35,-83.06,1
42.35,-83.06,1
42.35,-83.06,1
42.35,-83.06,1
42.35,-83.06,1
42.35,-83.06,1
42.35,-83.06,1
42.35,-83.06,1
42.35,-83.06,1
42.35,-83.06,1
42.35,-83.06,1
42.35,-83.06,1
42.35,-83.06,1
42.35,-83.06,1
42.35,-83.06,1
42.35,-83.06,1
42.35,-83.06,1
42.35,-83.06,1
42.35,-83.06,1
42.35,-83.06,1
42.35,-83.06,1
42.35,-83.06,1
42.35,-83.06,1
42.35,-83.06,1
42.35,-83.06,1
42.35,-83.06,1
42.35,-83.06,1
42.35,-83.06,1
42.35,-83.06,1
42.35,-83.06,1
42.35,-83.06,1
42.35,-83.06,1
42.35,-83.06,1
42.35,-83.06,1
42.35,-83.06,1
42.35,-83.06,1
42.35,-83.06,1
42.35,-83.06,1
42.35,-83.06,1
42.35,-83.06,1
42.35,-83.06,1
42.35,-83.06,1
42.35,-83.06,1
42.35,-83.06,1
42.35,-83.06,1
42.35,-83.06,1
42.35,-83.06,1
42.35,-83.06,1
42.35,-83.06,1
42.35,-83.06,1
42.35,-83.06,1
42.35,-83.06,1
42.35,-83.06,1
42.35,-83.06,1
42.35,-83.06,1
42.35,-83.06,1
42.35,-83.06,1
42.35,-83.06,1
42.35,-83.06,1
42.35,-83.06,1
42.35,-83.06,1
42.35,-83.06,1
42.35,-83.06,1
42.35,-83.06,1
42.35,-83.06,1
42.35,-83.06,1
42.35,-83.06,1
42.35,-83.06,1
42.35,-83.06,1
42.35,-83.06,1
42.35,-83.06,1
42.35,-83.06,1
42.35,-83.06,1
42.35,-83.06,1
42.35,-83.06,1
42.35,-83.06,1
42.35,-83.06,1
42.35,-83.06,1
42.35,-83.06,1
42.35,-83.06,1
42.35,-83.06,1
42.35,-83.06,1
42.35,-83.06,1
42.35,-83.06,1
42.35,-83.06,1
42.35,-83.06,1
42.35,-83.06,1
42.35,-83.06,1
42.35,-83.06,1
42.35,-83.06,1
42.35,-83.06,1
42.35,-83.06,1
42.35,-83.06,1
42.35,-83.06,1
42.35,-83.06,1
42.35,-83.06,1
42.35,-83.06,1
42.35,-83.06,1
42.35,-83.06,1
42.35,-83.06,1
42.35,-83.06,1
42.35,-83.06,1
42.35,-83.06,1
42.35,-83.06,1
42.35,-83.06,1
42.35,-83.06,1
42.35,-83.06,1
42.35,-83.06,1
42.35,-83.06,1
42.35,-83.06,1
42.35,-83.06,1
42.35,-83.06,1
42.35,-83.06,1
42.35,-83.06,1
42.35,-83.06,1
42.35,-83.06,1
42.35,-83.06,1
42.35,-83.06,1
42.35,-83.06,1
42.35,-83.06,1
42.35,-83.06,1
42.35,-83.06,1
42.35,-83.06,1
42.35,-83.06,1
42.35,-83.06,1
42.35,-83.06,1
42.35,-83.06,1
42.35,-83.06,1
42.35,-83.06,1
42.35,-83.06,1
42.35,-83.06,1
42.35,-83.06,1
42.35,-83.06,1
42.35,-83.06,1
42.35,-83.06,1
42.35,-83.06,1
42.35,-83.06,1
42.35,-83.06,1
42.35,-83.06,1
42.35,-83.06,1
42.35,-83.06,1
42.35,-83.06,1
42.35,-83.06,1
42.35,-83.06,1
42.35,-83.06,1
42.35,-83.06,1
42.35,-83.06,1
42.35,-83.06,1
42.35,-83.06,1
42.35,-83.06,1
42.35,-83.06,1
42.35,-83.06,1
42.35,-83.06,1
42.35,-83.06,1
42.35,-83.06,1
42.35,-83.06,1
42.35,-83.06,1
42.35,-83.06,1
42.35,-83.06,1
42.35,-83.06,1
42.35,-83.06,1
42.35,-83.06,1
42.35,-83.06,1
42.35,-83.06,1
42.35,-83.06,1
42.35,-83.06,1
42.35,-83.06,1
42.35,-83.06,1
42.35,-83.06,1
42.35,-83.06,1
42.35,-83.06,1
42.35,-83.06,1
42.35,-83.06,1
42.35,-83.06,1
42.35,-83.06,1
42.35,-83.06,1
42.35,-83.06,1
42.35,-83.06,1
42.35,-83.06,1
42.35,-83.06,1
42.35,-83.06,1
42.35,-83.06,1
42.35,-83.06,1
42.35,-83.06,1
42.35,-83.06,1
42.35,-83.06,1
42.35,-83.06,1
42.35,-83.06,1
42.35,-83.06,1
42.35,-83.06,1
42.35,-83.06,1
42.35,-83.06,1
42.35,-83.06,1
42.35,-83.06,1
42.35,-83.06,1
42.35,-83.06,1
42.35,-83.06,1
42.35,-83.06,1
42.35,-83.06,1
42.35,-83.06,1
42.35,-83.06,1
42.35,-83.06,1
42.35,-83.06,1
42.35,-83.06,1
42.35,-83.06,1
42.35,-83.06,1
42.35,-83.06,1
42.35,-83.06,1
42.35,-83.06,1
42.35,-83.06,1
42.35,-83.06,1
42.35,-83.06,1
42.35,-83.06,1
42.35,-83.06,1
42.35,-83.06,1
42.35,-83.06,1
42.35,-83.06,1
42.35,-83.06,1
42.35,-83.06,1
42.35,-83.06,1
42.35,-83.06,1
42.35,-83.06,1
42.35,-83.06,1
42.35,-83.06,1
42.35,-83.06,1
42.35,-83.06,1
42.35,-83.06,1
42.35,-83.06,1
42.35,-83.06,1
42.35,-83.06,1
42.35,-83.06,1
42.35,-83.06,1
42.35,-83.06,1
42.35,-83.06,1
42.35,-83.06,1
42.35,-83.06,1
42.35,-83.06,1
42.35,-83.06,1
42.35,-83.06,1
42.35,-83.06,1
42.35,-83.06,1
42.35,-83.06,1
42.35,-83.06,1
42.35,-83.06,1
42.35,-83.06,1
42.35,-83.06,1
42.35,-83.06,1
42.35,-83.06,1
42.35,-83.06,1
42.35,-83.06,1
42.35,-83.06,1
42.35,-83.06,1
42.35,-83.06,1
42.35,-83.06,1
42.35,-83.06,1
42.35,-83.06,1
42.35,-83.06,1
42.35,-83.06,1
42.35,-83.06,1
42.35,-83.06,1
42.35,-83.06,1
42.35,-83.06,1
42.35,-83.06,1
42.35,-83.06,1
42.35,-83.06,1
42.35,-83.06,1
42.35,-83.06,1
42.35,-83.06,1
42.35,-83.06,1
42.35,-83.06,1
42.35,-83.06,1
42.35,-83.06,1
42.35,-83.06,1
42.35,-83.06,1
42.35,-83.06,1
42.35,-83.06,1
42.35,-83.06,1
42.35,-83.06,1
42.35,-83.06,1
42.35,-83.06,1
42.35,-83.06,1
42.35,-83.06,1
42.35,-83.06,1
42.35,-83.06,1
42.35,-83.06,1
42.35,-83.06,1
42.35,-83.06,1
42.35,-83.06,1
42.35,-83.06,1
42.35,-83.06,1
42.35,-83.06,1
42.35,-83.06,1
42.35,-83.06,1
42.35,-83.06,1
42.35,-83.06,1
42.35,-83.06,1
42.35,-83.06,1
42.35,-83.06,1
42.35,-83.06,1
42.35,-83.06,1
42.35,-83.06,1
42.35,-83.06,1
42.35,-83.06,1
42.35,-83.06,1
42.35,-83.06,1
42.35,-83.06,1
42.35,-83.06,1
42.35,-83.06,1
42.35,-83.06,1
42.35,-83.06,1
42.35,-83.06,1
42.35,-83.06,1
42.35,-83.06,1
42.35,-83.06,1
42.35,-83.06,1
42.35,-83.06,1
42.35,-83.06,1
42.35,-83.06,1
42.35,-83.06,1
42.35,-83.06,1
42.35,-83.06,1
42.35,-83.06,1
42.35,-83.06,1
42.35,-83.06,1
42.35,-83.06,1
42.35,-83.06,1
42.35,-83.06,1
42.35,-83.06,1
42.35,-83.06,1
42.35,-83.06,1
42.35,-83.06,1
42.35,-83.06,1
42.35,-83.06,1
42.35,-83.06,1
42.35,-83.06,1
42.35,-83.06,1
42.35,-83.06,1
42.35,-83.06,1
42.35,-83.06,1
42.35,-83.06,1
42.35,-83.06,1
42.35,-83.06,1
42.35,-83.06,1
42.35,-83.06,1
42.35,-83.06,1
42.35,-83.06,1
42.35,-83.06,1
42.35,-83.06,1
42.35,-83.06,1
42.35,-83.06,1
42.35,-83.06,1
42.35,-83.06,1
42.35,-83.06,1
42.35,-83.06,1
42.35,-83.06,1
42.35,-83.06,1
42.35,-83.06,1
42.35,-83.06,1
42.35,-83.06,1
42.35,-83.06,1
42.35,-83.06,1
42.35,-83.06,1
42.35,-83.06,1
42.35,-83.06,1
42.35,-83.06,1
42.35,-83.06,1
42.35,-83.06,1
42.35,-83.06,1
42.35,-83.06,1
42.35,-83.06,1
42.35,-83.06,1
42.35,-83.06,1
42.35,-83.06,1
42.35,-83.06,1
42.35,-83.06,1
42.35,-83.06,1
42.35,-83.06,1
42.35,-83.06,1
42.35,-83.06,1
42.35,-83.06,1
42.35,-83.06,1
42.35,-83.06,1
42.35,-83.06,1
42.35,-83.06,1
42.35,-83.06,1
42.35,-83.06,1
42.35,-83.06,1
42.35,-83.06,1
42.35,-83.06,1
42.35,-83.06,1
42.35,-83.06,1
42.35,-83.06,1
42.35,-83.06,1
42.35,-83.06,1
42.35,-83.06,1
42.35,-83.06,1
42.35,-83.06,1
42.35,-83.06,1
42.35,-83.06,1
42.35,-83.06,1
42.35,-83.06,1
42.35,-83.06,1
42.35,-83.06,1
42.35,-83.06,1
42.35,-83.06,1
42.35,-83.06,1
42.35,-83.06,1
42.35,-83.06,1
42.35,-83.06,1
42.35,-83.06,1
42.35,-83.06,1
42.35,-83.06,1
42.35,-83.06,1
42.35,-83.06,1
42.35,-83.06,1
42.35,-83.06,1
42.35,-83.06,1
42.35,-83.06,1
42.35,-83.06,1
42.35,-83.06,1
42.35,-83.06,1
42.35,-83.06,1
42.35,-83.06,1
42.35,-83.06,1
42.35,-83.06,1
42.35,-83.06,1
42.35,-83.06,1
42.35,-83.06,1
42.35,-83.06,1
42.35,-83.06,1
42.35,-83.06,1
42.35,-83.06,1
42.35,-83.06,1
42.35,-83.06,1
42.35,-83.06,1
42.35,-83.06,1
42.35,-83.06,1
42.35,-83.06,1
42.35,-83.06,1
42.35,-83.06,1
42.35,-83.06,1
42.35,-83.06,1
42.35,-83.06,1
42.35,-83.06,1
42.35,-83.06,1
42.35,-83.06,1
42.35,-83.06,1
42.35,-83.06,1
42.35,-83.06,1
42.35,-83.06,1
42.35,-83.06,1
42.35,-83.06,1
42.35,-83.06,1
42.35,-83.06,1
42.35,-83.06,1
42.35,-83.06,1
42.35,-83.06,1
42.35,-83.06,1
42.35,-83.06,1
42.35,-83.06,1
42.35,-83.06,1
42.35,-83.06,1
42.35,-83.06,1
42.35,-83.06,1
42.35,-83.06,1
42.35,-83.06,1
42.35,-83.06,1
42.35,-83.06,1
42.35,-83.06,1
42.35,-83.06,1
42.35,-83.06,1
42.35,-83.06,1
42.35,-83.06,1
42.35,-83.06,1
42.35,-83.06,1
42.35,-83.06,1
42.35,-83.06,1
42.35,-83.06,1
42.35,-83.06,1
42.35,-83.06,1
42.35,-83.06,1
42.35,-83.06,1
42.35,-83.06,1
42.35,-83.06,1
42.35,-83.06,1
42.35,-83.06,1
42.35,-83.06,1
42.35,-83.06,1
42.35,-83.06,1
42.35,-83.06,1
42.35,-83.06,1
42.35,-83.06,1
42.35,-83.06,1
42.35,-83.06,1
42.35,-83.06,1
42.35,-83.06,1
42.35,-83.06,1
42.35,-83.06,1
42.35,-83.06,1
42.35,-83.06,1
42.35,-83.06,1
42.35,-83.06,1
42.35,-83.06,1
42.35,-83.06,1
42.35,-83.06,1
42.35,-83.06,1
42.35,-83.06,1
42.35,-83.06,1
42.35,-83.06,1
42.35,-83.06,1
42.35,-83.06,1
42.35,-83.06,1
42.35,-83.06,1
42.35,-83.06,1
42.35,-83.06,1
42.35,-83.06,1
42.35,-83.06,1
42.35,-83.06,1
42.35,-83.06,1
42.35,-83.06,1
42.35,-83.06,1
42.35,-83.06,1
42.35,-83.06,1
42.35,-83.06,1
42.35,-83.06,1
42.35,-83.06,1
42.35,-83.06,1
42.35,-83.06,1
42.35,-83.06,1
42.35,-83.06,1
42.35,-83.06,1
42.35,-83.06,1
42.35,-83.06,1
42.35,-83.06,1
42.35,-83.06,1
42.35,-83.06,1
42.35,-83.06,1
42.35,-83.06,1
42.35,-83.06,1
42.35,-83.06,1
42.35,-83.06,1
42.35,-83.06,1
42.35,-83.06,1
42.35,-83.06,1
42.35,-83.06,1
42.35,-83.06,1
42.35,-83.06,1
42.35,-83.06,1
42.35,-83.06,1
42.35,-83.06,1
42.35,-83.06,1
42.35,-83.06,1
42.35,-83.06,1
42.35,-83.06,1
42.35,-83.06,1
42.35,-83.06,1
42.35,-83.06,1
42.35,-83.06,1
42.35,-83.06,1
42.35,-83.06,1
42.35,-83.06,1
42.35,-83.06,1
42.35,-83.06,1
42.35,-83.06,1
42.35,-83.06,1
42.35,-83.06,1
42.35,-83.06,1
42.35,-83.06,1
42.35,-83.06,1
42.35,-83.06,1
42.35,-83.06,1
42.35,-83.06,1
42.35,-83.06,1
42.35,-83.06,1
42.35,-83.06,1
42.35,-83.06,1
42.35,-83.06,1
42.35,-83.06,1
42.35,-83.06,1
42.35,-83.06,1
42.35,-83.06,1
42.35,-83.06,1
42.35,-83.06,1
42.35,-83.06,1
42.35,-83.06,1
42.35,-83.06,1
42.35,-83.06,1
42.35,-83.06,1
42.35,-83.06,1
42.35,-83.06,1
42.35,-83.06,1
42.35,-83.06,1
42.35,-83.06,1
42.35,-83.06,1
42.35,-83.06,1
42.35,-83.06,1
42.35,-83.06,1
42.35,-83.06,1
42.35,-83.06,1
42.35,-83.06,1
42.35,-83.06,1
42.35,-83.06,1
42.35,-83.06,1
42.35,-83.06,1
42.35,-83.06,1
42.35,-83.06,1
42.35,-83.06,1
42.35,-83.06,1
42.35,-83.06,1
42.35,-83.06,1
42.35,-83.06,1
42.35,-83.06,1
42.35,-83.06,1
42.35,-83.06,1
42.35,-83.06,1
42.35,-83.06,1
42.35,-83.06,1
42.35,-83.06,1
42.35,-83.06,1
42.35,-83.06,1
42.35,-83.06,1
42.35,-83.06,1
42.35,-83.06,1
42.35,-83.06,1
42.35,-83.06,1
42.35,-83.06,1
42.35,-83.06,1
42.35,-83.06,1
42.35,-83.06,1
42.35,-83.06,1
42.35,-83.06,1
42.35,-83.06,1
42.35,-83.06,1
42.35,-83.06,1
42.35,-83.06,1
42.35,-83.06,1
42.35,-83.06,1
42.35,-83.06,1
42.35,-83.06,1
42.35,-83.06,1
42.35,-83.06,1
42.35,-83.06,1
42.35,-83.06,1
42.35,-83.06,1
42.35,-83.06,1
42.35,-83.06,1
42.35,-83.06,1
42.35,-83.06,1
42.35,-83.06,1
42.35,-83.06,1
42.35,-83.06,1
42.35,-83.06,1
42.35,-83.06,1
42.35,-83.06,1
42.35,-83.06,1
42.35,-83.06,1
42.35,-83.06,1
42.35,-83.06,1
42.35,-83.06,1
42.35,-83.06,1
42.35,-83.06,1
42.35,-83.06,1
42.35,-83.06,1
42.35,-83.06,1
42.35,-83.06,1
42.35,-83.06,1
42.35,-83.06,1
42.35,-83.06,1
42.35,-83.06,1
42.35,-83.06,1
42.35,-83.06,1
42.35,-83.06,1
42.35,-83.06,1
42.35,-83.06,1
42.35,-83.06,1
42.35,-83.06,1
42.35,-83.06,1
42.35,-83.06,1
42.35,-83.06,1
42.35,-83.06,1
42.35,-83.06,1
42.35,-83.06,1
42.35,-83.06,1
42.35,-83.06,1
42.35,-83.06,1
42.35,-83.06,1
42.35,-83.06,1
42.35,-83.06,1
42.35,-83.06,1
42.35,-83.06,1
42.35,-83.06,1
42.35,-83.06,1
42.35,-83.06,1
42.35,-83.06,1
42.35,-83.06,1
42.35,-83.06,1
42.35,-83.06,1
42.35,-83.06,1
42.35,-83.06,1
42.35,-83.06,1
42.35,-83.06,1
42.35,-83.06,1
42.35,-83.06,1
42.35,-83.06,1
42.35,-83.06,1
42.35,-83.06,1
42.35,-83.06,1
42.35,-83.06,1
42.35,-83.06,1
42.35,-83.06,1
42.35,-83.06,1
42.35,-83.06,1
42.35,-83.06,1
42.35,-83.06,1
42.35,-83.06,1
42.35,-83.06,1
42.35,-83.06,1
42.35,-83.06,1
42.35,-83.06,1
42.35,-83.06,1
42.35,-83.06,1
42.35,-83.06,1
42.35,-83.06,1
42.35,-83.06,1
42.35,-83.06,1
42.35,-83.06,1
42.35,-83.06,1
42.35,-83.06,1
42.35,-83.06,1
42.35,-83.06,1
42.35,-83.06,1
42.35,-83.06,1
42.35,-83.06,1
42.35,-83.06,1
42.35,-83.06,1
42.35,-83.06,1
42.35,-83.06,1
42.35,-83.06,1
42.35,-83.06,1
42.35,-83.06,1
42.35,-83.06,1
42.35,-83.06,1
42.35,-83.06,1
42.35,-83.06,1
42.35,-83.06,1
42.35,-83.06,1
42.35,-83.06,1
42.35,-83.06,1
42.35,-83.06,1
42.35,-83.06,1
42.35,-83.06,1
42.35,-83.06,1
42.35,-83.06,1
42.35,-83.06,1
42.35,-83.06,1
42.35,-83.06,1
42.35,-83.06,1
42.35,-83.06,1
42.35,-83.06,1
42.35,-83.06,1
42.35,-83.06,1
42.35,-83.06,1
42.35,-83.06,1
42.35,-83.06,1
42.35,-83.06,1
42.35,-83.06,1
42.35,-83.06,1
42.35,-83.06,1
42.35,-83.06,1
42.35,-83.06,1
42.35,-83.06,1
42.35,-83.06,1
42.35,-83.06,1
42.35,-83.06,1
42.35,-83.06,1
42.35,-83.06,1
42.35,-83.06,1
42.35,-83.06,1
42.35,-83.06,1
42.35,-83.06,1
42.35,-83.06,1
42.35,-83.06,1
42.35,-83.06,1
42.35,-83.06,1
42.35,-83.06,1
42.35,-83.06,1
42.35,-83.06,1
42.35,-83.06,1
42.35,-83.06,1
42.35,-83.06,1
42.35,-83.06,1
42.35,-83.06,1
42.35,-83.06,1
42.35,-83.06,1
42.35,-83.06,1
42.35,-83.06,1
42.35,-83.06,1
42.35,-83.06,1
42.35,-83.06,1
42.35,-83.06,1
42.35,-83.06,1
42.35,-83.06,1
42.35,-83.06,1
42.35,-83.06,1
42.35,-83.06,1
42.35,-83.06,1
42.35,-83.06,1
42.35,-83.06,1
42.35,-83.06,1
42.35,-83.06,1
42.35,-83.06,1
42.35,-83.06,1
42.35,-83.06,1
42.35,-83.06,1
42.35,-83.06,1
42.35,-83.06,1
42.35,-83.06,1
42.35,-83.06,1
42.35,-83.06,1
42.35,-83.06,1
42.35,-83.06,1
42.35,-83.06,1
42.35,-83.06,1
42.35,-83.06,1
42.35,-83.06,1
42.35,-83.06,1
42.35,-83.06,1
42.35,-83.06,1
42.35,-83.06,1
42.35,-83.06,1
42.35,-83.06,1
42.35,-83.06,1
42.35,-83.06,1
42.35,-83.06,1
42.35,-83.06,1
42.35,-83.06,1
42.35,-83.06,1
42.35,-83.06,1
42.35,-83.06,1
42.35,-83.06,1
42.35,-83.06,1
42.35,-83.06,1
42.35,-83.06,1
42.35,-83.06,1
42.35,-83.06,1
42.35,-83.06,1
42.35,-83.06,1
42.35,-83.06,1
42.35,-83.06,1
42.35,-83.06,1
42.35,-83.06,1
42.35,-83.06,1
42.35,-83.06,1
42.35,-83.06,1
42.35,-83.06,1
42.35,-83.06,1
42.35,-83.06,1
42.35,-83.06,1
42.35,-83.06,1
42.35,-83.06,1
42.35,-83.06,1
42.35,-83.06,1
42.35,-83.06,1
42.35,-83.06,1
42.35,-83.06,1
42.35,-83.06,1
42.35,-83.06,1
42.35,-83.06,1
42.35,-83.06,1
42.35,-83.06,1
42.35,-83.06,1
42.35,-83.06,1
42.35,-83.06,1
42.35,-83.06,1
42.35,-83.06,1
42.35,-83.06,1
42.35,-83.06,1
42.35,-83.06,1
42.35,-83.06,1
42.35,-83.06,1
42.35,-83.06,1
42.35,-83.06,1
42.35,-83.06,1
42.35,-83.06,1
42.35,-83.06,1
42.35,-83.06,1
42.35,-83.06,1
42.35,-83.06,1
42.35,-83.06,1
42.35,-83.06,1
42.35,-83.06,1
42.35,-83.06,1
42.35,-83.06,1
42.35,-83.06,1
42.35,-83.06,1
42.35,-83.06,1
42.35,-83.06,1
42.35,-83.06,1
42.35,-83.06,1
42.35,-83.06,1
42.35,-83.06,1
42.35,-83.06,1
42.35,-83.06,1
42.35,-83.06,1
42.35,-83.06,1
42.35,-83.06,1
42.35,-83.06,1
42.35,-83.06,1
42.35,-83.06,1
42.35,-83.06,1
42.35,-83.06,1
42.35,-83.06,1
42.35,-83.06,1
42.35,-83.06,1
42.35,-83.06,1
42.35,-83.06,1
42.35,-83.06,1
42.35,-83.06,1
42.35,-83.06,1
42.35,-83.06,1
42.35,-83.06,1
42.35,-83.06,1
42.35,-83.06,1
42.35,-83.06,1
42.35,-83.06,1
42.35,-83.06,1
42.35,-83.06,1
42.35,-83.06,1
42.35,-83.06,1
42.35,-83.06,1
42.35,-83.06,1
42.35,-83.06,1
42.35,-83.06,1
42.35,-83.06,1
42.35,-83.06,1
42.35,-83.06,1
42.35,-83.06,1
42.35,-83.06,1
42.35,-83.06,1
42.35,-83.06,1
42.35,-83.06,1
42.35,-83.06,1
42.35,-83.06,1
42.35,-83.06,1
42.35,-83.06,1
42.35,-83.06,1
42.35,-83.06,1
42.35,-83.06,1
42.35,-83.06,1
42.35,-83.06,1
42.35,-83.06,1
42.35,-83.06,1
42.35,-83.06,1
42.35,-83.06,1
42.35,-83.06,1
42.35,-83.06,1
42.35,-83.06,1
42.35,-83.06,1
42.35,-83.06,1
42.35,-83.06,1
42.35,-83.06,1
42.35,-83.06,1
42.35,-83.06,1
42.35,-83.06,1
42.35,-83.06,1
42.35,-83.06,1
42.35,-83.06,1
42.35,-83.06,1
42.35,-83.06,1
42.35,-83.06,1
42.35,-83.06,1
42.35,-83.06,1
42.35,-83.06,1
42.35,-83.06,1
42.35,-83.06,1
42.35,-83.06,1
42.35,-83.06,1
42.35,-83.06,1
42.35,-83.06,1
42.35,-83.06,1
42.35,-83.06,1
42.35,-83.06,1
42.35,-83.06,1
42.35,-83.06,1
42.35,-83.06,1
42.35,-83.06,1
42.35,-83.06,1
42.35,-83.06,1
42.35,-83.06,1
42.35,-83.06,1
42.35,-83.06,1
42.35,-83.06,1
42.35,-83.06,1
42.35,-83.06,1
42.35,-83.06,1
42.35,-83.06,1
42.35,-83.06,1
42.35,-83.06,1
42.35,-83.06,1
42.35,-83.06,1
42.35,-83.06,1
42.35,-83.06,1
42.35,-83.06,1
42.35,-83.06,1
42.35,-83.06,1
42.35,-83.06,1
42.35,-83.06,1
42.35,-83.06,1
42.35,-83.06,1
42.35,-83.06,1
42.35,-83.06,1
42.35,-83.06,1
42.35,-83.06,1
42.35,-83.06,1
42.35,-83.06,1
42.35,-83.06,1
42.35,-83.06,1
42.35,-83.06,1
42.35,-83.06,1
42.35,-83.06,1
42.35,-83.06,1
42.35,-83.06,1
42.35,-83.06,1
42.35,-83.06,1
42.35,-83.06,1
42.35,-83.06,1
42.35,-83.06,1
42.35,-83.06,1
42.35,-83.06,1
42.35,-83.06,1
42.35,-83.06,1
42.35,-83.06,1
42.35,-83.06,1
42.35,-83.06,1
42.35,-83.06,1
42.35,-83.06,1
42.35,-83.06,1
42.35,-83.06,1
42.35,-83.06,1
42.35,-83.06,1
42.35,-83.06,1
42.35,-83.06,1
42.35,-83.06,1
42.35,-83.06,1
42.35,-83.06,1
42.35,-83.06,1
42.35,-83.06,1
42.35,-83.06,1
42.35,-83.06,1
42.35,-83.06,1
42.35,-83.06,1
42.35,-83.06,1
42.35,-83.06,1
42.35,-83.06,1
42.35,-83.06,1
42.35,-83.06,1
42.35,-83.06,1
42.35,-83.06,1
42.35,-83.06,1
42.35,-83.06,1
42.35,-83.06,1
42.35,-83.06,1
42.35,-83.06,1
42.35,-83.06,1
42.35,-83.06,1
42.35,-83.06,1
42.35,-83.06,1
42.35,-83.06,1
42.35,-83.06,1
42.35,-83.06,1
42.35,-83.06,1
42.35,-83.06,1
42.35,-83.06,1
42.35,-83.06,1
42.35,-83.06,1
42.35,-83.06,1
42.35,-83.06,1
42.35,-83.06,1
42.35,-83.06,1
42.35,-83.06,1
42.35,-83.06,1
42.35,-83.06,1
42.35,-83.06,1
42.35,-83.06,1
42.35,-83.06,1
42.35,-83.06,1
42.35,-83.06,1
42.35,-83.06,1
42.35,-83.06,1
42.35,-83.06,1
42.35,-83.06,1
42.35,-83.06,1
42.35,-83.06,1
42.35,-83.06,1
42.35,-83.06,1
42.35,-83.06,1
42.35,-83.06,1
42.35,-83.06,1
42.35,-83.06,1
42.35,-83.06,1
42.35,-83.06,1
42.35,-83.06,1
42.35,-83.06,1
42.35,-83.06,1
42.35,-83.06,1
42.35,-83.06,1
42.35,-83.06,1
42.35,-83.06,1
42.35,-83.06,1
42.35,-83.06,1
42.35,-83.06,1
42.35,-83.06,1
42.35,-83.06,1
42.35,-83.06,1
42.35,-83.06,1
42.35,-83.06,1
42.35,-83.06,1
42.35,-83.06,1
42.35,-83.06,1
42.35,-83.06,1
42.35,-83.06,1
42.35,-83.06,1
42.35,-83.06,1
42.35,-83.06,1
42.35,-83.06,1
42.35,-83.06,1
42.35,-83.06,1
42.35,-83.06,1
42.35,-83.06,1
42.35,-83.06,1
42.35,-83.06,1
42.35,-83.06,1
42.35,-83.06,1
42.35,-83.06,1
42.35,-83.06,1
42.35,-83.06,1
42.35,-83.06,1
42.35,-83.06,1
42.35,-83.06,1
42.35,-83.06,1
42.35,-83.06,1
42.35,-83.06,1
42.35,-83.06,1
42.35,-83.06,1
42.35,-83.06,1
42.35,-83.06,1
42.35,-83.06,1
42.35,-83.06,1
42.35,-83.06,1
42.35,-83.06,1
42.35,-83.06,1
42.35,-83.06,1
42.35,-83.06,1
42.35,-83.06,1
42.35,-83.06,1
42.35,-83.06,1
42.35,-83.06,1
42.35,-83.06,1
42.35,-83.06,1
42.35,-83.06,1
42.35,-83.06,1
42.35,-83.06,1
42.35,-83.06,1
42.35,-83.06,1
42.35,-83.06,1
42.35,-83.06,1
42.35,-83.06,1
42.35,-83.06,1
42.35,-83.06,1
42.35,-83.06,1
42.35,-83.06,1
42.35,-83.06,1
42.35,-83.06,1
42.35,-83.06,1
42.35,-83.06,1
42.35,-83.06,1
42.35,-83.06,1
42.35,-83.06,1
42.35,-83.06,1
42.35,-83.06,1
42.35,-83.06,1
42.35,-83.06,1
42.35,-83.06,1
42.35,-83.06,1
42.35,-83.06,1
42.35,-83.06,1
42.35,-83.06,1
42.35,-83.06,1
42.35,-83.06,1
42.35,-83.06,1
42.35,-83.06,1
42.35,-83.06,1
42.35,-83.06,1
42.35,-83.06,1
42.35,-83.06,1
42.35,-83.06,1
42.35,-83.06,1
42.35,-83.06,1
42.35,-83.06,1
42.35,-83.06,1
42.35,-83.06,1
42.35,-83.06,1
42.35,-83.06,1
42.35,-83.06,1
42.35,-83.06,1
42.35,-83.06,1
42.35,-83.06,1
42.35,-83.06,1
42.35,-83.06,1
42.35,-83.06,1
42.35,-83.06,1
42.35,-83.06,1
42.35,-83.06,1
42.35,-83.06,1
42.35,-83.06,1
42.35,-83.06,1
42.35,-83.06,1
42.35,-83.06,1
42.35,-83.06,1
42.35,-83.06,1
42.35,-83.06,1
42.35,-83.06,1
42.35,-83.06,1
42.35,-83.06,1
42.35,-83.06,1
42.35,-83.06,1
42.35,-83.06,1
42.35,-83.06,1
42.35,-83.06,1
42.35,-83.06,1
42.35,-83.06,1
42.35,-83.06,1
42.35,-83.06,1
42.35,-83.06,1
42.35,-83.06,1
42.35,-83.06,1
42.35,-83.06,1
42.35,-83.06,1
42.35,-83.06,1
42.35,-83.06,1
42.35,-83.06,1
42.35,-83.06,1
42.35,-83.06,1
42.35,-83.06,1
42.35,-83.06,1
42.35,-83.06,1
42.35,-83.06,1
42.35,-83.06,1
42.35,-83.06,1
42.35,-83.06,1
42.35,-83.06,1
42.35,-83.06,1
42.35,-83.06,1
42.35,-83.06,1
42.35,-83.06,1
42.35,-83.06,1
42.35,-83.06,1
42.35,-83.06,1
42.35,-83.06,1
42.35,-83.06,1
42.35,-83.06,1
42.35,-83.06,1
42.35,-83.06,1
42.35,-83.06,1
42.35,-83.06,1
42.35,-83.06,1
42.35,-83.06,1
42.35,-83.06,1
42.35,-83.06,1
42.35,-83.06,1
42.35,-83.06,1
42.35,-83.06,1
42.35,-83.06,1
42.35,-83.06,1
42.35,-83.06,1
42.35,-83.06,1
42.35,-83.06,1
42.35,-83.06,1
42.35,-83.06,1
42.35,-83.06,1
42.35,-83.06,1
42.35,-83.06,1
42.35,-83.06,1
42.35,-83.06,1
42.35,-83.06,1
42.35,-83.06,1
42.35,-83.06,1
42.35,-83.06,1
42.35,-83.06,1
42.35,-83.06,1
42.35,-83.06,1
42.35,-83.06,1
42.35,-83.06,1
42.35,-83.06,1
42.35,-83.06,1
42.35,-83.06,1
42.35,-83.06,1
42.35,-83.06,1
42.35,-83.06,1
42.35,-83.06,1
42.35,-83.06,1
42.35,-83.06,1
42.35,-83.06,1
42.35,-83.06,1
42.35,-83.06,1
42.35,-83.06,1
42.35,-83.06,1
42.35,-83.06,1
42.35,-83.06,1
42.35,-83.06,1
42.35,-83.06,1
42.35,-83.06,1
42.35,-83.06,1
42.35,-83.06,1
42.35,-83.06,1
42.35,-83.06,1
42.35,-83.06,1
42.35,-83.06,1
42.35,-83.06,1
42.35,-83.06,1
42.35,-83.06,1
42.35,-83.06,1
42.35,-83.06,1
42.35,-83.06,1
42.35,-83.06,1
42.35,-83.06,1
42.35,-83.06,1
42.35,-83.06,1
42.35,-83.06,1
42.35,-83.06,1
42.35,-83.06,1
42.35,-83.06,1
42.35,-83.06,1
42.35,-83.06,1
42.35,-83.06,1
42.35,-83.06,1
42.35,-83.06,1
42.35,-83.06,1
42.35,-83.06,1
42.35,-83.06,1
42.35,-83.06,1
42.35,-83.06,1
42.35,-83.06,1
42.35,-83.06,1
42.35,-83.06,1
42.35,-83.06,1
42.35,-83.06,1
42.35,-83.06,1
42.35,-83.06,1
42.35,-83.06,1
42.35,-83.06,1
42.35,-83.06,1
42.35,-83.06,1
42.35,-83.06,1
42.35,-83.06,1
42.35,-83.06,1
42.35,-83.06,1
42.35,-83.06,1
42.35,-83.06,1
42.35,-83.06,1
42.35,-83.06,1
42.35,-83.06,1
42.35,-83.06,1
42.35,-83.06,1
42.35,-83.06,1
42.35,-83.06,1
42.35,-83.06,1
42.35,-83.06,1
42.35,-83.06,1
42.35,-83.06,1
42.35,-83.06,1
42.35,-83.06,1
42.35,-83.06,1
42.35,-83.06,1
42.35,-83.06,1
42.35,-83.06,1
42.35,-83.06,1
42.35,-83.06,1
42.35,-83.06,1
42.35,-83.06,1
42.35,-83.06,1
42.35,-83.06,1
42.35,-83.06,1
42.35,-83.06,1
42.35,-83.06,1
42.35,-83.06,1
42.35,-83.06,1
42.35,-83.06,1
42.35,-83.06,1
42.35,-83.06,1
42.35,-83.06,1
42.35,-83.06,1
42.35,-83.06,1
42.35,-83.06,1
42.35,-83.06,1
42.35,-83.06,1
42.35,-83.06,1
42.35,-83.06,1
42.35,-83.06,1
42.35,-83.06,1
42.35,-83.06,1
42.35,-83.06,1
42.35,-83.06,1
42.35,-83.06,1
42.35,-83.06,1
42.35,-83.06,1
42.35,-83.06,1
42.35,-83.06,1
42.35,-83.06,1
42.35,-83.06,1
42.35,-83.06,1
42.35,-83.06,1
42.35,-83.06,1
42.35,-83.06,1
42.35,-83.06,1
42.35,-83.06,1
42.35,-83.06,1
42.35,-83.06,1
42.35,-83.06,1
42.35,-83.06,1
42.35,-83.06,1
42.35,-83.06,1
42.35,-83.06,1
42.35,-83.06,1
42.35,-83.06,1
42.35,-83.06,1
42.35,-83.06,1
42.35,-83.06,1
42.35,-83.06,1
42.35,-83.06,1
42.35,-83.06,1
42.35,-83.06,1
42.35,-83.06,1
42.35,-83.06,1
42.35,-83.06,1
42.35,-83.06,1
42.35,-83.06,1
42.35,-83.06,1
42.35,-83.06,1
42.35,-83.06,1
42.35,-83.06,1
42.35,-83.06,1
42.35,-83.06,1
42.35,-83.06,1
42.35,-83.06,1
42.35,-83.06,1
42.35,-83.06,1
42.35,-83.06,1
42.35,-83.06,1
42.35,-83.06,1
42.35,-83.06,1
42.35,-83.06,1
42.35,-83.06,1
42.35,-83.06,1
42.35,-83.06,1
42.35,-83.06,1
42.35,-83.06,1
42.35,-83.06,1
42.35,-83.06,1
42.35,-83.06,1
42.35,-83.06,1
42.35,-83.06,1
42.35,-83.06,1
42.35,-83.06,1
42.35,-83.06,1
42.35,-83.06,1
42.35,-83.06,1
42.35,-83.06,1
42.35,-83.06,1
42.35,-83.06,1
42.35,-83.06,1
42.35,-83.06,1
42.35,-83.06,1
42.35,-83.06,1
42.35,-83.06,1
42.35,-83.06,1
42.35,-83.06,1
42.35,-83.06,1
42.35,-83.06,1
42.35,-83.06,1
42.35,-83.06,1
42.35,-83.06,1
42.35,-83.06,1
42.35,-83.06,1
42.35,-83.06,1
42.35,-83.06,1
42.35,-83.06,1
42.35,-83.06,1
42.35,-83.06,1
42.35,-83.06,1
42.35,-83.06,1
42.35,-83.06,1
42.35,-83.06,1
42.35,-83.06,1
42.35,-83.06,1
42.35,-83.06,1
42.35,-83.06,1
42.35,-83.06,1
42.35,-83.06,1
42.35,-83.06,1
42.35,-83.06,1
42.35,-83.06,1
42.35,-83.06,1
42.35,-83.06,1
42.35,-83.06,1
42.35,-83.06,1
42.35,-83.06,1
42.35,-83.06,1
42.35,-83.06,1
42.35,-83.06,1
42.35,-83.06,1
42.35,-83.06,1
42.35,-83.06,1
42.35,-83.06,1
42.35,-83.06,1
42.35,-83.06,1
42.35,-83.06,1
42.35,-83.06,1
42.35,-83.06,1
42.35,-83.06,1
42.35,-83.06,1
42.35,-83.06,1
42.35,-83.06,1
42.35,-83.06,1
42.35,-83.06,1
42.35,-83.06,1
42.35,-83.06,1
42.35,-83.06,1
42.35,-83.06,1
42.35,-83.06,1
42.35,-83.06,1
42.35,-83.06,1
42.35,-83.06,1
42.35,-83.06,1
42.35,-83.06,1
42.35,-83.06,1
42.35,-83.06,1
42.35,-83.06,1
42.35,-83.06,1
42.35,-83.06,1
42.35,-83.06,1
42.35,-83.06,1
42.35,-83.06,1
42.35,-83.06,1
42.35,-83.06,1
42.35,-83.06,1
42.35,-83.06,1
42.35,-83.06,1
42.35,-83.06,1
42.35,-83.06,1
42.35,-83.06,1
42.35,-83.06,1
42.35,-83.06,1
42.35,-83.06,1
42.35,-83.06,1
42.35,-83.06,1
42.35,-83.06,1
42.35,-83.06,1
42.35,-83.06,1
42.35,-83.06,1
42.35,-83.06,1
42.35,-83.06,1
42.35,-83.06,1
42.35,-83.06,1
42.35,-83.06,1
42.35,-83.06,1
42.35,-83.06,1
42.35,-83.06,1
42.35,-83.06,1
42.35,-83.06,1
42.35,-83.06,1
42.35,-83.06,1
42.35,-83.06,1
42.35,-83.06,1
42.35,-83.06,1
42.35,-83.06,1
42.35,-83.06,1
42.35,-83.06,1
42.35,-83.06,1
42.35,-83.06,1
42.35,-83.06,1
42.35,-83.06,1
42.35,-83.06,1
42.35,-83.06,1
42.35,-83.06,1
42.35,-83.06,1
42.35,-83.06,1
42.35,-83.06,1
42.35,-83.06,1
42.35,-83.06,1
42.35,-83.06,1
42.35,-83.06,1
42.35,-83.06,1
42.35,-83.06,1
42.35,-83.06,1
42.35,-83.06,1
42.35,-83.06,1
42.35,-83.06,1
42.35,-83.06,1
42.35,-83.06,1
42.35,-83.06,1
42.35,-83.06,1
42.35,-83.06,1
42.35,-83.06,1
42.35,-83.06,1
42.35,-83.06,1
42.35,-83.06,1
42.35,-83.06,1
42.35,-83.06,1
42.35,-83.06,1
42.35,-83.06,1
42.35,-83.06,1
42.35,-83.06,1
42.35,-83.06,1
42.35,-83.06,1
42.35,-83.06,1
42.35,-83.06,1
42.35,-83.06,1
42.35,-83.06,1
42.35,-83.06,1
42.35,-83.06,1
42.35,-83.06,1
42.35,-83.06,1
42.35,-83.06,1
42.35,-83.06,1
42.35,-83.06,1
42.35,-83.06,1
42.35,-83.06,1
42.35,-83.06,1
42.35,-83.06,1
42.35,-83.06,1
42.35,-83.06,1
42.35,-83.06,1
42.35,-83.06,1
42.35,-83.06,1
42.35,-83.06,1
42.35,-83.06,1
42.35,-83.06,1
42.35,-83.06,1
42.35,-83.06,1
42.35,-83.06,1
42.35,-83.06,1
42.35,-83.06,1
42.35,-83.06,1
42.35,-83.06,1
42.35,-83.06,1
42.35,-83.06,1
42.35,-83.06,1
42.35,-83.06,1
42.35,-83.06,1
42.35,-83.06,1
42.35,-83.06,1
42.35,-83.06,1
42.35,-83.06,1
42.35,-83.06,1
42.35,-83.06,1
42.35,-83.06,1
42.35,-83.06,1
42.35,-83.06,1
42.35,-83.06,1
42.35,-83.06,1
42.35,-83.06,1
42.35,-83.06,1
42.35,-83.06,1
42.35,-83.06,1
42.35,-83.06,1
42.35,-83.06,1
42.35,-83.06,1
42.35,-83.06,1
42.35,-83.06,1
42.35,-83.06,1
42.35,-83.06,1
42.35,-83.06,1
42.35,-83.06,1
42.35,-83.06,1
42.35,-83.06,1
42.35,-83.06,1
42.35,-83.06,1
42.35,-83.06,1
42.35,-83.06,1
42.35,-83.06,1
42.35,-83.06,1
42.35,-83.06,1
42.35,-83.06,1
42.35,-83.06,1
42.35,-83.06,1
42.35,-83.06,1
42.35,-83.06,1
42.35,-83.06,1
42.35,-83.06,1
42.35,-83.06,1
42.35,-83.06,1
42.35,-83.06,1
42.35,-83.06,1
42.35,-83.06,1
42.35,-83.06,1
42.35,-83.06,1
42.35,-83.06,1
42.35,-83.06,1
42.35,-83.06,1
42.35,-83.06,1
42.35,-83.06,1
42.35,-83.06,1
42.35,-83.06,1
42.35,-83.06,1
42.35,-83.06,1
42.35,-83.06,1
42.35,-83.06,1
42.35,-83.06,1
42.35,-83.06,1
42.35,-83.06,1
42.35,-83.06,1
42.35,-83.06,1
42.35,-83.06,1
42.35,-83.06,1
42.35,-83.06,1
42.35,-83.06,1
42.35,-83.06,1
42.35,-83.06,1
42.35,-83.06,1
42.35,-83.06,1
42.35,-83.06,1
42.35,-83.06,1
42.35,-83.06,1
42.35,-83.06,1
42.35,-83.06,1
42.35,-83.06,1
42.35,-83.06,1
42.35,-83.06,1
42.35,-83.06,1
42.35,-83.06,1
42.35,-83.06,1
42.35,-83.06,1
42.35,-83.06,1
42.35,-83.06,1
42.35,-83.06,1
42.35,-83.06,1
42.35,-83.06,1
42.35,-83.06,1
42.35,-83.06,1
42.35,-83.06,1
42.35,-83.06,1
42.35,-83.06,1
42.35,-83.06,1
42.35,-83.06,1
42.35,-83.06,1
42.35,-83.06,1
42.35,-83.06,1
42.35,-83.06,1
42.35,-83.06,1
42.35,-83.06,1
42.35,-83.06,1
42.35,-83.06,1
42.35,-83.06,1
42.35,-83.06,1
42.35,-83.06,1
42.35,-83.06,1
42.35,-83.06,1
42.35,-83.06,1
42.35,-83.06,1
42.35,-83.06,1
42.35,-83.06,1
42.35,-83.06,1
42.35,-83.06,1
42.35,-83.06,1
42.35,-83.06,1
42.35,-83.06,1
42.35,-83.06,1
42.35,-83.06,1
42.35,-83.06,1
42.35,-83.06,1
42.35,-83.06,1
42.35,-83.06,1
42.35,-83.06,1
42.35,-83.06,1
42.35,-83.06,1
42.35,-83.06,1
42.35,-83.06,1
42.35,-83.06,1
42.35,-83.06,1
42.35,-83.06,1
42.35,-83.06,1
42.35,-83.06,1
42.35,-83.06,1
42.35,-83.06,1
42.35,-83.06,1
42.35,-83.06,1
42.35,-83.06,1
42.35,-83.06,1
42.35,-83.06,1
42.35,-83.06,1
42.35,-83.06,1
42.35,-83.06,1
42.35,-83.06,1
42.35,-83.06,1
42.35,-83.06,1
42.35,-83.06,1
42.35,-83.06,1
42.35,-83.06,1
42.35,-83.06,1
42.35,-83.06,1
42.35,-83.06,1
42.35,-83.06,1
42.35,-83.06,1
42.35,-83.06,1
42.35,-83.06,1
42.35,-83.06,1
42.35,-83.06,1
42.35,-83.06,1
42.35,-83.06,1
42.35,-83.06,1
42.35,-83.06,1
42.35,-83.06,1
42.35,-83.06,1
42.35,-83.06,1
42.35,-83.06,1
42.35,-83.06,1
42.35,-83.06,1
42.35,-83.06,1
42.35,-83.06,1
42.35,-83.06,1
42.35,-83.06,1
42.35,-83.06,1
42.35,-83.06,1
42.35,-83.06,1
42.35,-83.06,1
42.35,-83.06,1
42.35,-83.06,1
42.35,-83.06,1
42.35,-83.06,1
42.35,-83.06,1
42.35,-83.06,1
42.35,-83.06,1
42.35,-83.06,1
42.35,-83.06,1
42.35,-83.06,1
42.35,-83.06,1
42.35,-83.06,1
42.35,-83.06,1
42.35,-83.06,1
42.35,-83.06,1
42.35,-83.06,1
42.35,-83.06,1
42.35,-83.06,1
42.35,-83.06,1
42.35,-83.06,1
42.35,-83.06,1
42.35,-83.06,1
42.35,-83.06,1
42.35,-83.06,1
42.35,-83.06,1
42.35,-83.06,1
42.35,-83.06,1
42.35,-83.06,1
42.35,-83.06,1
42.35,-83.06,1
42.35,-83.06,1
42.35,-83.06,1
42.35,-83.06,1
42.35,-83.06,1
42.35,-83.06,1
42.35,-83.06,1
42.35,-83.06,1
42.35,-83.06,1
42.35,-83.06,1
42.35,-83.06,1
42.35,-83.06,1
42.35,-83.06,1
42.35,-83.06,1
42.35,-83.06,1
42.35,-83.06,1
42.35,-83.06,1
42.35,-83.06,1
42.35,-83.06,1
42.35,-83.06,1
42.35,-83.06,1
42.35,-83.06,1
42.35,-83.06,1
42.35,-83.06,1
42.35,-83.06,1
42.35,-83.06,1
42.35,-83.06,1
42.35,-83.06,1
42.35,-83.06,1
42.35,-83.06,1
42.35,-83.06,1
42.35,-83.06,1
42.35,-83.06,1
42.35,-83.06,1
42.35,-83.06,1
42.35,-83.06,1
42.35,-83.06,1
42.35,-83.06,1
42.35,-83.06,1
42.35,-83.06,1
42.35,-83.06,1
42.35,-83.06,1
42.35,-83.06,1
42.35,-83.06,1
42.35,-83.06,1
42.35,-83.06,1
42.35,-83.06,1
42.35,-83.06,1
42.35,-83.06,1
42.35,-83.06,1
42.35,-83.06,1
42.35,-83.06,1
42.35,-83.06,1
42.35,-83.06,1
42.35,-83.06,1
42.35,-83.06,1
42.35,-83.06,1
42.35,-83.06,1
42.35,-83.06,1
42.35,-83.06,1
42.35,-83.06,1
42.35,-83.06,1
42.35,-83.06,1
42.35,-83.06,1
42.35,-83.06,1
42.35,-83.06,1
42.35,-83.06,1
42.35,-83.06,1
42.35,-83.06,1
42.35,-83.06,1
42.35,-83.06,1
42.35,-83.06,1
42.35,-83.06,1
42.35,-83.06,1
42.35,-83.06,1
42.35,-83.06,1
42.35,-83.06,1
42.35,-83.06,1
42.35,-83.06,1
42.35,-83.06,1
42.35,-83.06,1
42.35,-83.06,1
42.35,-83.06,1
42.35,-83.06,1
42.35,-83.06,1
42.35,-83.06,1
42.35,-83.06,1
42.35,-83.06,1
42.35,-83.06,1
42.35,-83.06,1
42.35,-83.06,1
42.35,-83.06,1
42.35,-83.06,1
42.35,-83.06,1
42.35,-83.06,1
42.35,-83.06,1
42.35,-83.06,1
42.35,-83.06,1
42.35,-83.06,1
42.35,-83.06,1
42.35,-83.06,1
42.35,-83.06,1
42.35,-83.06,1
42.35,-83.06,1
42.35,-83.06,1
42.35,-83.06,1
42.35,-83.06,1
42.35,-83.06,1
42.35,-83.06,1
42.35,-83.06,1
42.35,-83.06,1
42.35,-83.06,1
42.35,-83.06,1
42.35,-83.06,1
42.35,-83.06,1
42.35,-83.06,1
42.35,-83.06,1
42.35,-83.06,1
42.35,-83.06,1
42.35,-83.06,1
42.35,-83.06,1
42.35,-83.06,1
42.35,-83.06,1
42.35,-83.06,1
42.35,-83.06,1
42.35,-83.06,1
42.35,-83.06,1
42.35,-83.06,1
42.35,-83.06,1
42.35,-83.06,1
42.35,-83.06,1
42.35,-83.06,1
42.35,-83.06,1
42.35,-83.06,1
42.35,-83.06,1
42.35,-83.06,1
42.35,-83.06,1
42.35,-83.06,1
42.35,-83.06,1
42.35,-83.06,1
42.35,-83.06,1
42.35,-83.06,1
42.35,-83.06,1
42.35,-83.06,1
42.35,-83.06,1
42.35,-83.06,1
42.35,-83.06,1
42.35,-83.06,1
42.35,-83.06,1
42.35,-83.06,1
42.35,-83.06,1
42.35,-83.06,1
42.35,-83.06,1
42.35,-83.06,1
42.35,-83.06,1
42.35,-83.06,1
42.35,-83.06,1
42.35,-83.06,1
42.35,-83.06,1
42.35,-83.06,1
42.35,-83.06,1
42.35,-83.06,1
42.35,-83.06,1
42.35,-83.06,1
42.35,-83.06,1
42.35,-83.06,1
42.35,-83.06,1
42.35,-83.06,1
42.35,-83.06,1
42.35,-83.06,1
42.35,-83.06,1
42.35,-83.06,1
42.35,-83.06,1
42.35,-83.06,1
42.35,-83.06,1
42.35,-83.06,1
42.35,-83.06,1
42.35,-83.06,1
42.35,-83.06,1
42.35,-83.06,1
42.35,-83.06,1
42.35,-83.06,1
42.35,-83.06,1
42.35,-83.06,1
42.35,-83.06,1
42.35,-83.06,1
42.35,-83.06,1
42.35,-83.06,1
42.35,-83.06,1
42.35,-83.06,1
42.35,-83.06,1
42.35,-83.06,1
42.35,-83.06,1
42.35,-83.06,1
42.35,-83.06,1
42.35,-83.06,1
42.35,-83.06,1
42.35,-83.06,1
42.35,-83.06,1
42.35,-83.06,1
42.35,-83.06,1
42.35,-83.06,1
42.35,-83.06,1
42.35,-83.06,1
42.35,-83.06,1
42.35,-83.06,1
42.35,-83.06,1
42.35,-83.06,1
42.35,-83.06,1
42.35,-83.06,1
42.35,-83.06,1
42.35,-83.06,1
42.35,-83.06,1
42.35,-83.06,1
42.35,-83.06,1
42.35,-83.06,1
42.35,-83.06,1
42.35,-83.06,1
42.35,-83.06,1
42.35,-83.06,1
42.35,-83.06,1
42.35,-83.06,1
42.35,-83.06,1
42.35,-83.06,1
42.35,-83.06,1
42.35,-83.06,1
42.35,-83.06,1
42.35,-83.06,1
42.35,-83.06,1
42.35,-83.06,1
42.35,-83.06,1
42.35,-83.06,1
42.35,-83.06,1
42.35,-83.06,1
42.35,-83.06,1
42.35,-83.06,1
42.35,-83.06,1
42.35,-83.06,1
42.35,-83.06,1
42.35,-83.06,1
42.35,-83.06,1
42.35,-83.06,1
42.35,-83.06,1
42.35,-83.06,1
42.35,-83.06,1
42.35,-83.06,1
42.35,-83.06,1
42.35,-83.06,1
42.35,-83.06,1
42.35,-83.06,1
42.35,-83.06,1
42.35,-83.06,1
42.35,-83.06,1
42.35,-83.06,1
42.35,-83.06,1
42.35,-83.06,1
42.35,-83.06,1
42.35,-83.06,1
42.35,-83.06,1
42.35,-83.06,1
42.35,-83.06,1
42.35,-83.06,1
42.35,-83.06,1
42.35,-83.06,1
42.35,-83.06,1
42.35,-83.06,1
42.35,-83.06,1
42.35,-83.06,1
42.35,-83.06,1
42.35,-83.06,1
42.35,-83.06,1
42.35,-83.06,1
42.35,-83.06,1
42.35,-83.06,1
42.35,-83.06,1
42.35,-83.06,1
42.35,-83.06,1
42.35,-83.06,1
42.35,-83.06,1
42.35,-83.06,1
42.35,-83.06,1
42.35,-83.06,1
42.35,-83.06,1
42.35,-83.06,1
42.35,-83.06,1
42.35,-83.06,1
42.35,-83.06,1
42.35,-83.06,1
42.35,-83.06,1
42.35,-83.06,1
42.35,-83.06,1
42.35,-83.06,1
42.35,-83.06,1
42.35,-83.06,1
42.35,-83.06,1
42.35,-83.06,1
42.35,-83.06,1
42.35,-83.06,1
42.35,-83.06,1
42.35,-83.06,1
42.35,-83.06,1
42.35,-83.06,1
42.35,-83.06,1
42.35,-83.06,1
42.35,-83.06,1
42.35,-83.06,1
42.35,-83.06,1
42.35,-83.06,1
42.35,-83.06,1
42.35,-83.06,1
42.35,-83.06,1
42.35,-83.06,1
42.35,-83.06,1
42.35,-83.06,1
42.35,-83.06,1
42.35,-83.06,1
42.35,-83.06,1
42.35,-83.06,1
42.35,-83.06,1
42.35,-83.06,1
42.35,-83.06,1
42.35,-83.06,1
42.35,-83.06,1
42.35,-83.06,1
42.35,-83.06,1
42.35,-83.06,1
42.35,-83.06,1
42.35,-83.06,1
42.35,-83.06,1
42.35,-83.06,1
42.35,-83.06,1
42.35,-83.06,1
42.35,-83.06,1
42.35,-83.06,1
42.35,-83.06,1
42.35,-83.06,1
42.35,-83.06,1
42.35,-83.06,1
42.35,-83.06,1
42.35,-83.06,1
42.35,-83.06,1
42.35,-83.06,1
42.35,-83.06,1
42.35,-83.06,1
42.35,-83.06,1
42.35,-83.06,1
42.35,-83.06,1
42.35,-83.06,1
42.35,-83.06,1
42.35,-83.06,1
42.35,-83.06,1
42.35,-83.06,1
42.35,-83.06,1
42.35,-83.06,1
42.35,-83.06,1
42.35,-83.06,1
42.35,-83.06,1
42.35,-83.06,1
42.35,-83.06,1
42.35,-83.06,1
42.35,-83.06,1
42.35,-83.06,1
42.35,-83.06,1
42.35,-83.06,1
42.35,-83.06,1
42.35,-83.06,1
42.35,-83.06,1
42.35,-83.06,1
42.35,-83.06,1
42.35,-83.06,1
42.35,-83.06,1
42.35,-83.06,1
42.35,-83.06,1
42.35,-83.06,1
42.35,-83.06,1
42.35,-83.06,1
42.35,-83.06,1
42.35,-83.06,1
42.35,-83.06,1
42.35,-83.06,1
42.35,-83.06,1
42.35,-83.06,1
42.35,-83.06,1
42.35,-83.06,1
42.35,-83.06,1
42.35,-83.06,1
42.35,-83.06,1
42.35,-83.06,1
42.35,-83.06,1
42.35,-83.06,1
42.35,-83.06,1
42.35,-83.06,1
42.35,-83.06,1
42.35,-83.06,1
42.35,-83.06,1
42.35,-83.06,1
42.35,-83.06,1
42.35,-83.06,1
42.35,-83.06,1
42.35,-83.06,1
42.35,-83.06,1
42.35,-83.06,1
42.35,-83.06,1
42.35,-83.06,1
42.35,-83.06,1
42.35,-83.06,1
42.35,-83.06,1
42.35,-83.06,1
42.35,-83.06,1
42.35,-83.06,1
42.35,-83.06,1
42.35,-83.06,1
42.35,-83.06,1
42.35,-83.06,1
42.35,-83.06,1
42.35,-83.06,1
42.35,-83.06,1
42.35,-83.06,1
42.35,-83.06,1
42.35,-83.06,1
42.35,-83.06,1
42.35,-83.06,1
42.35,-83.06,1
42.35,-83.06,1
42.35,-83.06,1
42.35,-83.06,1
42.35,-83.06,1
42.35,-83.06,1
42.35,-83.06,1
42.35,-83.06,1
42.35,-83.06,1
42.35,-83.06,1
42.35,-83.06,1
42.35,-83.06,1
42.35,-83.06,1
42.35,-83.06,1
42.35,-83.06,1
42.35,-83.06,1
42.35,-83.06,1
42.35,-83.06,1
42.35,-83.06,1
42.35,-83.06,1
42.35,-83.06,1
42.35,-83.06,1
42.35,-83.06,1
42.35,-83.06,1
42.35,-83.06,1
42.35,-83.06,1
42.35,-83.06,1
42.35,-83.06,1
42.35,-83.06,1
42.35,-83.06,1
42.35,-83.06,1
42.35,-83.06,1
42.35,-83.06,1
42.35,-83.06,1
42.35,-83.06,1
42.35,-83.06,1
42.35,-83.06,1
42.35,-83.06,1
42.35,-83.06,1
42.35,-83.06,1
42.35,-83.06,1
42.35,-83.06,1
42.35,-83.06,1
42.35,-83.06,1
42.35,-83.06,1
42.35,-83.06,1
42.35,-83.06,1
42.35,-83.06,1
42.35,-83.06,1
42.35,-83.06,1
42.35,-83.06,1
42.35,-83.06,1
42.35,-83.06,1
42.35,-83.06,1
42.35,-83.06,1
42.35,-83.06,1
42.35,-83.06,1
42.35,-83.06,1
42.35,-83.06,1
42.35,-83.06,1
42.35,-83.06,1
42.35,-83.06,1
42.35,-83.06,1
42.35,-83.06,1
42.35,-83.06,1
42.35,-83.06,1
42.35,-83.06,1
42.35,-83.06,1
42.35,-83.06,1
42.35,-83.06,1
42.35,-83.06,1
42.35,-83.06,1
42.35,-83.06,1
42.35,-83.06,1
42.35,-83.06,1
42.35,-83.06,1
42.35,-83.06,1
42.35,-83.06,1
42.35,-83.06,1
42.35,-83.06,1
42.35,-83.06,1
42.35,-83.06,1
42.35,-83.06,1
42.35,-83.06,1
42.35,-83.06,1
42.35,-83.06,1
42.35,-83.06,1
42.35,-83.06,1
42.35,-83.06,1
42.35,-83.06,1
42.35,-83.06,1
42.35,-83.06,1
42.35,-83.06,1
42.35,-83.06,1
42.35,-83.06,1
42.35,-83.06,1
42.35,-83.06,1
42.35,-83.06,1
42.35,-83.06,1
42.35,-83.06,1
42.35,-83.06,1
42.35,-83.06,1
42.35,-83.06,1
42.35,-83.06,1
42.35,-83.06,1
42.35,-83.06,1
42.35,-83.06,1
42.35,-83.06,1
42.35,-83.06,1
42.35,-83.06,1
42.35,-83.06,1
42.35,-83.06,1
42.35,-83.06,1
42.35,-83.06,1
42.35,-83.06,1
42.35,-83.06,1
42.35,-83.06,1
42.35,-83.06,1
42.35,-83.06,1
42.35,-83.06,1
42.35,-83.06,1
42.35,-83.06,1
42.35,-83.06,1
42.35,-83.06,1
42.35,-83.06,1
42.35,-83.06,1
42.35,-83.06,1
42.35,-83.06,1
42.35,-83.06,1
42.35,-83.06,1
42.35,-83.06,1
42.35,-83.06,1
42.35,-83.06,1
42.35,-83.06,1
42.35,-83.06,1
42.35,-83.06,1
42.35,-83.06,1
42.35,-83.06,1
42.35,-83.06,1
42.35,-83.06,1
42.35,-83.06,1
42.35,-83.06,1
42.35,-83.06,1
42.35,-83.06,1
42.35,-83.06,1
42.35,-83.06,1
42.35,-83.06,1
42.35,-83.06,1
42.35,-83.06,1
42.35,-83.06,1
42.35,-83.06,1
42.35,-83.06,1
42.35,-83.06,1
42.35,-83.06,1
42.35,-83.06,1
42.35,-83.06,1
42.35,-83.06,1
42.35,-83.06,1
42.35,-83.06,1
42.35,-83.06,1
42.35,-83.06,1
42.35,-83.06,1
42.35,-83.06,1
42.35,-83.06,1
42.35,-83.06,1
42.35,-83.06,1
42.35,-83.06,1
42.35,-83.06,1
42.35,-83.06,1
42.35,-83.06,1
42.35,-83.06,1
42.35,-83.06,1
42.35,-83.06,1
42.35,-83.06,1
42.35,-83.06,1
42.35,-83.06,1
42.35,-83.06,1
42.35,-83.06,1
42.35,-83.06,1
42.35,-83.06,1
42.35,-83.06,1
42.35,-83.06,1
42.35,-83.06,1
42.35,-83.06,1
42.35,-83.06,1
42.35,-83.06,1
42.35,-83.06,1
42.35,-83.06,1
42.35,-83.06,1
42.35,-83.06,1
42.35,-83.06,1
42.35,-83.06,1
42.35,-83.06,1
42.35,-83.06,1
42.35,-83.06,1
42.35,-83.06,1
42.35,-83.06,1
42.35,-83.06,1
42.35,-83.06,1
42.35,-83.06,1
42.35,-83.06,1
42.35,-83.06,1
42.35,-83.06,1
42.35,-83.06,1
42.35,-83.06,1
42.35,-83.06,1
42.35,-83.06,1
42.35,-83.06,1
42.35,-83.06,1
42.35,-83.06,1
42.35,-83.06,1
42.35,-83.06,1
42.35,-83.06,1
42.35,-83.06,1
42.35,-83.06,1
42.35,-83.06,1
42.35,-83.06,1
42.35,-83.06,1
42.35,-83.06,1
42.35,-83.06,1
42.35,-83.06,1
42.35,-83.06,1
42.35,-83.06,1
42.35,-83.06,1
42.35,-83.06,1
42.35,-83.06,1
42.35,-83.06,1
42.35,-83.06,1
42.35,-83.06,1
42.35,-83.06,1
42.35,-83.06,1
42.35,-83.06,1
42.35,-83.06,1
42.35,-83.06,1
42.35,-83.06,1
42.35,-83.06,1
42.35,-83.06,1
42.35,-83.06,1
42.35,-83.06,1
42.35,-83.06,1
42.35,-83.06,1
42.35,-83.06,1
42.35,-83.06,1
42.35,-83.06,1
42.35,-83.06,1
42.35,-83.06,1
42.35,-83.06,1
42.35,-83.06,1
42.35,-83.06,1
42.35,-83.06,1
42.35,-83.06,1
42.35,-83.06,1
42.35,-83.06,1
42.35,-83.06,1
42.35,-83.06,1
42.35,-83.06,1
42.35,-83.06,1
42.35,-83.06,1
42.35,-83.06,1
42.35,-83.06,1
42.35,-83.06,1
42.35,-83.06,1
42.35,-83.06,1
42.35,-83.06,1
42.35,-83.06,1
42.35,-83.06,1
42.35,-83.06,1
42.35,-83.06,1
42.35,-83.06,1
42.35,-83.06,1
42.35,-83.06,1
42.35,-83.06,1
42.35,-83.06,1
42.35,-83.06,1
42.35,-83.06,1
42.35,-83.06,1
42.35,-83.06,1
42.35,-83.06,1
42.35,-83.06,1
42.35,-83.06,1
42.35,-83.06,1
42.35,-83.06,1
42.35,-83.06,1
42.35,-83.06,1
42.35,-83.06,1
42.35,-83.06,1
42.35,-83.06,1
42.35,-83.06,1
42.35,-83.06,1
42.35,-83.06,1
42.35,-83.06,1
42.35,-83.06,1
42.35,-83.06,1
42.35,-83.06,1
42.35,-83.06,1
42.35,-83.06,1
42.35,-83.06,1
42.35,-83.06,1
42.35,-83.06,1
42.35,-83.06,1
42.35,-83.06,1
42.35,-83.06,1
42.35,-83.06,1
42.35,-83.06,1
42.35,-83.06,1
42.35,-83.06,1
42.35,-83.06,1
42.35,-83.06,1
42.35,-83.06,1
42.35,-83.06,1
42.35,-83.06,1
42.35,-83.06,1
42.35,-83.06,1
42.35,-83.06,1
42.35,-83.06,1
42.35,-83.06,1
42.35,-83.06,1
42.35,-83.06,1
42.35,-83.06,1
42.35,-83.06,1
42.35,-83.06,1
42.35,-83.06,1
42.35,-83.06,1
42.35,-83.06,1
42.35,-83.06,1
42.35,-83.06,1
42.35,-83.06,1
42.35,-83.06,1
42.35,-83.06,1
42.35,-83.06,1
42.35,-83.06,1
42.35,-83.06,1
42.35,-83.06,1
42.35,-83.06,1
42.35,-83.06,1
42.35,-83.06,1
42.35,-83.06,1
42.35,-83.06,1
42.35,-83.06,1
42.35,-83.06,1
42.35,-83.06,1
42.35,-83.06,1
42.35,-83.06,1
42.35,-83.06,1
42.35,-83.06,1
42.35,-83.06,1
42.35,-83.06,1
42.35,-83.06,1
42.35,-83.06,1
42.35,-83.06,1
42.35,-83.06,1
42.35,-83.06,1
42.35,-83.06,1
42.35,-83.06,1
42.35,-83.06,1
42.35,-83.06,1
42.35,-83.06,1
42.35,-83.06,1
42.35,-83.06,1
42.35,-83.06,1
42.35,-83.06,1
42.35,-83.06,1
42.35,-83.06,1
42.35,-83.06,1
42.35,-83.06,1
42.35,-83.06,1
42.35,-83.06,1
42.35,-83.06,1
42.35,-83.06,1
42.35,-83.06,1
42.35,-83.06,1
42.35,-83.06,1
42.35,-83.06,1
42.35,-83.06,1
42.35,-83.06,1
42.35,-83.06,1
42.35,-83.06,1
42.35,-83.06,1
42.35,-83.06,1
42.35,-83.06,1
42.35,-83.06,1
42.35,-83.06,1
42.35,-83.06,1
42.35,-83.06,1
42.35,-83.06,1
42.35,-83.06,1
42.35,-83.06,1
42.35,-83.06,1
42.35,-83.06,1
42.35,-83.06,1
42.35,-83.06,1
42.35,-83.06,1
42.35,-83.06,1
42.35,-83.06,1
42.35,-83.06,1
42.35,-83.06,1
42.35,-83.06,1
42.35,-83.06,1
42.35,-83.06,1
42.35,-83.06,1
42.35,-83.06,1
42.35,-83.06,1
42.35,-83.06,1
42.35,-83.06,1
42.35,-83.06,1
42.35,-83.06,1
42.35,-83.06,1
42.35,-83.06,1
42.35,-83.06,1
42.35,-83.06,1
42.35,-83.06,1
42.35,-83.06,1
42.35,-83.06,1
42.35,-83.06,1
42.35,-83.06,1
42.35,-83.06,1
42.35,-83.06,1
42.35,-83.06,1
42.35,-83.06,1
42.35,-83.06,1
42.35,-83.06,1
42.35,-83.06,1
42.35,-83.06,1
42.35,-83.06,1
42.35,-83.06,1
42.35,-83.06,1
42.35,-83.06,1
42.35,-83.06,1
42.35,-83.06,1
42.35,-83.06,1
42.35,-83.06,1
42.35,-83.06,1
42.35,-83.06,1
42.35,-83.06,1
42.35,-83.06,1
42.35,-83.06,1
42.35,-83.06,1
42.35,-83.06,1
42.35,-83.06,1
42.35,-83.06,1
42.35,-83.06,1
42.35,-83.06,1
42.35,-83.06,1
42.35,-83.06,1
42.35,-83.06,1
42.35,-83.06,1
42.35,-83.06,1
42.35,-83.06,1
42.35,-83.06,1
42.35,-83.06,1
42.35,-83.06,1
42.35,-83.06,1
42.35,-83.06,1
42.35,-83.06,1
42.35,-83.06,1
42.35,-83.06,1
42.35,-83.06,1
42.35,-83.06,1
42.35,-83.06,1
42.35,-83.06,1
42.35,-83.06,1
42.35,-83.06,1
42.35,-83.06,1
42.35,-83.06,1
42.35,-83.06,1
42.35,-83.06,1
42.35,-83.06,1
42.35,-83.06,1
42.35,-83.06,1
42.35,-83.06,1
42.35,-83.06,1
42.35,-83.06,1
42.35,-83.06,1
42.35,-83.06,1
42.35,-83.06,1
42.35,-83.06,1
42.35,-83.06,1
42.35,-83.06,1
42.35,-83.06,1
42.35,-83.06,1
42.35,-83.06,1
42.35,-83.06,1
42.35,-83.06,1
42.35,-83.06,1
42.35,-83.06,1
42.35,-83.06,1
42.35,-83.06,1
42.35,-83.06,1
42.35,-83.06,1
42.35,-83.06,1
42.35,-83.06,1
42.35,-83.06,1
42.35,-83.06,1
42.35,-83.06,1
42.35,-83.06,1
42.35,-83.06,1
42.35,-83.06,1
42.35,-83.06,1
42.35,-83.06,1
42.35,-83.06,1
42.35,-83.06,1
42.35,-83.06,1
42.35,-83.06,1
42.35,-83.06,1
42.35,-83.06,1
42.35,-83.06,1
42.35,-83.06,1
42.35,-83.06,1
42.35,-83.06,1
42.35,-83.06,1
42.35,-83.06,1
42.35,-83.06,1
42.35,-83.06,1
42.35,-83.06,1
42.35,-83.06,1
42.35,-83.06,1
42.35,-83.06,1
42.35,-83.06,1
42.35,-83.06,1
42.35,-83.06,1
42.35,-83.06,1
42.35,-83.06,1
42.35,-83.06,1
42.35,-83.06,1
42.35,-83.06,1
42.35,-83.06,1
42.35,-83.06,1
42.35,-83.06,1
42.35,-83.06,1
42.35,-83.06,1
42.35,-83.06,1
42.35,-83.06,1
42.35,-83.06,1
42.35,-83.06,1
42.35,-83.06,1
42.35,-83.06,1
42.35,-83.06,1
42.35,-83.06,1
42.35,-83.06,1
42.35,-83.06,1
42.35,-83.06,1
42.35,-83.06,1
42.35,-83.06,1
42.35,-83.06,1
42.35,-83.06,1
42.35,-83.06,1
42.35,-83.06,1
42.35,-83.06,1
42.35,-83.06,1
42.35,-83.06,1
42.35,-83.06,1
42.35,-83.06,1
42.35,-83.06,1
42.35,-83.06,1
42.35,-83.06,1
42.35,-83.06,1
42.35,-83.06,1
42.35,-83.06,1
42.35,-83.06,1
42.35,-83.06,1
42.35,-83.06,1
42.35,-83.06,1
42.35,-83.06,1
42.35,-83.06,1
42.35,-83.06,1
42.35,-83.06,1
42.35,-83.06,1
42.35,-83.06,1
42.35,-83.06,1
42.35,-83.06,1
42.35,-83.06,1
42.35,-83.06,1
42.35,-83.06,1
42.35,-83.06,1
42.35,-83.06,1
42.35,-83.06,1
42.35,-83.06,1
42.35,-83.06,1
42.35,-83.06,1
42.35,-83.06,1
42.35,-83.06,1
42.35,-83.06,1
42.35,-83.06,1
42.35,-83.06,1
42.35,-83.06,1
42.35,-83.06,1
42.35,-83.06,1
42.35,-83.06,1
42.35,-83.06,1
42.35,-83.06,1
42.35,-83.06,1
42.35,-83.06,1
42.35,-83.06,1
42.35,-83.06,1
42.35,-83.06,1
42.35,-83.06,1
42.35,-83.06,1
42.35,-83.06,1
42.35,-83.06,1
42.35,-83.06,1
42.35,-83.06,1
42.35,-83.06,1
42.35,-83.06,1
42.35,-83.06,1
42.35,-83.06,1
42.35,-83.06,1
42.35,-83.06,1
42.35,-83.06,1
42.35,-83.06,1
42.35,-83.06,1
42.35,-83.06,1
42.35,-83.06,1
42.35,-83.06,1
42.35,-83.06,1
42.35,-83.06,1
42.35,-83.06,1
42.35,-83.06,1
42.35,-83.06,1
42.35,-83.06,1
42.35,-83.06,1
42.35,-83.06,1
42.35,-83.06,1
42.35,-83.06,1
42.35,-83.06,1
42.35,-83.06,1
42.35,-83.06,1
42.35,-83.06,1
42.35,-83.06,1
42.35,-83.06,1
42.35,-83.06,1
42.35,-83.06,1
42.35,-83.06,1
42.35,-83.06,1
42.35,-83.06,1
42.35,-83.06,1
42.35,-83.06,1
42.35,-83.06,1
42.35,-83.06,1
42.35,-83.06,1
42.35,-83.06,1
42.35,-83.06,1
42.35,-83.06,1
42.35,-83.06,1
42.35,-83.06,1
42.35,-83.06,1
42.35,-83.06,1
42.35,-83.06,1
42.35,-83.06,1
42.35,-83.06,1
42.35,-83.06,1
42.35,-83.06,1
42.35,-83.06,1
42.35,-83.06,1
42.35,-83.06,1
42.35,-83.06,1
42.35,-83.06,1
42.35,-83.06,1
42.35,-83.06,1
42.35,-83.06,1
42.35,-83.06,1
42.35,-83.06,1
42.35,-83.06,1
42.35,-83.06,1
42.35,-83.06,1
42.35,-83.06,1
42.35,-83.06,1
42.35,-83.06,1
42.35,-83.06,1
42.35,-83.06,1
42.35,-83.06,1
42.35,-83.06,1
42.35,-83.06,1
42.35,-83.06,1
42.35,-83.06,1
42.35,-83.06,1
42.35,-83.06,1
42.35,-83.06,1
42.35,-83.06,1
42.35,-83.06,1
42.35,-83.06,1
42.35,-83.06,1
42.35,-83.06,1
42.35,-83.06,1
42.35,-83.06,1
42.35,-83.06,1
42.35,-83.06,1
42.35,-83.06,1
42.35,-83.06,1
42.35,-83.06,1
42.35,-83.06,1
42.35,-83.06,1
42.35,-83.06,1
42.35,-83.06,1
42.35,-83.06,1
42.35,-83.06,1
42.35,-83.06,1
42.35,-83.06,1
42.35,-83.06,1
42.35,-83.06,1
42.35,-83.06,1
42.35,-83.06,1
42.35,-83.06,1
42.35,-83.06,1
42.35,-83.06,1
42.35,-83.06,1
42.35,-83.06,1
42.35,-83.06,1
42.35,-83.06,1
42.35,-83.06,1
42.35,-83.06,1
42.35,-83.06,1
42.35,-83.06,1
42.35,-83.06,1
42.35,-83.06,1
42.35,-83.06,1
42.35,-83.06,1
42.35,-83.06,1
42.35,-83.06,1
42.35,-83.06,1
42.35,-83.06,1
42.35,-83.06,1
42.35,-83.06,1
42.35,-83.06,1
42.35,-83.06,1
42.35,-83.06,1
42.35,-83.06,1
42.35,-83.06,1
42.35,-83.06,1
42.35,-83.06,1
42.35,-83.06,1
42.35,-83.06,1
42.35,-83.06,1
42.35,-83.06,1
42.35,-83.06,1
42.35,-83.06,1
42.35,-83.06,1
42.35,-83.06,1
42.35,-83.06,1
42.35,-83.06,1
42.35,-83.06,1
42.35,-83.06,1
42.35,-83.06,1
42.35,-83.06,1
42.35,-83.06,1
42.35,-83.06,1
42.35,-83.06,1
42.35,-83.06,1
42.35,-83.06,1
42.35,-83.06,1
42.35,-83.06,1
42.35,-83.06,1
42.35,-83.06,1
42.35,-83.06,1
42.35,-83.06,1
42.35,-83.06,1
42.35,-83.06,1
42.35,-83.06,1
42.35,-83.06,1
42.35,-83.06,1
42.35,-83.06,1
42.35,-83.06,1
42.35,-83.06,1
42.35,-83.06,1
42.35,-83.06,1
42.35,-83.06,1
42.35,-83.06,1
42.35,-83.06,1
42.35,-83.06,1
42.35,-83.06,1
42.35,-83.06,1
42.35,-83.06,1
42.35,-83.06,1
42.35,-83.06,1
42.35,-83.06,1
42.35,-83.06,1
42.35,-83.06,1
42.35,-83.06,1
42.35,-83.06,1
42.35,-83.06,1
42.35,-83.06,1
42.35,-83.06,1
42.35,-83.06,1
42.35,-83.06,1
42.35,-83.06,1
42.35,-83.06,1
42.35,-83.06,1
42.35,-83.06,1
42.35,-83.06,1
42.35,-83.06,1
42.35,-83.06,1
42.35,-83.06,1
42.35,-83.06,1
42.35,-83.06,1
42.35,-83.06,1
42.35,-83.06,1
42.35,-83.06,1
42.35,-83.06,1
42.35,-83.06,1
42.35,-83.06,1
42.35,-83.06,1
42.35,-83.06,1
42.35,-83.06,1
42.35,-83.06,1
42.35,-83.06,1
42.35,-83.06,1
42.35,-83.06,1
42.35,-83.06,1
42.35,-83.06,1
42.35,-83.06,1
42.35,-83.06,1
42.35,-83.06,1
42.35,-83.06,1
42.35,-83.06,1
42.35,-83.06,1
42.35,-83.06,1
42.35,-83.06,1
42.35,-83.06,1
42.35,-83.06,1
42.35,-83.06,1
42.35,-83.06,1
42.35,-83.06,1
42.35,-83.06,1
42.35,-83.06,1
42.35,-83.06,1
42.35,-83.06,1
42.35,-83.06,1
42.35,-83.06,1
42.35,-83.06,1
42.35,-83.06,1
42.35,-83.06,1
42.35,-83.06,1
42.35,-83.06,1
42.35,-83.06,1
42.35,-83.06,1
42.35,-83.06,1
42.35,-83.06,1
42.35,-83.06,1
42.35,-83.06,1
42.35,-83.06,1
42.35,-83.06,1
42.35,-83.06,1
42.35,-83.06,1
42.35,-83.06,1
42.35,-83.06,1
42.35,-83.06,1
42.35,-83.06,1
42.35,-83.06,1
42.35,-83.06,1
42.35,-83.06,1
42.35,-83.06,1
42.35,-83.06,1
42.35,-83.06,1
42.35,-83.06,1
42.35,-83.06,1
42.35,-83.06,1
42.35,-83.06,1
42.35,-83.06,1
42.35,-83.06,1
42.35,-83.06,1
42.35,-83.06,1
42.35,-83.06,1
42.35,-83.06,1
42.35,-83.06,1
42.35,-83.06,1
42.35,-83.06,1
42.35,-83.06,1
42.35,-83.06,1
42.35,-83.06,1
42.35,-83.06,1
42.35,-83.06,1
42.35,-83.06,1
42.35,-83.06,1
42.35,-83.06,1
42.35,-83.06,1
42.35,-83.06,1
42.35,-83.06,1
42.35,-83.06,1
42.35,-83.06,1
42.35,-83.06,1
42.35,-83.06,1
42.35,-83.06,1
42.35,-83.06,1
42.35,-83.06,1
42.35,-83.06,1
42.35,-83.06,1
42.35,-83.06,1
42.35,-83.06,1
42.35,-83.06,1
42.35,-83.06,1
42.35,-83.06,1
42.35,-83.06,1
42.35,-83.06,1
42.35,-83.06,1
42.35,-83.06,1
42.35,-83.06,1
42.35,-83.06,1
42.35,-83.06,1
42.35,-83.06,1
42.35,-83.06,1
42.35,-83.06,1
42.35,-83.06,1
42.35,-83.06,1
42.35,-83.06,1
42.35,-83.06,1
42.35,-83.06,1
42.35,-83.06,1
42.35,-83.06,1
42.35,-83.06,1
42.35,-83.06,1
42.35,-83.06,1
42.35,-83.06,1
42.35,-83.06,1
42.35,-83.06,1
42.35,-83.06,1
42.35,-83.06,1
42.35,-83.06,1
42.35,-83.06,1
42.35,-83.06,1
42.35,-83.06,1
42.35,-83.06,1
42.35,-83.06,1
42.35,-83.06,1
42.35,-83.06,1
42.35,-83.06,1
42.35,-83.06,1
42.35,-83.06,1
42.35,-83.06,1
42.35,-83.06,1
42.35,-83.06,1
42.35,-83.06,1
42.35,-83.06,1
42.35,-83.06,1
42.35,-83.06,1
42.35,-83.06,1
42.35,-83.06,1
42.35,-83.06,1
42.35,-83.06,1
42.35,-83.06,1
42.35,-83.06,1
42.35,-83.06,1
42.35,-83.06,1
42.35,-83.06,1
42.35,-83.06,1
42.35,-83.06,1
42.35,-83.06,1
42.35,-83.06,1
42.35,-83.06,1
42.35,-83.06,1
42.35,-83.06,1
42.35,-83.06,1
42.35,-83.06,1
42.35,-83.06,1
42.35,-83.06,1
42.35,-83.06,1
42.35,-83.06,1
42.35,-83.06,1
42.35,-83.06,1
42.35,-83.06,1
42.35,-83.06,1
42.35,-83.06,1
42.35,-83.06,1
42.35,-83.06,1
42.35,-83.06,1
42.35,-83.06,1
42.35,-83.06,1
42.35,-83.06,1
42.35,-83.06,1
42.35,-83.06,1
42.35,-83.06,1
42.35,-83.06,1
42.35,-83.06,1
42.35,-83.06,1
42.35,-83.06,1
42.35,-83.06,1
42.35,-83.06,1
42.35,-83.06,1
42.35,-83.06,1
42.35,-83.06,1
42.35,-83.06,1
42.35,-83.06,1
42.35,-83.06,1
42.35,-83.06,1
42.35,-83.06,1
42.35,-83.06,1
42.35,-83.06,1
42.35,-83.06,1
42.35,-83.06,1
42.35,-83.06,1
42.35,-83.06,1
42.35,-83.06,1
42.35,-83.06,1
42.35,-83.06,1
42.35,-83.06,1
42.35,-83.06,1
42.35,-83.06,1
42.35,-83.06,1
42.35,-83.06,1
42.35,-83.06,1
42.35,-83.06,1
42.35,-83.06,1
42.35,-83.06,1
42.35,-83.06,1
42.35,-83.06,1
42.35,-83.06,1
42.35,-83.06,1
42.35,-83.06,1
42.35,-83.06,1
42.35,-83.06,1
42.35,-83.06,1
42.35,-83.06,1
42.35,-83.06,1
42.35,-83.06,1
42.35,-83.06,1
42.35,-83.06,1
42.35,-83.06,1
42.35,-83.06,1
42.35,-83.06,1
42.35,-83.06,1
42.35,-83.06,1
42.35,-83.06,1
42.35,-83.06,1
42.35,-83.06,1
42.35,-83.06,1
42.35,-83.06,1
42.35,-83.06,1
42.35,-83.06,1
42.35,-83.06,1
42.35,-83.06,1
42.35,-83.06,1
42.35,-83.06,1
42.35,-83.06,1
42.35,-83.06,1
42.35,-83.06,1
42.35,-83.06,1
42.35,-83.06,1
42.35,-83.06,1
42.35,-83.06,1
42.35,-83.06,1
42.35,-83.06,1
42.35,-83.06,1
42.35,-83.06,1
42.35,-83.06,1
42.35,-83.06,1
42.35,-83.06,1
42.35,-83.06,1
42.35,-83.06,1
42.35,-83.06,1
42.35,-83.06,1
42.35,-83.06,1
42.35,-83.06,1
42.35,-83.06,1
42.35,-83.06,1
42.35,-83.06,1
42.35,-83.06,1
42.35,-83.06,1
42.35,-83.06,1
42.35,-83.06,1
42.35,-83.06,1
42.35,-83.06,1
42.35,-83.06,1
42.35,-83.06,1
42.35,-83.06,1
42.35,-83.06,1
42.35,-83.06,1
42.35,-83.06,1
42.35,-83.06,1
42.35,-83.06,1
42.35,-83.06,1
42.35,-83.06,1
42.35,-83.06,1
42.35,-83.06,1
42.35,-83.06,1
42.35,-83.06,1
42.35,-83.06,1
42.35,-83.06,1
42.35,-83.06,1
42.35,-83.06,1
42.35,-83.06,1
42.35,-83.06,1
42.35,-83.06,1
42.35,-83.06,1
42.35,-83.06,1
42.35,-83.06,1
42.35,-83.06,1
42.35,-83.06,1
42.35,-83.06,1
42.35,-83.06,1
42.35,-83.06,1
42.35,-83.06,1
42.35,-83.06,1
42.35,-83.06,1
42.35,-83.06,1
42.35,-83.06,1
42.35,-83.06,1
42.35,-83.06,1
42.35,-83.06,1
42.35,-83.06,1
42.35,-83.06,1
42.35,-83.06,1
42.35,-83.06,1
42.35,-83.06,1
42.35,-83.06,1
42.35,-83.06,1
42.35,-83.06,1
42.35,-83.06,1
42.35,-83.06,1
42.35,-83.06,1
42.35,-83.06,1
42.35,-83.06,1
42.35,-83.06,1
42.35,-83.06,1
42.35,-83.06,1
42.35,-83.06,1
42.35,-83.06,1
42.35,-83.06,1
42.35,-83.06,1
42.35,-83.06,1
42.35,-83.06,1
42.35,-83.06,1
42.35,-83.06,1
42.35,-83.06,1
42.35,-83.06,1
42.35,-83.06,1
42.35,-83.06,1
42.35,-83.06,1
42.35,-83.06,1
42.35,-83.06,1
42.35,-83.06,1
42.35,-83.06,1
42.35,-83.06,1
42.35,-83.06,1
42.35,-83.06,1
42.35,-83.06,1
42.35,-83.06,1
42.35,-83.06,1
42.35,-83.06,1
42.35,-83.06,1
42.35,-83.06,1
42.35,-83.06,1
42.35,-83.06,1
42.35,-83.06,1
42.35,-83.06,1
42.35,-83.06,1
42.35,-83.06,1
42.35,-83.06,1
42.35,-83.06,1
42.35,-83.06,1
42.35,-83.06,1
42.35,-83.06,1
42.35,-83.06,1
42.35,-83.06,1
42.35,-83.06,1
42.35,-83.06,1
42.35,-83.06,1
42.35,-83.06,1
42.35,-83.06,1
42.35,-83.06,1
42.35,-83.06,1
42.35,-83.06,1
42.35,-83.06,1
42.35,-83.06,1
42.35,-83.06,1
42.35,-83.06,1
42.35,-83.06,1
42.35,-83.06,1
42.35,-83.06,1
42.35,-83.06,1
42.35,-83.06,1
42.35,-83.06,1
42.35,-83.06,1
42.35,-83.06,1
42.35,-83.06,1
42.35,-83.06,1
42.35,-83.06,1
42.35,-83.06,1
42.35,-83.06,1
42.35,-83.06,1
42.35,-83.06,1
42.35,-83.06,1
42.35,-83.06,1
42.35,-83.06,1
42.35,-83.06,1
42.35,-83.06,1
42.35,-83.06,1
42.35,-83.06,1
42.35,-83.06,1
42.35,-83.06,1
42.35,-83.06,1
42.35,-83.06,1
42.35,-83.06,1
42.35,-83.06,1
42.35,-83.06,1
42.35,-83.06,1
42.35,-83.06,1
42.35,-83.06,1
42.35,-83.06,1
42.35,-83.06,1
42.35,-83.06,1
42.35,-83.06,1
42.35,-83.06,1
42.35,-83.06,1
42.35,-83.06,1
42.35,-83.06,1
42.35,-83.06,1
42.35,-83.06,1
42.35,-83.06,1
42.35,-83.06,1
42.35,-83.06,1
42.35,-83.06,1
42.35,-83.06,1
42.35,-83.06,1
42.35,-83.06,1
42.35,-83.06,1
42.35,-83.06,1
42.35,-83.06,1
42.35,-83.06,1
42.35,-83.06,1
42.35,-83.06,1
42.35,-83.06,1
42.35,-83.06,1
42.35,-83.06,1
42.35,-83.06,1
42.35,-83.06,1
42.35,-83.06,1
42.35,-83.06,1
42.35,-83.06,1
42.35,-83.06,1
42.35,-83.06,1
42.35,-83.06,1
42.35,-83.06,1
42.35,-83.06,1
42.35,-83.06,1
42.35,-83.06,1
42.35,-83.06,1
42.35,-83.06,1
42.35,-83.06,1
42.35,-83.06,1
42.35,-83.06,1
42.35,-83.06,1
42.35,-83.06,1
42.35,-83.06,1
42.35,-83.06,1
42.35,-83.06,1
42.35,-83.06,1
42.35,-83.06,1
42.35,-83.06,1
42.35,-83.06,1
42.35,-83.06,1
42.35,-83.06,1
42.35,-83.06,1
42.35,-83.06,1
42.35,-83.06,1
42.35,-83.06,1
42.35,-83.06,1
42.35,-83.06,1
42.35,-83.06,1
42.35,-83.06,1
42.35,-83.06,1
42.35,-83.06,1
42.35,-83.06,1
42.35,-83.06,1
42.35,-83.06,1
42.35,-83.06,1
42.35,-83.06,1
42.35,-83.06,1
42.35,-83.06,1
42.35,-83.06,1
42.35,-83.06,1
42.35,-83.06,1
42.35,-83.06,1
42.35,-83.06,1
42.35,-83.06,1
42.35,-83.06,1
42.35,-83.06,1
42.35,-83.06,1
42.35,-83.06,1
42.35,-83.06,1
42.35,-83.06,1
42.35,-83.06,1
42.35,-83.06,1
42.35,-83.06,1
42.35,-83.06,1
42.35,-83.06,1
42.35,-83.06,1
42.35,-83.06,1
42.35,-83.06,1
42.35,-83.06,1
42.35,-83.06,1
42.35,-83.06,1
42.35,-83.06,1
42.35,-83.06,1
42.35,-83.06,1
42.35,-83.06,1
42.35,-83.06,1
42.35,-83.06,1
42.35,-83.06,1
42.35,-83.06,1
42.35,-83.06,1
42.35,-83.06,1
42.35,-83.06,1
42.35,-83.06,1
42.35,-83.06,1
42.35,-83.06,1
42.35,-83.06,1
42.35,-83.06,1
42.35,-83.06,1
42.35,-83.06,1
42.35,-83.06,1
42.35,-83.06,1
42.35,-83.06,1
42.35,-83.06,1
42.35,-83.06,1
42.35,-83.06,1
42.35,-83.06,1
42.35,-83.06,1
42.35,-83.06,1
42.35,-83.06,1
42.35,-83.06,1
42.35,-83.06,1
42.35,-83.06,1
42.35,-83.06,1
42.35,-83.06,1
42.35,-83.06,1
42.35,-83.06,1
42.35,-83.06,1
42.35,-83.06,1
42.35,-83.06,1
42.35,-83.06,1
42.35,-83.06,1
42.35,-83.06,1
42.35,-83.06,1
42.35,-83.06,1
42.35,-83.06,1
42.35,-83.06,1
42.35,-83.06,1
42.35,-83.06,1
42.35,-83.06,1
42.35,-83.06,1
42.35,-83.06,1
42.35,-83.06,1
42.35,-83.06,1
42.35,-83.06,1
42.35,-83.06,1
42.35,-83.06,1
42.35,-83.06,1
42.35,-83.06,1
42.35,-83.06,1
42.35,-83.06,1
42.35,-83.06,1
42.35,-83.06,1
42.35,-83.06,1
42.35,-83.06,1
42.35,-83.06,1
42.35,-83.06,1
42.35,-83.06,1
42.35,-83.06,1
42.35,-83.06,1
42.35,-83.06,1
42.35,-83.06,1
42.35,-83.06,1
42.35,-83.06,1
42.35,-83.06,1
42.35,-83.06,1
42.35,-83.06,1
42.35,-83.06,1
42.35,-83.06,1
42.35,-83.06,1
42.35,-83.06,1
42.35,-83.06,1
42.35,-83.06,1
42.35,-83.06,1
42.35,-83.06,1
42.35,-83.06,1
42.35,-83.06,1
42.35,-83.06,1
42.35,-83.06,1
42.35,-83.06,1
42.35,-83.06,1
42.35,-83.06,1
42.35,-83.06,1
42.35,-83.06,1
42.35,-83.06,1
42.35,-83.06,1
42.35,-83.06,1
42.35,-83.06,1
42.35,-83.06,1
42.35,-83.06,1
42.35,-83.06,1
42.35,-83.06,1
42.35,-83.06,1
42.35,-83.06,1
42.35,-83.06,1
42.35,-83.06,1
42.35,-83.06,1
42.35,-83.06,1
42.35,-83.06,1
42.35,-83.06,1
42.35,-83.06,1
42.35,-83.06,1
42.35,-83.06,1
42.35,-83.06,1
42.35,-83.06,1
42.35,-83.06,1
42.35,-83.06,1
42.35,-83.06,1
42.35,-83.06,1
42.35,-83.06,1
42.35,-83.06,1
42.35,-83.06,1
42.35,-83.06,1
42.35,-83.06,1
42.35,-83.06,1
42.35,-83.06,1
42.35,-83.06,1
42.35,-83.06,1
42.35,-83.06,1
42.35,-83.06,1
42.35,-83.06,1
42.35,-83.06,1
42.35,-83.06,1
42.35,-83.06,1
42.35,-83.06,1
42.35,-83.06,1
42.35,-83.06,1
42.35,-83.06,1
42.35,-83.06,1
42.35,-83.06,1
42.35,-83.06,1
42.35,-83.06,1
42.35,-83.06,1
42.35,-83.06,1
42.35,-83.06,1
42.35,-83.06,1
42.35,-83.06,1
42.35,-83.06,1
42.35,-83.06,1
42.35,-83.06,1
42.35,-83.06,1
42.35,-83.06,1
42.35,-83.06,1
42.35,-83.06,1
42.35,-83.06,1
42.35,-83.06,1
42.35,-83.06,1
42.35,-83.06,1
42.35,-83.06,1
42.35,-83.06,1
42.35,-83.06,1
42.35,-83.06,1
42.35,-83.06,1
42.35,-83.06,1
42.35,-83.06,1
42.35,-83.06,1
42.35,-83.06,1
42.35,-83.06,1
42.35,-83.06,1
42.35,-83.06,1
42.35,-83.06,1
42.35,-83.06,1
42.35,-83.06,1
42.35,-83.06,1
42.35,-83.06,1
42.35,-83.06,1
42.35,-83.06,1
42.35,-83.06,1
42.35,-83.06,1
42.35,-83.06,1
42.35,-83.06,1
42.35,-83.06,1
42.35,-83.06,1
42.35,-83.06,1
42.35,-83.06,1
42.35,-83.06,1
42.35,-83.06,1
42.35,-83.06,1
42.35,-83.06,1
42.35,-83.06,1
42.35,-83.06,1
42.35,-83.06,1
42.35,-83.06,1
42.35,-83.06,1
42.35,-83.06,1
42.35,-83.06,1
42.35,-83.06,1
42.35,-83.06,1
42.35,-83.06,1
42.35,-83.06,1
42.35,-83.06,1
42.35,-83.06,1
42.35,-83.06,1
42.35,-83.06,1
42.35,-83.06,1
42.35,-83.06,1
42.35,-83.06,1
42.35,-83.06,1
42.35,-83.06,1
42.35,-83.06,1
42.35,-83.06,1
42.35,-83.06,1
42.35,-83.06,1
42.35,-83.06,1
42.35,-83.06,1
42.35,-83.06,1
42.35,-83.06,1
42.35,-83.06,1
42.35,-83.06,1
42.35,-83.06,1
42.35,-83.06,1
42.35,-83.06,1
42.35,-83.06,1
42.35,-83.06,1
42.35,-83.06,1
42.35,-83.06,1
42.35,-83.06,1
42.35,-83.06,1
42.35,-83.06,1
42.35,-83.06,1
42.35,-83.06,1
42.35,-83.06,1
42.35,-83.06,1
42.35,-83.06,1
42.35,-83.06,1
42.35,-83.06,1
42.35,-83.06,1
42.35,-83.06,1
42.35,-83.06,1
42.35,-83.06,1
42.35,-83.06,1
42.35,-83.06,1
42.35,-83.06,1
42.35,-83.06,1
42.35,-83.06,1
42.35,-83.06,1
42.35,-83.06,1
42.35,-83.06,1
42.35,-83.06,1
42.35,-83.06,1
42.35,-83.06,1
42.35,-83.06,1
42.35,-83.06,1
42.35,-83.06,1
42.35,-83.06,1
42.35,-83.06,1
42.35,-83.06,1
42.35,-83.06,1
42.35,-83.06,1
42.35,-83.06,1
42.35,-83.06,1
42.35,-83.06,1
42.35,-83.06,1
42.35,-83.06,1
42.35,-83.06,1
42.35,-83.06,1
42.35,-83.06,1
42.35,-83.06,1
42.35,-83.06,1
42.35,-83.06,1
42.35,-83.06,1
42.35,-83.06,1
42.35,-83.06,1
42.35,-83.06,1
42.35,-83.06,1
42.35,-83.06,1
42.35,-83.06,1
42.35,-83.06,1
42.35,-83.06,1
42.35,-83.06,1
42.35,-83.06,1
42.35,-83.06,1
42.35,-83.06,1
42.35,-83.06,1
42.35,-83.06,1
42.35,-83.06,1
42.35,-83.06,1
42.35,-83.06,1
42.35,-83.06,1
42.35,-83.06,1
42.35,-83.06,1
42.35,-83.06,1
42.35,-83.06,1
42.35,-83.06,1
42.35,-83.06,1
42.35,-83.06,1
42.35,-83.06,1
42.35,-83.06,1
42.35,-83.06,1
42.35,-83.06,1
42.35,-83.06,1
42.35,-83.06,1
42.35,-83.06,1
42.35,-83.06,1
42.35,-83.06,1
42.35,-83.06,1
42.35,-83.06,1
42.35,-83.06,1
42.35,-83.06,1
42.35,-83.06,1
42.35,-83.06,1
42.35,-83.06,1
42.35,-83.06,1
42.35,-83.06,1
42.35,-83.06,1
42.35,-83.06,1
42.35,-83.06,1
42.35,-83.06,1
42.35,-83.06,1
42.35,-83.06,1
42.35,-83.06,1
42.35,-83.06,1
42.35,-83.06,1
42.35,-83.06,1
42.35,-83.06,1
42.35,-83.06,1
42.35,-83.06,1
42.35,-83.06,1
42.35,-83.06,1
42.35,-83.06,1
42.35,-83.06,1
42.35,-83.06,1
42.35,-83.06,1
42.35,-83.06,1
42.35,-83.06,1
42.35,-83.06,1
42.35,-83.06,1
42.35,-83.06,1
42.35,-83.06,1
42.35,-83.06,1
42.35,-83.06,1
42.35,-83.06,1
42.35,-83.06,1
42.35,-83.06,1
42.35,-83.06,1
42.35,-83.06,1
42.35,-83.06,1
42.35,-83.06,1
42.35,-83.06,1
42.35,-83.06,1
42.35,-83.06,1
42.35,-83.06,1
42.35,-83.06,1
42.35,-83.06,1
42.35,-83.06,1
42.35,-83.06,1
42.35,-83.06,1
42.35,-83.06,1
42.35,-83.06,1
42.35,-83.06,1
42.35,-83.06,1
42.35,-83.06,1
42.35,-83.06,1
42.35,-83.06,1
42.35,-83.06,1
42.35,-83.06,1
42.35,-83.06,1
42.35,-83.06,1
42.35,-83.06,1
42.35,-83.06,1
42.35,-83.06,1
42.35,-83.06,1
42.35,-83.06,1
42.35,-83.06,1
42.35,-83.06,1
42.35,-83.06,1
42.35,-83.06,1
42.35,-83.06,1
42.35,-83.06,1
42.35,-83.06,1
42.35,-83.06,1
42.35,-83.06,1
42.35,-83.06,1
42.35,-83.06,1
42.35,-83.06,1
42.35,-83.06,1
42.35,-83.06,1
42.35,-83.06,1
42.35,-83.06,1
42.35,-83.06,1
42.35,-83.06,1
42.35,-83.06,1
42.35,-83.06,1
42.35,-83.06,1
42.35,-83.06,1
42.35,-83.06,1
42.35,-83.06,1
42.35,-83.06,1
42.35,-83.06,1
42.35,-83.06,1
42.35,-83.06,1
42.35,-83.06,1
42.35,-83.06,1
42.35,-83.06,1
42.35,-83.06,1
42.35,-83.06,1
42.35,-83.06,1
42.35,-83.06,1
42.35,-83.06,1
42.35,-83.06,1
42.35,-83.06,1
42.35,-83.06,1
42.35,-83.06,1
42.35,-83.06,1
42.35,-83.06,1
42.35,-83.06,1
42.35,-83.06,1
42.35,-83.06,1
42.35,-83.06,1
42.35,-83.06,1
42.35,-83.06,1
42.35,-83.06,1
42.35,-83.06,1
42.35,-83.06,1
42.35,-83.06,1
42.35,-83.06,1
42.35,-83.06,1
42.35,-83.06,1
42.35,-83.06,1
42.35,-83.06,1
42.35,-83.06,1
42.35,-83.06,1
42.35,-83.06,1
42.35,-83.06,1
42.35,-83.06,1
42.35,-83.06,1
42.35,-83.06,1
42.35,-83.06,1
42.35,-83.06,1
42.35,-83.06,1
42.35,-83.06,1
42.35,-83.06,1
42.35,-83.06,1
42.35,-83.06,1
42.35,-83.06,1
42.35,-83.06,1
42.35,-83.06,1
42.35,-83.06,1
42.35,-83.06,1
42.35,-83.06,1
42.35,-83.06,1
42.35,-83.06,1
42.35,-83.06,1
42.35,-83.06,1
42.35,-83.06,1
42.35,-83.06,1
42.35,-83.06,1
42.35,-83.06,1
42.35,-83.06,1
42.35,-83.06,1
42.35,-83.06,1
42.35,-83.06,1
42.35,-83.06,1
42.35,-83.06,1
42.35,-83.06,1
42.35,-83.06,1
42.35,-83.06,1
42.35,-83.06,1
42.35,-83.06,1
42.35,-83.06,1
42.35,-83.06,1
42.35,-83.06,1
42.35,-83.06,1
42.35,-83.06,1
42.35,-83.06,1
42.35,-83.06,1
42.35,-83.06,1
42.35,-83.06,1
42.35,-83.06,1
42.35,-83.06,1
42.35,-83.06,1
42.35,-83.06,1
42.35,-83.06,1
42.35,-83.06,1
42.35,-83.06,1
42.35,-83.06,1
42.35,-83.06,1
42.35,-83.06,1
42.35,-83.06,1
42.35,-83.06,1
42.35,-83.06,1
42.35,-83.06,1
42.35,-83.06,1
42.35,-83.06,1
42.35,-83.06,1
42.35,-83.06,1
42.35,-83.06,1
42.35,-83.06,1
42.35,-83.06,1
42.35,-83.06,1
42.35,-83.06,1
42.35,-83.06,1
42.35,-83.06,1
42.35,-83.06,1
42.35,-83.06,1
42.35,-83.06,1
42.35,-83.06,1
42.35,-83.06,1
42.35,-83.06,1
42.35,-83.06,1
42.35,-83.06,1
42.35,-83.06,1
42.35,-83.06,1
42.35,-83.06,1
42.35,-83.06,1
42.35,-83.06,1
42.35,-83.06,1
42.35,-83.06,1
42.35,-83.06,1
42.35,-83.06,1
42.35,-83.06,1
42.35,-83.06,1
42.35,-83.06,1
42.35,-83.06,1
42.35,-83.06,1
42.35,-83.06,1
42.35,-83.06,1
42.35,-83.06,1
42.35,-83.06,1
42.35,-83.06,1
42.35,-83.06,1
42.35,-83.06,1
42.35,-83.06,1
42.35,-83.06,1
42.35,-83.06,1
42.35,-83.06,1
42.35,-83.06,1
42.35,-83.06,1
42.35,-83.06,1
42.35,-83.06,1
42.35,-83.06,1
42.35,-83.06,1
42.35,-83.06,1
42.35,-83.06,1
42.35,-83.06,1
42.35,-83.06,1
42.35,-83.06,1
42.35,-83.06,1
42.35,-83.06,1
42.35,-83.06,1
42.35,-83.06,1
42.35,-83.06,1
42.35,-83.06,1
42.35,-83.06,1
42.35,-83.06,1
42.35,-83.06,1
42.35,-83.06,1
42.35,-83.06,1
42.35,-83.06,1
42.35,-83.06,1
42.35,-83.06,1
42.35,-83.06,1
42.35,-83.06,1
42.35,-83.06,1
42.35,-83.06,1
42.35,-83.06,1
42.35,-83.06,1
42.35,-83.06,1
42.35,-83.06,1
42.35,-83.06,1
42.35,-83.06,1
42.35,-83.06,1
42.35,-83.06,1
42.35,-83.06,1
42.35,-83.06,1
42.35,-83.06,1
42.35,-83.06,1
42.35,-83.06,1
42.35,-83.06,1
42.35,-83.06,1
42.35,-83.06,1
42.35,-83.06,1
42.35,-83.06,1
42.35,-83.06,1
42.35,-83.06,1
42.35,-83.06,1
42.35,-83.06,1
42.35,-83.06,1
42.35,-83.06,1
42.35,-83.06,1
42.35,-83.06,1
42.35,-83.06,1
42.35,-83.06,1
42.35,-83.06,1
42.35,-83.06,1
42.35,-83.06,1
42.35,-83.06,1
42.35,-83.06,1
42.35,-83.06,1
42.35,-83.06,1
42.35,-83.06,1
42.35,-83.06,1
42.35,-83.06,1
42.35,-83.06,1
42.35,-83.06,1
42.35,-83.06,1
42.35,-83.06,1
42.35,-83.06,1
42.35,-83.06,1
42.35,-83.06,1
42.35,-83.06,1
42.35,-83.06,1
42.35,-83.06,1
42.35,-83.06,1
42.35,-83.06,1
42.35,-83.06,1
42.35,-83.06,1
42.35,-83.06,1
42.35,-83.06,1
42.35,-83.06,1
42.35,-83.06,1
42.35,-83.06,1
42.35,-83.06,1
42.35,-83.06,1
42.35,-83.06,1
42.35,-83.06,1
42.35,-83.06,1
42.35,-83.06,1
42.35,-83.06,1
42.35,-83.06,1
42.35,-83.06,1
42.35,-83.06,1
42.35,-83.06,1
42.35,-83.06,1
42.35,-83.06,1
42.35,-83.06,1
42.35,-83.06,1
42.35,-83.06,1
42.35,-83.06,1
42.35,-83.06,1
42.35,-83.06,1
42.35,-83.06,1
42.35,-83.06,1
42.35,-83.06,1
42.35,-83.06,1
42.35,-83.06,1
42.35,-83.06,1
42.35,-83.06,1
42.35,-83.06,1
42.35,-83.06,1
42.35,-83.06,1
42.35,-83.06,1
42.35,-83.06,1
42.35,-83.06,1
42.35,-83.06,1
42.35,-83.06,1
42.35,-83.06,1
42.35,-83.06,1
42.35,-83.06,1
42.35,-83.06,1
42.35,-83.06,1
42.35,-83.06,1
42.35,-83.06,1
42.35,-83.06,1
42.35,-83.06,1
42.35,-83.06,1
42.35,-83.06,1
42.35,-83.06,1
42.35,-83.06,1
42.35,-83.06,1
42.35,-83.06,1
42.35,-83.06,1
42.35,-83.06,1
42.35,-83.06,1
42.35,-83.06,1
42.35,-83.06,1
42.35,-83.06,1
42.35,-83.06,1
42.35,-83.06,1
42.35,-83.06,1
42.35,-83.06,1
42.35,-83.06,1
42.35,-83.06,1
42.35,-83.06,1
42.35,-83.06,1
42.35,-83.06,1
42.35,-83.06,1
42.35,-83.06,1
42.35,-83.06,1
42.35,-83.06,1
42.35,-83.06,1
42.35,-83.06,1
42.35,-83.06,1
42.35,-83.06,1
42.35,-83.06,1
42.35,-83.06,1
42.35,-83.06,1
42.35,-83.06,1
42.35,-83.06,1
42.35,-83.06,1
42.35,-83.06,1
42.35,-83.06,1
42.35,-83.06,1
42.35,-83.06,1
42.35,-83.06,1
42.35,-83.06,1
42.35,-83.06,1
42.35,-83.06,1
42.35,-83.06,1
42.35,-83.06,1
42.35,-83.06,1
42.35,-83.06,1
42.35,-83.06,1
42.35,-83.06,1
42.35,-83.06,1
42.35,-83.06,1
42.35,-83.06,1
42.35,-83.06,1
42.35,-83.06,1
42.35,-83.06,1
42.35,-83.06,1
42.35,-83.06,1
42.35,-83.06,1
42.35,-83.06,1
42.35,-83.06,1
42.35,-83.06,1
42.35,-83.06,1
42.35,-83.06,1
42.35,-83.06,1
42.35,-83.06,1
42.35,-83.06,1
42.35,-83.06,1
42.35,-83.06,1
42.35,-83.06,1
42.35,-83.06,1
42.35,-83.06,1
42.35,-83.06,1
42.35,-83.06,1
42.35,-83.06,1
42.35,-83.06,1
42.35,-83.06,1
42.35,-83.06,1
42.35,-83.06,1
42.35,-83.06,1
42.35,-83.06,1
42.35,-83.06,1
42.35,-83.06,1
42.35,-83.06,1
42.35,-83.06,1
42.35,-83.06,1
42.35,-83.06,1
42.35,-83.06,1
42.35,-83.06,1
42.35,-83.06,1
42.35,-83.06,1
42.35,-83.06,1
42.35,-83.06,1
42.35,-83.06,1
42.35,-83.06,1
42.35,-83.06,1
42.35,-83.06,1
42.35,-83.06,1
42.35,-83.06,1
42.35,-83.06,1
42.35,-83.06,1
42.35,-83.06,1
42.35,-83.06,1
42.35,-83.06,1
42.35,-83.06,1
42.35,-83.06,1
42.35,-83.06,1
42.35,-83.06,1
42.35,-83.06,1
42.35,-83.06,1
42.35,-83.06,1
42.35,-83.06,1
42.35,-83.06,1
42.35,-83.06,1
42.35,-83.06,1
42.35,-83.06,1
42.35,-83.06,1
42.35,-83.06,1
42.35,-83.06,1
42.35,-83.06,1
42.35,-83.06,1
42.35,-83.06,1
42.35,-83.06,1
42.35,-83.06,1
42.35,-83.06,1
42.35,-83.06,1
42.35,-83.06,1
42.35,-83.06,1
42.35,-83.06,1
42.35,-83.06,1
42.35,-83.06,1
42.35,-83.06,1
42.35,-83.06,1
42.35,-83.06,1
42.35,-83.06,1
42.35,-83.06,1
42.35,-83.06,1
42.35,-83.06,1
42.35,-83.06,1
42.35,-83.06,1
42.35,-83.06,1
42.35,-83.06,1
42.35,-83.06,1
42.35,-83.06,1
42.35,-83.06,1
42.35,-83.06,1
42.35,-83.06,1
42.35,-83.06,1
42.35,-83.06,1
42.35,-83.06,1
42.35,-83.06,1
42.35,-83.06,1
42.35,-83.06,1
42.35,-83.06,1
42.35,-83.06,1
42.35,-83.06,1
42.35,-83.06,1
42.35,-83.06,1
42.35,-83.06,1
42.35,-83.06,1
42.35,-83.06,1
42.35,-83.06,1
42.35,-83.06,1
42.35,-83.06,1
42.35,-83.06,1
42.35,-83.06,1
42.35,-83.06,1
42.35,-83.06,1
42.35,-83.06,1
42.35,-83.06,1
42.35,-83.06,1
42.35,-83.06,1
42.35,-83.06,1
42.35,-83.06,1
42.35,-83.06,1
42.35,-83.06,1
42.35,-83.06,1
42.35,-83.06,1
42.35,-83.06,1
42.35,-83.06,1
42.35,-83.06,1
42.35,-83.06,1
42.35,-83.06,1
42.35,-83.06,1
42.35,-83.06,1
42.35,-83.06,1
42.35,-83.06,1
42.35,-83.06,1
42.35,-83.06,1
42.35,-83.06,1
42.35,-83.06,1
42.35,-83.06,1
42.35,-83.06,1
42.35,-83.06,1
42.35,-83.06,1
42.35,-83.06,1
42.35,-83.06,1
42.35,-83.06,1
42.35,-83.06,1
42.35,-83.06,1
42.35,-83.06,1
42.35,-83.06,1
42.35,-83.06,1
42.35,-83.06,1
42.35,-83.06,1
42.35,-83.06,1
42.35,-83.06,1
42.35,-83.06,1
42.35,-83.06,1
42.35,-83.06,1
42.35,-83.06,1
42.35,-83.06,1
42.35,-83.06,1
42.35,-83.06,1
42.35,-83.06,1
42.35,-83.06,1
42.35,-83.06,1
42.35,-83.06,1
42.35,-83.06,1
42.35,-83.06,1
42.35,-83.06,1
42.35,-83.06,1
42.35,-83.06,1
42.35,-83.06,1
42.35,-83.06,1
42.35,-83.06,1
42.35,-83.06,1
42.35,-83.06,1
42.35,-83.06,1
42.35,-83.06,1
42.35,-83.06,1
42.35,-83.06,1
42.35,-83.06,1
42.35,-83.06,1
42.35,-83.06,1
42.35,-83.06,1
42.35,-83.06,1
42.35,-83.06,1
42.35,-83.06,1
42.35,-83.06,1
42.35,-83.06,1
42.35,-83.06,1
42.35,-83.06,1
42.35,-83.06,1
42.35,-83.06,1
42.35,-83.06,1
42.35,-83.06,1
42.35,-83.06,1
42.35,-83.06,1
42.35,-83.06,1
42.35,-83.06,1
42.35,-83.06,1
42.35,-83.06,1
42.35,-83.06,1
42.35,-83.06,1
42.35,-83.06,1
42.35,-83.06,1
42.35,-83.06,1
42.35,-83.06,1
42.35,-83.06,1
42.35,-83.06,1
42.35,-83.06,1
42.35,-83.06,1
42.35,-83.06,1
42.35,-83.06,1
42.35,-83.06,1
42.35,-83.06,1
42.35,-83.06,1
42.35,-83.06,1
42.35,-83.06,1
42.35,-83.06,1
42.35,-83.06,1
42.35,-83.06,1
42.35,-83.06,1
42.35,-83.06,1
42.35,-83.06,1
42.35,-83.06,1
42.35,-83.06,1
42.35,-83.06,1
42.35,-83.06,1
42.35,-83.06,1
42.35,-83.06,1
42.35,-83.06,1
42.35,-83.06,1
42.35,-83.06,1
42.35,-83.06,1
42.35,-83.06,1
42.35,-83.06,1
42.35,-83.06,1
42.35,-83.06,1
42.35,-83.06,1
42.35,-83.06,1
42.35,-83.06,1
42.35,-83.06,1
42.35,-83.06,1
42.35,-83.06,1
42.35,-83.06,1
42.35,-83.06,1
42.35,-83.06,1
42.35,-83.06,1
42.35,-83.06,1
42.35,-83.06,1
42.35,-83.06,1
42.35,-83.06,1
42.35,-83.06,1
42.35,-83.06,1
42.35,-83.06,1
42.35,-83.06,1
42.35,-83.06,1
42.35,-83.06,1
42.35,-83.06,1
42.35,-83.06,1
42.35,-83.06,1
42.35,-83.06,1
42.35,-83.06,1
42.35,-83.06,1
42.35,-83.06,1
42.35,-83.06,1
42.35,-83.06,1
42.35,-83.06,1
42.35,-83.06,1
42.35,-83.06,1
42.35,-83.06,1
42.35,-83.06,1
42.35,-83.06,1
42.35,-83.06,1
42.35,-83.06,1
42.35,-83.06,1
42.35,-83.06,1
42.35,-83.06,1
42.35,-83.06,1
42.35,-83.06,1
42.35,-83.06,1
42.35,-83.06,1
42.35,-83.06,1
42.35,-83.06,1
42.35,-83.06,1
42.35,-83.06,1
42.35,-83.06,1
42.35,-83.06,1
42.35,-83.06,1
42.35,-83.06,1
42.35,-83.06,1
42.35,-83.06,1
42.35,-83.06,1
42.35,-83.06,1
42.35,-83.06,1
42.35,-83.06,1
42.35,-83.06,1
42.35,-83.06,1
42.35,-83.06,1
42.35,-83.06,1
42.35,-83.06,1
42.35,-83.06,1
42.35,-83.06,1
42.35,-83.06,1
42.35,-83.06,1
42.35,-83.06,1
42.35,-83.06,1
42.35,-83.06,1
42.35,-83.06,1
42.35,-83.06,1
42.35,-83.06,1
42.35,-83.06,1
42.35,-83.06,1
42.35,-83.06,1
42.35,-83.06,1
42.35,-83.06,1
42.35,-83.06,1
42.35,-83.06,1
42.35,-83.06,1
42.35,-83.06,1
42.35,-83.06,1
42.35,-83.06,1
42.35,-83.06,1
42.35,-83.06,1
42.35,-83.06,1
42.35,-83.06,1
42.35,-83.06,1
42.35,-83.06,1
42.35,-83.06,1
42.35,-83.06,1
42.35,-83.06,1
42.35,-83.06,1
42.35,-83.06,1
42.35,-83.06,1
42.35,-83.06,1
42.35,-83.06,1
42.35,-83.06,1
42.35,-83.06,1
42.35,-83.06,1
42.35,-83.06,1
42.35,-83.06,1
42.35,-83.06,1
42.35,-83.06,1
42.35,-83.06,1
42.35,-83.06,1
42.35,-83.06,1
42.35,-83.06,1
42.35,-83.06,1
42.35,-83.06,1
42.35,-83.06,1
42.35,-83.06,1
42.35,-83.06,1
42.35,-83.06,1
42.35,-83.06,1
42.35,-83.06,1
42.35,-83.06,1
42.35,-83.06,1
42.35,-83.06,1
42.35,-83.06,1
42.35,-83.06,1
42.35,-83.06,1
42.35,-83.06,1
42.35,-83.06,1
42.35,-83.06,1
42.35,-83.06,1
42.35,-83.06,1
42.35,-83.06,1
42.35,-83.06,1
42.35,-83.06,1
42.35,-83.06,1
42.35,-83.06,1
42.35,-83.06,1
42.35,-83.06,1
42.35,-83.06,1
42.35,-83.06,1
42.35,-83.06,1
42.35,-83.06,1
42.35,-83.06,1
42.35,-83.06,1
42.35,-83.06,1
42.35,-83.06,1
42.35,-83.06,1
42.35,-83.06,1
42.35,-83.06,1
42.35,-83.06,1
42.35,-83.06,1
42.35,-83.06,1
42.35,-83.06,1
42.35,-83.06,1
42.35,-83.06,1
42.35,-83.06,1
42.35,-83.06,1
42.35,-83.06,1
42.35,-83.06,1
42.35,-83.06,1
42.35,-83.06,1
42.35,-83.06,1
42.35,-83.06,1
42.35,-83.06,1
42.35,-83.06,1
42.35,-83.06,1
42.35,-83.06,1
42.35,-83.06,1
42.35,-83.06,1
42.35,-83.06,1
42.35,-83.06,1
42.35,-83.06,1
42.35,-83.06,1
42.35,-83.06,1
42.35,-83.06,1
42.35,-83.06,1
42.35,-83.06,1
42.35,-83.06,1
42.35,-83.06,1
42.35,-83.06,1
42.35,-83.06,1
42.35,-83.06,1
42.35,-83.06,1
42.35,-83.06,1
42.35,-83.06,1
42.35,-83.06,1
42.35,-83.06,1
42.35,-83.06,1
42.35,-83.06,1
42.35,-83.06,1
42.35,-83.06,1
42.35,-83.06,1
42.35,-83.06,1
42.35,-83.06,1
42.35,-83.06,1
42.35,-83.06,1
42.35,-83.06,1
42.35,-83.06,1
42.35,-83.06,1
42.35,-83.06,1
42.35,-83.06,1
42.35,-83.06,1
42.35,-83.06,1
42.35,-83.06,1
42.35,-83.06,1
42.35,-83.06,1
42.35,-83.06,1
42.35,-83.06,1
42.35,-83.06,1
42.35,-83.06,1
42.35,-83.06,1
42.35,-83.06,1
42.35,-83.06,1
42.35,-83.06,1
42.35,-83.06,1
42.35,-83.06,1
42.35,-83.06,1
42.35,-83.06,1
42.35,-83.06,1
42.35,-83.06,1
42.35,-83.06,1
42.35,-83.06,1
42.35,-83.06,1
42.35,-83.06,1
42.35,-83.06,1
42.35,-83.06,1
42.35,-83.06,1
42.35,-83.06,1
42.35,-83.06,1
42.35,-83.06,1
42.35,-83.06,1
42.35,-83.06,1
42.35,-83.06,1
42.35,-83.06,1
42.35,-83.06,1
42.35,-83.06,1
42.35,-83.06,1
42.35,-83.06,1
42.35,-83.06,1
42.35,-83.06,1
42.35,-83.06,1
42.35,-83.06,1
42.35,-83.06,1
42.35,-83.06,1
42.35,-83.06,1
42.35,-83.06,1
42.35,-83.06,1
42.35,-83.06,1
42.35,-83.06,1
42.35,-83.06,1
42.35,-83.06,1
42.35,-83.06,1
42.35,-83.06,1
42.35,-83.06,1
42.35,-83.06,1
42.35,-83.06,1
42.35,-83.06,1
42.35,-83.06,1
42.35,-83.06,1
42.35,-83.06,1
42.35,-83.06,1
42.35,-83.06,1
42.35,-83.06,1
42.35,-83.06,1
42.35,-83.06,1
42.35,-83.06,1
42.35,-83.06,1
42.35,-83.06,1
42.35,-83.06,1
42.35,-83.06,1
42.35,-83.06,1
42.35,-83.06,1
42.35,-83.06,1
42.35,-83.06,1
42.35,-83.06,1
42.35,-83.06,1
42.35,-83.06,1
42.35,-83.06,1
42.35,-83.06,1
42.35,-83.06,1
42.35,-83.06,1
42.35,-83.06,1
42.35,-83.06,1
42.35,-83.06,1
42.35,-83.06,1
42.35,-83.06,1
42.35,-83.06,1
42.35,-83.06,1
42.35,-83.06,1
42.35,-83.06,1
42.35,-83.06,1
42.35,-83.06,1
42.35,-83.06,1
42.35,-83.06,1
42.35,-83.06,1
42.35,-83.06,1
42.35,-83.06,1
42.35,-83.06,1
42.35,-83.06,1
42.35,-83.06,1
42.35,-83.06,1
42.35,-83.06,1
42.35,-83.06,1
42.35,-83.06,1
42.35,-83.06,1
42.35,-83.06,1
42.35,-83.06,1
42.35,-83.06,1
42.35,-83.06,1
42.35,-83.06,1
42.35,-83.06,1
42.35,-83.06,1
42.35,-83.06,1
42.35,-83.06,1
42.35,-83.06,1
42.35,-83.06,1
42.35,-83.06,1
42.35,-83.06,1
42.35,-83.06,1
42.35,-83.06,1
42.35,-83.06,1
42.35,-83.06,1
42.35,-83.06,1
42.35,-83.06,1
42.35,-83.06,1
42.35,-83.06,1
42.35,-83.06,1
42.35,-83.06,1
42.35,-83.06,1
42.35,-83.06,1
42.35,-83.06,1
42.35,-83.06,1
42.35,-83.06,1
42.35,-83.06,1
42.35,-83.06,1
42.35,-83.06,1
42.35,-83.06,1
42.35,-83.06,1
42.35,-83.06,1
42.35,-83.06,1
42.35,-83.06,1
42.35,-83.06,1
42.35,-83.06,1
42.35,-83.06,1
42.35,-83.06,1
42.35,-83.06,1
42.35,-83.06,1
42.35,-83.06,1
42.35,-83.06,1
42.35,-83.06,1
42.35,-83.06,1
42.35,-83.06,1
42.35,-83.06,1
42.35,-83.06,1
42.35,-83.06,1
42.35,-83.06,1
42.35,-83.06,1
42.35,-83.06,1
42.35,-83.06,1
42.35,-83.06,1
42.35,-83.06,1
42.35,-83.06,1
42.35,-83.06,1
42.35,-83.06,1
42.35,-83.06,1
42.35,-83.06,1
42.35,-83.06,1
42.35,-83.06,1
42.35,-83.06,1
42.35,-83.06,1
42.35,-83.06,1
42.35,-83.06,1
42.35,-83.06,1
42.35,-83.06,1
42.35,-83.06,1
42.35,-83.06,1
42.35,-83.06,1
42.35,-83.06,1
42.35,-83.06,1
42.35,-83.06,1
42.35,-83.06,1
42.35,-83.06,1
42.35,-83.06,1
42.35,-83.06,1
42.35,-83.06,1
42.35,-83.06,1
42.35,-83.06,1
42.35,-83.06,1
42.35,-83.06,1
42.35,-83.06,1
42.35,-83.06,1
42.35,-83.06,1
42.35,-83.06,1
42.35,-83.06,1
42.35,-83.06,1
42.35,-83.06,1
42.35,-83.06,1
42.35,-83.06,1
42.35,-83.06,1
42.35,-83.06,1
42.35,-83.06,1
42.35,-83.06,1
42.35,-83.06,1
42.35,-83.06,1
42.35,-83.06,1
42.35,-83.06,1
42.35,-83.06,1
42.35,-83.06,1
42.35,-83.06,1
42.35,-83.06,1
42.35,-83.06,1
42.35,-83.06,1
42.35,-83.06,1
42.35,-83.06,1
42.35,-83.06,1
42.35,-83.06,1
42.35,-83.06,1
42.35,-83.06,1
42.35,-83.06,1
42.35,-83.06,1
42.35,-83.06,1
42.35,-83.06,1
42.35,-83.06,1
42.35,-83.06,1
42.35,-83.06,1
42.35,-83.06,1
42.35,-83.06,1
42.35,-83.06,1
42.35,-83.06,1
42.35,-83.06,1
42.35,-83.06,1
42.35,-83.06,1
42.35,-83.06,1
42.35,-83.06,1
42.35,-83.06,1
42.35,-83.06,1
42.35,-83.06,1
42.35,-83.06,1
42.35,-83.06,1
42.35,-83.06,1
42.35,-83.06,1
42.35,-83.06,1
42.35,-83.06,1
42.35,-83.06,1
42.35,-83.06,1
42.35,-83.06,1
42.35,-83.06,1
42.35,-83.06,1
42.35,-83.06,1
42.35,-83.06,1
42.35,-83.06,1
42.35,-83.06,1
42.35,-83.06,1
42.35,-83.06,1
42.35,-83.06,1
42.35,-83.06,1
42.35,-83.06,1
42.35,-83.06,1
42.35,-83.06,1
42.35,-83.06,1
42.35,-83.06,1
42.35,-83.06,1
42.35,-83.06,1
42.35,-83.06,1
42.35,-83.06,1
42.35,-83.06,1
42.35,-83.06,1
42.35,-83.06,1
42.35,-83.06,1
42.35,-83.06,1
42.35,-83.06,1
42.35,-83.06,1
42.35,-83.06,1
42.35,-83.06,1
42.35,-83.06,1
42.35,-83.06,1
42.35,-83.06,1
42.35,-83.06,1
42.35,-83.06,1
42.35,-83.06,1
42.35,-83.06,1
42.35,-83.06,1
42.35,-83.06,1
42.35,-83.06,1
42.35,-83.06,1
42.35,-83.06,1
42.35,-83.06,1
42.35,-83.06,1
42.35,-83.06,1
42.35,-83.06,1
42.35,-83.06,1
42.35,-83.06,1
42.35,-83.06,1
42.35,-83.06,1
42.35,-83.06,1
42.35,-83.06,1
42.35,-83.06,1
42.35,-83.06,1
42.35,-83.06,1
42.35,-83.06,1
42.35,-83.06,1
42.35,-83.06,1
42.35,-83.06,1
42.35,-83.06,1
42.35,-83.06,1
42.35,-83.06,1
42.35,-83.06,1
42.35,-83.06,1
42.35,-83.06,1
42.35,-83.06,1
42.35,-83.06,1
42.35,-83.06,1
42.35,-83.06,1
42.35,-83.06,1
42.35,-83.06,1
42.35,-83.06,1
42.35,-83.06,1
42.35,-83.06,1
42.35,-83.06,1
42.35,-83.06,1
42.35,-83.06,1
42.35,-83.06,1
42.35,-83.06,1
42.35,-83.06,1
42.35,-83.06,1
42.35,-83.06,1
42.35,-83.06,1
42.35,-83.06,1
42.35,-83.06,1
42.35,-83.06,1
42.35,-83.06,1
42.35,-83.06,1
42.35,-83.06,1
42.35,-83.06,1
42.35,-83.06,1
42.35,-83.06,1
42.35,-83.06,1
42.35,-83.06,1
42.35,-83.06,1
42.35,-83.06,1
42.35,-83.06,1
42.35,-83.06,1
42.35,-83.06,1
42.35,-83.06,1
42.35,-83.06,1
42.35,-83.06,1
42.35,-83.06,1
42.35,-83.06,1
42.35,-83.06,1
42.35,-83.06,1
42.35,-83.06,1
42.35,-83.06,1
42.35,-83.06,1
42.35,-83.06,1
42.35,-83.06,1
42.35,-83.06,1
42.35,-83.06,1
42.35,-83.06,1
42.35,-83.06,1
42.35,-83.06,1
42.35,-83.06,1
42.35,-83.06,1
42.35,-83.06,1
42.35,-83.06,1
42.35,-83.06,1
42.35,-83.06,1
42.35,-83.06,1
42.35,-83.06,1
42.35,-83.06,1
42.35,-83.06,1
42.35,-83.06,1
42.35,-83.06,1
42.35,-83.06,1
42.35,-83.06,1
42.35,-83.06,1
42.35,-83.06,1
42.35,-83.06,1
42.35,-83.06,1
42.35,-83.06,1
42.35,-83.06,1
42.35,-83.06,1
42.35,-83.06,1
42.35,-83.06,1
42.35,-83.06,1
42.35,-83.06,1
42.35,-83.06,1
42.35,-83.06,1
42.35,-83.06,1
42.35,-83.06,1
42.35,-83.06,1
42.35,-83.06,1
42.35,-83.06,1
42.35,-83.06,1
42.35,-83.06,1
42.35,-83.06,1
42.35,-83.06,1
42.35,-83.06,1
42.35,-83.06,1
42.35,-83.06,1
42.35,-83.06,1
42.35,-83.06,1
42.35,-83.06,1
42.35,-83.06,1
42.35,-83.06,1
42.35,-83.06,1
42.35,-83.06,1
42.35,-83.06,1
42.35,-83.06,1
42.35,-83.06,1
42.35,-83.06,1
42.35,-83.06,1
42.35,-83.06,1
42.35,-83.06,1
42.35,-83.06,1
42.35,-83.06,1
42.35,-83.06,1
42.35,-83.06,1
42.35,-83.06,1
42.35,-83.06,1
42.35,-83.06,1
42.35,-83.06,1
42.35,-83.06,1
42.35,-83.06,1
42.35,-83.06,1
42.35,-83.06,1
42.35,-83.06,1
42.35,-83.06,1
42.35,-83.06,1
42.35,-83.06,1
42.35,-83.06,1
42.35,-83.06,1
42.35,-83.06,1
42.35,-83.06,1
42.35,-83.06,1
42.35,-83.06,1
42.35,-83.06,1
42.35,-83.06,1
42.35,-83.06,1
42.35,-83.06,1
42.35,-83.06,1
42.35,-83.06,1
42.35,-83.06,1
42.35,-83.06,1
42.35,-83.06,1
42.35,-83.06,1
42.35,-83.06,1
42.35,-83.06,1
42.35,-83.06,1
42.35,-83.06,1
42.35,-83.06,1
42.35,-83.06,1
42.35,-83.06,1
42.35,-83.06,1
42.35,-83.06,1
42.35,-83.06,1
42.35,-83.06,1
42.35,-83.06,1
42.35,-83.06,1
42.35,-83.06,1
42.35,-83.06,1
42.35,-83.06,1
42.35,-83.06,1
42.35,-83.06,1
42.35,-83.06,1
42.35,-83.06,1
42.35,-83.06,1
42.35,-83.06,1
42.35,-83.06,1
42.35,-83.06,1
42.35,-83.06,1
42.35,-83.06,1
42.35,-83.06,1
42.35,-83.06,1
42.35,-83.06,1
42.35,-83.06,1
42.35,-83.06,1
42.35,-83.06,1
42.35,-83.06,1
42.35,-83.06,1
42.35,-83.06,1
42.35,-83.06,1
42.35,-83.06,1
42.35,-83.06,1
42.35,-83.06,1
42.35,-83.06,1
42.35,-83.06,1
42.35,-83.06,1
42.35,-83.06,1
42.35,-83.06,1
42.35,-83.06,1
42.35,-83.06,1
42.35,-83.06,1
42.35,-83.06,1
42.35,-83.06,1
42.35,-83.06,1
42.35,-83.06,1
42.35,-83.06,1
42.35,-83.06,1
42.35,-83.06,1
42.35,-83.06,1
42.35,-83.06,1
42.35,-83.06,1
42.35,-83.06,1
42.35,-83.06,1
42.35,-83.06,1
42.35,-83.06,1
42.35,-83.06,1
42.35,-83.06,1
42.35,-83.06,1
42.35,-83.06,1
42.35,-83.06,1
42.35,-83.06,1
42.35,-83.06,1
42.35,-83.06,1
42.35,-83.06,1
42.35,-83.06,1
42.35,-83.06,1
42.35,-83.06,1
42.35,-83.06,1
42.35,-83.06,1
42.35,-83.06,1
42.35,-83.06,1
42.35,-83.06,1
42.35,-83.06,1
42.35,-83.06,1
42.35,-83.06,1
42.35,-83.06,1
42.35,-83.06,1
42.35,-83.06,1
42.35,-83.06,1
42.35,-83.06,1
42.35,-83.06,1
42.35,-83.06,1
42.35,-83.06,1
42.35,-83.06,1
42.35,-83.06,1
42.35,-83.06,1
42.35,-83.06,1
42.35,-83.06,1
42.35,-83.06,1
42.35,-83.06,1
42.35,-83.06,1
42.35,-83.06,1
42.35,-83.06,1
42.35,-83.06,1
42.35,-83.06,1
42.35,-83.06,1
42.35,-83.06,1
42.35,-83.06,1
42.35,-83.06,1
42.35,-83.06,1
42.35,-83.06,1
42.35,-83.06,1
42.35,-83.06,1
42.35,-83.06,1
42.35,-83.06,1
42.35,-83.06,1
42.35,-83.06,1
42.35,-83.06,1
42.35,-83.06,1
42.35,-83.06,1
42.35,-83.06,1
42.35,-83.06,1
42.35,-83.06,1
42.35,-83.06,1
42.35,-83.06,1
42.35,-83.06,1
42.35,-83.06,1
42.35,-83.06,1
42.35,-83.06,1
42.35,-83.06,1
42.35,-83.06,1
42.35,-83.06,1
42.35,-83.06,1
42.35,-83.06,1
42.35,-83.06,1
42.35,-83.06,1
42.35,-83.06,1
42.35,-83.06,1
42.35,-83.06,1
42.35,-83.06,1
42.35,-83.06,1
42.35,-83.06,1
42.35,-83.06,1
42.35,-83.06,1
42.35,-83.06,1
42.35,-83.06,1
42.35,-83.06,1
42.35,-83.06,1
42.35,-83.06,1
42.35,-83.06,1
42.35,-83.06,1
42.35,-83.06,1
42.35,-83.06,1
42.35,-83.06,1
42.35,-83.06,1
42.35,-83.06,1
42.35,-83.06,1
42.35,-83.06,1
42.35,-83.06,1
42.35,-83.06,1
42.35,-83.06,1
42.35,-83.06,1
42.35,-83.06,1
42.35,-83.06,1
42.35,-83.06,1
42.35,-83.06,1
42.35,-83.06,1
42.35,-83.06,1
42.35,-83.06,1
42.35,-83.06,1
42.35,-83.06,1
42.35,-83.06,1
42.35,-83.06,1
42.35,-83.06,1
42.35,-83.06,1
42.35,-83.06,1
42.35,-83.06,1
42.35,-83.06,1
42.35,-83.06,1
42.35,-83.06,1
42.35,-83.06,1
42.35,-83.06,1
42.35,-83.06,1
42.35,-83.06,1
42.35,-83.06,1
42.35,-83.06,1
42.35,-83.06,1
42.35,-83.06,1
42.35,-83.06,1
42.35,-83.06,1
42.35,-83.06,1
42.35,-83.06,1
42.35,-83.06,1
42.35,-83.06,1
42.35,-83.06,1
42.35,-83.06,1
42.35,-83.06,1
42.35,-83.06,1
42.35,-83.06,1
42.35,-83.06,1
42.35,-83.06,1
42.35,-83.06,1
42.35,-83.06,1
42.35,-83.06,1
42.35,-83.06,1
42.35,-83.06,1
42.35,-83.06,1
42.35,-83.06,1
42.35,-83.06,1
42.35,-83.06,1
42.35,-83.06,1
42.35,-83.06,1
42.35,-83.06,1
42.35,-83.06,1
42.35,-83.06,1
42.35,-83.06,1
42.35,-83.06,1
42.35,-83.06,1
42.35,-83.06,1
42.35,-83.06,1
42.35,-83.06,1
42.35,-83.06,1
42.35,-83.06,1
42.35,-83.06,1
42.35,-83.06,1
42.35,-83.06,1
42.35,-83.06,1
42.35,-83.06,1
42.35,-83.06,1
42.35,-83.06,1
42.35,-83.06,1
42.35,-83.06,1
42.35,-83.06,1
42.35,-83.06,1
42.35,-83.06,1
42.35,-83.06,1
42.35,-83.06,1
42.35,-83.06,1
42.35,-83.06,1
42.35,-83.06,1
42.35,-83.06,1
42.35,-83.06,1
42.35,-83.06,1
42.35,-83.06,1
42.35,-83.06,1
42.35,-83.06,1
42.35,-83.06,1
42.35,-83.06,1
42.35,-83.06,1
42.35,-83.06,1
42.35,-83.06,1
42.35,-83.06,1
42.35,-83.06,1
42.35,-83.06,1
42.35,-83.06,1
42.35,-83.06,1
42.35,-83.06,1
42.35,-83.06,1
42.35,-83.06,1
42.35,-83.06,1
42.35,-83.06,1
42.35,-83.06,1
42.35,-83.06,1
42.35,-83.06,1
42.35,-83.06,1
42.35,-83.06,1
42.35,-83.06,1
42.35,-83.06,1
42.35,-83.06,1
42.35,-83.06,1
42.35,-83.06,1
42.35,-83.06,1
42.35,-83.06,1
42.35,-83.06,1
42.35,-83.06,1
42.35,-83.06,1
42.35,-83.06,1
42.35,-83.06,1
42.35,-83.06,1
42.35,-83.06,1
42.35,-83.06,1
42.35,-83.06,1
42.35,-83.06,1
42.35,-83.06,1
42.35,-83.06,1
42.35,-83.06,1
42.35,-83.06,1
42.35,-83.06,1
42.35,-83.06,1
42.35,-83.06,1
42.35,-83.06,1
42.35,-83.06,1
42.35,-83.06,1
42.35,-83.06,1
42.35,-83.06,1
42.35,-83.06,1
42.35,-83.06,1
42.35,-83.06,1
42.35,-83.06,1
42.35,-83.06,1
42.35,-83.06,1
42.35,-83.06,1
42.35,-83.06,1
42.35,-83.06,1
42.35,-83.06,1
42.35,-83.06,1
42.35,-83.06,1
42.35,-83.06,1
42.35,-83.06,1
42.35,-83.06,1
42.35,-83.06,1
42.35,-83.06,1
42.35,-83.06,1
42.35,-83.06,1
42.35,-83.06,1
42.35,-83.06,1
42.35,-83.06,1
42.35,-83.06,1
42.35,-83.06,1
42.35,-83.06,1
42.35,-83.06,1
42.35,-83.06,1
42.35,-83.06,1
42.35,-83.06,1
42.35,-83.06,1
42.35,-83.06,1
42.35,-83.06,1
42.35,-83.06,1
42.35,-83.06,1
42.35,-83.06,1
42.35,-83.06,1
42.35,-83.06,1
42.35,-83.06,1
42.35,-83.06,1
42.35,-83.06,1
42.35,-83.06,1
42.35,-83.06,1
42.35,-83.06,1
42.35,-83.06,1
42.35,-83.06,1
42.35,-83.06,1
42.35,-83.06,1
42.35,-83.06,1
42.35,-83.06,1
42.35,-83.06,1
42.35,-83.06,1
42.35,-83.06,1
42.35,-83.06,1
42.35,-83.06,1
42.35,-83.06,1
42.35,-83.06,1
42.35,-83.06,1
42.35,-83.06,1
42.35,-83.06,1
42.35,-83.06,1
42.35,-83.06,1
42.35,-83.06,1
42.35,-83.06,1
42.35,-83.06,1
42.35,-83.06,1
42.35,-83.06,1
42.35,-83.06,1
42.35,-83.06,1
42.35,-83.06,1
42.35,-83.06,1
42.35,-83.06,1
42.35,-83.06,1
42.35,-83.06,1
42.35,-83.06,1
42.35,-83.06,1
42.35,-83.06,1
42.35,-83.06,1
42.35,-83.06,1
42.35,-83.06,1
42.35,-83.06,1
42.35,-83.06,1
42.35,-83.06,1
42.35,-83.06,1
42.35,-83.06,1
42.35,-83.06,1
42.35,-83.06,1
42.35,-83.06,1
42.35,-83.06,1
42.35,-83.06,1
42.35,-83.06,1
42.35,-83.06,1
42.35,-83.06,1
42.35,-83.06,1
42.35,-83.06,1
42.35,-83.06,1
42.35,-83.06,1
42.35,-83.06,1
42.35,-83.06,1
42.35,-83.06,1
42.35,-83.06,1
42.35,-83.06,1
42.35,-83.06,1
42.35,-83.06,1
42.35,-83.06,1
42.35,-83.06,1
42.35,-83.06,1
42.35,-83.06,1
42.35,-83.06,1
42.35,-83.06,1
42.35,-83.06,1
42.35,-83.06,1
42.35,-83.06,1
42.35,-83.06,1
42.35,-83.06,1
42.35,-83.06,1
42.35,-83.06,1
42.35,-83.06,1
42.35,-83.06,1
42.35,-83.06,1
42.35,-83.06,1
42.35,-83.06,1
42.35,-83.06,1
42.35,-83.06,1
42.35,-83.06,1
42.35,-83.06,1
42.35,-83.06,1
42.35,-83.06,1
42.35,-83.06,1
42.35,-83.06,1
42.35,-83.06,1
42.35,-83.06,1
42.35,-83.06,1
42.35,-83.06,1
42.35,-83.06,1
42.35,-83.06,1
42.35,-83.06,1
42.35,-83.06,1
42.35,-83.06,1
42.35,-83.06,1
42.35,-83.06,1
42.35,-83.06,1
42.35,-83.06,1
42.35,-83.06,1
42.35,-83.06,1
42.35,-83.06,1
42.35,-83.06,1
42.35,-83.06,1
42.35,-83.06,1
42.35,-83.06,1
42.35,-83.06,1
42.35,-83.06,1
42.35,-83.06,1
42.35,-83.06,1
42.35,-83.06,1
42.35,-83.06,1
42.35,-83.06,1
42.35,-83.06,1
42.35,-83.06,1
42.35,-83.06,1
42.35,-83.06,1
42.35,-83.06,1
42.35,-83.06,1
42.35,-83.06,1
42.35,-83.06,1
42.35,-83.06,1
42.35,-83.06,1
42.35,-83.06,1
42.35,-83.06,1
42.35,-83.06,1
42.35,-83.06,1
42.35,-83.06,1
42.35,-83.06,1
42.35,-83.06,1
42.35,-83.06,1
42.35,-83.06,1
42.35,-83.06,1
42.35,-83.06,1
42.35,-83.06,1
42.35,-83.06,1
42.35,-83.06,1
42.35,-83.06,1
42.35,-83.06,1
42.35,-83.06,1
42.35,-83.06,1
42.35,-83.06,1
42.35,-83.06,1
42.35,-83.06,1
42.35,-83.06,1
42.35,-83.06,1
42.35,-83.06,1
42.35,-83.06,1
42.35,-83.06,1
42.35,-83.06,1
42.35,-83.06,1
42.35,-83.06,1
42.35,-83.06,1
42.35,-83.06,1
42.35,-83.06,1
42.35,-83.06,1
42.35,-83.06,1
42.35,-83.06,1
42.35,-83.06,1
42.35,-83.06,1
42.35,-83.06,1
42.35,-83.06,1
42.35,-83.06,1
42.35,-83.06,1
42.35,-83.06,1
42.35,-83.06,1
42.35,-83.06,1
42.35,-83.06,1
42.35,-83.06,1
42.35,-83.06,1
42.35,-83.06,1
42.35,-83.06,1
42.35,-83.06,1
42.35,-83.06,1
42.35,-83.06,1
42.35,-83.06,1
42.35,-83.06,1
42.35,-83.06,1
42.35,-83.06,1
42.35,-83.06,1
42.35,-83.06,1
42.35,-83.06,1
42.35,-83.06,1
42.35,-83.06,1
42.35,-83.06,1
42.35,-83.06,1
42.35,-83.06,1
42.35,-83.06,1
42.35,-83.06,1
42.35,-83.06,1
42.35,-83.06,1
42.35,-83.06,1
42.35,-83.06,1
42.35,-83.06,1
42.35,-83.06,1
42.35,-83.06,1
42.35,-83.06,1
42.35,-83.06,1
42.35,-83.06,1
42.35,-83.06,1
42.35,-83.06,1
42.35,-83.06,1
42.35,-83.06,1
42.35,-83.06,1
42.35,-83.06,1
42.35,-83.06,1
42.35,-83.06,1
42.35,-83.06,1
42.35,-83.06,1
42.35,-83.06,1
42.35,-83.06,1
42.35,-83.06,1
42.35,-83.06,1
42.35,-83.06,1
42.35,-83.06,1
42.35,-83.06,1
42.35,-83.06,1
42.35,-83.06,1
42.35,-83.06,1
42.35,-83.06,1
42.35,-83.06,1
42.35,-83.06,1
42.35,-83.06,1
42.35,-83.06,1
42.35,-83.06,1
42.35,-83.06,1
42.35,-83.06,1
42.35,-83.06,1
42.35,-83.06,1
42.35,-83.06,1
42.35,-83.06,1
42.35,-83.06,1
42.35,-83.06,1
42.35,-83.06,1
42.35,-83.06,1
42.35,-83.06,1
42.35,-83.06,1
42.35,-83.06,1
42.35,-83.06,1
42.35,-83.06,1
42.35,-83.06,1
42.35,-83.06,1
42.35,-83.06,1
42.35,-83.06,1
42.35,-83.06,1
42.35,-83.06,1
42.35,-83.06,1
42.35,-83.06,1
42.35,-83.06,1
42.35,-83.06,1
42.35,-83.06,1
42.35,-83.06,1
42.35,-83.06,1
42.35,-83.06,1
42.35,-83.06,1
42.35,-83.06,1
42.35,-83.06,1
42.35,-83.06,1
42.35,-83.06,1
42.35,-83.06,1
42.35,-83.06,1
42.35,-83.06,1
42.35,-83.06,1
42.35,-83.06,1
42.35,-83.06,1
42.35,-83.06,1
42.35,-83.06,1
42.35,-83.06,1
42.35,-83.06,1
42.35,-83.06,1
42.35,-83.06,1
42.35,-83.06,1
42.35,-83.06,1
42.35,-83.06,1
42.35,-83.06,1
42.35,-83.06,1
42.35,-83.06,1
42.35,-83.06,1
42.35,-83.06,1
42.35,-83.06,1
42.35,-83.06,1
42.35,-83.06,1
42.35,-83.06,1
42.35,-83.06,1
42.35,-83.06,1
42.35,-83.06,1
42.35,-83.06,1
42.35,-83.06,1
42.35,-83.06,1
42.35,-83.06,1
42.35,-83.06,1
42.35,-83.06,1
42.35,-83.06,1
42.35,-83.06,1
42.35,-83.06,1
42.35,-83.06,1
42.35,-83.06,1
42.35,-83.06,1
42.35,-83.06,1
42.35,-83.06,1
42.35,-83.06,1
42.35,-83.06,1
42.35,-83.06,1
42.35,-83.06,1
42.35,-83.06,1
42.35,-83.06,1
42.35,-83.06,1
42.35,-83.06,1
42.35,-83.06,1
42.35,-83.06,1
42.35,-83.06,1
42.35,-83.06,1
42.35,-83.06,1
42.35,-83.06,1
42.35,-83.06,1
42.35,-83.06,1
42.35,-83.06,1
42.35,-83.06,1
42.35,-83.06,1
42.35,-83.06,1
42.35,-83.06,1
42.35,-83.06,1
42.35,-83.06,1
42.35,-83.06,1
42.35,-83.06,1
42.35,-83.06,1
42.35,-83.06,1
42.35,-83.06,1
42.35,-83.06,1
42.35,-83.06,1
42.35,-83.06,1
42.35,-83.06,1
42.35,-83.06,1
42.35,-83.06,1
42.35,-83.06,1
42.35,-83.06,1
42.35,-83.06,1
42.35,-83.06,1
42.35,-83.06,1
42.35,-83.06,1
42.35,-83.06,1
42.35,-83.06,1
42.35,-83.06,1
42.35,-83.06,1
42.35,-83.06,1
42.35,-83.06,1
42.35,-83.06,1
42.35,-83.06,1
42.35,-83.06,1
42.35,-83.06,1
42.35,-83.06,1
42.35,-83.06,1
42.35,-83.06,1
42.35,-83.06,1
42.35,-83.06,1
42.35,-83.06,1
42.35,-83.06,1
42.35,-83.06,1
42.35,-83.06,1
42.35,-83.06,1
42.35,-83.06,1
42.35,-83.06,1
42.35,-83.06,1
42.35,-83.06,1
42.35,-83.06,1
42.35,-83.06,1
42.35,-83.06,1
42.35,-83.06,1
42.35,-83.06,1
42.35,-83.06,1
42.35,-83.06,1
42.35,-83.06,1
42.35,-83.06,1
42.35,-83.06,1
42.35,-83.06,1
42.35,-83.06,1
42.35,-83.06,1
42.35,-83.06,1
42.35,-83.06,1
42.35,-83.06,1
42.35,-83.06,1
42.35,-83.06,1
42.35,-83.06,1
42.35,-83.06,1
42.35,-83.06,1
42.35,-83.06,1
42.35,-83.06,1
42.35,-83.06,1
42.35,-83.06,1
42.35,-83.06,1
42.35,-83.06,1
42.35,-83.06,1
42.35,-83.06,1
42.35,-83.06,1
42.35,-83.06,1
42.35,-83.06,1
42.35,-83.06,1
42.35,-83.06,1
42.35,-83.06,1
42.35,-83.06,1
42.35,-83.06,1
42.35,-83.06,1
42.35,-83.06,1
42.35,-83.06,1
42.35,-83.06,1
42.35,-83.06,1
42.35,-83.06,1
42.35,-83.06,1
42.35,-83.06,1
42.35,-83.06,1
42.35,-83.06,1
42.35,-83.06,1
42.35,-83.06,1
42.35,-83.06,1
42.35,-83.06,1
42.35,-83.06,1
42.35,-83.06,1
42.35,-83.06,1
42.35,-83.06,1
42.35,-83.06,1
42.35,-83.06,1
42.35,-83.06,1
42.35,-83.06,1
42.35,-83.06,1
42.35,-83.06,1
42.35,-83.06,1
42.35,-83.06,1
42.35,-83.06,1
42.35,-83.06,1
42.35,-83.06,1
42.35,-83.06,1
42.35,-83.06,1
42.35,-83.06,1
42.35,-83.06,1
42.35,-83.06,1
42.35,-83.06,1
42.35,-83.06,1
42.35,-83.06,1
42.35,-83.06,1
42.35,-83.06,1
42.35,-83.06,1
42.35,-83.06,1
42.35,-83.06,1
42.35,-83.06,1
42.35,-83.06,1
42.35,-83.06,1
42.35,-83.06,1
42.35,-83.06,1
42.35,-83.06,1
42.35,-83.06,1
42.35,-83.06,1
42.35,-83.06,1
42.35,-83.06,1
42.35,-83.06,1
42.35,-83.06,1
42.35,-83.06,1
42.35,-83.06,1
42.35,-83.06,1
42.35,-83.06,1
42.35,-83.06,1
42.35,-83.06,1
42.35,-83.06,1
42.35,-83.06,1
42.35,-83.06,1
42.35,-83.06,1
42.35,-83.06,1
42.35,-83.06,1
42.35,-83.06,1
42.35,-83.06,1
42.35,-83.06,1
42.35,-83.06,1
42.35,-83.06,1
42.35,-83.06,1
42.35,-83.06,1
42.35,-83.06,1
42.35,-83.06,1
42.35,-83.06,1
42.35,-83.06,1
42.35,-83.06,1
42.35,-83.06,1
42.35,-83.06,1
42.35,-83.06,1
42.35,-83.06,1
42.35,-83.06,1
42.35,-83.06,1
42.35,-83.06,1
42.35,-83.06,1
42.35,-83.06,1
42.35,-83.06,1
42.35,-83.06,1
42.35,-83.06,1
42.35,-83.06,1
42.35,-83.06,1
42.35,-83.06,1
42.35,-83.06,1
42.35,-83.06,1
42.35,-83.06,1
42.35,-83.06,1
42.35,-83.06,1
42.35,-83.06,1
42.35,-83.06,1
42.35,-83.06,1
42.35,-83.06,1
42.35,-83.06,1
42.35,-83.06,1
42.35,-83.06,1
42.35,-83.06,1
42.35,-83.06,1
42.35,-83.06,1
42.35,-83.06,1
42.35,-83.06,1
42.35,-83.06,1
42.35,-83.06,1
42.35,-83.06,1
42.35,-83.06,1
42.35,-83.06,1
42.35,-83.06,1
42.35,-83.06,1
42.35,-83.06,1
42.35,-83.06,1
42.35,-83.06,1
42.35,-83.06,1
42.35,-83.06,1
42.35,-83.06,1
42.35,-83.06,1
42.35,-83.06,1
42.35,-83.06,1
42.35,-83.06,1
42.35,-83.06,1
42.35,-83.06,1
42.35,-83.06,1
42.35,-83.06,1
42.35,-83.06,1
42.35,-83.06,1
42.35,-83.06,1
42.35,-83.06,1
42.35,-83.06,1
42.35,-83.06,1
42.35,-83.06,1
42.35,-83.06,1
42.35,-83.06,1
42.35,-83.06,1
42.35,-83.06,1
42.35,-83.06,1
42.35,-83.06,1
42.35,-83.06,1
42.35,-83.06,1
42.35,-83.06,1
42.35,-83.06,1
42.35,-83.06,1
42.35,-83.06,1
42.35,-83.06,1
42.35,-83.06,1
42.35,-83.06,1
42.35,-83.06,1
42.35,-83.06,1
42.35,-83.06,1
42.35,-83.06,1
42.35,-83.06,1
42.35,-83.06,1
42.35,-83.06,1
42.35,-83.06,1
42.35,-83.06,1
42.35,-83.06,1
42.35,-83.06,1
42.35,-83.06,1
42.35,-83.06,1
42.35,-83.06,1
42.35,-83.06,1
42.35,-83.06,1
42.35,-83.06,1
42.35,-83.06,1
42.35,-83.06,1
42.35,-83.06,1
42.35,-83.06,1
42.35,-83.06,1
42.35,-83.06,1
42.35,-83.06,1
42.35,-83.06,1
42.35,-83.06,1
42.35,-83.06,1
42.35,-83.06,1
42.35,-83.06,1
42.35,-83.06,1
42.35,-83.06,1
42.35,-83.06,1
42.35,-83.06,1
42.35,-83.06,1
42.35,-83.06,1
42.35,-83.06,1
42.35,-83.06,1
42.35,-83.06,1
42.35,-83.06,1
42.35,-83.06,1
42.35,-83.06,1
42.35,-83.06,1
42.35,-83.06,1
42.35,-83.06,1
42.35,-83.06,1
42.35,-83.06,1
42.35,-83.06,1
42.35,-83.06,1
42.35,-83.06,1
42.35,-83.06,1
42.35,-83.06,1
42.35,-83.06,1
42.35,-83.06,1
42.35,-83.06,1
42.35,-83.06,1
42.35,-83.06,1
42.35,-83.06,1
42.35,-83.06,1
42.35,-83.06,1
42.35,-83.06,1
42.35,-83.06,1
42.35,-83.06,1
42.35,-83.06,1
42.35,-83.06,1
42.35,-83.06,1
42.35,-83.06,1
42.35,-83.06,1
42.35,-83.06,1
42.35,-83.06,1
42.35,-83.06,1
42.35,-83.06,1
42.35,-83.06,1
42.35,-83.06,1
42.35,-83.06,1
42.35,-83.06,1
42.35,-83.06,1
42.35,-83.06,1
42.35,-83.06,1
42.35,-83.06,1
42.35,-83.06,1
42.35,-83.06,1
42.35,-83.06,1
42.35,-83.06,1
42.35,-83.06,1
42.35,-83.06,1
42.35,-83.06,1
42.35,-83.06,1
42.35,-83.06,1
42.35,-83.06,1
42.35,-83.06,1
42.35,-83.06,1
42.35,-83.06,1
42.35,-83.06,1
42.35,-83.06,1
42.35,-83.06,1
42.35,-83.06,1
42.35,-83.06,1
42.35,-83.06,1
42.35,-83.06,1
42.35,-83.06,1
42.35,-83.06,1
42.35,-83.06,1
42.35,-83.06,1
42.35,-83.06,1
42.35,-83.06,1
42.35,-83.06,1
42.35,-83.06,1
42.35,-83.06,1
42.35,-83.06,1
42.35,-83.06,1
42.35,-83.06,1
42.35,-83.06,1
42.35,-83.06,1
42.35,-83.06,1
42.35,-83.06,1
42.35,-83.06,1
42.35,-83.06,1
42.35,-83.06,1
42.35,-83.06,1
42.35,-83.06,1
42.35,-83.06,1
42.35,-83.06,1
42.35,-83.06,1
42.35,-83.06,1
42.35,-83.06,1
42.35,-83.06,1
42.35,-83.06,1
42.35,-83.06,1
42.35,-83.06,1
42.35,-83.06,1
42.35,-83.06,1
42.35,-83.06,1
42.35,-83.06,1
42.35,-83.06,1
42.35,-83.06,1
42.35,-83.06,1
42.35,-83.06,1
42.35,-83.06,1
42.35,-83.06,1
42.35,-83.06,1
42.35,-83.06,1
42.35,-83.06,1
42.35,-83.06,1
42.35,-83.06,1
42.35,-83.06,1
42.35,-83.06,1
42.35,-83.06,1
42.35,-83.06,1
42.35,-83.06,1
42.35,-83.06,1
42.35,-83.06,1
42.35,-83.06,1
42.35,-83.06,1
42.35,-83.06,1
42.35,-83.06,1
42.35,-83.06,1
42.35,-83.06,1
42.35,-83.06,1
42.35,-83.06,1
42.35,-83.06,1
42.35,-83.06,1
42.35,-83.06,1
42.35,-83.06,1
42.35,-83.06,1
42.35,-83.06,1
42.35,-83.06,1
42.35,-83.06,1
42.35,-83.06,1
42.35,-83.06,1
42.35,-83.06,1
42.35,-83.06,1
42.35,-83.06,1
42.35,-83.06,1
42.35,-83.06,1
42.35,-83.06,1
42.35,-83.06,1
42.35,-83.06,1
42.35,-83.06,1
42.35,-83.06,1
42.35,-83.06,1
42.35,-83.06,1
42.35,-83.06,1
42.35,-83.06,1
42.35,-83.06,1
42.35,-83.06,1
42.35,-83.06,1
42.35,-83.06,1
42.35,-83.06,1
42.35,-83.06,1
42.35,-83.06,1
42.35,-83.06,1
42.35,-83.06,1
42.35,-83.06,1
42.35,-83.06,1
42.35,-83.06,1
42.35,-83.06,1
42.35,-83.06,1
42.35,-83.06,1
42.35,-83.06,1
42.35,-83.06,1
42.35,-83.06,1
42.35,-83.06,1
42.35,-83.06,1
42.35,-83.06,1
42.35,-83.06,1
42.35,-83.06,1
42.35,-83.06,1
42.35,-83.06,1
42.35,-83.06,1
42.35,-83.06,1
42.35,-83.06,1
42.35,-83.06,1
42.35,-83.06,1
42.35,-83.06,1
42.35,-83.06,1
42.35,-83.06,1
42.35,-83.06,1
42.35,-83.06,1
42.35,-83.06,1
42.35,-83.06,1
42.35,-83.06,1
42.35,-83.06,1
42.35,-83.06,1
42.35,-83.06,1
42.35,-83.06,1
42.35,-83.06,1
42.35,-83.06,1
42.35,-83.06,1
42.35,-83.06,1
42.35,-83.06,1
42.35,-83.06,1
42.35,-83.06,1
42.35,-83.06,1
42.35,-83.06,1
42.35,-83.06,1
42.35,-83.06,1
42.35,-83.06,1
42.35,-83.06,1
42.35,-83.06,1
42.35,-83.06,1
42.35,-83.06,1
42.35,-83.06,1
42.35,-83.06,1
42.35,-83.06,1
42.35,-83.06,1
42.35,-83.06,1
42.35,-83.06,1
42.35,-83.06,1
42.35,-83.06,1
42.35,-83.06,1
42.35,-83.06,1
42.35,-83.06,1
42.35,-83.06,1
42.35,-83.06,1
42.35,-83.06,1
42.35,-83.06,1
42.35,-83.06,1
42.35,-83.06,1
42.35,-83.06,1
42.35,-83.06,1
42.35,-83.06,1
42.35,-83.06,1
42.35,-83.06,1
42.35,-83.06,1
42.35,-83.06,1
42.35,-83.06,1
42.35,-83.06,1
42.35,-83.06,1
42.35,-83.06,1
42.35,-83.06,1
42.35,-83.06,1
42.35,-83.06,1
42.35,-83.06,1
42.35,-83.06,1
42.35,-83.06,1
42.35,-83.06,1
42.35,-83.06,1
42.35,-83.06,1
42.35,-83.06,1
42.35,-83.06,1
42.35,-83.06,1
42.35,-83.06,1
42.35,-83.06,1
42.35,-83.06,1
42.35,-83.06,1
42.35,-83.06,1
42.35,-83.06,1
42.35,-83.06,1
42.35,-83.06,1
42.35,-83.06,1
42.35,-83.06,1
42.35,-83.06,1
42.35,-83.06,1
42.35,-83.06,1
42.35,-83.06,1
42.35,-83.06,1
42.35,-83.06,1
42.35,-83.06,1
42.35,-83.06,1
42.35,-83.06,1
42.35,-83.06,1
42.35,-83.06,1
42.35,-83.06,1
42.35,-83.06,1
42.35,-83.06,1
42.35,-83.06,1
42.35,-83.06,1
42.35,-83.06,1
42.35,-83.06,1
42.35,-83.06,1
42.35,-83.06,1
42.35,-83.06,1
42.35,-83.06,1
42.35,-83.06,1
42.35,-83.06,1
42.35,-83.06,1
42.35,-83.06,1
42.35,-83.06,1
42.35,-83.06,1
42.35,-83.06,1
42.35,-83.06,1
42.35,-83.06,1
42.35,-83.06,1
42.35,-83.06,1
42.35,-83.06,1
42.35,-83.06,1
42.35,-83.06,1
42.35,-83.06,1
42.35,-83.06,1
42.35,-83.06,1
42.35,-83.06,1
42.35,-83.06,1
42.35,-83.06,1
42.35,-83.06,1
42.35,-83.06,1
42.35,-83.06,1
42.35,-83.06,1
42.35,-83.06,1
42.35,-83.06,1
42.35,-83.06,1
42.35,-83.06,1
42.35,-83.06,1
42.35,-83.06,1
42.35,-83.06,1
42.35,-83.06,1
42.35,-83.06,1
42.35,-83.06,1
42.35,-83.06,1
42.35,-83.06,1
42.35,-83.06,1
42.35,-83.06,1
42.35,-83.06,1
42.35,-83.06,1
42.35,-83.06,1
42.35,-83.06,1
42.35,-83.06,1
42.35,-83.06,1
42.35,-83.06,1
42.35,-83.06,1
42.35,-83.06,1
42.35,-83.06,1
42.35,-83.06,1
42.35,-83.06,1
42.35,-83.06,1
42.35,-83.06,1
42.35,-83.06,1
42.35,-83.06,1
42.35,-83.06,1
42.35,-83.06,1
42.35,-83.06,1
42.35,-83.06,1
42.35,-83.06,1
42.35,-83.06,1
42.35,-83.06,1
42.35,-83.06,1
42.35,-83.06,1
42.35,-83.06,1
42.35,-83.06,1
42.35,-83.06,1
42.35,-83.06,1
42.35,-83.06,1
42.35,-83.06,1
42.35,-83.06,1
42.35,-83.06,1
42.35,-83.06,1
42.35,-83.06,1
42.35,-83.06,1
42.35,-83.06,1
42.35,-83.06,1
42.35,-83.06,1
42.35,-83.06,1
42.35,-83.06,1
42.35,-83.06,1
42.35,-83.06,1
42.35,-83.06,1
42.35,-83.06,1
42.35,-83.06,1
42.35,-83.06,1
42.35,-83.06,1
42.35,-83.06,1
42.35,-83.06,1
42.35,-83.06,1
42.35,-83.06,1
42.35,-83.06,1
42.35,-83.06,1
42.35,-83.06,1
42.35,-83.06,1
42.35,-83.06,1
42.35,-83.06,1
42.35,-83.06,1
42.35,-83.06,1
42.35,-83.06,1
42.35,-83.06,1
42.35,-83.06,1
42.35,-83.06,1
42.35,-83.06,1
42.35,-83.06,1
42.35,-83.06,1
42.35,-83.06,1
42.35,-83.06,1
42.35,-83.06,1
42.35,-83.06,1
42.35,-83.06,1
42.35,-83.06,1
42.35,-83.06,1
42.35,-83.06,1
42.35,-83.06,1
42.35,-83.06,1
42.35,-83.06,1
42.35,-83.06,1
42.35,-83.06,1
42.35,-83.06,1
42.35,-83.06,1
42.35,-83.06,1
42.35,-83.06,1
42.35,-83.06,1
42.35,-83.06,1
42.35,-83.06,1
42.35,-83.06,1
42.35,-83.06,1
42.35,-83.06,1
42.35,-83.06,1
42.35,-83.06,1
42.35,-83.06,1
42.35,-83.06,1
42.35,-83.06,1
42.35,-83.06,1
42.35,-83.06,1
42.35,-83.06,1
42.35,-83.06,1
42.35,-83.06,1
42.35,-83.06,1
42.35,-83.06,1
42.35,-83.06,1
42.35,-83.06,1
42.35,-83.06,1
42.35,-83.06,1
42.35,-83.06,1
42.35,-83.06,1
42.35,-83.06,1
42.35,-83.06,1
42.35,-83.06,1
42.35,-83.06,1
42.35,-83.06,1
42.35,-83.06,1
42.35,-83.06,1
42.35,-83.06,1
42.35,-83.06,1
42.35,-83.06,1
42.35,-83.06,1
42.35,-83.06,1
42.35,-83.06,1
42.35,-83.06,1
42.35,-83.06,1
42.35,-83.06,1
42.35,-83.06,1
42.35,-83.06,1
42.35,-83.06,1
42.35,-83.06,1
42.35,-83.06,1
42.35,-83.06,1
42.35,-83.06,1
42.35,-83.06,1
42.35,-83.06,1
42.35,-83.06,1
42.35,-83.06,1
42.35,-83.06,1
42.35,-83.06,1
42.35,-83.06,1
42.35,-83.06,1
42.35,-83.06,1
42.35,-83.06,1
42.35,-83.06,1
42.35,-83.06,1
42.35,-83.06,1
42.35,-83.06,1
42.35,-83.06,1
42.35,-83.06,1
42.35,-83.06,1
42.35,-83.06,1
42.35,-83.06,1
42.35,-83.06,1
42.35,-83.06,1
42.35,-83.06,1
42.35,-83.06,1
42.35,-83.06,1
42.35,-83.06,1
42.35,-83.06,1
42.35,-83.06,1
42.35,-83.06,1
42.35,-83.06,1
42.35,-83.06,1
42.35,-83.06,1
42.35,-83.06,1
42.35,-83.06,1
42.35,-83.06,1
42.35,-83.06,1
42.35,-83.06,1
42.35,-83.06,1
42.35,-83.06,1
42.35,-83.06,1
42.35,-83.06,1
42.35,-83.06,1
42.35,-83.06,1
42.35,-83.06,1
42.35,-83.06,1
42.35,-83.06,1
42.35,-83.06,1
42.35,-83.06,1
42.35,-83.06,1
42.35,-83.06,1
42.35,-83.06,1
42.35,-83.06,1
42.35,-83.06,1
42.35,-83.06,1
42.35,-83.06,1
42.35,-83.06,1
42.35,-83.06,1
42.35,-83.06,1
42.35,-83.06,1
42.35,-83.06,1
42.35,-83.06,1
42.35,-83.06,1
42.35,-83.06,1
42.35,-83.06,1
42.35,-83.06,1
42.35,-83.06,1
42.35,-83.06,1
42.35,-83.06,1
42.35,-83.06,1
42.35,-83.06,1
42.35,-83.06,1
42.35,-83.06,1
42.35,-83.06,1
42.35,-83.06,1
42.35,-83.06,1
42.35,-83.06,1
42.35,-83.06,1
42.35,-83.06,1
42.35,-83.06,1
42.35,-83.06,1
42.35,-83.06,1
42.35,-83.06,1
42.35,-83.06,1
42.35,-83.06,1
42.35,-83.06,1
42.35,-83.06,1
42.35,-83.06,1
42.35,-83.06,1
42.35,-83.06,1
42.35,-83.06,1
42.35,-83.06,1
42.35,-83.06,1
42.35,-83.06,1
42.35,-83.06,1
42.35,-83.06,1
42.35,-83.06,1
42.35,-83.06,1
42.35,-83.06,1
42.35,-83.06,1
42.35,-83.06,1
42.35,-83.06,1
42.35,-83.06,1
42.35,-83.06,1
42.35,-83.06,1
42.35,-83.06,1
42.35,-83.06,1
42.35,-83.06,1
42.35,-83.06,1
42.35,-83.06,1
42.35,-83.06,1
42.35,-83.06,1
42.35,-83.06,1
42.35,-83.06,1
42.35,-83.06,1
42.35,-83.06,1
42.35,-83.06,1
42.35,-83.06,1
42.35,-83.06,1
42.35,-83.06,1
42.35,-83.06,1
42.35,-83.06,1
42.35,-83.06,1
42.35,-83.06,1
42.35,-83.06,1
42.35,-83.06,1
42.35,-83.06,1
42.35,-83.06,1
42.35,-83.06,1
42.35,-83.06,1
42.35,-83.06,1
42.35,-83.06,1
42.35,-83.06,1
42.35,-83.06,1
42.35,-83.06,1
42.35,-83.06,1
42.35,-83.06,1
42.35,-83.06,1
42.35,-83.06,1
42.35,-83.06,1
42.35,-83.06,1
42.35,-83.06,1
42.35,-83.06,1
42.35,-83.06,1
42.35,-83.06,1
42.35,-83.06,1
42.35,-83.06,1
42.35,-83.06,1
42.35,-83.06,1
42.35,-83.06,1
42.35,-83.06,1
42.35,-83.06,1
42.35,-83.06,1
42.35,-83.06,1
42.35,-83.06,1
42.35,-83.06,1
42.35,-83.06,1
42.35,-83.06,1
42.35,-83.06,1
42.35,-83.06,1
42.35,-83.06,1
42.35,-83.06,1
42.35,-83.06,1
42.35,-83.06,1
42.35,-83.06,1
42.35,-83.06,1
42.35,-83.06,1
42.35,-83.06,1
42.35,-83.06,1
42.35,-83.06,1
42.35,-83.06,1
42.35,-83.06,1
42.35,-83.06,1
42.35,-83.06,1
42.35,-83.06,1
42.35,-83.06,1
42.35,-83.06,1
42.35,-83.06,1
42.35,-83.06,1
42.35,-83.06,1
42.35,-83.06,1
42.35,-83.06,1
42.35,-83.06,1
42.35,-83.06,1
42.35,-83.06,1
42.35,-83.06,1
42.35,-83.06,1
42.35,-83.06,1
42.35,-83.06,1
42.35,-83.06,1
42.35,-83.06,1
42.35,-83.06,1
42.35,-83.06,1
42.35,-83.06,1
42.35,-83.06,1
42.35,-83.06,1
42.35,-83.06,1
42.35,-83.06,1
42.35,-83.06,1
42.35,-83.06,1
42.35,-83.06,1
42.35,-83.06,1
42.35,-83.06,1
42.35,-83.06,1
42.35,-83.06,1
42.35,-83.06,1
42.35,-83.06,1
42.35,-83.06,1
42.35,-83.06,1
42.35,-83.06,1
42.35,-83.06,1
42.35,-83.06,1
42.35,-83.06,1
42.35,-83.06,1
42.35,-83.06,1
42.35,-83.06,1
42.35,-83.06,1
42.35,-83.06,1
42.35,-83.06,1
42.35,-83.06,1
42.35,-83.06,1
42.35,-83.06,1
42.35,-83.06,1
42.35,-83.06,1
42.35,-83.06,1
42.35,-83.06,1
42.35,-83.06,1
42.35,-83.06,1
42.35,-83.06,1
42.35,-83.06,1
42.35,-83.06,1
42.35,-83.06,1
42.35,-83.06,1
42.35,-83.06,1
42.35,-83.06,1
42.35,-83.06,1
42.35,-83.06,1
42.35,-83.06,1
42.35,-83.06,1
42.35,-83.06,1
42.35,-83.06,1
42.35,-83.06,1
42.35,-83.06,1
42.35,-83.06,1
42.35,-83.06,1
42.35,-83.06,1
42.35,-83.06,1
42.35,-83.06,1
42.35,-83.06,1
42.35,-83.06,1
42.35,-83.06,1
42.35,-83.06,1
42.35,-83.06,1
42.35,-83.06,1
42.35,-83.06,1
42.35,-83.06,1
42.35,-83.06,1
42.35,-83.06,1
42.35,-83.06,1
42.35,-83.06,1
42.35,-83.06,1
42.35,-83.06,1
42.35,-83.06,1
42.35,-83.06,1
42.35,-83.06,1
42.35,-83.06,1
42.35,-83.06,1
42.35,-83.06,1
42.35,-83.06,1
42.35,-83.06,1
42.35,-83.06,1
42.35,-83.06,1
42.35,-83.06,1
42.35,-83.06,1
42.35,-83.06,1
42.35,-83.06,1
42.35,-83.06,1
42.35,-83.06,1
42.35,-83.06,1
42.35,-83.06,1
42.35,-83.06,1
42.35,-83.06,1
42.35,-83.06,1
42.35,-83.06,1
42.35,-83.06,1
42.35,-83.06,1
42.35,-83.06,1
42.35,-83.06,1
42.35,-83.06,1
42.35,-83.06,1
42.35,-83.06,1
42.35,-83.06,1
42.35,-83.06,1
42.35,-83.06,1
42.35,-83.06,1
42.35,-83.06,1
42.35,-83.06,1
42.35,-83.06,1
42.35,-83.06,1
42.35,-83.06,1
42.35,-83.06,1
42.35,-83.06,1
42.35,-83.06,1
42.35,-83.06,1
42.35,-83.06,1
42.35,-83.06,1
42.35,-83.06,1
42.35,-83.06,1
42.35,-83.06,1
42.35,-83.06,1
42.35,-83.06,1
42.35,-83.06,1
42.35,-83.06,1
42.35,-83.06,1
42.35,-83.06,1
42.35,-83.06,1
42.35,-83.06,1
42.35,-83.06,1
42.35,-83.06,1
42.35,-83.06,1
42.35,-83.06,1
42.35,-83.06,1
42.35,-83.06,1
42.35,-83.06,1
42.35,-83.06,1
42.35,-83.06,1
42.35,-83.06,1
42.35,-83.06,1
42.35,-83.06,1
42.35,-83.06,1
42.35,-83.06,1
42.35,-83.06,1
42.35,-83.06,1
42.35,-83.06,1
42.35,-83.06,1
42.35,-83.06,1
42.35,-83.06,1
42.35,-83.06,1
42.35,-83.06,1
42.35,-83.06,1
42.35,-83.06,1
42.35,-83.06,1
42.35,-83.06,1
42.35,-83.06,1
42.35,-83.06,1
42.35,-83.06,1
42.35,-83.06,1
42.35,-83.06,1
42.35,-83.06,1
42.35,-83.06,1
42.35,-83.06,1
42.35,-83.06,1
42.35,-83.06,1
42.35,-83.06,1
42.35,-83.06,1
42.35,-83.06,1
42.35,-83.06,1
42.35,-83.06,1
42.35,-83.06,1
42.35,-83.06,1
42.35,-83.06,1
42.35,-83.06,1
42.35,-83.06,1
42.35,-83.06,1
42.35,-83.06,1
42.35,-83.06,1
42.35,-83.06,1
42.35,-83.06,1
42.35,-83.06,1
42.35,-83.06,1
42.35,-83.06,1
42.35,-83.06,1
42.35,-83.06,1
42.35,-83.06,1
42.35,-83.06,1
42.35,-83.06,1
42.35,-83.06,1
42.35,-83.06,1
42.35,-83.06,1
42.35,-83.06,1
42.35,-83.06,1
42.35,-83.06,1
42.35,-83.06,1
42.35,-83.06,1
42.35,-83.06,1
42.35,-83.06,1
42.35,-83.06,1
42.35,-83.06,1
42.35,-83.06,1
42.35,-83.06,1
42.35,-83.06,1
42.35,-83.06,1
42.35,-83.06,1
42.35,-83.06,1
42.35,-83.06,1
42.35,-83.06,1
42.35,-83.06,1
42.35,-83.06,1
42.35,-83.06,1
42.35,-83.06,1
42.35,-83.06,1
42.35,-83.06,1
42.35,-83.06,1
42.35,-83.06,1
42.35,-83.06,1
42.35,-83.06,1
42.35,-83.06,1
42.35,-83.06,1
42.35,-83.06,1
42.35,-83.06,1
42.35,-83.06,1
42.35,-83.06,1
42.35,-83.06,1
42.35,-83.06,1
42.35,-83.06,1
42.35,-83.06,1
42.35,-83.06,1
42.35,-83.06,1
42.35,-83.06,1
42.35,-83.06,1
42.35,-83.06,1
42.35,-83.06,1
42.35,-83.06,1
42.35,-83.06,1
42.35,-83.06,1
42.35,-83.06,1
42.35,-83.06,1
42.35,-83.06,1
42.35,-83.06,1
42.35,-83.06,1
42.35,-83.06,1
42.35,-83.06,1
42.35,-83.06,1
42.35,-83.06,1
42.35,-83.06,1
42.35,-83.06,1
42.35,-83.06,1
42.35,-83.06,1
42.35,-83.06,1
42.35,-83.06,1
42.35,-83.06,1
42.35,-83.06,1
42.35,-83.06,1
42.35,-83.06,1
42.35,-83.06,1
42.35,-83.06,1
42.35,-83.06,1
42.35,-83.06,1
42.35,-83.06,1
42.35,-83.06,1
42.35,-83.06,1
42.35,-83.06,1
42.35,-83.06,1
42.35,-83.06,1
42.35,-83.06,1
42.35,-83.06,1
42.35,-83.06,1
42.35,-83.06,1
42.35,-83.06,1
42.35,-83.06,1
42.35,-83.06,1
42.35,-83.06,1
42.35,-83.06,1
42.35,-83.06,1
42.35,-83.06,1
42.35,-83.06,1
42.35,-83.06,1
42.35,-83.06,1
42.35,-83.06,1
42.35,-83.06,1
42.35,-83.06,1
42.35,-83.06,1
42.35,-83.06,1
42.35,-83.06,1
42.35,-83.06,1
42.35,-83.06,1
42.35,-83.06,1
42.35,-83.06,1
42.35,-83.06,1
42.35,-83.06,1
42.35,-83.06,1
42.35,-83.06,1
42.35,-83.06,1
42.35,-83.06,1
42.35,-83.06,1
42.35,-83.06,1
42.35,-83.06,1
42.35,-83.06,1
42.35,-83.06,1
42.35,-83.06,1
42.35,-83.06,1
42.35,-83.06,1
42.35,-83.06,1
42.35,-83.06,1
42.35,-83.06,1
42.35,-83.06,1
42.35,-83.06,1
42.35,-83.06,1
42.35,-83.06,1
42.35,-83.06,1
42.35,-83.06,1
42.35,-83.06,1
42.35,-83.06,1
42.35,-83.06,1
42.35,-83.06,1
42.35,-83.06,1
42.35,-83.06,1
42.35,-83.06,1
42.35,-83.06,1
42.35,-83.06,1
42.35,-83.06,1
42.35,-83.06,1
42.35,-83.06,1
42.35,-83.06,1
42.35,-83.06,1
42.35,-83.06,1
42.35,-83.06,1
42.35,-83.06,1
42.35,-83.06,1
42.35,-83.06,1
42.35,-83.06,1
42.35,-83.06,1
42.35,-83.06,1
42.35,-83.06,1
42.35,-83.06,1
42.35,-83.06,1
42.35,-83.06,1
42.35,-83.06,1
42.35,-83.06,1
42.35,-83.06,1
42.35,-83.06,1
42.35,-83.06,1
42.35,-83.06,1
42.35,-83.06,1
42.35,-83.06,1
42.35,-83.06,1
42.35,-83.06,1
42.35,-83.06,1
42.35,-83.06,1
42.35,-83.06,1
42.35,-83.06,1
42.35,-83.06,1
42.35,-83.06,1
42.35,-83.06,1
42.35,-83.06,1
42.35,-83.06,1
42.35,-83.06,1
42.35,-83.06,1
42.35,-83.06,1
42.35,-83.06,1
42.35,-83.06,1
42.35,-83.06,1
42.35,-83.06,1
42.35,-83.06,1
42.35,-83.06,1
42.35,-83.06,1
42.35,-83.06,1
42.35,-83.06,1
42.35,-83.06,1
42.35,-83.06,1
42.35,-83.06,1
42.35,-83.06,1
42.35,-83.06,1
42.35,-83.06,1
42.35,-83.06,1
42.35,-83.06,1
42.35,-83.06,1
42.35,-83.06,1
42.35,-83.06,1
42.35,-83.06,1
42.35,-83.06,1
42.35,-83.06,1
42.35,-83.06,1
42.35,-83.06,1
42.35,-83.06,1
42.35,-83.06,1
42.35,-83.06,1
42.35,-83.06,1
42.35,-83.06,1
42.35,-83.06,1
42.35,-83.06,1
42.35,-83.06,1
42.35,-83.06,1
42.35,-83.06,1
42.35,-83.06,1
42.35,-83.06,1
42.35,-83.06,1
42.35,-83.06,1
42.35,-83.06,1
42.35,-83.06,1
42.35,-83.06,1
42.35,-83.06,1
42.35,-83.06,1
42.35,-83.06,1
42.35,-83.06,1
42.35,-83.06,1
42.35,-83.06,1
42.35,-83.06,1
42.35,-83.06,1
42.35,-83.06,1
42.35,-83.06,1
42.35,-83.06,1
42.35,-83.06,1
42.35,-83.06,1
42.35,-83.06,1
42.35,-83.06,1
42.35,-83.06,1
42.35,-83.06,1
42.35,-83.06,1
42.35,-83.06,1
42.35,-83.06,1
42.35,-83.06,1
42.35,-83.06,1
42.35,-83.06,1
42.35,-83.06,1
42.35,-83.06,1
42.35,-83.06,1
42.35,-83.06,1
42.35,-83.06,1
42.35,-83.06,1
42.35,-83.06,1
42.35,-83.06,1
42.35,-83.06,1
42.35,-83.06,1
42.35,-83.06,1
42.35,-83.06,1
42.35,-83.06,1
42.35,-83.06,1
42.35,-83.06,1
42.35,-83.06,1
42.35,-83.06,1
42.35,-83.06,1
42.35,-83.06,1
42.35,-83.06,1
42.35,-83.06,1
42.35,-83.06,1
42.35,-83.06,1
42.35,-83.06,1
42.35,-83.06,1
42.35,-83.06,1
42.35,-83.06,1
42.35,-83.06,1
42.35,-83.06,1
42.35,-83.06,1
42.35,-83.06,1
42.35,-83.06,1
42.35,-83.06,1
42.35,-83.06,1
42.35,-83.06,1
42.35,-83.06,1
42.35,-83.06,1
42.35,-83.06,1
42.35,-83.06,1
42.35,-83.06,1
42.35,-83.06,1
42.35,-83.06,1
42.35,-83.06,1
42.35,-83.06,1
42.35,-83.06,1
42.35,-83.06,1
42.35,-83.06,1
42.35,-83.06,1
42.35,-83.06,1
42.35,-83.06,1
42.35,-83.06,1
42.35,-83.06,1
42.35,-83.06,1
42.35,-83.06,1
42.35,-83.06,1
42.35,-83.06,1
42.35,-83.06,1
42.35,-83.06,1
42.35,-83.06,1
42.35,-83.06,1
42.35,-83.06,1
42.35,-83.06,1
42.35,-83.06,1
42.35,-83.06,1
42.35,-83.06,1
42.35,-83.06,1
42.35,-83.06,1
42.35,-83.06,1
42.35,-83.06,1
42.35,-83.06,1
42.35,-83.06,1
42.35,-83.06,1
42.35,-83.06,1
42.35,-83.06,1
42.35,-83.06,1
42.35,-83.06,1
42.35,-83.06,1
42.35,-83.06,1
42.35,-83.06,1
42.35,-83.06,1
42.35,-83.06,1
42.35,-83.06,1
42.35,-83.06,1
42.35,-83.06,1
42.35,-83.06,1
42.35,-83.06,1
42.35,-83.06,1
42.35,-83.06,1
42.35,-83.06,1
42.35,-83.06,1
42.35,-83.06,1
42.35,-83.06,1
42.35,-83.06,1
42.35,-83.06,1
42.35,-83.06,1
42.35,-83.06,1
42.35,-83.06,1
42.35,-83.06,1
42.35,-83.06,1
42.35,-83.06,1
42.35,-83.06,1
42.35,-83.06,1
42.35,-83.06,1
42.35,-83.06,1
42.35,-83.06,1
42.35,-83.06,1
42.35,-83.06,1
42.35,-83.06,1
42.35,-83.06,1
42.35,-83.06,1
42.35,-83.06,1
42.35,-83.06,1
42.35,-83.06,1
42.35,-83.06,1
42.35,-83.06,1
42.35,-83.06,1
42.35,-83.06,1
42.35,-83.06,1
42.35,-83.06,1
42.35,-83.06,1
42.35,-83.06,1
42.35,-83.06,1
42.35,-83.06,1
42.35,-83.06,1
42.35,-83.06,1
42.35,-83.06,1
42.35,-83.06,1
42.35,-83.06,1
42.35,-83.06,1
42.35,-83.06,1
42.35,-83.06,1
42.35,-83.06,1
42.35,-83.06,1
42.35,-83.06,1
42.35,-83.06,1
42.35,-83.06,1
42.35,-83.06,1
42.35,-83.06,1
42.35,-83.06,1
42.35,-83.06,1
42.35,-83.06,1
42.35,-83.06,1
42.35,-83.06,1
42.35,-83.06,1
42.35,-83.06,1
42.35,-83.06,1
42.35,-83.06,1
42.35,-83.06,1
42.35,-83.06,1
42.35,-83.06,1
42.35,-83.06,1
42.35,-83.06,1
42.35,-83.06,1
42.35,-83.06,1
42.35,-83.06,1
42.35,-83.06,1
42.35,-83.06,1
42.35,-83.06,1
42.35,-83.06,1
42.35,-83.06,1
42.35,-83.06,1
42.35,-83.06,1
42.35,-83.06,1
42.35,-83.06,1
42.35,-83.06,1
42.35,-83.06,1
42.35,-83.06,1
42.35,-83.06,1
42.35,-83.06,1
42.35,-83.06,1
42.35,-83.06,1
42.35,-83.06,1
42.35,-83.06,1
42.35,-83.06,1
42.35,-83.06,1
42.35,-83.06,1
42.35,-83.06,1
42.35,-83.06,1
42.35,-83.06,1
42.35,-83.06,1
42.35,-83.06,1
42.35,-83.06,1
42.35,-83.06,1
42.35,-83.06,1
42.35,-83.06,1
42.35,-83.06,1
42.35,-83.06,1
42.35,-83.06,1
42.35,-83.06,1
42.35,-83.06,1
42.35,-83.06,1
42.35,-83.06,1
42.35,-83.06,1
42.35,-83.06,1
42.35,-83.06,1
42.35,-83.06,1
42.35,-83.06,1
42.35,-83.06,1
42.35,-83.06,1
42.35,-83.06,1
42.35,-83.06,1
42.35,-83.06,1
42.35,-83.06,1
42.35,-83.06,1
42.35,-83.06,1
42.35,-83.06,1
42.35,-83.06,1
42.35,-83.06,1
42.35,-83.06,1
42.35,-83.06,1
42.35,-83.06,1
42.35,-83.06,1
42.35,-83.06,1
42.35,-83.06,1
42.35,-83.06,1
42.35,-83.06,1
42.35,-83.06,1
42.35,-83.06,1
42.35,-83.06,1
42.35,-83.06,1
42.35,-83.06,1
42.35,-83.06,1
42.35,-83.06,1
42.35,-83.06,1
42.35,-83.06,1
42.35,-83.06,1
42.35,-83.06,1
42.35,-83.06,1
42.35,-83.06,1
42.35,-83.06,1
42.35,-83.06,1
42.35,-83.06,1
42.35,-83.06,1
42.35,-83.06,1
42.35,-83.06,1
42.35,-83.06,1
42.35,-83.06,1
42.35,-83.06,1
42.35,-83.06,1
42.35,-83.06,1
42.35,-83.06,1
42.35,-83.06,1
42.35,-83.06,1
42.35,-83.06,1
42.35,-83.06,1
42.35,-83.06,1
42.35,-83.06,1
42.35,-83.06,1
42.35,-83.06,1
42.35,-83.06,1
42.35,-83.06,1
42.35,-83.06,1
42.35,-83.06,1
42.35,-83.06,1
42.35,-83.06,1
42.35,-83.06,1
42.35,-83.06,1
42.35,-83.06,1
42.35,-83.06,1
42.35,-83.06,1
42.35,-83.06,1
42.35,-83.06,1
42.35,-83.06,1
42.35,-83.06,1
42.35,-83.06,1
42.35,-83.06,1
42.35,-83.06,1
42.35,-83.06,1
42.35,-83.06,1
42.35,-83.06,1
42.35,-83.06,1
42.35,-83.06,1
42.35,-83.06,1
42.35,-83.06,1
42.35,-83.06,1
42.35,-83.06,1
42.35,-83.06,1
42.35,-83.06,1
42.35,-83.06,1
42.35,-83.06,1
42.35,-83.06,1
42.35,-83.06,1
42.35,-83.06,1
42.35,-83.06,1
42.35,-83.06,1
42.35,-83.06,1
42.35,-83.06,1
42.35,-83.06,1
42.35,-83.06,1
42.35,-83.06,1
42.35,-83.06,1
42.35,-83.06,1
42.35,-83.06,1
42.35,-83.06,1
42.35,-83.06,1
42.35,-83.06,1
42.35,-83.06,1
42.35,-83.06,1
42.35,-83.06,1
42.35,-83.06,1
42.35,-83.06,1
42.35,-83.06,1
42.35,-83.06,1
42.35,-83.06,1
42.35,-83.06,1
42.35,-83.06,1
42.35,-83.06,1
42.35,-83.06,1
42.35,-83.06,1
42.35,-83.06,1
42.35,-83.06,1
42.35,-83.06,1
42.35,-83.06,1
42.35,-83.06,1
42.35,-83.06,1
42.35,-83.06,1
42.35,-83.06,1
42.35,-83.06,1
42.35,-83.06,1
42.35,-83.06,1
42.35,-83.06,1
42.35,-83.06,1
42.35,-83.06,1
42.35,-83.06,1
42.35,-83.06,1
42.35,-83.06,1
42.35,-83.06,1
42.35,-83.06,1
42.35,-83.06,1
42.35,-83.06,1
42.35,-83.06,1
42.35,-83.06,1
42.35,-83.06,1
42.35,-83.06,1
42.35,-83.06,1
42.35,-83.06,1
42.35,-83.06,1
42.35,-83.06,1
42.35,-83.06,1
42.35,-83.06,1
42.35,-83.06,1
42.35,-83.06,1
42.35,-83.06,1
42.35,-83.06,1
42.35,-83.06,1
42.35,-83.06,1
42.35,-83.06,1
42.35,-83.06,1
42.35,-83.06,1
42.35,-83.06,1
42.35,-83.06,1
42.35,-83.06,1
42.35,-83.06,1
42.35,-83.06,1
42.35,-83.06,1
42.35,-83.06,1
42.35,-83.06,1
42.35,-83.06,1
42.35,-83.06,1
42.35,-83.06,1
42.35,-83.06,1
42.35,-83.06,1
42.35,-83.06,1
42.35,-83.06,1
42.35,-83.06,1
42.35,-83.06,1
42.35,-83.06,1
42.35,-83.06,1
42.35,-83.06,1
42.35,-83.06,1
42.35,-83.06,1
42.35,-83.06,1
42.35,-83.06,1
42.35,-83.06,1
42.35,-83.06,1
42.35,-83.06,1
42.35,-83.06,1
42.35,-83.06,1
42.35,-83.06,1
42.35,-83.06,1
42.35,-83.06,1
42.35,-83.06,1
42.35,-83.06,1
42.35,-83.06,1
42.35,-83.06,1
42.35,-83.06,1
42.35,-83.06,1
42.35,-83.06,1
42.35,-83.06,1
42.35,-83.06,1
42.35,-83.06,1
42.35,-83.06,1
42.35,-83.06,1
42.35,-83.06,1
42.35,-83.06,1
42.35,-83.06,1
42.35,-83.06,1
42.35,-83.06,1
42.35,-83.06,1
42.35,-83.06,1
42.35,-83.06,1
42.35,-83.06,1
42.35,-83.06,1
42.35,-83.06,1
42.35,-83.06,1
42.35,-83.06,1
42.35,-83.06,1
42.35,-83.06,1
42.35,-83.06,1
42.35,-83.06,1
42.35,-83.06,1
42.35,-83.06,1
42.35,-83.06,1
42.35,-83.06,1
42.35,-83.06,1
42.35,-83.06,1
42.35,-83.06,1
42.35,-83.06,1
42.35,-83.06,1
42.35,-83.06,1
42.35,-83.06,1
42.35,-83.06,1
42.35,-83.06,1
42.35,-83.06,1
42.35,-83.06,1
42.35,-83.06,1
42.35,-83.06,1
42.35,-83.06,1
42.35,-83.06,1
42.35,-83.06,1
42.35,-83.06,1
42.35,-83.06,1
42.35,-83.06,1
42.35,-83.06,1
42.35,-83.06,1
42.35,-83.06,1
42.35,-83.06,1
42.35,-83.06,1
42.35,-83.06,1
42.35,-83.06,1
42.35,-83.06,1
42.35,-83.06,1
42.35,-83.06,1
42.35,-83.06,1
42.35,-83.06,1
42.35,-83.06,1
42.35,-83.06,1
42.35,-83.06,1
42.35,-83.06,1
42.35,-83.06,1
42.35,-83.06,1
42.35,-83.06,1
42.35,-83.06,1
42.35,-83.06,1
42.35,-83.06,1
42.35,-83.06,1
42.35,-83.06,1
42.35,-83.06,1
42.35,-83.06,1
42.35,-83.06,1
42.35,-83.06,1
42.35,-83.06,1
42.35,-83.06,1
42.35,-83.06,1
42.35,-83.06,1
42.35,-83.06,1
42.35,-83.06,1
42.35,-83.06,1
42.35,-83.06,1
42.35,-83.06,1
42.35,-83.06,1
42.35,-83.06,1
43.4,-83.2,1
43.4,-83.2,1
43.4,-83.2,1
43.4,-83.2,1
43.4,-83.2,1
42.5,-84.7,1
42.5,-84.7,1
42.5,-84.7,1
42.5,-84.7,1
42.5,-84.7,1
42.5,-84.7,1
42.5,-84.7,1
42.5,-84.7,1
42.5,-84.7,1
42.5,-84.7,1
42.5,-84.7,1
42.5,-84.7,1
42.5,-84.7,1
42.5,-84.7,1
42.5,-84.7,1
42.5,-84.7,1
42.5,-84.7,1
42.5,-84.7,1
42.5,-84.7,1
42.5,-84.7,1
42.5,-84.7,1
42.5,-84.7,1
42.5,-84.7,1
42.5,-84.7,1
42.5,-84.7,1
42.5,-84.7,1
42.5,-84.7,1
42.5,-84.7,1
42.5,-84.7,1
42.5,-84.7,1
42.5,-84.7,1
42.5,-84.7,1
42.5,-84.7,1
42.5,-84.7,1
42.5,-84.7,1
42.5,-84.7,1
42.5,-84.7,1
42.5,-84.7,1
42.5,-84.7,1
42.5,-84.7,1
42.5,-84.7,1
42.5,-84.7,1
42.5,-84.7,1
42.5,-84.7,1
42.5,-84.7,1
42.5,-84.7,1
42.5,-84.7,1
42.5,-84.7,1
42.5,-84.7,1
42.5,-84.7,1
42.5,-84.7,1
42.5,-84.7,1
42.5,-84.7,1
42.5,-84.7,1
42.5,-84.7,1
42.5,-84.7,1
42.5,-84.7,1
42.5,-84.7,1
42.5,-84.7,1
42.5,-84.7,1
42.5,-84.7,1
42.5,-84.7,1
42.5,-84.7,1
42.5,-84.7,1
42.5,-84.7,1
42.5,-84.7,1
42.5,-84.7,1
42.5,-84.7,1
42.5,-84.7,1
42.5,-84.7,1
42.5,-84.7,1
42.5,-84.7,1
42.5,-84.7,1
42.5,-84.7,1
42.5,-84.7,1
42.5,-84.7,1
42.5,-84.7,1
42.5,-84.7,1
42.5,-84.7,1
42.5,-84.7,1
42.5,-84.7,1
42.5,-84.7,1
42.5,-84.7,1
42.5,-84.7,1
42.5,-84.7,1
42.5,-84.7,1
42.5,-84.7,1
42.5,-84.7,1
42.5,-84.7,1
42.5,-84.7,1
42.5,-84.7,1
42.5,-84.7,1
42.5,-84.7,1
42.5,-84.7,1
42.5,-84.7,1
42.5,-84.7,1
42.5,-84.7,1
42.5,-84.7,1
42.5,-84.7,1
42.5,-84.7,1
42.5,-84.7,1
42.5,-84.7,1
42.5,-84.7,1
42.5,-84.7,1
42.5,-84.7,1
42.5,-84.7,1
42.5,-84.7,1
42.5,-84.7,1
42.5,-84.7,1
42.5,-84.7,1
42.5,-84.7,1
42.5,-84.7,1
42.5,-84.7,1
42.5,-84.7,1
42.5,-84.7,1
42.5,-84.7,1
42.5,-84.7,1
42.5,-84.7,1
42.5,-84.7,1
42.5,-84.7,1
42.5,-84.7,1
42.5,-84.7,1
42.5,-84.7,1
42.5,-84.7,1
42.5,-84.7,1
42.5,-84.7,1
42.5,-84.7,1
42.5,-84.7,1
42.5,-84.7,1
42.5,-84.7,1
42.5,-84.7,1
42.5,-84.7,1
42.5,-84.7,1
42.5,-84.7,1
42.5,-84.7,1
42.5,-84.7,1
42.5,-84.7,1
42.5,-84.7,1
42.5,-84.7,1
42.5,-84.7,1
42.5,-84.7,1
42.5,-84.7,1
42.5,-84.7,1
42.5,-84.7,1
42.5,-84.7,1
42.5,-84.7,1
42.5,-84.7,1
42.5,-84.7,1
42.5,-84.7,1
42.5,-84.7,1
42.5,-84.7,1
42.5,-84.7,1
42.5,-84.7,1
42.5,-84.7,1
42.5,-84.7,1
42.5,-84.7,1
42.5,-84.7,1
42.5,-84.7,1
42.5,-84.7,1
42.5,-84.7,1
42.5,-84.7,1
42.5,-84.7,1
42.5,-84.7,1
42.5,-84.7,1
42.5,-84.7,1
42.5,-84.7,1
42.5,-84.7,1
42.5,-84.7,1
43.03,-82.81,1
43.03,-82.81,1
43.03,-82.81,1
43.03,-82.81,1
43.03,-82.81,1
43.03,-82.81,1
43.03,-82.81,1
43.03,-82.81,1
43.03,-82.81,1
43.03,-82.81,1
43.03,-82.81,1
43.03,-82.81,1
43.03,-82.81,1
43.03,-82.81,1
43.03,-82.81,1
43.03,-82.81,1
43.03,-82.81,1
43.03,-82.81,1
43.03,-82.81,1
43.03,-82.81,1
43.03,-82.81,1
44.1,-84.5,1
44.1,-84.5,1
44.1,-84.5,1
44.1,-84.5,1
44.1,-84.5,1
44.1,-84.5,1
44.1,-84.5,1
44.1,-84.5,1
44.1,-84.5,1
44.1,-84.5,1
44.1,-84.5,1
44.1,-84.5,1
44.1,-84.5,1
44.1,-84.5,1
44.1,-84.5,1
44.1,-84.5,1
44.1,-84.5,1
42.25,-83.14,1
42.25,-83.14,1
42.25,-83.14,1
42.25,-83.14,1
42.25,-83.14,1
42.25,-83.14,1
42.25,-83.14,1
42.25,-83.14,1
42.25,-83.14,1
42.25,-83.14,1
42.25,-83.14,1
42.25,-83.14,1
42.25,-83.14,1
42.25,-83.14,1
42.25,-83.14,1
42.25,-83.14,1
42.25,-83.14,1
42.25,-83.14,1
42.25,-83.14,1
42.25,-83.14,1
42.25,-83.14,1
42.25,-83.14,1
42.25,-83.14,1
43.1,-82.5,1
43.1,-82.5,1
43.1,-82.5,1
43.1,-82.5,1
43.1,-82.5,1
43.1,-82.5,1
43.1,-82.5,1
43.1,-82.5,1
43.1,-82.5,1
43.1,-82.5,1
43.1,-82.5,1
43.1,-82.5,1
43.1,-82.5,1
43.1,-82.5,1
43.1,-82.5,1
43.1,-82.5,1
43.1,-82.5,1
43.1,-82.5,1
43.1,-82.5,1
43.1,-82.5,1
43.1,-82.5,1
43.1,-82.5,1
43.1,-82.5,1
43.1,-82.5,1
43.1,-82.5,1
43.1,-82.5,1
43.1,-82.5,1
43.1,-82.5,1
43.1,-82.5,1
43.1,-82.5,1
43.1,-82.5,1
43.1,-82.5,1
43.1,-82.5,1
43.1,-82.5,1
43.1,-82.5,1
43.1,-82.5,1
43.1,-82.5,1
43.1,-82.5,1
43.1,-82.5,1
43.1,-82.5,1
43.1,-82.5,1
43.1,-82.5,1
43.1,-82.5,1
43.1,-82.5,1
43.1,-82.5,1
43.1,-82.5,1
43.1,-82.5,1
43.1,-82.5,1
43.1,-82.5,1
43.1,-82.5,1
43.1,-82.5,1
43.1,-82.5,1
43.1,-82.5,1
43.1,-82.5,1
43.1,-82.5,1
43.1,-82.5,1
41.9,-84.6,1
41.9,-84.6,1
41.9,-84.6,1
41.9,-84.6,1
41.9,-84.6,1
41.9,-84.6,1
41.9,-84.6,1
41.9,-84.6,1
41.9,-84.6,1
41.9,-84.6,1
41.9,-84.6,1
41.9,-84.6,1
41.9,-84.6,1
41.9,-84.6,1
41.9,-84.6,1
41.9,-84.6,1
41.9,-84.6,1
41.9,-84.6,1
41.9,-84.6,1
41.9,-84.6,1
41.9,-84.6,1
41.9,-84.6,1
41.9,-84.6,1
41.9,-84.6,1
41.9,-84.6,1
41.9,-84.6,1
41.9,-84.6,1
41.9,-84.6,1
41.9,-84.6,1
41.9,-84.6,1
41.9,-84.6,1
41.9,-84.6,1
41.9,-84.6,1
41.9,-84.6,1
41.9,-84.6,1
41.9,-84.6,1
41.9,-84.6,1
41.9,-84.6,1
41.9,-84.6,1
41.9,-84.6,1
41.9,-84.6,1
41.9,-84.6,1
41.9,-84.6,1
41.9,-84.6,1
41.9,-84.6,1
41.9,-84.6,1
41.9,-84.6,1
41.9,-84.6,1
41.9,-84.6,1
41.9,-84.6,1
41.9,-84.6,1
41.9,-84.6,1
41.9,-84.6,1
41.9,-84.6,1
41.9,-84.6,1
41.9,-84.6,1
41.9,-84.6,1
41.9,-84.6,1
41.9,-84.6,1
41.9,-84.6,1
41.9,-84.6,1
41.9,-84.6,1
41.9,-84.6,1
41.9,-84.6,1
41.9,-84.6,1
41.9,-84.6,1
41.9,-84.6,1
41.9,-84.6,1
41.9,-84.6,1
41.9,-84.6,1
41.9,-84.6,1
41.9,-84.6,1
41.9,-84.6,1
41.9,-84.6,1
41.9,-84.6,1
41.9,-84.6,1
41.9,-84.6,1
41.9,-84.6,1
41.9,-84.6,1
41.9,-84.6,1
41.9,-84.6,1
41.9,-84.6,1
41.9,-84.6,1
41.9,-84.6,1
41.9,-84.6,1
41.9,-84.6,1
41.9,-84.6,1
41.9,-84.6,1
41.9,-84.6,1
41.9,-84.6,1
41.9,-84.6,1
41.9,-84.6,1
41.9,-84.6,1
41.9,-84.6,1
41.9,-84.6,1
41.9,-84.6,1
41.9,-84.6,1
41.9,-84.6,1
41.9,-84.6,1
41.9,-84.6,1
41.9,-84.6,1
41.9,-84.6,1
41.9,-84.6,1
41.9,-84.6,1
41.9,-84.6,1
41.9,-84.6,1
41.9,-84.6,1
41.9,-84.6,1
41.9,-84.6,1
41.9,-84.6,1
41.9,-84.6,1
41.9,-84.6,1
41.9,-84.6,1
41.9,-84.6,1
41.9,-84.6,1
41.9,-84.6,1
41.9,-84.6,1
41.9,-84.6,1
41.9,-84.6,1
41.9,-84.6,1
41.9,-84.6,1
41.9,-84.6,1
41.9,-84.6,1
41.9,-84.6,1
41.9,-84.6,1
41.9,-84.6,1
41.9,-84.6,1
41.9,-84.6,1
41.9,-84.6,1
41.9,-84.6,1
41.9,-84.6,1
41.9,-84.6,1
41.9,-84.6,1
41.9,-84.6,1
41.9,-84.6,1
41.9,-84.6,1
41.9,-84.6,1
41.9,-84.6,1
41.9,-84.6,1
41.9,-84.6,1
41.9,-84.6,1
41.9,-84.6,1
41.9,-84.6,1
41.9,-84.6,1
41.9,-84.6,1
41.9,-84.6,1
41.9,-84.6,1
41.9,-84.6,1
41.9,-84.6,1
41.9,-84.6,1
41.9,-84.6,1
41.9,-84.6,1
41.9,-84.6,1
41.9,-84.6,1
41.9,-84.6,1
41.9,-84.6,1
41.9,-84.6,1
41.9,-84.6,1
41.9,-84.6,1
41.9,-84.6,1
41.9,-84.6,1
41.9,-84.6,1
41.9,-84.6,1
41.9,-84.6,1
41.9,-84.6,1
41.9,-84.6,1
41.9,-84.6,1
47.1,-88.6,1
47.1,-88.6,1
42.99,-82.47,1
42.99,-82.47,1
42.99,-82.47,1
42.99,-82.47,1
42.99,-82.47,1
42.99,-82.47,1
42.99,-82.47,1
42.99,-82.47,1
42.99,-82.47,1
42.99,-82.47,1
42.99,-82.47,1
42.99,-82.47,1
42.99,-82.47,1
42.99,-82.47,1
42.99,-82.47,1
42.99,-82.47,1
42.99,-82.47,1
42.99,-82.47,1
42.99,-82.47,1
42.99,-82.47,1
42.99,-82.47,1
42.99,-82.47,1
42.99,-82.47,1
42.99,-82.47,1
42.99,-82.47,1
42.99,-82.47,1
42.99,-82.47,1
42.99,-82.47,1
42.99,-82.47,1
42.99,-82.47,1
42.99,-82.47,1
42.99,-82.47,1
42.99,-82.47,1
42.99,-82.47,1
42.99,-82.47,1
42.99,-82.47,1
42.99,-82.47,1
42.99,-82.47,1
42.99,-82.47,1
42.99,-82.47,1
42.99,-82.47,1
42.55,-83.22,1
42.55,-83.22,1
42.55,-83.22,1
42.55,-83.22,1
42.55,-83.22,1
42.55,-83.22,1
42.55,-83.22,1
42.55,-83.22,1
42.55,-83.22,1
42.55,-83.22,1
42.55,-83.22,1
42.55,-83.22,1
42.55,-83.22,1
42.55,-83.22,1
42.55,-83.22,1
42.55,-83.22,1
42.55,-83.22,1
42.55,-83.22,1
42.55,-83.22,1
42.55,-83.22,1
42.55,-83.22,1
42.55,-83.22,1
42.55,-83.22,1
42.55,-83.22,1
42.55,-83.22,1
42.55,-83.22,1
42.55,-83.22,1
42.55,-83.22,1
42.55,-83.22,1
42.55,-83.22,1
42.55,-83.22,1
42.55,-83.22,1
42.55,-83.22,1
42.55,-83.22,1
42.55,-83.22,1
42.55,-83.22,1
42.55,-83.22,1
42.55,-83.22,1
42.55,-83.22,1
42.55,-83.22,1
42.55,-83.22,1
42.55,-83.22,1
42.55,-83.22,1
42.55,-83.22,1
42.55,-83.22,1
42.55,-83.22,1
42.55,-83.22,1
42.55,-83.22,1
42.55,-83.22,1
42.55,-83.22,1
42.55,-83.22,1
42.55,-83.22,1
42.55,-83.22,1
42.55,-83.22,1
42.55,-83.22,1
42.55,-83.22,1
42.55,-83.22,1
42.55,-83.22,1
42.55,-83.22,1
42.55,-83.22,1
42.55,-83.22,1
42.55,-83.22,1
42.55,-83.22,1
42.55,-83.22,1
42.55,-83.22,1
42.55,-83.22,1
42.55,-83.22,1
42.55,-83.22,1
42.55,-83.22,1
42.55,-83.22,1
42.55,-83.22,1
42.55,-83.22,1
42.55,-83.22,1
42.55,-83.22,1
42.55,-83.22,1
42.55,-83.22,1
42.55,-83.22,1
42.55,-83.22,1
42.55,-83.22,1
42.55,-83.22,1
42.55,-83.22,1
42.55,-83.22,1
42.55,-83.22,1
42.55,-83.22,1
42.55,-83.22,1
42.55,-83.22,1
42.55,-83.22,1
42.55,-83.22,1
42.55,-83.22,1
42.55,-83.22,1
42.55,-83.22,1
42.55,-83.22,1
42.55,-83.22,1
42.55,-83.22,1
42.55,-83.22,1
42.55,-83.22,1
42.55,-83.22,1
42.55,-83.22,1
42.55,-83.22,1
42.55,-83.22,1
42.55,-83.22,1
42.55,-83.22,1
42.55,-83.22,1
42.55,-83.22,1
42.55,-83.22,1
42.55,-83.22,1
42.55,-83.22,1
42.55,-83.22,1
42.55,-83.22,1
42.55,-83.22,1
42.55,-83.22,1
42.55,-83.22,1
42.55,-83.22,1
42.55,-83.22,1
42.55,-83.22,1
42.55,-83.22,1
42.55,-83.22,1
42.55,-83.22,1
42.55,-83.22,1
42.55,-83.22,1
42.55,-83.22,1
42.55,-83.22,1
42.55,-83.22,1
42.55,-83.22,1
42.55,-83.22,1
42.55,-83.22,1
42.55,-83.22,1
42.55,-83.22,1
42.55,-83.22,1
42.55,-83.22,1
42.55,-83.22,1
42.55,-83.22,1
42.55,-83.22,1
42.55,-83.22,1
42.55,-83.22,1
42.55,-83.22,1
42.55,-83.22,1
42.55,-83.22,1
42.55,-83.22,1
42.55,-83.22,1
42.55,-83.22,1
42.55,-83.22,1
42.55,-83.22,1
42.55,-83.22,1
42.55,-83.22,1
42.55,-83.22,1
42.55,-83.22,1
42.55,-83.22,1
42.55,-83.22,1
42.55,-83.22,1
42.55,-83.22,1
42.55,-83.22,1
42.55,-83.22,1
42.55,-83.22,1
42.55,-83.22,1
42.55,-83.22,1
42.55,-83.22,1
42.55,-83.22,1
42.55,-83.22,1
42.55,-83.22,1
42.55,-83.22,1
42.55,-83.22,1
42.55,-83.22,1
42.55,-83.22,1
42.55,-83.22,1
42.55,-83.22,1
42.55,-83.22,1
42.55,-83.22,1
42.55,-83.22,1
42.55,-83.22,1
42.55,-83.22,1
42.55,-83.22,1
42.55,-83.22,1
42.55,-83.22,1
42.55,-83.22,1
42.55,-83.22,1
42.55,-83.22,1
42.55,-83.22,1
42.55,-83.22,1
42.55,-83.22,1
42.55,-83.22,1
42.55,-83.22,1
42.55,-83.22,1
42.55,-83.22,1
42.55,-83.22,1
42.55,-83.22,1
42.55,-83.22,1
42.55,-83.22,1
42.55,-83.22,1
42.55,-83.22,1
42.55,-83.22,1
42.55,-83.22,1
42.55,-83.22,1
42.55,-83.22,1
42.55,-83.22,1
42.55,-83.22,1
42.55,-83.22,1
42.55,-83.22,1
42.55,-83.22,1
42.55,-83.22,1
42.55,-83.22,1
42.55,-83.22,1
42.55,-83.22,1
42.55,-83.22,1
42.55,-83.22,1
42.55,-83.22,1
42.55,-83.22,1
42.55,-83.22,1
42.55,-83.22,1
42.55,-83.22,1
42.55,-83.22,1
42.55,-83.22,1
42.55,-83.22,1
42.55,-83.22,1
42.55,-83.22,1
42.55,-83.22,1
42.55,-83.22,1
42.55,-83.22,1
42.55,-83.22,1
42.55,-83.22,1
42.55,-83.22,1
42.55,-83.22,1
42.55,-83.22,1
42.55,-83.22,1
42.55,-83.22,1
42.55,-83.22,1
42.55,-83.22,1
42.55,-83.22,1
42.55,-83.22,1
42.55,-83.22,1
42.55,-83.22,1
42.55,-83.22,1
42.55,-83.22,1
42.55,-83.22,1
42.55,-83.22,1
42.55,-83.22,1
42.55,-83.22,1
42.55,-83.22,1
42.55,-83.22,1
42.55,-83.22,1
42.55,-83.22,1
42.55,-83.22,1
42.55,-83.22,1
42.55,-83.22,1
42.55,-83.22,1
42.55,-83.22,1
42.55,-83.22,1
42.55,-83.22,1
42.55,-83.22,1
42.55,-83.22,1
42.55,-83.22,1
42.55,-83.22,1
42.55,-83.22,1
42.55,-83.22,1
42.55,-83.22,1
42.55,-83.22,1
42.55,-83.22,1
42.55,-83.22,1
42.55,-83.22,1
42.55,-83.22,1
42.55,-83.22,1
42.55,-83.22,1
42.55,-83.22,1
42.55,-83.22,1
42.55,-83.22,1
42.55,-83.22,1
42.55,-83.22,1
42.55,-83.22,1
42.55,-83.22,1
42.55,-83.22,1
42.55,-83.22,1
42.55,-83.22,1
42.55,-83.22,1
42.55,-83.22,1
42.55,-83.22,1
42.55,-83.22,1
42.55,-83.22,1
42.55,-83.22,1
42.55,-83.22,1
42.55,-83.22,1
42.55,-83.22,1
42.55,-83.22,1
42.55,-83.22,1
42.55,-83.22,1
42.55,-83.22,1
42.55,-83.22,1
42.55,-83.22,1
42.55,-83.22,1
42.55,-83.22,1
42.55,-83.22,1
42.55,-83.22,1
42.55,-83.22,1
42.55,-83.22,1
42.55,-83.22,1
42.55,-83.22,1
42.55,-83.22,1
42.55,-83.22,1
42.55,-83.22,1
42.55,-83.22,1
42.55,-83.22,1
42.55,-83.22,1
42.55,-83.22,1
42.55,-83.22,1
42.55,-83.22,1
42.55,-83.22,1
42.55,-83.22,1
42.55,-83.22,1
42.55,-83.22,1
42.55,-83.22,1
42.55,-83.22,1
42.55,-83.22,1
42.55,-83.22,1
42.55,-83.22,1
42.55,-83.22,1
42.55,-83.22,1
42.55,-83.22,1
42.55,-83.22,1
42.55,-83.22,1
42.55,-83.22,1
42.55,-83.22,1
42.55,-83.22,1
42.55,-83.22,1
42.55,-83.22,1
42.55,-83.22,1
42.55,-83.22,1
42.55,-83.22,1
42.55,-83.22,1
42.55,-83.22,1
42.55,-83.22,1
42.55,-83.22,1
42.55,-83.22,1
42.55,-83.22,1
42.55,-83.22,1
42.55,-83.22,1
42.55,-83.22,1
42.55,-83.22,1
42.55,-83.22,1
42.55,-83.22,1
42.55,-83.22,1
42.55,-83.22,1
42.55,-83.22,1
42.55,-83.22,1
42.55,-83.22,1
42.55,-83.22,1
42.55,-83.22,1
42.55,-83.22,1
42.55,-83.22,1
42.55,-83.22,1
42.55,-83.22,1
42.55,-83.22,1
42.55,-83.22,1
42.55,-83.22,1
42.55,-83.22,1
42.55,-83.22,1
42.55,-83.22,1
42.55,-83.22,1
42.55,-83.22,1
42.55,-83.22,1
42.55,-83.22,1
42.55,-83.22,1
42.55,-83.22,1
42.55,-83.22,1
42.55,-83.22,1
42.55,-83.22,1
42.55,-83.22,1
42.55,-83.22,1
42.55,-83.22,1
42.55,-83.22,1
42.55,-83.22,1
42.55,-83.22,1
42.55,-83.22,1
42.55,-83.22,1
42.55,-83.22,1
42.55,-83.22,1
42.55,-83.22,1
42.55,-83.22,1
42.55,-83.22,1
42.55,-83.22,1
42.55,-83.22,1
42.55,-83.22,1
42.55,-83.22,1
42.55,-83.22,1
42.55,-83.22,1
42.55,-83.22,1
42.55,-83.22,1
42.55,-83.22,1
42.55,-83.22,1
42.55,-83.22,1
42.55,-83.22,1
42.55,-83.22,1
42.55,-83.22,1
42.55,-83.22,1
42.55,-83.22,1
42.55,-83.22,1
42.55,-83.22,1
42.55,-83.22,1
42.55,-83.22,1
42.55,-83.22,1
42.55,-83.22,1
42.55,-83.22,1
42.55,-83.22,1
42.55,-83.22,1
42.55,-83.22,1
42.55,-83.22,1
42.55,-83.22,1
42.55,-83.22,1
42.55,-83.22,1
42.55,-83.22,1
42.55,-83.22,1
42.55,-83.22,1
42.55,-83.22,1
42.55,-83.22,1
42.55,-83.22,1
42.55,-83.22,1
42.55,-83.22,1
42.55,-83.22,1
42.55,-83.22,1
42.55,-83.22,1
42.55,-83.22,1
42.55,-83.22,1
42.55,-83.22,1
42.55,-83.22,1
42.55,-83.22,1
42.55,-83.22,1
42.55,-83.22,1
42.55,-83.22,1
42.55,-83.22,1
42.55,-83.22,1
42.55,-83.22,1
42.55,-83.22,1
42.55,-83.22,1
42.55,-83.22,1
42.55,-83.22,1
42.55,-83.22,1
42.55,-83.22,1
42.55,-83.22,1
42.55,-83.22,1
42.55,-83.22,1
42.55,-83.22,1
42.55,-83.22,1
42.55,-83.22,1
42.55,-83.22,1
42.55,-83.22,1
42.55,-83.22,1
42.55,-83.22,1
42.55,-83.22,1
42.55,-83.22,1
42.55,-83.22,1
42.55,-83.22,1
42.55,-83.22,1
42.55,-83.22,1
42.55,-83.22,1
42.55,-83.22,1
42.55,-83.22,1
42.55,-83.22,1
42.55,-83.22,1
42.55,-83.22,1
42.55,-83.22,1
42.55,-83.22,1
42.55,-83.22,1
42.55,-83.22,1
42.55,-83.22,1
42.55,-83.22,1
42.55,-83.22,1
42.55,-83.22,1
42.55,-83.22,1
42.55,-83.22,1
42.55,-83.22,1
42.55,-83.22,1
42.55,-83.22,1
42.55,-83.22,1
42.55,-83.22,1
42.55,-83.22,1
42.55,-83.22,1
42.55,-83.22,1
42.55,-83.22,1
42.55,-83.22,1
42.55,-83.22,1
42.55,-83.22,1
42.55,-83.22,1
42.55,-83.22,1
42.55,-83.22,1
42.55,-83.22,1
42.55,-83.22,1
42.55,-83.22,1
42.55,-83.22,1
42.55,-83.22,1
42.55,-83.22,1
42.55,-83.22,1
42.55,-83.22,1
42.55,-83.22,1
42.55,-83.22,1
42.55,-83.22,1
42.55,-83.22,1
42.55,-83.22,1
42.55,-83.22,1
42.55,-83.22,1
42.55,-83.22,1
42.55,-83.22,1
42.55,-83.22,1
42.55,-83.22,1
42.55,-83.22,1
42.55,-83.22,1
42.55,-83.22,1
42.55,-83.22,1
42.55,-83.22,1
42.55,-83.22,1
42.55,-83.22,1
42.55,-83.22,1
42.55,-83.22,1
42.55,-83.22,1
42.55,-83.22,1
42.55,-83.22,1
42.55,-83.22,1
42.55,-83.22,1
42.55,-83.22,1
42.55,-83.22,1
42.55,-83.22,1
42.55,-83.22,1
42.55,-83.22,1
42.55,-83.22,1
42.55,-83.22,1
42.55,-83.22,1
42.55,-83.22,1
42.55,-83.22,1
42.55,-83.22,1
42.55,-83.22,1
42.55,-83.22,1
42.55,-83.22,1
42.55,-83.22,1
42.55,-83.22,1
42.55,-83.22,1
42.55,-83.22,1
42.55,-83.22,1
42.55,-83.22,1
42.55,-83.22,1
42.55,-83.22,1
42.55,-83.22,1
42.55,-83.22,1
42.55,-83.22,1
42.55,-83.22,1
42.55,-83.22,1
42.55,-83.22,1
42.55,-83.22,1
42.55,-83.22,1
42.55,-83.22,1
42.55,-83.22,1
42.55,-83.22,1
42.55,-83.22,1
42.55,-83.22,1
42.55,-83.22,1
42.55,-83.22,1
42.55,-83.22,1
42.55,-83.22,1
42.55,-83.22,1
42.55,-83.22,1
42.55,-83.22,1
42.55,-83.22,1
42.55,-83.22,1
42.55,-83.22,1
42.55,-83.22,1
42.55,-83.22,1
42.55,-83.22,1
42.55,-83.22,1
42.55,-83.22,1
42.55,-83.22,1
42.55,-83.22,1
42.55,-83.22,1
42.55,-83.22,1
42.55,-83.22,1
42.55,-83.22,1
42.55,-83.22,1
42.55,-83.22,1
42.55,-83.22,1
42.55,-83.22,1
42.55,-83.22,1
42.55,-83.22,1
42.55,-83.22,1
42.55,-83.22,1
42.55,-83.22,1
42.55,-83.22,1
42.55,-83.22,1
42.55,-83.22,1
42.55,-83.22,1
42.55,-83.22,1
42.55,-83.22,1
42.55,-83.22,1
42.55,-83.22,1
42.55,-83.22,1
42.55,-83.22,1
42.55,-83.22,1
42.55,-83.22,1
42.55,-83.22,1
42.55,-83.22,1
42.55,-83.22,1
42.55,-83.22,1
42.55,-83.22,1
42.55,-83.22,1
42.55,-83.22,1
42.55,-83.22,1
42.55,-83.22,1
42.55,-83.22,1
42.55,-83.22,1
42.55,-83.22,1
42.55,-83.22,1
42.55,-83.22,1
42.55,-83.22,1
42.55,-83.22,1
42.55,-83.22,1
42.55,-83.22,1
42.55,-83.22,1
42.55,-83.22,1
42.55,-83.22,1
42.55,-83.22,1
42.55,-83.22,1
42.55,-83.22,1
42.55,-83.22,1
42.55,-83.22,1
42.55,-83.22,1
42.55,-83.22,1
42.55,-83.22,1
42.55,-83.22,1
42.55,-83.22,1
42.55,-83.22,1
42.55,-83.22,1
42.55,-83.22,1
42.55,-83.22,1
42.55,-83.22,1
42.55,-83.22,1
42.55,-83.22,1
42.55,-83.22,1
42.55,-83.22,1
42.55,-83.22,1
42.55,-83.22,1
42.55,-83.22,1
42.55,-83.22,1
42.55,-83.22,1
42.55,-83.22,1
42.55,-83.22,1
42.55,-83.22,1
42.55,-83.22,1
42.55,-83.22,1
42.55,-83.22,1
42.55,-83.22,1
42.55,-83.22,1
42.55,-83.22,1
42.55,-83.22,1
42.55,-83.22,1
42.55,-83.22,1
42.55,-83.22,1
42.55,-83.22,1
42.55,-83.22,1
42.55,-83.22,1
42.55,-83.22,1
42.55,-83.22,1
42.55,-83.22,1
42.55,-83.22,1
42.55,-83.22,1
42.55,-83.22,1
42.55,-83.22,1
42.55,-83.22,1
42.55,-83.22,1
42.55,-83.22,1
42.55,-83.22,1
42.55,-83.22,1
42.55,-83.22,1
42.55,-83.22,1
43.0,-85.1,1
43.0,-85.1,1
43.0,-85.1,1
43.0,-85.1,1
43.0,-85.1,1
43.0,-85.1,1
43.0,-85.1,1
43.0,-85.1,1
43.0,-85.1,1
43.0,-85.1,1
43.0,-85.1,1
43.0,-85.1,1
43.0,-85.1,1
43.0,-85.1,1
43.0,-85.1,1
43.0,-85.1,1
43.0,-85.1,1
43.0,-85.1,1
43.0,-85.1,1
43.0,-85.1,1
43.0,-85.1,1
43.0,-85.1,1
43.0,-85.1,1
43.0,-85.1,1
43.0,-85.1,1
43.0,-85.1,1
43.0,-85.1,1
43.0,-85.1,1
43.0,-85.1,1
43.0,-85.1,1
43.0,-85.1,1
43.0,-85.1,1
43.0,-85.1,1
43.0,-85.1,1
43.0,-85.1,1
43.0,-85.1,1
43.0,-85.1,1
43.0,-85.1,1
43.0,-85.1,1
43.0,-85.1,1
43.0,-85.1,1
43.0,-85.1,1
43.0,-85.1,1
43.0,-85.1,1
43.0,-85.1,1
43.0,-85.1,1
43.0,-85.1,1
43.0,-85.1,1
43.0,-85.1,1
43.0,-85.1,1
43.0,-85.1,1
43.0,-85.1,1
43.0,-85.1,1
43.0,-85.1,1
43.0,-85.1,1
43.0,-85.1,1
43.0,-85.1,1
43.0,-85.1,1
43.0,-85.1,1
43.0,-85.1,1
43.0,-85.1,1
43.0,-85.1,1
43.0,-85.1,1
43.0,-85.1,1
43.0,-85.1,1
43.0,-85.1,1
43.0,-85.1,1
43.0,-85.1,1
43.0,-85.1,1
43.0,-85.1,1
43.0,-85.1,1
43.0,-85.1,1
43.0,-85.1,1
43.0,-85.1,1
43.0,-85.1,1
43.0,-85.1,1
43.0,-85.1,1
43.0,-85.1,1
43.0,-85.1,1
43.0,-85.1,1
43.0,-85.1,1
43.0,-85.1,1
43.0,-85.1,1
43.0,-85.1,1
43.0,-85.1,1
43.0,-85.1,1
43.0,-85.1,1
43.0,-85.1,1
43.0,-85.1,1
43.0,-85.1,1
43.0,-85.1,1
43.0,-85.1,1
43.0,-85.1,1
43.0,-85.1,1
43.0,-85.1,1
43.0,-85.1,1
43.0,-85.1,1
43.0,-85.1,1
43.0,-85.1,1
43.0,-85.1,1
43.0,-85.1,1
43.0,-85.1,1
43.0,-85.1,1
43.0,-85.1,1
43.0,-85.1,1
43.0,-85.1,1
43.0,-85.1,1
43.0,-85.1,1
43.0,-85.1,1
43.0,-85.1,1
43.0,-85.1,1
43.0,-85.1,1
43.0,-85.1,1
43.0,-85.1,1
43.0,-85.1,1
43.0,-85.1,1
43.0,-85.1,1
43.0,-85.1,1
43.0,-85.1,1
43.0,-85.1,1
43.0,-85.1,1
43.0,-85.1,1
43.0,-85.1,1
43.0,-85.1,1
46.4,-89.6,1
46.4,-89.6,1
46.4,-89.6,1
46.4,-89.6,1
46.4,-89.6,1
46.4,-89.6,1
46.4,-89.6,1
46.4,-89.6,1
46.4,-89.6,1
46.4,-89.6,1
46.4,-89.6,1
46.4,-89.6,1
46.4,-89.6,1
46.4,-89.6,1
46.4,-89.6,1
46.4,-89.6,1
46.4,-89.6,1
46.4,-89.6,1
46.4,-89.6,1
46.4,-89.6,1
46.4,-89.6,1
46.4,-89.6,1
46.4,-89.6,1
46.4,-89.6,1
46.4,-89.6,1
46.4,-89.6,1
46.4,-89.6,1
46.4,-89.6,1
46.4,-89.6,1
46.4,-89.6,1
46.4,-89.6,1
46.4,-89.6,1
46.4,-89.6,1
46.4,-89.6,1
46.4,-89.6,1
46.4,-89.6,1
46.4,-89.6,1
46.4,-89.6,1
46.4,-89.6,1
46.4,-89.6,1
46.4,-89.6,1
46.4,-89.6,1
46.4,-89.6,1
46.4,-89.6,1
46.4,-89.6,1
46.4,-89.6,1
46.4,-89.6,1
46.4,-89.6,1
46.4,-89.6,1
46.4,-89.6,1
46.4,-89.6,1
46.4,-89.6,1
46.4,-89.6,1
46.4,-89.6,1
46.4,-89.6,1
46.4,-89.6,1
46.4,-89.6,1
46.4,-89.6,1
46.4,-89.6,1
46.4,-89.6,1
46.4,-89.6,1
46.4,-89.6,1
46.4,-89.6,1
46.4,-89.6,1
46.4,-89.6,1
46.4,-89.6,1
46.4,-89.6,1
46.4,-89.6,1
46.4,-89.6,1
46.4,-89.6,1
46.4,-89.6,1
42.2,-84.4,1
42.2,-84.4,1
42.2,-84.4,1
42.2,-84.4,1
42.2,-84.4,1
42.2,-84.4,1
42.2,-84.4,1
42.2,-84.4,1
42.2,-84.4,1
42.2,-84.4,1
42.2,-84.4,1
42.2,-84.4,1
42.2,-84.4,1
42.2,-84.4,1
42.2,-84.4,1
42.2,-84.4,1
42.2,-84.4,1
42.2,-84.4,1
42.2,-84.4,1
42.2,-84.4,1
42.2,-84.4,1
42.2,-84.4,1
42.2,-84.4,1
42.2,-84.4,1
42.2,-84.4,1
42.2,-84.4,1
42.2,-84.4,1
42.2,-84.4,1
42.2,-84.4,1
42.2,-84.4,1
42.2,-84.4,1
42.2,-84.4,1
42.2,-84.4,1
42.2,-84.4,1
42.2,-84.4,1
42.2,-84.4,1
42.2,-84.4,1
42.2,-84.4,1
42.2,-84.4,1
42.2,-84.4,1
42.2,-84.4,1
42.2,-84.4,1
42.2,-84.4,1
42.2,-84.4,1
42.2,-84.4,1
42.2,-84.4,1
42.2,-84.4,1
42.2,-84.4,1
42.2,-84.4,1
42.2,-84.4,1
42.2,-84.4,1
42.2,-84.4,1
42.2,-84.4,1
42.2,-84.4,1
42.2,-84.4,1
42.2,-84.4,1
42.2,-84.4,1
42.2,-84.4,1
42.2,-84.4,1
42.2,-84.4,1
42.2,-84.4,1
42.2,-84.4,1
42.2,-84.4,1
42.2,-84.4,1
42.2,-84.4,1
42.2,-84.4,1
42.2,-84.4,1
42.2,-84.4,1
42.2,-84.4,1
42.2,-84.4,1
42.2,-84.4,1
42.2,-84.4,1
42.2,-84.4,1
42.2,-84.4,1
42.2,-84.4,1
42.2,-84.4,1
42.2,-84.4,1
42.2,-84.4,1
42.2,-84.4,1
42.2,-84.4,1
42.2,-84.4,1
42.2,-84.4,1
42.2,-84.4,1
42.2,-84.4,1
42.2,-84.4,1
42.2,-84.4,1
42.2,-84.4,1
42.2,-84.4,1
42.2,-84.4,1
42.2,-84.4,1
42.2,-84.4,1
42.2,-84.4,1
42.2,-84.4,1
42.2,-84.4,1
42.2,-84.4,1
42.2,-84.4,1
42.2,-84.4,1
42.2,-84.4,1
42.2,-84.4,1
42.2,-84.4,1
42.2,-84.4,1
42.2,-84.4,1
42.2,-84.4,1
42.2,-84.4,1
42.2,-84.4,1
42.2,-84.4,1
42.2,-84.4,1
42.2,-84.4,1
42.2,-84.4,1
42.2,-84.4,1
42.2,-84.4,1
42.2,-84.4,1
42.2,-84.4,1
42.2,-84.4,1
42.2,-84.4,1
42.2,-84.4,1
42.2,-84.4,1
42.2,-84.4,1
42.2,-84.4,1
42.2,-84.4,1
42.2,-84.4,1
42.2,-84.4,1
42.2,-84.4,1
42.2,-84.4,1
42.2,-84.4,1
42.2,-84.4,1
42.2,-84.4,1
42.2,-84.4,1
42.2,-84.4,1
42.2,-84.4,1
42.2,-84.4,1
42.2,-84.4,1
42.2,-84.4,1
42.2,-84.4,1
42.2,-84.4,1
42.2,-84.4,1
42.2,-84.4,1
42.2,-84.4,1
42.2,-84.4,1
42.2,-84.4,1
42.2,-84.4,1
42.2,-84.4,1
42.2,-84.4,1
42.2,-84.4,1
42.2,-84.4,1
42.2,-84.4,1
42.2,-84.4,1
42.2,-84.4,1
42.2,-84.4,1
42.2,-84.4,1
42.2,-84.4,1
42.2,-84.4,1
42.2,-84.4,1
42.2,-84.4,1
42.2,-84.4,1
42.2,-84.4,1
42.2,-84.4,1
42.2,-84.4,1
42.2,-84.4,1
42.2,-84.4,1
42.2,-84.4,1
42.2,-84.4,1
42.2,-84.4,1
42.2,-84.4,1
42.2,-84.4,1
42.2,-84.4,1
42.2,-84.4,1
42.2,-84.4,1
42.2,-84.4,1
42.2,-84.4,1
42.2,-84.4,1
42.2,-84.4,1
42.2,-84.4,1
42.2,-84.4,1
42.2,-84.4,1
42.2,-84.4,1
42.2,-84.4,1
42.2,-84.4,1
42.2,-84.4,1
42.2,-84.4,1
42.2,-84.4,1
42.2,-84.4,1
42.2,-84.4,1
42.2,-84.4,1
42.2,-84.4,1
42.2,-84.4,1
42.2,-84.4,1
42.2,-84.4,1
42.2,-84.4,1
42.2,-84.4,1
42.2,-84.4,1
42.2,-84.4,1
42.2,-84.4,1
42.2,-84.4,1
42.2,-84.4,1
42.2,-84.4,1
42.2,-84.4,1
42.2,-84.4,1
42.2,-84.4,1
42.2,-84.4,1
42.2,-84.4,1
42.2,-84.4,1
42.2,-84.4,1
42.2,-84.4,1
42.2,-84.4,1
42.2,-84.4,1
42.2,-84.4,1
42.2,-84.4,1
42.2,-84.4,1
42.2,-84.4,1
42.2,-84.4,1
42.2,-84.4,1
42.2,-84.4,1
42.2,-84.4,1
42.2,-84.4,1
42.2,-84.4,1
42.2,-84.4,1
42.2,-84.4,1
42.2,-84.4,1
42.2,-84.4,1
42.2,-84.4,1
42.2,-84.4,1
42.2,-84.4,1
42.2,-84.4,1
42.2,-84.4,1
42.2,-84.4,1
42.2,-84.4,1
42.2,-84.4,1
42.2,-84.4,1
42.2,-84.4,1
42.2,-84.4,1
42.2,-84.4,1
42.2,-84.4,1
42.2,-84.4,1
42.2,-84.4,1
42.2,-84.4,1
42.2,-84.4,1
42.2,-84.4,1
42.2,-84.4,1
42.2,-84.4,1
42.2,-84.4,1
42.2,-84.4,1
42.2,-84.4,1
42.2,-84.4,1
42.2,-84.4,1
42.2,-84.4,1
42.2,-84.4,1
42.2,-84.4,1
42.2,-84.4,1
42.2,-84.4,1
42.2,-84.4,1
42.2,-84.4,1
42.2,-84.4,1
42.2,-84.4,1
42.2,-84.4,1
42.2,-84.4,1
42.2,-84.4,1
42.2,-84.4,1
42.2,-84.4,1
42.2,-84.4,1
42.2,-84.4,1
42.2,-84.4,1
42.2,-84.4,1
42.2,-84.4,1
42.2,-84.4,1
42.2,-84.4,1
42.2,-84.4,1
42.2,-84.4,1
42.2,-84.4,1
42.2,-84.4,1
42.2,-84.4,1
42.2,-84.4,1
42.2,-84.4,1
42.2,-84.4,1
42.2,-84.4,1
42.2,-84.4,1
42.2,-84.4,1
42.2,-84.4,1
42.2,-84.4,1
42.2,-84.4,1
42.2,-84.4,1
42.2,-84.4,1
42.2,-84.4,1
42.2,-84.4,1
42.2,-84.4,1
42.2,-84.4,1
42.2,-84.4,1
42.2,-84.4,1
42.2,-84.4,1
42.2,-84.4,1
42.2,-84.4,1
42.2,-84.4,1
42.2,-84.4,1
42.2,-84.4,1
42.2,-84.4,1
42.2,-84.4,1
42.2,-84.4,1
42.2,-84.4,1
42.2,-84.4,1
42.2,-84.4,1
42.2,-84.4,1
42.2,-84.4,1
42.2,-84.4,1
42.2,-84.4,1
42.2,-84.4,1
42.2,-84.4,1
42.2,-84.4,1
42.2,-84.4,1
42.2,-84.4,1
42.2,-84.4,1
42.2,-84.4,1
42.2,-84.4,1
42.2,-84.4,1
42.2,-84.4,1
42.2,-84.4,1
42.2,-84.4,1
42.2,-84.4,1
42.2,-84.4,1
42.2,-84.4,1
42.2,-84.4,1
42.2,-84.4,1
42.2,-84.4,1
42.2,-84.4,1
42.2,-84.4,1
42.2,-84.4,1
42.2,-84.4,1
42.2,-84.4,1
42.2,-84.4,1
42.2,-84.4,1
42.2,-84.4,1
42.2,-84.4,1
42.2,-84.4,1
42.2,-84.4,1
42.2,-84.4,1
42.2,-84.4,1
42.2,-84.4,1
42.2,-84.4,1
42.2,-84.4,1
42.2,-84.4,1
42.2,-84.4,1
42.2,-84.4,1
42.2,-84.4,1
42.2,-84.4,1
42.2,-84.4,1
42.2,-84.4,1
42.2,-84.4,1
42.2,-84.4,1
42.2,-84.4,1
42.2,-84.4,1
42.2,-84.4,1
42.2,-84.4,1
42.2,-84.4,1
42.2,-84.4,1
42.2,-84.4,1
42.2,-84.4,1
42.2,-84.4,1
42.2,-84.4,1
42.2,-84.4,1
42.2,-84.4,1
42.2,-84.4,1
42.2,-84.4,1
42.2,-84.4,1
42.2,-84.4,1
42.2,-84.4,1
42.2,-84.4,1
42.2,-84.4,1
42.2,-84.4,1
42.2,-84.4,1
42.2,-84.4,1
42.2,-84.4,1
42.2,-84.4,1
42.2,-84.4,1
42.2,-84.4,1
42.2,-84.4,1
42.2,-84.4,1
42.2,-84.4,1
42.2,-84.4,1
42.2,-84.4,1
42.2,-84.4,1
42.2,-84.4,1
42.2,-84.4,1
42.2,-84.4,1
42.2,-84.4,1
42.2,-84.4,1
42.2,-84.4,1
42.2,-84.4,1
42.2,-84.4,1
42.2,-84.4,1
42.2,-84.4,1
42.2,-84.4,1
42.2,-84.4,1
42.2,-84.4,1
42.2,-84.4,1
42.2,-84.4,1
42.2,-84.4,1
42.2,-84.4,1
42.2,-84.4,1
42.2,-84.4,1
42.2,-84.4,1
42.2,-84.4,1
42.2,-84.4,1
42.2,-84.4,1
42.2,-84.4,1
42.2,-84.4,1
42.2,-84.4,1
42.2,-84.4,1
42.2,-84.4,1
42.2,-84.4,1
42.2,-84.4,1
42.2,-84.4,1
42.2,-84.4,1
42.2,-84.4,1
42.2,-84.4,1
42.2,-84.4,1
42.2,-84.4,1
42.2,-84.4,1
42.2,-84.4,1
42.2,-84.4,1
42.2,-84.4,1
42.2,-84.4,1
42.2,-84.4,1
42.27,-85.56,1
42.27,-85.56,1
42.27,-85.56,1
42.27,-85.56,1
42.27,-85.56,1
42.27,-85.56,1
42.27,-85.56,1
42.27,-85.56,1
42.27,-85.56,1
42.27,-85.56,1
42.27,-85.56,1
42.27,-85.56,1
42.27,-85.56,1
42.27,-85.56,1
42.27,-85.56,1
42.27,-85.56,1
42.27,-85.56,1
42.27,-85.56,1
42.27,-85.56,1
42.27,-85.56,1
42.27,-85.56,1
42.27,-85.56,1
42.27,-85.56,1
42.27,-85.56,1
42.27,-85.56,1
42.27,-85.56,1
42.27,-85.56,1
42.27,-85.56,1
42.27,-85.56,1
42.27,-85.56,1
42.27,-85.56,1
42.27,-85.56,1
42.27,-85.56,1
42.27,-85.56,1
42.27,-85.56,1
42.27,-85.56,1
42.27,-85.56,1
42.27,-85.56,1
42.27,-85.56,1
42.27,-85.56,1
42.27,-85.56,1
42.27,-85.56,1
42.27,-85.56,1
42.27,-85.56,1
42.27,-85.56,1
42.27,-85.56,1
42.27,-85.56,1
42.27,-85.56,1
42.27,-85.56,1
42.27,-85.56,1
42.27,-85.56,1
42.27,-85.56,1
42.27,-85.56,1
42.27,-85.56,1
42.27,-85.56,1
42.27,-85.56,1
42.27,-85.56,1
42.27,-85.56,1
42.27,-85.56,1
42.27,-85.56,1
42.27,-85.56,1
42.27,-85.56,1
42.27,-85.56,1
42.27,-85.56,1
42.27,-85.56,1
42.27,-85.56,1
42.27,-85.56,1
42.27,-85.56,1
42.27,-85.56,1
42.27,-85.56,1
42.27,-85.56,1
42.27,-85.56,1
42.27,-85.56,1
42.27,-85.56,1
42.27,-85.56,1
42.27,-85.56,1
42.27,-85.56,1
42.27,-85.56,1
42.27,-85.56,1
42.27,-85.56,1
42.27,-85.56,1
42.27,-85.56,1
42.27,-85.56,1
42.27,-85.56,1
42.27,-85.56,1
42.27,-85.56,1
42.27,-85.56,1
42.27,-85.56,1
42.27,-85.56,1
42.27,-85.56,1
42.27,-85.56,1
42.27,-85.56,1
42.27,-85.56,1
42.27,-85.56,1
42.27,-85.56,1
42.27,-85.56,1
42.27,-85.56,1
42.27,-85.56,1
42.27,-85.56,1
42.27,-85.56,1
42.27,-85.56,1
42.27,-85.56,1
42.27,-85.56,1
42.27,-85.56,1
42.27,-85.56,1
42.27,-85.56,1
42.27,-85.56,1
42.27,-85.56,1
42.27,-85.56,1
42.27,-85.56,1
42.27,-85.56,1
42.27,-85.56,1
42.27,-85.56,1
42.27,-85.56,1
42.27,-85.56,1
42.27,-85.56,1
42.27,-85.56,1
42.27,-85.56,1
42.27,-85.56,1
42.27,-85.56,1
42.27,-85.56,1
42.27,-85.56,1
42.27,-85.56,1
42.27,-85.56,1
42.27,-85.56,1
42.27,-85.56,1
42.27,-85.56,1
42.27,-85.56,1
42.27,-85.56,1
42.27,-85.56,1
42.27,-85.56,1
42.27,-85.56,1
42.27,-85.56,1
42.27,-85.56,1
42.27,-85.56,1
42.27,-85.56,1
42.27,-85.56,1
42.27,-85.56,1
42.27,-85.56,1
42.27,-85.56,1
42.27,-85.56,1
42.27,-85.56,1
42.27,-85.56,1
42.27,-85.56,1
42.27,-85.56,1
42.27,-85.56,1
42.27,-85.56,1
42.27,-85.56,1
42.27,-85.56,1
42.27,-85.56,1
42.27,-85.56,1
42.27,-85.56,1
42.27,-85.56,1
42.27,-85.56,1
42.27,-85.56,1
42.27,-85.56,1
42.27,-85.56,1
42.27,-85.56,1
42.27,-85.56,1
42.27,-85.56,1
42.27,-85.56,1
42.27,-85.56,1
42.27,-85.56,1
42.27,-85.56,1
42.27,-85.56,1
42.27,-85.56,1
42.27,-85.56,1
42.27,-85.56,1
42.27,-85.56,1
42.27,-85.56,1
42.27,-85.56,1
42.27,-85.56,1
42.27,-85.56,1
42.27,-85.56,1
42.27,-85.56,1
42.27,-85.56,1
42.27,-85.56,1
42.27,-85.56,1
42.27,-85.56,1
42.27,-85.56,1
42.27,-85.56,1
42.27,-85.56,1
42.27,-85.56,1
42.27,-85.56,1
42.27,-85.56,1
42.27,-85.56,1
42.27,-85.56,1
42.27,-85.56,1
42.27,-85.56,1
42.27,-85.56,1
42.27,-85.56,1
42.27,-85.56,1
42.27,-85.56,1
42.27,-85.56,1
42.27,-85.56,1
42.27,-85.56,1
42.27,-85.56,1
42.27,-85.56,1
42.27,-85.56,1
42.27,-85.56,1
42.27,-85.56,1
42.27,-85.56,1
42.27,-85.56,1
42.27,-85.56,1
42.27,-85.56,1
42.27,-85.56,1
42.27,-85.56,1
42.27,-85.56,1
42.27,-85.56,1
42.27,-85.56,1
42.27,-85.56,1
42.27,-85.56,1
42.27,-85.56,1
42.27,-85.56,1
42.27,-85.56,1
42.27,-85.56,1
42.27,-85.56,1
42.27,-85.56,1
42.27,-85.56,1
42.27,-85.56,1
42.27,-85.56,1
42.27,-85.56,1
42.27,-85.56,1
42.27,-85.56,1
42.27,-85.56,1
42.27,-85.56,1
42.27,-85.56,1
42.27,-85.56,1
42.27,-85.56,1
42.27,-85.56,1
42.27,-85.56,1
42.27,-85.56,1
42.27,-85.56,1
42.27,-85.56,1
42.27,-85.56,1
42.27,-85.56,1
42.27,-85.56,1
42.27,-85.56,1
42.27,-85.56,1
42.27,-85.56,1
42.27,-85.56,1
42.27,-85.56,1
42.27,-85.56,1
42.27,-85.56,1
42.27,-85.56,1
42.27,-85.56,1
42.27,-85.56,1
42.27,-85.56,1
42.27,-85.56,1
42.27,-85.56,1
42.27,-85.56,1
42.27,-85.56,1
42.27,-85.56,1
42.27,-85.56,1
42.27,-85.56,1
42.27,-85.56,1
42.27,-85.56,1
42.27,-85.56,1
42.27,-85.56,1
42.27,-85.56,1
42.27,-85.56,1
42.27,-85.56,1
42.27,-85.56,1
42.27,-85.56,1
42.27,-85.56,1
42.27,-85.56,1
42.27,-85.56,1
42.27,-85.56,1
42.27,-85.56,1
42.27,-85.56,1
42.27,-85.56,1
42.27,-85.56,1
42.27,-85.56,1
42.27,-85.56,1
42.27,-85.56,1
42.27,-85.56,1
42.27,-85.56,1
42.27,-85.56,1
42.27,-85.56,1
42.27,-85.56,1
42.27,-85.56,1
42.27,-85.56,1
42.27,-85.56,1
42.27,-85.56,1
42.27,-85.56,1
42.27,-85.56,1
42.27,-85.56,1
42.27,-85.56,1
42.27,-85.56,1
42.27,-85.56,1
42.27,-85.56,1
42.27,-85.56,1
42.27,-85.56,1
42.27,-85.56,1
42.27,-85.56,1
42.27,-85.56,1
42.27,-85.56,1
42.27,-85.56,1
42.27,-85.56,1
42.27,-85.56,1
42.27,-85.56,1
42.27,-85.56,1
42.27,-85.56,1
42.27,-85.56,1
42.27,-85.56,1
42.27,-85.56,1
42.27,-85.56,1
42.27,-85.56,1
42.27,-85.56,1
42.27,-85.56,1
42.27,-85.56,1
42.27,-85.56,1
42.27,-85.56,1
42.27,-85.56,1
42.27,-85.56,1
42.27,-85.56,1
42.27,-85.56,1
42.27,-85.56,1
42.27,-85.56,1
42.27,-85.56,1
42.27,-85.56,1
42.27,-85.56,1
42.27,-85.56,1
42.27,-85.56,1
42.27,-85.56,1
42.27,-85.56,1
42.27,-85.56,1
42.27,-85.56,1
42.27,-85.56,1
42.27,-85.56,1
42.27,-85.56,1
42.27,-85.56,1
42.27,-85.56,1
42.27,-85.56,1
42.27,-85.56,1
42.27,-85.56,1
42.27,-85.56,1
42.27,-85.56,1
42.27,-85.56,1
42.27,-85.56,1
42.27,-85.56,1
42.27,-85.56,1
42.27,-85.56,1
42.27,-85.56,1
42.27,-85.56,1
42.27,-85.56,1
42.27,-85.56,1
42.27,-85.56,1
42.27,-85.56,1
42.27,-85.56,1
42.27,-85.56,1
42.27,-85.56,1
42.27,-85.56,1
42.27,-85.56,1
42.27,-85.56,1
42.27,-85.56,1
42.27,-85.56,1
42.27,-85.56,1
42.27,-85.56,1
42.27,-85.56,1
42.27,-85.56,1
42.27,-85.56,1
42.27,-85.56,1
42.27,-85.56,1
42.27,-85.56,1
42.27,-85.56,1
42.27,-85.56,1
42.27,-85.56,1
42.27,-85.56,1
42.27,-85.56,1
42.27,-85.56,1
42.27,-85.56,1
42.27,-85.56,1
42.27,-85.56,1
42.27,-85.56,1
42.27,-85.56,1
42.27,-85.56,1
42.27,-85.56,1
42.27,-85.56,1
42.27,-85.56,1
42.27,-85.56,1
42.27,-85.56,1
42.27,-85.56,1
42.27,-85.56,1
42.27,-85.56,1
42.27,-85.56,1
42.27,-85.56,1
42.27,-85.56,1
42.27,-85.56,1
42.27,-85.56,1
42.27,-85.56,1
42.27,-85.56,1
42.27,-85.56,1
42.27,-85.56,1
42.27,-85.56,1
42.27,-85.56,1
42.27,-85.56,1
42.27,-85.56,1
42.27,-85.56,1
42.27,-85.56,1
42.27,-85.56,1
42.27,-85.56,1
42.27,-85.56,1
42.27,-85.56,1
42.27,-85.56,1
42.27,-85.56,1
42.27,-85.56,1
42.27,-85.56,1
42.27,-85.56,1
42.27,-85.56,1
42.27,-85.56,1
42.27,-85.56,1
42.27,-85.56,1
42.27,-85.56,1
42.27,-85.56,1
42.27,-85.56,1
42.27,-85.56,1
42.27,-85.56,1
42.27,-85.56,1
42.27,-85.56,1
42.27,-85.56,1
42.27,-85.56,1
42.27,-85.56,1
42.27,-85.56,1
42.27,-85.56,1
42.27,-85.56,1
42.27,-85.56,1
42.27,-85.56,1
42.27,-85.56,1
42.27,-85.56,1
42.27,-85.56,1
42.27,-85.56,1
42.27,-85.56,1
42.27,-85.56,1
42.27,-85.56,1
42.27,-85.56,1
42.27,-85.56,1
42.27,-85.56,1
42.27,-85.56,1
42.27,-85.56,1
42.27,-85.56,1
42.27,-85.56,1
42.27,-85.56,1
42.27,-85.56,1
42.27,-85.56,1
42.27,-85.56,1
42.27,-85.56,1
42.27,-85.56,1
42.27,-85.56,1
42.27,-85.56,1
42.27,-85.56,1
42.27,-85.56,1
42.27,-85.56,1
42.27,-85.56,1
42.27,-85.56,1
42.27,-85.56,1
42.27,-85.56,1
42.27,-85.56,1
42.27,-85.56,1
42.27,-85.56,1
42.27,-85.56,1
42.27,-85.56,1
42.27,-85.56,1
42.27,-85.56,1
42.27,-85.56,1
42.27,-85.56,1
42.27,-85.56,1
42.27,-85.56,1
42.27,-85.56,1
42.27,-85.56,1
42.27,-85.56,1
42.27,-85.56,1
42.27,-85.56,1
42.27,-85.56,1
42.27,-85.56,1
42.27,-85.56,1
42.27,-85.56,1
42.27,-85.56,1
42.27,-85.56,1
42.27,-85.56,1
42.27,-85.56,1
42.27,-85.56,1
42.27,-85.56,1
42.27,-85.56,1
42.27,-85.56,1
42.27,-85.56,1
42.27,-85.56,1
42.27,-85.56,1
42.27,-85.56,1
42.27,-85.56,1
42.27,-85.56,1
42.27,-85.56,1
42.27,-85.56,1
42.27,-85.56,1
42.27,-85.56,1
42.27,-85.56,1
42.27,-85.56,1
42.27,-85.56,1
42.27,-85.56,1
42.27,-85.56,1
42.27,-85.56,1
42.27,-85.56,1
42.27,-85.56,1
42.27,-85.56,1
42.27,-85.56,1
42.27,-85.56,1
42.27,-85.56,1
42.27,-85.56,1
42.27,-85.56,1
42.27,-85.56,1
42.27,-85.56,1
42.27,-85.56,1
42.27,-85.56,1
42.27,-85.56,1
42.27,-85.56,1
42.27,-85.56,1
42.27,-85.56,1
42.27,-85.56,1
42.27,-85.56,1
42.27,-85.56,1
42.27,-85.56,1
42.27,-85.56,1
42.27,-85.56,1
42.27,-85.56,1
42.27,-85.56,1
42.27,-85.56,1
42.27,-85.56,1
42.27,-85.56,1
42.27,-85.56,1
42.27,-85.56,1
42.27,-85.56,1
42.27,-85.56,1
42.27,-85.56,1
42.27,-85.56,1
42.27,-85.56,1
42.27,-85.56,1
42.27,-85.56,1
42.27,-85.56,1
42.27,-85.56,1
42.27,-85.56,1
42.27,-85.56,1
42.27,-85.56,1
42.27,-85.56,1
42.27,-85.56,1
42.27,-85.56,1
42.27,-85.56,1
42.27,-85.56,1
42.27,-85.56,1
42.27,-85.56,1
42.27,-85.56,1
42.27,-85.56,1
42.27,-85.56,1
42.27,-85.56,1
42.27,-85.56,1
42.27,-85.56,1
42.27,-85.56,1
42.27,-85.56,1
42.27,-85.56,1
42.27,-85.56,1
42.27,-85.56,1
42.27,-85.56,1
42.27,-85.56,1
42.27,-85.56,1
42.27,-85.56,1
42.27,-85.56,1
42.27,-85.56,1
42.27,-85.56,1
42.27,-85.56,1
42.27,-85.56,1
42.27,-85.56,1
42.27,-85.56,1
42.27,-85.56,1
42.27,-85.56,1
42.27,-85.56,1
42.27,-85.56,1
42.27,-85.56,1
42.27,-85.56,1
42.27,-85.56,1
42.27,-85.56,1
42.27,-85.56,1
42.27,-85.56,1
42.27,-85.56,1
42.27,-85.56,1
42.27,-85.56,1
42.27,-85.56,1
42.27,-85.56,1
42.27,-85.56,1
42.27,-85.56,1
42.27,-85.56,1
42.27,-85.56,1
42.27,-85.56,1
42.27,-85.56,1
42.27,-85.56,1
42.27,-85.56,1
42.27,-85.56,1
42.27,-85.56,1
42.27,-85.56,1
42.27,-85.56,1
42.27,-85.56,1
42.27,-85.56,1
42.27,-85.56,1
42.27,-85.56,1
42.27,-85.56,1
42.27,-85.56,1
42.27,-85.56,1
42.27,-85.56,1
42.27,-85.56,1
42.27,-85.56,1
42.27,-85.56,1
42.27,-85.56,1
42.27,-85.56,1
42.27,-85.56,1
42.27,-85.56,1
42.27,-85.56,1
42.27,-85.56,1
42.27,-85.56,1
42.27,-85.56,1
42.27,-85.56,1
42.27,-85.56,1
42.27,-85.56,1
42.27,-85.56,1
42.27,-85.56,1
42.27,-85.56,1
42.27,-85.56,1
42.27,-85.56,1
42.27,-85.56,1
42.27,-85.56,1
42.27,-85.56,1
42.27,-85.56,1
42.27,-85.56,1
42.27,-85.56,1
42.27,-85.56,1
42.27,-85.56,1
42.27,-85.56,1
42.27,-85.56,1
42.27,-85.56,1
42.27,-85.56,1
42.27,-85.56,1
42.27,-85.56,1
42.27,-85.56,1
42.27,-85.56,1
42.27,-85.56,1
42.27,-85.56,1
42.27,-85.56,1
42.27,-85.56,1
42.27,-85.56,1
42.27,-85.56,1
42.27,-85.56,1
42.27,-85.56,1
42.27,-85.56,1
42.27,-85.56,1
42.27,-85.56,1
42.27,-85.56,1
42.27,-85.56,1
42.27,-85.56,1
42.27,-85.56,1
42.27,-85.56,1
42.27,-85.56,1
42.27,-85.56,1
42.27,-85.56,1
42.27,-85.56,1
42.27,-85.56,1
42.27,-85.56,1
42.27,-85.56,1
42.27,-85.56,1
42.27,-85.56,1
42.27,-85.56,1
42.27,-85.56,1
42.27,-85.56,1
42.27,-85.56,1
42.27,-85.56,1
42.27,-85.56,1
42.27,-85.56,1
42.27,-85.56,1
42.27,-85.56,1
42.27,-85.56,1
42.27,-85.56,1
42.27,-85.56,1
42.27,-85.56,1
42.27,-85.56,1
42.27,-85.56,1
42.27,-85.56,1
42.27,-85.56,1
42.27,-85.56,1
42.27,-85.56,1
42.27,-85.56,1
42.27,-85.56,1
42.27,-85.56,1
42.27,-85.56,1
42.27,-85.56,1
42.27,-85.56,1
42.27,-85.56,1
42.27,-85.56,1
42.27,-85.56,1
42.27,-85.56,1
42.27,-85.56,1
42.27,-85.56,1
42.27,-85.56,1
42.27,-85.56,1
42.27,-85.56,1
42.27,-85.56,1
42.27,-85.56,1
42.27,-85.56,1
42.27,-85.56,1
42.27,-85.56,1
42.27,-85.56,1
42.27,-85.56,1
42.27,-85.56,1
42.27,-85.56,1
42.27,-85.56,1
42.27,-85.56,1
42.27,-85.56,1
42.27,-85.56,1
42.27,-85.56,1
42.27,-85.56,1
42.27,-85.56,1
42.27,-85.56,1
42.27,-85.56,1
42.27,-85.56,1
42.27,-85.56,1
42.27,-85.56,1
42.27,-85.56,1
42.27,-85.56,1
42.27,-85.56,1
42.27,-85.56,1
42.27,-85.56,1
42.27,-85.56,1
42.27,-85.56,1
42.27,-85.56,1
42.27,-85.56,1
42.27,-85.56,1
42.27,-85.56,1
42.27,-85.56,1
42.27,-85.56,1
42.27,-85.56,1
42.27,-85.56,1
42.27,-85.56,1
42.27,-85.56,1
42.27,-85.56,1
42.27,-85.56,1
42.27,-85.56,1
42.27,-85.56,1
42.27,-85.56,1
42.27,-85.56,1
42.27,-85.56,1
42.27,-85.56,1
42.27,-85.56,1
42.27,-85.56,1
42.27,-85.56,1
42.27,-85.56,1
42.27,-85.56,1
44.7,-85.1,1
44.7,-85.1,1
44.7,-85.1,1
44.7,-85.1,1
44.7,-85.1,1
44.7,-85.1,1
44.7,-85.1,1
44.7,-85.1,1
44.7,-85.1,1
44.7,-85.1,1
44.7,-85.1,1
44.7,-85.1,1
44.7,-85.1,1
44.7,-85.1,1
44.7,-85.1,1
44.7,-85.1,1
44.7,-85.1,1
44.7,-85.1,1
43.25,-85.74,1
43.25,-85.74,1
43.25,-85.74,1
43.25,-85.74,1
43.25,-85.74,1
43.25,-85.74,1
43.25,-85.74,1
43.25,-85.74,1
43.25,-85.74,1
43.25,-85.74,1
43.25,-85.74,1
43.25,-85.74,1
43.25,-85.74,1
43.25,-85.74,1
43.25,-85.74,1
43.25,-85.74,1
43.25,-85.74,1
43.25,-85.74,1
43.25,-85.74,1
43.25,-85.74,1
43.25,-85.74,1
43.25,-85.74,1
43.25,-85.74,1
43.25,-85.74,1
43.25,-85.74,1
43.25,-85.74,1
43.25,-85.74,1
43.25,-85.74,1
43.25,-85.74,1
43.25,-85.74,1
43.25,-85.74,1
43.25,-85.74,1
43.25,-85.74,1
43.25,-85.74,1
43.25,-85.74,1
43.25,-85.74,1
43.25,-85.74,1
43.25,-85.74,1
43.25,-85.74,1
43.25,-85.74,1
43.25,-85.74,1
43.25,-85.74,1
43.25,-85.74,1
43.25,-85.74,1
43.25,-85.74,1
43.25,-85.74,1
43.25,-85.74,1
43.25,-85.74,1
43.25,-85.74,1
43.25,-85.74,1
43.25,-85.74,1
43.25,-85.74,1
43.25,-85.74,1
43.25,-85.74,1
43.25,-85.74,1
43.25,-85.74,1
43.25,-85.74,1
43.25,-85.74,1
43.25,-85.74,1
43.25,-85.74,1
43.25,-85.74,1
43.25,-85.74,1
43.25,-85.74,1
43.25,-85.74,1
43.25,-85.74,1
43.25,-85.74,1
43.25,-85.74,1
43.25,-85.74,1
43.25,-85.74,1
43.25,-85.74,1
43.25,-85.74,1
43.25,-85.74,1
43.25,-85.74,1
43.25,-85.74,1
43.25,-85.74,1
43.25,-85.74,1
43.25,-85.74,1
43.25,-85.74,1
43.25,-85.74,1
43.25,-85.74,1
43.25,-85.74,1
43.25,-85.74,1
43.25,-85.74,1
43.25,-85.74,1
43.25,-85.74,1
43.25,-85.74,1
43.25,-85.74,1
43.25,-85.74,1
43.25,-85.74,1
43.25,-85.74,1
43.25,-85.74,1
43.25,-85.74,1
43.25,-85.74,1
43.25,-85.74,1
43.25,-85.74,1
43.25,-85.74,1
43.25,-85.74,1
43.25,-85.74,1
43.25,-85.74,1
43.25,-85.74,1
43.25,-85.74,1
43.25,-85.74,1
43.25,-85.74,1
43.25,-85.74,1
43.25,-85.74,1
43.25,-85.74,1
43.25,-85.74,1
43.25,-85.74,1
43.25,-85.74,1
43.25,-85.74,1
43.25,-85.74,1
43.25,-85.74,1
43.25,-85.74,1
43.25,-85.74,1
43.25,-85.74,1
43.25,-85.74,1
43.25,-85.74,1
43.25,-85.74,1
43.25,-85.74,1
43.25,-85.74,1
43.25,-85.74,1
43.25,-85.74,1
43.25,-85.74,1
43.25,-85.74,1
43.25,-85.74,1
43.25,-85.74,1
43.25,-85.74,1
43.25,-85.74,1
43.25,-85.74,1
43.25,-85.74,1
43.25,-85.74,1
43.25,-85.74,1
43.25,-85.74,1
43.25,-85.74,1
43.25,-85.74,1
43.25,-85.74,1
43.25,-85.74,1
43.25,-85.74,1
43.25,-85.74,1
43.25,-85.74,1
43.25,-85.74,1
43.25,-85.74,1
43.25,-85.74,1
43.25,-85.74,1
43.25,-85.74,1
43.25,-85.74,1
43.25,-85.74,1
43.25,-85.74,1
43.25,-85.74,1
43.25,-85.74,1
43.25,-85.74,1
43.25,-85.74,1
43.25,-85.74,1
43.25,-85.74,1
43.25,-85.74,1
43.25,-85.74,1
43.25,-85.74,1
43.25,-85.74,1
43.25,-85.74,1
43.25,-85.74,1
43.25,-85.74,1
43.25,-85.74,1
43.25,-85.74,1
43.25,-85.74,1
43.25,-85.74,1
43.25,-85.74,1
43.25,-85.74,1
43.25,-85.74,1
43.25,-85.74,1
43.25,-85.74,1
43.25,-85.74,1
43.25,-85.74,1
43.25,-85.74,1
43.25,-85.74,1
43.25,-85.74,1
43.25,-85.74,1
43.25,-85.74,1
43.25,-85.74,1
43.25,-85.74,1
43.25,-85.74,1
43.25,-85.74,1
43.25,-85.74,1
43.25,-85.74,1
43.25,-85.74,1
43.25,-85.74,1
43.25,-85.74,1
43.25,-85.74,1
43.25,-85.74,1
43.25,-85.74,1
43.25,-85.74,1
43.25,-85.74,1
43.25,-85.74,1
43.25,-85.74,1
43.25,-85.74,1
43.25,-85.74,1
43.25,-85.74,1
43.25,-85.74,1
43.25,-85.74,1
43.25,-85.74,1
43.25,-85.74,1
43.25,-85.74,1
43.25,-85.74,1
43.25,-85.74,1
43.25,-85.74,1
43.25,-85.74,1
43.25,-85.74,1
43.25,-85.74,1
43.25,-85.74,1
43.25,-85.74,1
43.25,-85.74,1
43.25,-85.74,1
43.25,-85.74,1
43.25,-85.74,1
43.25,-85.74,1
43.25,-85.74,1
43.25,-85.74,1
43.25,-85.74,1
43.25,-85.74,1
43.25,-85.74,1
43.25,-85.74,1
43.25,-85.74,1
43.25,-85.74,1
43.25,-85.74,1
43.25,-85.74,1
43.25,-85.74,1
43.25,-85.74,1
43.25,-85.74,1
43.25,-85.74,1
43.25,-85.74,1
43.25,-85.74,1
43.25,-85.74,1
43.25,-85.74,1
43.25,-85.74,1
43.25,-85.74,1
43.25,-85.74,1
43.25,-85.74,1
43.25,-85.74,1
43.25,-85.74,1
43.25,-85.74,1
43.25,-85.74,1
43.25,-85.74,1
43.25,-85.74,1
43.25,-85.74,1
43.25,-85.74,1
43.25,-85.74,1
43.25,-85.74,1
43.25,-85.74,1
43.25,-85.74,1
43.25,-85.74,1
43.25,-85.74,1
43.25,-85.74,1
43.25,-85.74,1
43.25,-85.74,1
43.25,-85.74,1
43.25,-85.74,1
43.25,-85.74,1
43.25,-85.74,1
43.25,-85.74,1
43.25,-85.74,1
43.25,-85.74,1
43.25,-85.74,1
43.25,-85.74,1
43.25,-85.74,1
43.25,-85.74,1
43.25,-85.74,1
43.25,-85.74,1
43.25,-85.74,1
43.25,-85.74,1
43.25,-85.74,1
43.25,-85.74,1
43.25,-85.74,1
43.25,-85.74,1
43.25,-85.74,1
43.25,-85.74,1
43.25,-85.74,1
43.25,-85.74,1
43.25,-85.74,1
43.25,-85.74,1
43.25,-85.74,1
43.25,-85.74,1
43.25,-85.74,1
43.25,-85.74,1
43.25,-85.74,1
43.25,-85.74,1
43.25,-85.74,1
43.25,-85.74,1
43.25,-85.74,1
43.25,-85.74,1
43.25,-85.74,1
43.25,-85.74,1
43.25,-85.74,1
43.25,-85.74,1
43.25,-85.74,1
43.25,-85.74,1
43.25,-85.74,1
43.25,-85.74,1
43.25,-85.74,1
43.25,-85.74,1
43.25,-85.74,1
43.25,-85.74,1
43.25,-85.74,1
43.25,-85.74,1
43.25,-85.74,1
43.25,-85.74,1
43.25,-85.74,1
43.25,-85.74,1
43.25,-85.74,1
43.25,-85.74,1
43.25,-85.74,1
43.25,-85.74,1
43.25,-85.74,1
43.25,-85.74,1
43.25,-85.74,1
43.25,-85.74,1
43.25,-85.74,1
43.25,-85.74,1
43.25,-85.74,1
43.25,-85.74,1
43.25,-85.74,1
43.25,-85.74,1
43.25,-85.74,1
43.25,-85.74,1
43.25,-85.74,1
43.25,-85.74,1
43.25,-85.74,1
43.25,-85.74,1
43.25,-85.74,1
43.25,-85.74,1
43.25,-85.74,1
43.25,-85.74,1
43.25,-85.74,1
43.25,-85.74,1
43.25,-85.74,1
43.25,-85.74,1
43.25,-85.74,1
43.25,-85.74,1
43.25,-85.74,1
43.25,-85.74,1
43.25,-85.74,1
43.25,-85.74,1
43.25,-85.74,1
43.25,-85.74,1
43.25,-85.74,1
43.25,-85.74,1
43.25,-85.74,1
43.25,-85.74,1
43.25,-85.74,1
43.25,-85.74,1
43.25,-85.74,1
43.25,-85.74,1
43.25,-85.74,1
43.25,-85.74,1
43.25,-85.74,1
43.25,-85.74,1
43.25,-85.74,1
43.25,-85.74,1
43.25,-85.74,1
43.25,-85.74,1
43.25,-85.74,1
43.25,-85.74,1
43.25,-85.74,1
43.25,-85.74,1
43.25,-85.74,1
43.25,-85.74,1
43.25,-85.74,1
43.25,-85.74,1
43.25,-85.74,1
43.25,-85.74,1
43.25,-85.74,1
43.25,-85.74,1
43.25,-85.74,1
43.25,-85.74,1
43.25,-85.74,1
43.25,-85.74,1
43.25,-85.74,1
43.25,-85.74,1
43.25,-85.74,1
43.25,-85.74,1
43.25,-85.74,1
43.25,-85.74,1
43.25,-85.74,1
43.25,-85.74,1
43.25,-85.74,1
43.25,-85.74,1
43.25,-85.74,1
43.25,-85.74,1
43.25,-85.74,1
43.25,-85.74,1
43.25,-85.74,1
43.25,-85.74,1
43.25,-85.74,1
43.25,-85.74,1
43.25,-85.74,1
43.25,-85.74,1
43.25,-85.74,1
43.25,-85.74,1
43.25,-85.74,1
43.25,-85.74,1
43.25,-85.74,1
43.25,-85.74,1
43.25,-85.74,1
43.25,-85.74,1
43.25,-85.74,1
43.25,-85.74,1
43.25,-85.74,1
43.25,-85.74,1
43.25,-85.74,1
43.25,-85.74,1
43.25,-85.74,1
43.25,-85.74,1
43.25,-85.74,1
43.25,-85.74,1
43.25,-85.74,1
43.25,-85.74,1
43.25,-85.74,1
43.25,-85.74,1
43.25,-85.74,1
43.25,-85.74,1
43.25,-85.74,1
43.25,-85.74,1
43.25,-85.74,1
43.25,-85.74,1
43.25,-85.74,1
43.25,-85.74,1
43.25,-85.74,1
43.25,-85.74,1
43.25,-85.74,1
43.25,-85.74,1
43.25,-85.74,1
43.25,-85.74,1
43.25,-85.74,1
43.25,-85.74,1
43.25,-85.74,1
43.25,-85.74,1
43.25,-85.74,1
43.25,-85.74,1
43.25,-85.74,1
43.25,-85.74,1
43.25,-85.74,1
43.25,-85.74,1
43.25,-85.74,1
43.25,-85.74,1
43.25,-85.74,1
43.25,-85.74,1
43.25,-85.74,1
43.25,-85.74,1
43.25,-85.74,1
43.25,-85.74,1
43.25,-85.74,1
43.25,-85.74,1
43.25,-85.74,1
43.25,-85.74,1
43.25,-85.74,1
43.25,-85.74,1
43.25,-85.74,1
43.25,-85.74,1
43.25,-85.74,1
43.25,-85.74,1
43.25,-85.74,1
43.25,-85.74,1
43.25,-85.74,1
43.25,-85.74,1
43.25,-85.74,1
43.25,-85.74,1
43.25,-85.74,1
43.25,-85.74,1
43.25,-85.74,1
43.25,-85.74,1
43.25,-85.74,1
43.25,-85.74,1
43.25,-85.74,1
43.25,-85.74,1
43.25,-85.74,1
43.25,-85.74,1
43.25,-85.74,1
43.25,-85.74,1
43.25,-85.74,1
43.25,-85.74,1
43.25,-85.74,1
43.25,-85.74,1
43.25,-85.74,1
43.25,-85.74,1
43.25,-85.74,1
43.25,-85.74,1
43.25,-85.74,1
43.25,-85.74,1
43.25,-85.74,1
43.25,-85.74,1
43.25,-85.74,1
43.25,-85.74,1
43.25,-85.74,1
43.25,-85.74,1
43.25,-85.74,1
43.25,-85.74,1
43.25,-85.74,1
43.25,-85.74,1
43.25,-85.74,1
43.25,-85.74,1
43.25,-85.74,1
43.25,-85.74,1
43.25,-85.74,1
43.25,-85.74,1
43.25,-85.74,1
43.25,-85.74,1
43.25,-85.74,1
43.25,-85.74,1
43.25,-85.74,1
43.25,-85.74,1
43.25,-85.74,1
43.25,-85.74,1
43.25,-85.74,1
43.25,-85.74,1
43.25,-85.74,1
43.25,-85.74,1
43.25,-85.74,1
43.25,-85.74,1
43.25,-85.74,1
43.25,-85.74,1
43.25,-85.74,1
43.25,-85.74,1
43.25,-85.74,1
43.25,-85.74,1
43.25,-85.74,1
43.25,-85.74,1
43.25,-85.74,1
43.25,-85.74,1
43.25,-85.74,1
43.25,-85.74,1
43.25,-85.74,1
43.25,-85.74,1
43.25,-85.74,1
43.25,-85.74,1
43.25,-85.74,1
43.25,-85.74,1
43.25,-85.74,1
43.25,-85.74,1
43.25,-85.74,1
43.25,-85.74,1
43.25,-85.74,1
43.25,-85.74,1
43.25,-85.74,1
43.25,-85.74,1
43.25,-85.74,1
43.25,-85.74,1
43.25,-85.74,1
43.25,-85.74,1
43.25,-85.74,1
43.25,-85.74,1
43.25,-85.74,1
43.25,-85.74,1
43.25,-85.74,1
43.25,-85.74,1
43.25,-85.74,1
43.25,-85.74,1
43.25,-85.74,1
43.25,-85.74,1
43.25,-85.74,1
43.25,-85.74,1
43.25,-85.74,1
43.25,-85.74,1
43.25,-85.74,1
43.25,-85.74,1
43.25,-85.74,1
43.25,-85.74,1
43.25,-85.74,1
43.25,-85.74,1
43.25,-85.74,1
43.25,-85.74,1
43.25,-85.74,1
43.25,-85.74,1
43.25,-85.74,1
43.25,-85.74,1
43.25,-85.74,1
43.25,-85.74,1
43.25,-85.74,1
43.25,-85.74,1
43.25,-85.74,1
43.25,-85.74,1
43.25,-85.74,1
43.25,-85.74,1
43.25,-85.74,1
43.25,-85.74,1
43.25,-85.74,1
43.25,-85.74,1
43.25,-85.74,1
43.25,-85.74,1
43.25,-85.74,1
43.25,-85.74,1
43.25,-85.74,1
43.25,-85.74,1
43.25,-85.74,1
43.25,-85.74,1
43.25,-85.74,1
43.25,-85.74,1
43.25,-85.74,1
43.25,-85.74,1
43.25,-85.74,1
43.25,-85.74,1
43.25,-85.74,1
43.25,-85.74,1
43.25,-85.74,1
43.25,-85.74,1
43.25,-85.74,1
43.25,-85.74,1
43.25,-85.74,1
43.25,-85.74,1
43.25,-85.74,1
43.25,-85.74,1
43.25,-85.74,1
43.25,-85.74,1
43.25,-85.74,1
43.25,-85.74,1
43.25,-85.74,1
43.25,-85.74,1
43.25,-85.74,1
43.25,-85.74,1
43.25,-85.74,1
43.25,-85.74,1
43.25,-85.74,1
43.25,-85.74,1
43.25,-85.74,1
43.25,-85.74,1
43.25,-85.74,1
43.25,-85.74,1
43.25,-85.74,1
43.25,-85.74,1
43.25,-85.74,1
43.25,-85.74,1
43.25,-85.74,1
43.25,-85.74,1
43.25,-85.74,1
43.25,-85.74,1
43.25,-85.74,1
43.25,-85.74,1
43.25,-85.74,1
43.25,-85.74,1
43.25,-85.74,1
43.25,-85.74,1
43.25,-85.74,1
43.25,-85.74,1
43.25,-85.74,1
43.25,-85.74,1
43.25,-85.74,1
43.25,-85.74,1
43.25,-85.74,1
43.25,-85.74,1
43.25,-85.74,1
43.25,-85.74,1
43.25,-85.74,1
43.25,-85.74,1
43.25,-85.74,1
43.25,-85.74,1
43.25,-85.74,1
43.25,-85.74,1
43.25,-85.74,1
43.25,-85.74,1
43.25,-85.74,1
43.25,-85.74,1
43.25,-85.74,1
43.25,-85.74,1
43.25,-85.74,1
43.25,-85.74,1
43.25,-85.74,1
43.25,-85.74,1
43.25,-85.74,1
43.25,-85.74,1
43.25,-85.74,1
43.25,-85.74,1
43.25,-85.74,1
43.25,-85.74,1
43.25,-85.74,1
43.25,-85.74,1
43.25,-85.74,1
43.25,-85.74,1
43.25,-85.74,1
43.25,-85.74,1
43.25,-85.74,1
43.25,-85.74,1
43.25,-85.74,1
43.25,-85.74,1
43.25,-85.74,1
43.25,-85.74,1
43.25,-85.74,1
43.25,-85.74,1
43.25,-85.74,1
43.25,-85.74,1
43.25,-85.74,1
43.25,-85.74,1
43.25,-85.74,1
43.25,-85.74,1
43.25,-85.74,1
43.25,-85.74,1
43.25,-85.74,1
43.25,-85.74,1
43.25,-85.74,1
43.25,-85.74,1
43.25,-85.74,1
43.25,-85.74,1
43.25,-85.74,1
43.25,-85.74,1
43.25,-85.74,1
43.25,-85.74,1
43.25,-85.74,1
43.25,-85.74,1
43.25,-85.74,1
43.25,-85.74,1
43.25,-85.74,1
43.25,-85.74,1
43.25,-85.74,1
43.25,-85.74,1
43.25,-85.74,1
43.25,-85.74,1
43.25,-85.74,1
43.25,-85.74,1
43.25,-85.74,1
43.25,-85.74,1
43.25,-85.74,1
43.25,-85.74,1
43.25,-85.74,1
43.25,-85.74,1
43.25,-85.74,1
43.25,-85.74,1
43.25,-85.74,1
43.25,-85.74,1
43.25,-85.74,1
43.25,-85.74,1
43.25,-85.74,1
43.25,-85.74,1
43.25,-85.74,1
43.25,-85.74,1
43.25,-85.74,1
43.25,-85.74,1
43.25,-85.74,1
43.25,-85.74,1
43.25,-85.74,1
43.25,-85.74,1
43.25,-85.74,1
43.25,-85.74,1
43.25,-85.74,1
43.25,-85.74,1
43.25,-85.74,1
43.25,-85.74,1
43.25,-85.74,1
43.25,-85.74,1
43.25,-85.74,1
43.25,-85.74,1
43.25,-85.74,1
43.25,-85.74,1
43.25,-85.74,1
43.25,-85.74,1
43.25,-85.74,1
43.25,-85.74,1
43.25,-85.74,1
43.25,-85.74,1
43.25,-85.74,1
43.25,-85.74,1
43.25,-85.74,1
43.25,-85.74,1
43.25,-85.74,1
43.25,-85.74,1
43.25,-85.74,1
43.25,-85.74,1
43.25,-85.74,1
43.25,-85.74,1
43.25,-85.74,1
43.25,-85.74,1
43.25,-85.74,1
43.25,-85.74,1
43.25,-85.74,1
43.25,-85.74,1
43.25,-85.74,1
43.25,-85.74,1
43.25,-85.74,1
43.25,-85.74,1
43.25,-85.74,1
43.25,-85.74,1
43.25,-85.74,1
43.25,-85.74,1
43.25,-85.74,1
43.25,-85.74,1
43.25,-85.74,1
43.25,-85.74,1
43.25,-85.74,1
43.25,-85.74,1
43.25,-85.74,1
43.25,-85.74,1
43.25,-85.74,1
43.25,-85.74,1
43.25,-85.74,1
43.25,-85.74,1
43.25,-85.74,1
43.25,-85.74,1
43.25,-85.74,1
43.25,-85.74,1
43.25,-85.74,1
43.25,-85.74,1
43.25,-85.74,1
43.25,-85.74,1
43.25,-85.74,1
43.25,-85.74,1
43.25,-85.74,1
43.25,-85.74,1
43.25,-85.74,1
43.25,-85.74,1
43.25,-85.74,1
43.25,-85.74,1
43.25,-85.74,1
43.25,-85.74,1
43.25,-85.74,1
43.25,-85.74,1
43.25,-85.74,1
43.25,-85.74,1
43.25,-85.74,1
43.25,-85.74,1
43.25,-85.74,1
43.25,-85.74,1
43.25,-85.74,1
43.25,-85.74,1
43.25,-85.74,1
43.25,-85.74,1
43.25,-85.74,1
43.25,-85.74,1
43.25,-85.74,1
43.25,-85.74,1
43.25,-85.74,1
43.25,-85.74,1
43.25,-85.74,1
43.25,-85.74,1
43.25,-85.74,1
43.25,-85.74,1
43.25,-85.74,1
43.25,-85.74,1
43.25,-85.74,1
43.25,-85.74,1
43.25,-85.74,1
43.25,-85.74,1
43.25,-85.74,1
43.25,-85.74,1
43.25,-85.74,1
43.25,-85.74,1
43.25,-85.74,1
43.25,-85.74,1
43.25,-85.74,1
43.25,-85.74,1
43.25,-85.74,1
43.25,-85.74,1
43.25,-85.74,1
43.25,-85.74,1
43.25,-85.74,1
43.25,-85.74,1
43.25,-85.74,1
43.25,-85.74,1
43.25,-85.74,1
43.25,-85.74,1
43.25,-85.74,1
43.25,-85.74,1
43.25,-85.74,1
43.25,-85.74,1
43.25,-85.74,1
43.25,-85.74,1
43.25,-85.74,1
43.25,-85.74,1
43.25,-85.74,1
43.25,-85.74,1
43.25,-85.74,1
43.25,-85.74,1
43.25,-85.74,1
43.25,-85.74,1
43.25,-85.74,1
43.25,-85.74,1
43.25,-85.74,1
43.25,-85.74,1
43.25,-85.74,1
43.25,-85.74,1
43.25,-85.74,1
43.25,-85.74,1
43.25,-85.74,1
43.25,-85.74,1
43.25,-85.74,1
43.25,-85.74,1
43.25,-85.74,1
43.25,-85.74,1
43.25,-85.74,1
43.25,-85.74,1
43.25,-85.74,1
43.25,-85.74,1
43.25,-85.74,1
43.25,-85.74,1
43.25,-85.74,1
43.25,-85.74,1
43.25,-85.74,1
43.25,-85.74,1
43.25,-85.74,1
43.25,-85.74,1
43.25,-85.74,1
43.25,-85.74,1
43.25,-85.74,1
43.25,-85.74,1
43.25,-85.74,1
43.25,-85.74,1
43.25,-85.74,1
43.25,-85.74,1
43.25,-85.74,1
43.25,-85.74,1
43.25,-85.74,1
43.25,-85.74,1
43.25,-85.74,1
43.25,-85.74,1
43.25,-85.74,1
43.25,-85.74,1
43.25,-85.74,1
43.25,-85.74,1
43.25,-85.74,1
43.25,-85.74,1
43.25,-85.74,1
43.25,-85.74,1
43.25,-85.74,1
43.25,-85.74,1
43.25,-85.74,1
43.25,-85.74,1
43.25,-85.74,1
43.25,-85.74,1
43.25,-85.74,1
43.25,-85.74,1
43.25,-85.74,1
43.25,-85.74,1
43.25,-85.74,1
43.25,-85.74,1
43.25,-85.74,1
43.25,-85.74,1
43.25,-85.74,1
43.25,-85.74,1
43.25,-85.74,1
43.25,-85.74,1
43.25,-85.74,1
43.25,-85.74,1
43.25,-85.74,1
43.25,-85.74,1
43.25,-85.74,1
43.25,-85.74,1
43.25,-85.74,1
43.25,-85.74,1
43.25,-85.74,1
43.25,-85.74,1
43.25,-85.74,1
43.25,-85.74,1
43.25,-85.74,1
43.25,-85.74,1
43.25,-85.74,1
43.25,-85.74,1
43.25,-85.74,1
43.25,-85.74,1
43.25,-85.74,1
43.25,-85.74,1
43.25,-85.74,1
43.25,-85.74,1
43.25,-85.74,1
43.25,-85.74,1
43.25,-85.74,1
43.25,-85.74,1
43.25,-85.74,1
43.25,-85.74,1
43.25,-85.74,1
43.25,-85.74,1
43.25,-85.74,1
43.25,-85.74,1
43.25,-85.74,1
43.25,-85.74,1
43.25,-85.74,1
43.25,-85.74,1
43.25,-85.74,1
43.25,-85.74,1
43.25,-85.74,1
43.25,-85.74,1
43.25,-85.74,1
43.25,-85.74,1
43.25,-85.74,1
43.25,-85.74,1
43.25,-85.74,1
43.25,-85.74,1
43.25,-85.74,1
43.25,-85.74,1
43.25,-85.74,1
43.25,-85.74,1
43.25,-85.74,1
43.25,-85.74,1
43.25,-85.74,1
43.25,-85.74,1
43.25,-85.74,1
43.25,-85.74,1
43.25,-85.74,1
43.25,-85.74,1
43.25,-85.74,1
43.25,-85.74,1
43.25,-85.74,1
43.25,-85.74,1
43.25,-85.74,1
43.25,-85.74,1
43.25,-85.74,1
43.25,-85.74,1
43.25,-85.74,1
43.25,-85.74,1
43.25,-85.74,1
43.25,-85.74,1
43.25,-85.74,1
43.25,-85.74,1
43.25,-85.74,1
43.25,-85.74,1
43.25,-85.74,1
43.25,-85.74,1
43.25,-85.74,1
43.25,-85.74,1
43.25,-85.74,1
43.25,-85.74,1
43.25,-85.74,1
43.25,-85.74,1
43.25,-85.74,1
43.25,-85.74,1
43.25,-85.74,1
43.25,-85.74,1
43.25,-85.74,1
43.25,-85.74,1
43.25,-85.74,1
43.25,-85.74,1
43.25,-85.74,1
43.25,-85.74,1
43.25,-85.74,1
43.25,-85.74,1
43.25,-85.74,1
43.25,-85.74,1
43.25,-85.74,1
43.25,-85.74,1
43.25,-85.74,1
43.25,-85.74,1
43.25,-85.74,1
43.25,-85.74,1
43.25,-85.74,1
43.25,-85.74,1
43.25,-85.74,1
43.25,-85.74,1
43.25,-85.74,1
43.25,-85.74,1
43.25,-85.74,1
43.25,-85.74,1
43.25,-85.74,1
43.25,-85.74,1
43.25,-85.74,1
43.25,-85.74,1
43.25,-85.74,1
43.25,-85.74,1
43.25,-85.74,1
43.25,-85.74,1
43.25,-85.74,1
43.25,-85.74,1
43.25,-85.74,1
43.25,-85.74,1
43.25,-85.74,1
43.25,-85.74,1
43.25,-85.74,1
43.25,-85.74,1
43.25,-85.74,1
43.25,-85.74,1
43.25,-85.74,1
43.25,-85.74,1
43.25,-85.74,1
43.25,-85.74,1
43.25,-85.74,1
43.25,-85.74,1
43.25,-85.74,1
43.25,-85.74,1
43.25,-85.74,1
43.25,-85.74,1
43.25,-85.74,1
43.25,-85.74,1
43.25,-85.74,1
43.25,-85.74,1
43.25,-85.74,1
43.25,-85.74,1
43.25,-85.74,1
43.25,-85.74,1
43.25,-85.74,1
43.25,-85.74,1
43.25,-85.74,1
43.25,-85.74,1
43.25,-85.74,1
43.25,-85.74,1
43.25,-85.74,1
43.25,-85.74,1
43.25,-85.74,1
43.25,-85.74,1
43.25,-85.74,1
43.25,-85.74,1
43.25,-85.74,1
43.25,-85.74,1
43.25,-85.74,1
43.25,-85.74,1
43.25,-85.74,1
43.25,-85.74,1
43.25,-85.74,1
43.25,-85.74,1
43.25,-85.74,1
43.25,-85.74,1
43.25,-85.74,1
43.25,-85.74,1
43.25,-85.74,1
43.25,-85.74,1
43.25,-85.74,1
43.25,-85.74,1
43.25,-85.74,1
43.25,-85.74,1
43.25,-85.74,1
43.25,-85.74,1
43.25,-85.74,1
43.25,-85.74,1
43.25,-85.74,1
43.25,-85.74,1
43.25,-85.74,1
43.25,-85.74,1
43.25,-85.74,1
43.25,-85.74,1
43.25,-85.74,1
43.25,-85.74,1
43.25,-85.74,1
43.25,-85.74,1
43.25,-85.74,1
43.25,-85.74,1
43.25,-85.74,1
43.25,-85.74,1
43.25,-85.74,1
43.25,-85.74,1
43.25,-85.74,1
43.25,-85.74,1
43.25,-85.74,1
43.25,-85.74,1
43.25,-85.74,1
43.25,-85.74,1
43.25,-85.74,1
43.25,-85.74,1
43.25,-85.74,1
43.25,-85.74,1
43.25,-85.74,1
43.25,-85.74,1
43.25,-85.74,1
43.25,-85.74,1
43.25,-85.74,1
43.25,-85.74,1
43.25,-85.74,1
43.25,-85.74,1
43.25,-85.74,1
43.25,-85.74,1
43.25,-85.74,1
43.25,-85.74,1
43.25,-85.74,1
43.25,-85.74,1
43.25,-85.74,1
43.25,-85.74,1
43.25,-85.74,1
43.25,-85.74,1
43.25,-85.74,1
43.25,-85.74,1
43.25,-85.74,1
43.25,-85.74,1
43.25,-85.74,1
43.25,-85.74,1
43.25,-85.74,1
43.25,-85.74,1
43.25,-85.74,1
43.25,-85.74,1
43.25,-85.74,1
43.25,-85.74,1
43.25,-85.74,1
43.25,-85.74,1
43.25,-85.74,1
43.25,-85.74,1
43.25,-85.74,1
43.25,-85.74,1
43.25,-85.74,1
43.25,-85.74,1
43.25,-85.74,1
43.25,-85.74,1
43.25,-85.74,1
43.25,-85.74,1
43.25,-85.74,1
43.25,-85.74,1
43.25,-85.74,1
43.25,-85.74,1
43.25,-85.74,1
43.25,-85.74,1
43.25,-85.74,1
43.25,-85.74,1
43.25,-85.74,1
43.25,-85.74,1
43.25,-85.74,1
43.25,-85.74,1
43.25,-85.74,1
43.25,-85.74,1
43.25,-85.74,1
43.25,-85.74,1
43.25,-85.74,1
43.25,-85.74,1
43.25,-85.74,1
43.25,-85.74,1
43.25,-85.74,1
43.25,-85.74,1
43.25,-85.74,1
43.25,-85.74,1
43.25,-85.74,1
43.25,-85.74,1
43.25,-85.74,1
43.25,-85.74,1
43.25,-85.74,1
43.25,-85.74,1
43.25,-85.74,1
43.25,-85.74,1
43.25,-85.74,1
43.25,-85.74,1
43.25,-85.74,1
43.25,-85.74,1
43.25,-85.74,1
43.25,-85.74,1
43.25,-85.74,1
43.25,-85.74,1
43.25,-85.74,1
43.25,-85.74,1
43.25,-85.74,1
43.25,-85.74,1
43.25,-85.74,1
43.25,-85.74,1
43.25,-85.74,1
43.25,-85.74,1
43.25,-85.74,1
43.25,-85.74,1
43.25,-85.74,1
43.25,-85.74,1
43.25,-85.74,1
43.25,-85.74,1
43.25,-85.74,1
43.25,-85.74,1
43.25,-85.74,1
43.25,-85.74,1
43.25,-85.74,1
43.25,-85.74,1
43.25,-85.74,1
43.25,-85.74,1
43.25,-85.74,1
43.25,-85.74,1
43.25,-85.74,1
43.25,-85.74,1
43.25,-85.74,1
43.25,-85.74,1
43.25,-85.74,1
43.25,-85.74,1
43.25,-85.74,1
43.25,-85.74,1
43.25,-85.74,1
43.25,-85.74,1
43.25,-85.74,1
43.25,-85.74,1
43.25,-85.74,1
43.25,-85.74,1
43.25,-85.74,1
43.25,-85.74,1
43.25,-85.74,1
43.25,-85.74,1
43.25,-85.74,1
43.25,-85.74,1
43.25,-85.74,1
43.25,-85.74,1
43.25,-85.74,1
43.25,-85.74,1
43.25,-85.74,1
43.25,-85.74,1
43.25,-85.74,1
43.25,-85.74,1
43.25,-85.74,1
43.25,-85.74,1
43.25,-85.74,1
43.25,-85.74,1
43.25,-85.74,1
43.25,-85.74,1
43.25,-85.74,1
43.25,-85.74,1
43.25,-85.74,1
43.25,-85.74,1
43.25,-85.74,1
43.25,-85.74,1
43.25,-85.74,1
43.25,-85.74,1
43.25,-85.74,1
43.25,-85.74,1
43.25,-85.74,1
43.25,-85.74,1
43.25,-85.74,1
43.25,-85.74,1
43.25,-85.74,1
43.25,-85.74,1
43.25,-85.74,1
43.25,-85.74,1
43.25,-85.74,1
43.25,-85.74,1
43.25,-85.74,1
43.25,-85.74,1
43.25,-85.74,1
43.25,-85.74,1
43.25,-85.74,1
43.25,-85.74,1
43.25,-85.74,1
43.25,-85.74,1
43.25,-85.74,1
43.25,-85.74,1
43.25,-85.74,1
43.25,-85.74,1
43.25,-85.74,1
43.25,-85.74,1
43.25,-85.74,1
43.25,-85.74,1
43.25,-85.74,1
43.25,-85.74,1
43.25,-85.74,1
43.25,-85.74,1
43.25,-85.74,1
43.25,-85.74,1
43.25,-85.74,1
43.25,-85.74,1
43.25,-85.74,1
43.25,-85.74,1
43.25,-85.74,1
43.25,-85.74,1
43.25,-85.74,1
43.25,-85.74,1
43.25,-85.74,1
43.25,-85.74,1
43.25,-85.74,1
43.25,-85.74,1
43.25,-85.74,1
43.25,-85.74,1
43.25,-85.74,1
43.25,-85.74,1
43.25,-85.74,1
43.25,-85.74,1
43.25,-85.74,1
43.25,-85.74,1
43.25,-85.74,1
43.25,-85.74,1
43.25,-85.74,1
43.25,-85.74,1
43.25,-85.74,1
43.25,-85.74,1
43.25,-85.74,1
43.25,-85.74,1
43.25,-85.74,1
43.25,-85.74,1
43.25,-85.74,1
43.25,-85.74,1
43.25,-85.74,1
43.25,-85.74,1
43.25,-85.74,1
43.25,-85.74,1
43.25,-85.74,1
43.25,-85.74,1
43.25,-85.74,1
43.25,-85.74,1
43.25,-85.74,1
43.25,-85.74,1
43.25,-85.74,1
43.25,-85.74,1
43.25,-85.74,1
43.25,-85.74,1
43.25,-85.74,1
43.25,-85.74,1
43.25,-85.74,1
43.25,-85.74,1
43.25,-85.74,1
43.25,-85.74,1
43.25,-85.74,1
43.25,-85.74,1
43.25,-85.74,1
43.25,-85.74,1
43.25,-85.74,1
43.25,-85.74,1
43.25,-85.74,1
43.25,-85.74,1
43.25,-85.74,1
43.25,-85.74,1
43.25,-85.74,1
43.25,-85.74,1
43.25,-85.74,1
43.25,-85.74,1
43.25,-85.74,1
43.25,-85.74,1
43.25,-85.74,1
43.25,-85.74,1
43.25,-85.74,1
43.25,-85.74,1
43.25,-85.74,1
43.25,-85.74,1
43.25,-85.74,1
43.25,-85.74,1
43.25,-85.74,1
43.25,-85.74,1
43.25,-85.74,1
43.25,-85.74,1
43.25,-85.74,1
43.25,-85.74,1
43.25,-85.74,1
43.25,-85.74,1
43.25,-85.74,1
43.25,-85.74,1
43.25,-85.74,1
43.25,-85.74,1
43.25,-85.74,1
43.25,-85.74,1
43.25,-85.74,1
43.25,-85.74,1
43.25,-85.74,1
43.25,-85.74,1
43.25,-85.74,1
43.25,-85.74,1
43.25,-85.74,1
43.25,-85.74,1
43.25,-85.74,1
43.25,-85.74,1
43.25,-85.74,1
43.25,-85.74,1
43.25,-85.74,1
43.25,-85.74,1
43.25,-85.74,1
43.25,-85.74,1
43.25,-85.74,1
43.25,-85.74,1
43.25,-85.74,1
43.25,-85.74,1
43.25,-85.74,1
43.25,-85.74,1
43.25,-85.74,1
43.25,-85.74,1
43.25,-85.74,1
43.25,-85.74,1
43.25,-85.74,1
43.25,-85.74,1
43.25,-85.74,1
43.25,-85.74,1
43.25,-85.74,1
43.25,-85.74,1
43.25,-85.74,1
43.25,-85.74,1
43.25,-85.74,1
43.25,-85.74,1
43.25,-85.74,1
43.25,-85.74,1
43.25,-85.74,1
43.25,-85.74,1
43.25,-85.74,1
43.25,-85.74,1
43.25,-85.74,1
43.25,-85.74,1
43.25,-85.74,1
43.25,-85.74,1
43.25,-85.74,1
43.25,-85.74,1
43.25,-85.74,1
43.25,-85.74,1
43.25,-85.74,1
43.25,-85.74,1
43.25,-85.74,1
43.25,-85.74,1
43.25,-85.74,1
43.25,-85.74,1
43.25,-85.74,1
43.25,-85.74,1
43.25,-85.74,1
43.25,-85.74,1
43.25,-85.74,1
43.25,-85.74,1
43.25,-85.74,1
43.25,-85.74,1
43.25,-85.74,1
43.25,-85.74,1
43.25,-85.74,1
43.25,-85.74,1
43.25,-85.74,1
43.25,-85.74,1
43.25,-85.74,1
43.25,-85.74,1
43.25,-85.74,1
43.25,-85.74,1
43.25,-85.74,1
43.25,-85.74,1
43.25,-85.74,1
43.25,-85.74,1
43.25,-85.74,1
43.25,-85.74,1
43.25,-85.74,1
43.25,-85.74,1
43.25,-85.74,1
43.25,-85.74,1
43.25,-85.74,1
43.25,-85.74,1
43.25,-85.74,1
43.25,-85.74,1
43.25,-85.74,1
43.25,-85.74,1
43.25,-85.74,1
43.25,-85.74,1
43.25,-85.74,1
43.25,-85.74,1
43.25,-85.74,1
43.25,-85.74,1
43.25,-85.74,1
43.25,-85.74,1
43.25,-85.74,1
43.25,-85.74,1
43.25,-85.74,1
43.25,-85.74,1
43.25,-85.74,1
43.25,-85.74,1
43.25,-85.74,1
43.25,-85.74,1
43.25,-85.74,1
43.25,-85.74,1
43.25,-85.74,1
43.25,-85.74,1
43.25,-85.74,1
43.25,-85.74,1
43.25,-85.74,1
43.25,-85.74,1
43.25,-85.74,1
43.25,-85.74,1
43.25,-85.74,1
43.25,-85.74,1
43.25,-85.74,1
43.25,-85.74,1
43.25,-85.74,1
43.25,-85.74,1
43.25,-85.74,1
43.25,-85.74,1
43.25,-85.74,1
43.25,-85.74,1
43.25,-85.74,1
43.25,-85.74,1
43.25,-85.74,1
43.25,-85.74,1
43.25,-85.74,1
43.25,-85.74,1
43.25,-85.74,1
43.25,-85.74,1
43.25,-85.74,1
43.25,-85.74,1
43.25,-85.74,1
43.25,-85.74,1
43.25,-85.74,1
43.25,-85.74,1
43.25,-85.74,1
43.25,-85.74,1
43.25,-85.74,1
43.25,-85.74,1
43.25,-85.74,1
43.25,-85.74,1
43.25,-85.74,1
43.25,-85.74,1
43.25,-85.74,1
43.25,-85.74,1
43.25,-85.74,1
43.25,-85.74,1
43.25,-85.74,1
43.25,-85.74,1
43.25,-85.74,1
43.25,-85.74,1
43.25,-85.74,1
43.25,-85.74,1
43.25,-85.74,1
43.25,-85.74,1
43.25,-85.74,1
43.25,-85.74,1
43.25,-85.74,1
43.25,-85.74,1
43.25,-85.74,1
43.25,-85.74,1
43.25,-85.74,1
43.25,-85.74,1
43.25,-85.74,1
43.25,-85.74,1
43.25,-85.74,1
43.25,-85.74,1
43.25,-85.74,1
43.25,-85.74,1
43.25,-85.74,1
43.25,-85.74,1
43.25,-85.74,1
43.25,-85.74,1
43.25,-85.74,1
43.25,-85.74,1
43.25,-85.74,1
43.25,-85.74,1
43.25,-85.74,1
43.25,-85.74,1
43.25,-85.74,1
43.25,-85.74,1
43.25,-85.74,1
43.25,-85.74,1
43.25,-85.74,1
43.25,-85.74,1
43.25,-85.74,1
43.25,-85.74,1
43.25,-85.74,1
43.25,-85.74,1
43.25,-85.74,1
43.25,-85.74,1
43.25,-85.74,1
43.25,-85.74,1
43.25,-85.74,1
43.25,-85.74,1
43.25,-85.74,1
43.25,-85.74,1
43.25,-85.74,1
43.25,-85.74,1
43.25,-85.74,1
43.25,-85.74,1
43.25,-85.74,1
43.25,-85.74,1
43.25,-85.74,1
43.25,-85.74,1
43.25,-85.74,1
43.25,-85.74,1
43.25,-85.74,1
43.25,-85.74,1
43.25,-85.74,1
43.25,-85.74,1
43.25,-85.74,1
43.25,-85.74,1
43.25,-85.74,1
43.25,-85.74,1
43.25,-85.74,1
43.25,-85.74,1
43.25,-85.74,1
43.25,-85.74,1
43.25,-85.74,1
43.25,-85.74,1
43.25,-85.74,1
43.25,-85.74,1
43.25,-85.74,1
43.25,-85.74,1
43.25,-85.74,1
43.25,-85.74,1
43.25,-85.74,1
43.25,-85.74,1
43.25,-85.74,1
43.25,-85.74,1
43.25,-85.74,1
43.25,-85.74,1
43.25,-85.74,1
43.25,-85.74,1
43.25,-85.74,1
43.25,-85.74,1
43.25,-85.74,1
43.25,-85.74,1
43.25,-85.74,1
43.25,-85.74,1
43.25,-85.74,1
43.25,-85.74,1
43.25,-85.74,1
43.25,-85.74,1
43.25,-85.74,1
43.25,-85.74,1
43.25,-85.74,1
43.25,-85.74,1
43.25,-85.74,1
43.25,-85.74,1
43.25,-85.74,1
43.25,-85.74,1
43.25,-85.74,1
43.25,-85.74,1
43.25,-85.74,1
43.25,-85.74,1
43.25,-85.74,1
43.25,-85.74,1
43.25,-85.74,1
43.25,-85.74,1
43.25,-85.74,1
43.25,-85.74,1
43.25,-85.74,1
43.25,-85.74,1
43.25,-85.74,1
43.25,-85.74,1
43.25,-85.74,1
43.25,-85.74,1
43.25,-85.74,1
43.25,-85.74,1
43.25,-85.74,1
43.25,-85.74,1
43.25,-85.74,1
43.25,-85.74,1
43.25,-85.74,1
43.25,-85.74,1
43.25,-85.74,1
43.25,-85.74,1
43.25,-85.74,1
43.25,-85.74,1
43.25,-85.74,1
43.25,-85.74,1
43.25,-85.74,1
43.25,-85.74,1
43.25,-85.74,1
43.25,-85.74,1
43.25,-85.74,1
43.25,-85.74,1
43.25,-85.74,1
43.25,-85.74,1
43.25,-85.74,1
43.25,-85.74,1
43.25,-85.74,1
43.25,-85.74,1
43.25,-85.74,1
43.25,-85.74,1
43.25,-85.74,1
43.25,-85.74,1
43.25,-85.74,1
43.25,-85.74,1
43.25,-85.74,1
43.25,-85.74,1
43.25,-85.74,1
43.25,-85.74,1
43.25,-85.74,1
43.25,-85.74,1
43.25,-85.74,1
43.25,-85.74,1
43.25,-85.74,1
43.25,-85.74,1
43.25,-85.74,1
43.25,-85.74,1
43.25,-85.74,1
43.25,-85.74,1
43.25,-85.74,1
43.25,-85.74,1
43.25,-85.74,1
43.25,-85.74,1
43.25,-85.74,1
43.25,-85.74,1
43.25,-85.74,1
43.25,-85.74,1
43.25,-85.74,1
43.25,-85.74,1
43.25,-85.74,1
43.25,-85.74,1
43.25,-85.74,1
43.25,-85.74,1
43.25,-85.74,1
43.25,-85.74,1
43.25,-85.74,1
43.25,-85.74,1
43.25,-85.74,1
43.25,-85.74,1
43.25,-85.74,1
43.25,-85.74,1
43.25,-85.74,1
43.25,-85.74,1
43.25,-85.74,1
43.25,-85.74,1
43.25,-85.74,1
43.25,-85.74,1
43.25,-85.74,1
43.25,-85.74,1
43.25,-85.74,1
43.25,-85.74,1
43.25,-85.74,1
43.25,-85.74,1
43.25,-85.74,1
43.25,-85.74,1
43.25,-85.74,1
43.25,-85.74,1
43.25,-85.74,1
43.25,-85.74,1
43.25,-85.74,1
43.25,-85.74,1
43.25,-85.74,1
43.25,-85.74,1
43.25,-85.74,1
43.25,-85.74,1
43.25,-85.74,1
43.25,-85.74,1
43.25,-85.74,1
43.25,-85.74,1
43.25,-85.74,1
43.25,-85.74,1
43.25,-85.74,1
43.25,-85.74,1
43.25,-85.74,1
43.25,-85.74,1
43.25,-85.74,1
43.25,-85.74,1
43.25,-85.74,1
43.25,-85.74,1
43.25,-85.74,1
43.25,-85.74,1
43.25,-85.74,1
43.25,-85.74,1
43.25,-85.74,1
43.25,-85.74,1
43.25,-85.74,1
43.25,-85.74,1
43.25,-85.74,1
43.25,-85.74,1
43.25,-85.74,1
43.25,-85.74,1
43.25,-85.74,1
43.25,-85.74,1
43.25,-85.74,1
43.25,-85.74,1
43.25,-85.74,1
43.25,-85.74,1
43.25,-85.74,1
43.25,-85.74,1
43.25,-85.74,1
43.25,-85.74,1
43.25,-85.74,1
43.25,-85.74,1
43.25,-85.74,1
43.25,-85.74,1
43.25,-85.74,1
43.25,-85.74,1
43.25,-85.74,1
43.25,-85.74,1
43.25,-85.74,1
43.25,-85.74,1
43.25,-85.74,1
43.25,-85.74,1
43.25,-85.74,1
43.25,-85.74,1
43.25,-85.74,1
43.25,-85.74,1
43.25,-85.74,1
43.25,-85.74,1
43.25,-85.74,1
43.25,-85.74,1
43.25,-85.74,1
43.25,-85.74,1
43.25,-85.74,1
43.25,-85.74,1
43.25,-85.74,1
43.25,-85.74,1
43.25,-85.74,1
43.25,-85.74,1
43.25,-85.74,1
43.25,-85.74,1
43.25,-85.74,1
43.25,-85.74,1
43.25,-85.74,1
43.25,-85.74,1
43.25,-85.74,1
43.25,-85.74,1
43.25,-85.74,1
43.25,-85.74,1
43.25,-85.74,1
43.25,-85.74,1
43.25,-85.74,1
43.25,-85.74,1
43.25,-85.74,1
43.25,-85.74,1
43.25,-85.74,1
43.25,-85.74,1
43.25,-85.74,1
43.25,-85.74,1
43.25,-85.74,1
43.25,-85.74,1
43.25,-85.74,1
43.25,-85.74,1
43.25,-85.74,1
43.25,-85.74,1
43.25,-85.74,1
43.25,-85.74,1
43.25,-85.74,1
43.25,-85.74,1
43.25,-85.74,1
43.25,-85.74,1
43.25,-85.74,1
43.25,-85.74,1
43.25,-85.74,1
43.25,-85.74,1
43.25,-85.74,1
43.25,-85.74,1
43.25,-85.74,1
43.25,-85.74,1
43.25,-85.74,1
43.25,-85.74,1
43.25,-85.74,1
43.25,-85.74,1
43.25,-85.74,1
43.25,-85.74,1
43.25,-85.74,1
43.25,-85.74,1
43.25,-85.74,1
43.25,-85.74,1
43.25,-85.74,1
43.25,-85.74,1
43.25,-85.74,1
43.25,-85.74,1
43.25,-85.74,1
43.25,-85.74,1
43.25,-85.74,1
43.25,-85.74,1
43.25,-85.74,1
43.25,-85.74,1
43.25,-85.74,1
43.25,-85.74,1
43.25,-85.74,1
43.25,-85.74,1
43.25,-85.74,1
43.25,-85.74,1
43.25,-85.74,1
43.25,-85.74,1
43.25,-85.74,1
43.25,-85.74,1
43.25,-85.74,1
43.25,-85.74,1
43.25,-85.74,1
43.25,-85.74,1
43.25,-85.74,1
43.25,-85.74,1
43.25,-85.74,1
43.25,-85.74,1
43.25,-85.74,1
43.25,-85.74,1
43.25,-85.74,1
43.25,-85.74,1
43.25,-85.74,1
43.25,-85.74,1
43.25,-85.74,1
43.25,-85.74,1
43.25,-85.74,1
43.25,-85.74,1
43.25,-85.74,1
43.25,-85.74,1
43.25,-85.74,1
43.25,-85.74,1
43.25,-85.74,1
43.25,-85.74,1
43.25,-85.74,1
43.25,-85.74,1
43.25,-85.74,1
43.25,-85.74,1
43.25,-85.74,1
43.25,-85.74,1
43.25,-85.74,1
43.25,-85.74,1
43.25,-85.74,1
43.25,-85.74,1
43.25,-85.74,1
43.25,-85.74,1
43.25,-85.74,1
43.25,-85.74,1
43.25,-85.74,1
43.25,-85.74,1
43.25,-85.74,1
43.25,-85.74,1
43.25,-85.74,1
43.25,-85.74,1
43.25,-85.74,1
43.25,-85.74,1
43.25,-85.74,1
43.25,-85.74,1
43.25,-85.74,1
43.25,-85.74,1
43.25,-85.74,1
43.25,-85.74,1
43.25,-85.74,1
43.25,-85.74,1
43.25,-85.74,1
43.25,-85.74,1
43.25,-85.74,1
43.25,-85.74,1
43.25,-85.74,1
43.25,-85.74,1
43.25,-85.74,1
43.25,-85.74,1
43.25,-85.74,1
43.25,-85.74,1
43.25,-85.74,1
43.25,-85.74,1
43.25,-85.74,1
43.25,-85.74,1
43.25,-85.74,1
43.25,-85.74,1
43.25,-85.74,1
43.25,-85.74,1
43.25,-85.74,1
43.25,-85.74,1
43.25,-85.74,1
43.25,-85.74,1
43.25,-85.74,1
43.25,-85.74,1
43.25,-85.74,1
43.25,-85.74,1
43.25,-85.74,1
43.25,-85.74,1
43.25,-85.74,1
43.25,-85.74,1
43.25,-85.74,1
43.25,-85.74,1
43.25,-85.74,1
43.25,-85.74,1
43.25,-85.74,1
43.25,-85.74,1
43.25,-85.74,1
43.25,-85.74,1
43.25,-85.74,1
43.25,-85.74,1
43.25,-85.74,1
43.25,-85.74,1
43.25,-85.74,1
43.25,-85.74,1
43.25,-85.74,1
43.25,-85.74,1
43.25,-85.74,1
43.25,-85.74,1
43.25,-85.74,1
43.25,-85.74,1
43.25,-85.74,1
43.25,-85.74,1
43.25,-85.74,1
43.25,-85.74,1
43.25,-85.74,1
43.25,-85.74,1
43.25,-85.74,1
43.25,-85.74,1
43.25,-85.74,1
43.25,-85.74,1
43.25,-85.74,1
43.25,-85.74,1
43.25,-85.74,1
43.25,-85.74,1
43.25,-85.74,1
43.25,-85.74,1
43.25,-85.74,1
43.25,-85.74,1
43.25,-85.74,1
43.25,-85.74,1
43.25,-85.74,1
43.25,-85.74,1
43.25,-85.74,1
43.25,-85.74,1
43.25,-85.74,1
43.25,-85.74,1
43.25,-85.74,1
43.25,-85.74,1
43.25,-85.74,1
43.25,-85.74,1
43.25,-85.74,1
43.25,-85.74,1
43.25,-85.74,1
43.25,-85.74,1
43.25,-85.74,1
43.25,-85.74,1
43.25,-85.74,1
43.25,-85.74,1
43.25,-85.74,1
43.25,-85.74,1
43.25,-85.74,1
43.25,-85.74,1
43.25,-85.74,1
43.25,-85.74,1
43.25,-85.74,1
43.25,-85.74,1
43.25,-85.74,1
43.25,-85.74,1
43.25,-85.74,1
43.25,-85.74,1
43.25,-85.74,1
43.25,-85.74,1
43.25,-85.74,1
43.25,-85.74,1
43.25,-85.74,1
43.25,-85.74,1
43.25,-85.74,1
43.25,-85.74,1
43.25,-85.74,1
43.25,-85.74,1
43.25,-85.74,1
43.25,-85.74,1
43.25,-85.74,1
43.25,-85.74,1
43.25,-85.74,1
43.25,-85.74,1
43.25,-85.74,1
43.25,-85.74,1
43.25,-85.74,1
43.25,-85.74,1
43.25,-85.74,1
43.25,-85.74,1
43.25,-85.74,1
43.25,-85.74,1
43.25,-85.74,1
43.25,-85.74,1
43.25,-85.74,1
43.25,-85.74,1
43.25,-85.74,1
43.25,-85.74,1
43.25,-85.74,1
43.25,-85.74,1
43.25,-85.74,1
43.25,-85.74,1
43.25,-85.74,1
43.25,-85.74,1
43.25,-85.74,1
43.25,-85.74,1
43.25,-85.74,1
43.25,-85.74,1
43.25,-85.74,1
43.25,-85.74,1
43.25,-85.74,1
43.25,-85.74,1
43.25,-85.74,1
43.25,-85.74,1
43.25,-85.74,1
43.25,-85.74,1
43.25,-85.74,1
43.25,-85.74,1
43.25,-85.74,1
43.25,-85.74,1
43.25,-85.74,1
43.25,-85.74,1
43.25,-85.74,1
43.25,-85.74,1
43.25,-85.74,1
43.25,-85.74,1
43.25,-85.74,1
43.25,-85.74,1
43.25,-85.74,1
43.25,-85.74,1
43.25,-85.74,1
43.25,-85.74,1
43.25,-85.74,1
43.25,-85.74,1
43.25,-85.74,1
43.25,-85.74,1
43.25,-85.74,1
43.25,-85.74,1
43.25,-85.74,1
43.25,-85.74,1
43.25,-85.74,1
43.25,-85.74,1
43.25,-85.74,1
43.25,-85.74,1
43.25,-85.74,1
43.25,-85.74,1
43.25,-85.74,1
43.25,-85.74,1
43.25,-85.74,1
43.25,-85.74,1
43.25,-85.74,1
43.25,-85.74,1
43.25,-85.74,1
43.25,-85.74,1
43.25,-85.74,1
43.25,-85.74,1
43.25,-85.74,1
43.25,-85.74,1
43.25,-85.74,1
43.25,-85.74,1
43.25,-85.74,1
43.25,-85.74,1
43.25,-85.74,1
43.25,-85.74,1
43.25,-85.74,1
43.25,-85.74,1
43.25,-85.74,1
43.25,-85.74,1
43.25,-85.74,1
43.25,-85.74,1
43.25,-85.74,1
43.25,-85.74,1
43.25,-85.74,1
43.25,-85.74,1
43.25,-85.74,1
43.25,-85.74,1
43.25,-85.74,1
43.25,-85.74,1
43.25,-85.74,1
43.25,-85.74,1
43.25,-85.74,1
43.25,-85.74,1
43.25,-85.74,1
43.25,-85.74,1
43.25,-85.74,1
43.25,-85.74,1
43.25,-85.74,1
43.25,-85.74,1
43.25,-85.74,1
43.25,-85.74,1
43.25,-85.74,1
43.25,-85.74,1
43.25,-85.74,1
43.25,-85.74,1
43.25,-85.74,1
43.25,-85.74,1
43.25,-85.74,1
43.25,-85.74,1
43.25,-85.74,1
43.25,-85.74,1
43.25,-85.74,1
43.25,-85.74,1
43.25,-85.74,1
43.25,-85.74,1
43.25,-85.74,1
43.25,-85.74,1
43.25,-85.74,1
43.25,-85.74,1
43.25,-85.74,1
43.25,-85.74,1
43.25,-85.74,1
43.25,-85.74,1
43.25,-85.74,1
43.25,-85.74,1
43.25,-85.74,1
43.25,-85.74,1
43.25,-85.74,1
43.25,-85.74,1
43.25,-85.74,1
43.25,-85.74,1
43.25,-85.74,1
43.25,-85.74,1
43.25,-85.74,1
43.25,-85.74,1
43.25,-85.74,1
43.25,-85.74,1
43.25,-85.74,1
43.25,-85.74,1
43.25,-85.74,1
43.25,-85.74,1
43.25,-85.74,1
43.25,-85.74,1
43.25,-85.74,1
43.25,-85.74,1
43.25,-85.74,1
43.25,-85.74,1
43.25,-85.74,1
43.25,-85.74,1
43.25,-85.74,1
43.25,-85.74,1
43.25,-85.74,1
43.25,-85.74,1
43.25,-85.74,1
43.25,-85.74,1
43.25,-85.74,1
43.25,-85.74,1
43.25,-85.74,1
43.25,-85.74,1
43.25,-85.74,1
43.25,-85.74,1
43.25,-85.74,1
43.25,-85.74,1
43.25,-85.74,1
43.25,-85.74,1
43.25,-85.74,1
43.25,-85.74,1
43.25,-85.74,1
43.25,-85.74,1
43.25,-85.74,1
43.25,-85.74,1
43.25,-85.74,1
43.25,-85.74,1
43.25,-85.74,1
43.25,-85.74,1
43.25,-85.74,1
43.25,-85.74,1
43.25,-85.74,1
43.25,-85.74,1
43.25,-85.74,1
43.25,-85.74,1
43.25,-85.74,1
43.25,-85.74,1
43.25,-85.74,1
43.25,-85.74,1
43.25,-85.74,1
43.25,-85.74,1
43.25,-85.74,1
43.25,-85.74,1
43.25,-85.74,1
43.25,-85.74,1
43.25,-85.74,1
43.25,-85.74,1
43.25,-85.74,1
43.25,-85.74,1
43.25,-85.74,1
43.25,-85.74,1
43.25,-85.74,1
43.25,-85.74,1
43.25,-85.74,1
43.25,-85.74,1
43.25,-85.74,1
43.25,-85.74,1
43.25,-85.74,1
43.25,-85.74,1
43.25,-85.74,1
43.25,-85.74,1
43.25,-85.74,1
43.25,-85.74,1
43.25,-85.74,1
43.25,-85.74,1
43.25,-85.74,1
43.25,-85.74,1
43.25,-85.74,1
43.25,-85.74,1
43.25,-85.74,1
43.25,-85.74,1
43.25,-85.74,1
43.25,-85.74,1
43.25,-85.74,1
43.25,-85.74,1
43.25,-85.74,1
43.25,-85.74,1
43.25,-85.74,1
43.25,-85.74,1
43.25,-85.74,1
43.25,-85.74,1
43.25,-85.74,1
43.25,-85.74,1
43.25,-85.74,1
43.25,-85.74,1
43.25,-85.74,1
43.25,-85.74,1
43.25,-85.74,1
43.25,-85.74,1
43.25,-85.74,1
43.25,-85.74,1
43.25,-85.74,1
43.25,-85.74,1
43.25,-85.74,1
43.25,-85.74,1
43.25,-85.74,1
43.25,-85.74,1
43.25,-85.74,1
43.25,-85.74,1
43.25,-85.74,1
43.25,-85.74,1
43.25,-85.74,1
43.25,-85.74,1
43.25,-85.74,1
43.25,-85.74,1
43.25,-85.74,1
43.25,-85.74,1
43.25,-85.74,1
43.25,-85.74,1
43.25,-85.74,1
43.25,-85.74,1
43.25,-85.74,1
43.25,-85.74,1
43.25,-85.74,1
43.25,-85.74,1
43.25,-85.74,1
43.25,-85.74,1
43.25,-85.74,1
43.25,-85.74,1
43.25,-85.74,1
43.25,-85.74,1
43.25,-85.74,1
43.25,-85.74,1
43.25,-85.74,1
43.25,-85.74,1
43.25,-85.74,1
43.25,-85.74,1
43.25,-85.74,1
43.25,-85.74,1
43.25,-85.74,1
43.25,-85.74,1
43.25,-85.74,1
43.25,-85.74,1
43.25,-85.74,1
43.25,-85.74,1
43.25,-85.74,1
43.25,-85.74,1
43.25,-85.74,1
43.25,-85.74,1
43.25,-85.74,1
43.25,-85.74,1
43.25,-85.74,1
43.25,-85.74,1
43.25,-85.74,1
43.25,-85.74,1
43.25,-85.74,1
43.25,-85.74,1
43.25,-85.74,1
43.25,-85.74,1
43.25,-85.74,1
43.25,-85.74,1
43.25,-85.74,1
43.25,-85.74,1
43.25,-85.74,1
43.25,-85.74,1
43.25,-85.74,1
43.25,-85.74,1
43.25,-85.74,1
43.25,-85.74,1
43.25,-85.74,1
43.25,-85.74,1
43.25,-85.74,1
43.25,-85.74,1
43.25,-85.74,1
43.25,-85.74,1
43.25,-85.74,1
43.25,-85.74,1
43.25,-85.74,1
43.25,-85.74,1
43.25,-85.74,1
43.25,-85.74,1
43.25,-85.74,1
43.25,-85.74,1
43.25,-85.74,1
43.25,-85.74,1
43.25,-85.74,1
43.25,-85.74,1
43.25,-85.74,1
43.25,-85.74,1
43.25,-85.74,1
43.25,-85.74,1
43.25,-85.74,1
43.25,-85.74,1
43.25,-85.74,1
43.25,-85.74,1
43.25,-85.74,1
43.25,-85.74,1
43.25,-85.74,1
43.25,-85.74,1
43.25,-85.74,1
43.25,-85.74,1
43.25,-85.74,1
43.25,-85.74,1
43.25,-85.74,1
43.25,-85.74,1
43.25,-85.74,1
43.25,-85.74,1
43.25,-85.74,1
43.25,-85.74,1
43.25,-85.74,1
43.25,-85.74,1
43.25,-85.74,1
43.25,-85.74,1
43.25,-85.74,1
43.25,-85.74,1
43.25,-85.74,1
43.25,-85.74,1
43.25,-85.74,1
43.25,-85.74,1
43.25,-85.74,1
43.25,-85.74,1
43.25,-85.74,1
43.25,-85.74,1
43.25,-85.74,1
43.25,-85.74,1
43.25,-85.74,1
43.25,-85.74,1
43.25,-85.74,1
43.25,-85.74,1
43.25,-85.74,1
43.25,-85.74,1
43.25,-85.74,1
43.25,-85.74,1
43.25,-85.74,1
43.25,-85.74,1
43.25,-85.74,1
43.25,-85.74,1
43.25,-85.74,1
43.25,-85.74,1
43.25,-85.74,1
43.25,-85.74,1
43.25,-85.74,1
43.25,-85.74,1
43.25,-85.74,1
43.25,-85.74,1
43.25,-85.74,1
43.25,-85.74,1
43.25,-85.74,1
43.25,-85.74,1
43.25,-85.74,1
43.25,-85.74,1
43.25,-85.74,1
43.25,-85.74,1
43.25,-85.74,1
43.25,-85.74,1
43.25,-85.74,1
43.25,-85.74,1
43.25,-85.74,1
43.25,-85.74,1
43.25,-85.74,1
43.25,-85.74,1
43.25,-85.74,1
43.25,-85.74,1
43.25,-85.74,1
43.25,-85.74,1
43.25,-85.74,1
43.25,-85.74,1
43.25,-85.74,1
43.25,-85.74,1
43.25,-85.74,1
43.25,-85.74,1
43.25,-85.74,1
43.25,-85.74,1
43.25,-85.74,1
43.25,-85.74,1
43.25,-85.74,1
43.25,-85.74,1
43.25,-85.74,1
43.25,-85.74,1
43.25,-85.74,1
43.25,-85.74,1
43.25,-85.74,1
43.25,-85.74,1
43.25,-85.74,1
43.25,-85.74,1
43.25,-85.74,1
43.25,-85.74,1
43.25,-85.74,1
43.25,-85.74,1
43.25,-85.74,1
43.25,-85.74,1
43.25,-85.74,1
43.25,-85.74,1
43.25,-85.74,1
43.25,-85.74,1
43.25,-85.74,1
43.25,-85.74,1
43.25,-85.74,1
43.25,-85.74,1
43.25,-85.74,1
43.25,-85.74,1
43.25,-85.74,1
43.25,-85.74,1
43.25,-85.74,1
43.25,-85.74,1
43.25,-85.74,1
43.25,-85.74,1
43.25,-85.74,1
43.25,-85.74,1
43.25,-85.74,1
43.25,-85.74,1
43.25,-85.74,1
43.25,-85.74,1
43.25,-85.74,1
43.25,-85.74,1
43.25,-85.74,1
43.25,-85.74,1
43.25,-85.74,1
43.25,-85.74,1
43.25,-85.74,1
43.25,-85.74,1
43.25,-85.74,1
43.25,-85.74,1
43.25,-85.74,1
43.25,-85.74,1
43.25,-85.74,1
43.25,-85.74,1
43.25,-85.74,1
43.25,-85.74,1
43.25,-85.74,1
43.25,-85.74,1
43.25,-85.74,1
43.25,-85.74,1
43.25,-85.74,1
43.25,-85.74,1
43.25,-85.74,1
43.25,-85.74,1
43.25,-85.74,1
43.25,-85.74,1
43.25,-85.74,1
43.25,-85.74,1
43.25,-85.74,1
43.25,-85.74,1
43.25,-85.74,1
43.25,-85.74,1
43.25,-85.74,1
43.25,-85.74,1
43.25,-85.74,1
43.25,-85.74,1
43.25,-85.74,1
43.25,-85.74,1
43.25,-85.74,1
43.25,-85.74,1
43.25,-85.74,1
43.25,-85.74,1
43.25,-85.74,1
43.25,-85.74,1
43.25,-85.74,1
43.25,-85.74,1
43.25,-85.74,1
43.25,-85.74,1
43.25,-85.74,1
43.25,-85.74,1
43.25,-85.74,1
43.25,-85.74,1
43.25,-85.74,1
43.25,-85.74,1
43.25,-85.74,1
43.25,-85.74,1
43.25,-85.74,1
43.25,-85.74,1
43.25,-85.74,1
43.25,-85.74,1
43.25,-85.74,1
43.25,-85.74,1
43.25,-85.74,1
43.25,-85.74,1
43.25,-85.74,1
43.25,-85.74,1
43.25,-85.74,1
43.25,-85.74,1
43.25,-85.74,1
43.25,-85.74,1
43.25,-85.74,1
43.25,-85.74,1
43.25,-85.74,1
43.25,-85.74,1
43.25,-85.74,1
43.25,-85.74,1
43.25,-85.74,1
43.25,-85.74,1
43.25,-85.74,1
43.25,-85.74,1
43.25,-85.74,1
43.25,-85.74,1
43.25,-85.74,1
43.25,-85.74,1
43.25,-85.74,1
43.25,-85.74,1
43.25,-85.74,1
43.25,-85.74,1
43.25,-85.74,1
43.25,-85.74,1
43.25,-85.74,1
43.25,-85.74,1
43.25,-85.74,1
43.25,-85.74,1
43.25,-85.74,1
43.25,-85.74,1
43.25,-85.74,1
43.25,-85.74,1
43.25,-85.74,1
43.25,-85.74,1
43.25,-85.74,1
43.25,-85.74,1
43.25,-85.74,1
43.25,-85.74,1
43.25,-85.74,1
43.25,-85.74,1
43.25,-85.74,1
43.25,-85.74,1
43.25,-85.74,1
43.25,-85.74,1
43.25,-85.74,1
43.25,-85.74,1
43.25,-85.74,1
43.25,-85.74,1
43.25,-85.74,1
43.25,-85.74,1
43.25,-85.74,1
43.25,-85.74,1
43.25,-85.74,1
43.25,-85.74,1
43.25,-85.74,1
43.25,-85.74,1
43.25,-85.74,1
43.25,-85.74,1
43.25,-85.74,1
43.25,-85.74,1
43.25,-85.74,1
43.25,-85.74,1
43.25,-85.74,1
43.25,-85.74,1
43.25,-85.74,1
43.25,-85.74,1
43.25,-85.74,1
43.25,-85.74,1
43.25,-85.74,1
43.25,-85.74,1
43.25,-85.74,1
43.25,-85.74,1
43.25,-85.74,1
43.25,-85.74,1
43.25,-85.74,1
43.25,-85.74,1
43.25,-85.74,1
43.25,-85.74,1
43.25,-85.74,1
43.25,-85.74,1
43.25,-85.74,1
43.25,-85.74,1
43.25,-85.74,1
43.25,-85.74,1
43.25,-85.74,1
43.25,-85.74,1
43.25,-85.74,1
43.25,-85.74,1
43.25,-85.74,1
43.25,-85.74,1
43.25,-85.74,1
43.25,-85.74,1
43.25,-85.74,1
43.25,-85.74,1
43.25,-85.74,1
43.25,-85.74,1
43.25,-85.74,1
43.25,-85.74,1
43.25,-85.74,1
43.25,-85.74,1
43.25,-85.74,1
43.25,-85.74,1
43.25,-85.74,1
43.25,-85.74,1
43.25,-85.74,1
43.25,-85.74,1
43.25,-85.74,1
43.25,-85.74,1
43.25,-85.74,1
43.25,-85.74,1
43.25,-85.74,1
43.25,-85.74,1
43.25,-85.74,1
43.25,-85.74,1
43.25,-85.74,1
43.25,-85.74,1
43.25,-85.74,1
43.25,-85.74,1
43.25,-85.74,1
43.25,-85.74,1
43.25,-85.74,1
43.25,-85.74,1
43.25,-85.74,1
43.25,-85.74,1
43.25,-85.74,1
43.25,-85.74,1
43.25,-85.74,1
43.25,-85.74,1
43.25,-85.74,1
43.25,-85.74,1
43.25,-85.74,1
43.25,-85.74,1
43.25,-85.74,1
43.25,-85.74,1
43.25,-85.74,1
43.25,-85.74,1
43.25,-85.74,1
43.25,-85.74,1
43.25,-85.74,1
43.25,-85.74,1
43.25,-85.74,1
43.25,-85.74,1
43.25,-85.74,1
43.25,-85.74,1
43.25,-85.74,1
43.25,-85.74,1
43.25,-85.74,1
43.25,-85.74,1
43.25,-85.74,1
43.25,-85.74,1
43.25,-85.74,1
43.25,-85.74,1
43.25,-85.74,1
43.25,-85.74,1
43.25,-85.74,1
43.25,-85.74,1
43.25,-85.74,1
43.25,-85.74,1
43.25,-85.74,1
43.25,-85.74,1
43.25,-85.74,1
43.25,-85.74,1
43.25,-85.74,1
43.25,-85.74,1
43.25,-85.74,1
43.25,-85.74,1
43.25,-85.74,1
43.25,-85.74,1
43.25,-85.74,1
43.25,-85.74,1
43.25,-85.74,1
43.25,-85.74,1
43.25,-85.74,1
43.25,-85.74,1
43.25,-85.74,1
43.25,-85.74,1
43.25,-85.74,1
43.25,-85.74,1
43.25,-85.74,1
43.25,-85.74,1
43.25,-85.74,1
43.25,-85.74,1
43.25,-85.74,1
43.25,-85.74,1
43.25,-85.74,1
43.25,-85.74,1
43.25,-85.74,1
43.25,-85.74,1
43.25,-85.74,1
43.25,-85.74,1
43.25,-85.74,1
43.25,-85.74,1
43.25,-85.74,1
43.25,-85.74,1
43.25,-85.74,1
43.25,-85.74,1
43.25,-85.74,1
43.25,-85.74,1
43.25,-85.74,1
43.25,-85.74,1
43.25,-85.74,1
43.25,-85.74,1
43.25,-85.74,1
43.25,-85.74,1
43.25,-85.74,1
43.25,-85.74,1
43.25,-85.74,1
43.25,-85.74,1
43.25,-85.74,1
43.25,-85.74,1
43.25,-85.74,1
43.25,-85.74,1
43.25,-85.74,1
43.25,-85.74,1
43.25,-85.74,1
43.25,-85.74,1
43.25,-85.74,1
43.25,-85.74,1
43.25,-85.74,1
43.25,-85.74,1
43.25,-85.74,1
43.25,-85.74,1
43.25,-85.74,1
43.25,-85.74,1
43.25,-85.74,1
43.25,-85.74,1
43.25,-85.74,1
43.25,-85.74,1
43.25,-85.74,1
43.25,-85.74,1
43.25,-85.74,1
43.25,-85.74,1
43.25,-85.74,1
43.25,-85.74,1
43.25,-85.74,1
43.25,-85.74,1
43.25,-85.74,1
43.25,-85.74,1
43.25,-85.74,1
43.25,-85.74,1
43.25,-85.74,1
43.25,-85.74,1
43.25,-85.74,1
43.25,-85.74,1
43.25,-85.74,1
43.25,-85.74,1
43.25,-85.74,1
43.25,-85.74,1
43.25,-85.74,1
43.25,-85.74,1
43.25,-85.74,1
43.25,-85.74,1
43.25,-85.74,1
43.25,-85.74,1
43.25,-85.74,1
43.25,-85.74,1
43.25,-85.74,1
43.25,-85.74,1
43.25,-85.74,1
43.25,-85.74,1
43.25,-85.74,1
43.25,-85.74,1
43.25,-85.74,1
43.25,-85.74,1
43.25,-85.74,1
43.25,-85.74,1
43.25,-85.74,1
43.25,-85.74,1
43.25,-85.74,1
43.25,-85.74,1
43.25,-85.74,1
43.25,-85.74,1
43.25,-85.74,1
43.25,-85.74,1
43.25,-85.74,1
43.25,-85.74,1
43.25,-85.74,1
43.25,-85.74,1
43.25,-85.74,1
43.25,-85.74,1
43.25,-85.74,1
43.25,-85.74,1
43.25,-85.74,1
43.25,-85.74,1
43.25,-85.74,1
43.25,-85.74,1
43.25,-85.74,1
43.25,-85.74,1
43.25,-85.74,1
43.25,-85.74,1
43.25,-85.74,1
43.25,-85.74,1
43.25,-85.74,1
43.25,-85.74,1
43.25,-85.74,1
43.25,-85.74,1
43.25,-85.74,1
43.25,-85.74,1
43.25,-85.74,1
43.25,-85.74,1
43.25,-85.74,1
43.25,-85.74,1
43.25,-85.74,1
43.25,-85.74,1
43.25,-85.74,1
43.25,-85.74,1
43.25,-85.74,1
43.25,-85.74,1
43.25,-85.74,1
43.25,-85.74,1
43.25,-85.74,1
43.25,-85.74,1
43.25,-85.74,1
43.25,-85.74,1
43.25,-85.74,1
43.25,-85.74,1
43.25,-85.74,1
43.25,-85.74,1
43.25,-85.74,1
43.25,-85.74,1
43.25,-85.74,1
43.25,-85.74,1
43.25,-85.74,1
43.25,-85.74,1
43.25,-85.74,1
43.25,-85.74,1
43.25,-85.74,1
43.25,-85.74,1
43.25,-85.74,1
43.25,-85.74,1
43.25,-85.74,1
43.25,-85.74,1
43.25,-85.74,1
43.25,-85.74,1
43.25,-85.74,1
43.25,-85.74,1
43.25,-85.74,1
43.25,-85.74,1
43.25,-85.74,1
43.25,-85.74,1
43.25,-85.74,1
43.25,-85.74,1
43.25,-85.74,1
43.25,-85.74,1
43.25,-85.74,1
43.25,-85.74,1
43.25,-85.74,1
43.25,-85.74,1
43.25,-85.74,1
43.25,-85.74,1
43.25,-85.74,1
43.25,-85.74,1
43.25,-85.74,1
43.25,-85.74,1
43.25,-85.74,1
43.25,-85.74,1
43.25,-85.74,1
43.25,-85.74,1
43.25,-85.74,1
43.25,-85.74,1
43.25,-85.74,1
43.25,-85.74,1
43.25,-85.74,1
43.25,-85.74,1
43.25,-85.74,1
43.25,-85.74,1
43.25,-85.74,1
43.25,-85.74,1
43.25,-85.74,1
43.25,-85.74,1
43.25,-85.74,1
43.25,-85.74,1
43.25,-85.74,1
43.25,-85.74,1
43.25,-85.74,1
43.25,-85.74,1
43.25,-85.74,1
43.25,-85.74,1
43.25,-85.74,1
43.25,-85.74,1
43.25,-85.74,1
43.25,-85.74,1
43.25,-85.74,1
43.25,-85.74,1
43.25,-85.74,1
43.25,-85.74,1
43.25,-85.74,1
43.25,-85.74,1
43.25,-85.74,1
43.25,-85.74,1
43.25,-85.74,1
43.25,-85.74,1
43.25,-85.74,1
43.25,-85.74,1
43.25,-85.74,1
43.25,-85.74,1
43.25,-85.74,1
43.25,-85.74,1
43.25,-85.74,1
43.25,-85.74,1
43.25,-85.74,1
43.25,-85.74,1
43.25,-85.74,1
43.25,-85.74,1
43.25,-85.74,1
43.25,-85.74,1
43.25,-85.74,1
43.25,-85.74,1
43.25,-85.74,1
43.25,-85.74,1
43.25,-85.74,1
43.25,-85.74,1
43.25,-85.74,1
43.25,-85.74,1
43.25,-85.74,1
43.25,-85.74,1
43.25,-85.74,1
43.25,-85.74,1
43.25,-85.74,1
43.25,-85.74,1
43.25,-85.74,1
43.25,-85.74,1
43.25,-85.74,1
43.25,-85.74,1
43.25,-85.74,1
43.25,-85.74,1
43.25,-85.74,1
43.25,-85.74,1
43.25,-85.74,1
43.25,-85.74,1
43.25,-85.74,1
43.25,-85.74,1
43.25,-85.74,1
43.25,-85.74,1
43.8,-85.0,1
43.8,-85.0,1
43.8,-85.0,1
43.1,-83.3,1
43.1,-83.3,1
43.1,-83.3,1
43.1,-83.3,1
43.1,-83.3,1
43.1,-83.3,1
43.1,-83.3,1
43.1,-83.3,1
43.1,-83.3,1
43.1,-83.3,1
43.1,-83.3,1
43.1,-83.3,1
43.1,-83.3,1
43.1,-83.3,1
43.1,-83.3,1
43.1,-83.3,1
43.1,-83.3,1
43.1,-83.3,1
43.1,-83.3,1
43.1,-83.3,1
43.1,-83.3,1
43.1,-83.3,1
43.1,-83.3,1
43.1,-83.3,1
43.1,-83.3,1
43.1,-83.3,1
43.1,-83.3,1
43.1,-83.3,1
43.1,-83.3,1
43.1,-83.3,1
43.1,-83.3,1
43.1,-83.3,1
43.1,-83.3,1
43.1,-83.3,1
43.1,-83.3,1
43.1,-83.3,1
43.1,-83.3,1
43.1,-83.3,1
43.1,-83.3,1
43.1,-83.3,1
43.1,-83.3,1
43.1,-83.3,1
43.1,-83.3,1
43.1,-83.3,1
43.1,-83.3,1
43.1,-83.3,1
43.1,-83.3,1
43.1,-83.3,1
43.1,-83.3,1
43.1,-83.3,1
43.1,-83.3,1
43.1,-83.3,1
43.1,-83.3,1
43.1,-83.3,1
43.1,-83.3,1
43.1,-83.3,1
43.1,-83.3,1
43.1,-83.3,1
43.1,-83.3,1
43.1,-83.3,1
43.1,-83.3,1
43.1,-83.3,1
43.1,-83.3,1
43.1,-83.3,1
43.1,-83.3,1
43.1,-83.3,1
43.1,-83.3,1
43.1,-83.3,1
43.1,-83.3,1
43.1,-83.3,1
43.1,-83.3,1
43.1,-83.3,1
43.1,-83.3,1
43.1,-83.3,1
43.1,-83.3,1
43.1,-83.3,1
43.1,-83.3,1
43.1,-83.3,1
43.1,-83.3,1
43.1,-83.3,1
43.1,-83.3,1
43.1,-83.3,1
43.1,-83.3,1
43.1,-83.3,1
43.1,-83.3,1
43.1,-83.3,1
43.1,-83.3,1
43.1,-83.3,1
43.1,-83.3,1
43.1,-83.3,1
43.1,-83.3,1
43.1,-83.3,1
43.1,-83.3,1
43.1,-83.3,1
43.1,-83.3,1
43.1,-83.3,1
43.1,-83.3,1
43.1,-83.3,1
43.1,-83.3,1
43.1,-83.3,1
43.1,-83.3,1
43.1,-83.3,1
43.1,-83.3,1
43.1,-83.3,1
43.1,-83.3,1
43.1,-83.3,1
43.1,-83.3,1
43.1,-83.3,1
43.1,-83.3,1
43.1,-83.3,1
43.1,-83.3,1
43.1,-83.3,1
43.1,-83.3,1
43.1,-83.3,1
43.1,-83.3,1
43.1,-83.3,1
43.1,-83.3,1
43.1,-83.3,1
43.1,-83.3,1
43.1,-83.3,1
43.1,-83.3,1
43.1,-83.3,1
43.1,-83.3,1
43.1,-83.3,1
43.1,-83.3,1
43.1,-83.3,1
43.1,-83.3,1
43.1,-83.3,1
43.1,-83.3,1
43.1,-83.3,1
43.1,-83.3,1
43.1,-83.3,1
43.1,-83.3,1
43.1,-83.3,1
43.1,-83.3,1
43.1,-83.3,1
43.1,-83.3,1
43.1,-83.3,1
43.1,-83.3,1
43.1,-83.3,1
43.1,-83.3,1
43.1,-83.3,1
43.1,-83.3,1
43.1,-83.3,1
43.1,-83.3,1
43.1,-83.3,1
43.1,-83.3,1
43.1,-83.3,1
43.1,-83.3,1
43.1,-83.3,1
43.1,-83.3,1
43.1,-83.3,1
43.1,-83.3,1
43.1,-83.3,1
43.1,-83.3,1
43.1,-83.3,1
43.1,-83.3,1
43.1,-83.3,1
43.1,-83.3,1
43.1,-83.3,1
43.1,-83.3,1
43.1,-83.3,1
43.1,-83.3,1
43.1,-83.3,1
43.1,-83.3,1
43.1,-83.3,1
43.1,-83.3,1
43.1,-83.3,1
43.1,-83.3,1
43.1,-83.3,1
43.1,-83.3,1
43.1,-83.3,1
43.1,-83.3,1
43.1,-83.3,1
43.1,-83.3,1
43.1,-83.3,1
43.1,-83.3,1
43.1,-83.3,1
43.1,-83.3,1
43.1,-83.3,1
43.1,-83.3,1
43.1,-83.3,1
45.0,-85.7,1
45.0,-85.7,1
45.0,-85.7,1
45.0,-85.7,1
45.0,-85.7,1
45.0,-85.7,1
45.0,-85.7,1
45.0,-85.7,1
45.0,-85.7,1
45.0,-85.7,1
45.0,-85.7,1
43.4,-83.2,1
43.4,-83.2,1
43.4,-83.2,1
43.4,-83.2,1
43.4,-83.2,1
43.4,-83.2,1
43.4,-83.2,1
43.4,-83.2,1
43.4,-83.2,1
43.4,-83.2,1
43.4,-83.2,1
43.4,-83.2,1
43.4,-83.2,1
43.4,-83.2,1
43.4,-83.2,1
43.4,-83.2,1
43.4,-83.2,1
43.4,-83.2,1
43.4,-83.2,1
43.4,-83.2,1
43.4,-83.2,1
43.4,-83.2,1
43.4,-83.2,1
43.4,-83.2,1
43.4,-83.2,1
43.4,-83.2,1
43.4,-83.2,1
43.4,-83.2,1
43.4,-83.2,1
43.4,-83.2,1
43.4,-83.2,1
43.4,-83.2,1
43.4,-83.2,1
43.4,-83.2,1
43.4,-83.2,1
43.4,-83.2,1
43.4,-83.2,1
43.4,-83.2,1
43.4,-83.2,1
43.4,-83.2,1
43.4,-83.2,1
43.4,-83.2,1
43.4,-83.2,1
43.4,-83.2,1
43.4,-83.2,1
43.4,-83.2,1
43.4,-83.2,1
43.4,-83.2,1
43.4,-83.2,1
43.4,-83.2,1
43.4,-83.2,1
43.4,-83.2,1
43.4,-83.2,1
43.4,-83.2,1
43.4,-83.2,1
43.4,-83.2,1
43.4,-83.2,1
43.4,-83.2,1
43.4,-83.2,1
43.4,-83.2,1
43.4,-83.2,1
43.4,-83.2,1
43.4,-83.2,1
43.4,-83.2,1
43.4,-83.2,1
43.4,-83.2,1
43.4,-83.2,1
43.4,-83.2,1
43.4,-83.2,1
43.4,-83.2,1
43.4,-83.2,1
43.4,-83.2,1
43.4,-83.2,1
43.4,-83.2,1
43.4,-83.2,1
43.4,-83.2,1
43.4,-83.2,1
43.4,-83.2,1
43.4,-83.2,1
43.4,-83.2,1
43.4,-83.2,1
43.4,-83.2,1
43.4,-83.2,1
43.4,-83.2,1
43.4,-83.2,1
43.4,-83.2,1
43.4,-83.2,1
43.4,-83.2,1
43.4,-83.2,1
43.4,-83.2,1
43.4,-83.2,1
43.4,-83.2,1
43.4,-83.2,1
43.4,-83.2,1
43.4,-83.2,1
43.4,-83.2,1
43.4,-83.2,1
43.4,-83.2,1
43.4,-83.2,1
43.4,-83.2,1
43.4,-83.2,1
43.4,-83.2,1
43.4,-83.2,1
43.4,-83.2,1
43.4,-83.2,1
43.4,-83.2,1
43.4,-83.2,1
43.4,-83.2,1
43.4,-83.2,1
43.4,-83.2,1
43.4,-83.2,1
43.4,-83.2,1
43.4,-83.2,1
43.4,-83.2,1
43.4,-83.2,1
43.4,-83.2,1
43.4,-83.2,1
43.4,-83.2,1
43.4,-83.2,1
43.4,-83.2,1
43.4,-83.2,1
43.4,-83.2,1
43.4,-83.2,1
43.4,-83.2,1
43.4,-83.2,1
43.4,-83.2,1
43.4,-83.2,1
43.4,-83.2,1
43.4,-83.2,1
43.4,-83.2,1
43.4,-83.2,1
43.4,-83.2,1
43.4,-83.2,1
43.4,-83.2,1
43.4,-83.2,1
43.4,-83.2,1
43.4,-83.2,1
43.4,-83.2,1
43.4,-83.2,1
43.4,-83.2,1
43.4,-83.2,1
43.4,-83.2,1
43.4,-83.2,1
43.4,-83.2,1
43.4,-83.2,1
43.4,-83.2,1
43.4,-83.2,1
43.4,-83.2,1
43.4,-83.2,1
43.4,-83.2,1
43.4,-83.2,1
43.4,-83.2,1
43.4,-83.2,1
43.4,-83.2,1
43.4,-83.2,1
43.4,-83.2,1
43.4,-83.2,1
43.4,-83.2,1
43.4,-83.2,1
43.4,-83.2,1
43.4,-83.2,1
43.4,-83.2,1
43.4,-83.2,1
43.4,-83.2,1
43.4,-83.2,1
43.4,-83.2,1
43.4,-83.2,1
43.4,-83.2,1
43.4,-83.2,1
43.4,-83.2,1
43.4,-83.2,1
43.4,-83.2,1
43.4,-83.2,1
43.4,-83.2,1
43.4,-83.2,1
43.4,-83.2,1
43.4,-83.2,1
43.4,-83.2,1
43.4,-83.2,1
43.4,-83.2,1
43.4,-83.2,1
43.4,-83.2,1
43.4,-83.2,1
43.4,-83.2,1
43.4,-83.2,1
43.4,-83.2,1
43.4,-83.2,1
43.4,-83.2,1
43.4,-83.2,1
43.4,-83.2,1
43.4,-83.2,1
43.4,-83.2,1
43.4,-83.2,1
43.4,-83.2,1
43.4,-83.2,1
43.4,-83.2,1
43.4,-83.2,1
43.4,-83.2,1
43.4,-83.2,1
43.4,-83.2,1
43.4,-83.2,1
43.4,-83.2,1
43.4,-83.2,1
43.4,-83.2,1
43.4,-83.2,1
43.4,-83.2,1
43.4,-83.2,1
43.4,-83.2,1
43.4,-83.2,1
43.4,-83.2,1
43.4,-83.2,1
43.4,-83.2,1
43.4,-83.2,1
43.4,-83.2,1
43.4,-83.2,1
43.4,-83.2,1
43.4,-83.2,1
43.4,-83.2,1
43.4,-83.2,1
43.4,-83.2,1
43.4,-83.2,1
43.4,-83.2,1
43.4,-83.2,1
43.4,-83.2,1
43.4,-83.2,1
43.4,-83.2,1
43.4,-83.2,1
43.4,-83.2,1
43.4,-83.2,1
43.4,-83.2,1
43.4,-83.2,1
43.4,-83.2,1
43.4,-83.2,1
43.4,-83.2,1
43.4,-83.2,1
43.4,-83.2,1
43.4,-83.2,1
43.4,-83.2,1
43.4,-83.2,1
43.4,-83.2,1
43.4,-83.2,1
43.4,-83.2,1
43.4,-83.2,1
43.4,-83.2,1
43.4,-83.2,1
43.4,-83.2,1
43.4,-83.2,1
43.4,-83.2,1
43.4,-83.2,1
43.4,-83.2,1
43.4,-83.2,1
43.4,-83.2,1
43.4,-83.2,1
43.4,-83.2,1
43.4,-83.2,1
43.4,-83.2,1
43.4,-83.2,1
43.4,-83.2,1
43.4,-83.2,1
43.4,-83.2,1
43.4,-83.2,1
43.4,-83.2,1
43.4,-83.2,1
43.4,-83.2,1
43.4,-83.2,1
43.4,-83.2,1
43.4,-83.2,1
43.4,-83.2,1
43.4,-83.2,1
43.4,-83.2,1
43.4,-83.2,1
43.4,-83.2,1
43.4,-83.2,1
43.4,-83.2,1
43.4,-83.2,1
43.4,-83.2,1
43.4,-83.2,1
43.4,-83.2,1
43.4,-83.2,1
43.4,-83.2,1
43.4,-83.2,1
43.4,-83.2,1
43.4,-83.2,1
43.4,-83.2,1
43.4,-83.2,1
43.4,-83.2,1
43.4,-83.2,1
43.4,-83.2,1
43.4,-83.2,1
43.4,-83.2,1
43.4,-83.2,1
43.4,-83.2,1
43.4,-83.2,1
43.4,-83.2,1
43.4,-83.2,1
43.4,-83.2,1
43.4,-83.2,1
43.4,-83.2,1
43.4,-83.2,1
43.4,-83.2,1
43.4,-83.2,1
43.4,-83.2,1
43.4,-83.2,1
43.4,-83.2,1
43.4,-83.2,1
43.4,-83.2,1
43.4,-83.2,1
43.4,-83.2,1
43.4,-83.2,1
43.4,-83.2,1
43.4,-83.2,1
43.4,-83.2,1
43.4,-83.2,1
43.4,-83.2,1
43.4,-83.2,1
43.4,-83.2,1
43.4,-83.2,1
43.4,-83.2,1
43.4,-83.2,1
43.4,-83.2,1
43.4,-83.2,1
43.4,-83.2,1
43.4,-83.2,1
43.4,-83.2,1
43.4,-83.2,1
43.4,-83.2,1
43.4,-83.2,1
43.4,-83.2,1
43.4,-83.2,1
43.4,-83.2,1
43.4,-83.2,1
43.4,-83.2,1
43.4,-83.2,1
43.4,-83.2,1
43.4,-83.2,1
43.4,-83.2,1
43.4,-83.2,1
43.4,-83.2,1
43.4,-83.2,1
43.4,-83.2,1
43.4,-83.2,1
43.4,-83.2,1
43.4,-83.2,1
43.4,-83.2,1
43.4,-83.2,1
43.4,-83.2,1
43.4,-83.2,1
43.4,-83.2,1
43.4,-83.2,1
43.4,-83.2,1
43.4,-83.2,1
43.4,-83.2,1
43.4,-83.2,1
43.4,-83.2,1
43.4,-83.2,1
43.4,-83.2,1
43.4,-83.2,1
43.4,-83.2,1
43.4,-83.2,1
43.4,-83.2,1
43.4,-83.2,1
43.4,-83.2,1
43.4,-83.2,1
43.4,-83.2,1
43.4,-83.2,1
43.4,-83.2,1
43.4,-83.2,1
43.4,-83.2,1
43.4,-83.2,1
43.4,-83.2,1
43.4,-83.2,1
43.4,-83.2,1
43.4,-83.2,1
43.4,-83.2,1
43.4,-83.2,1
43.4,-83.2,1
43.4,-83.2,1
43.4,-83.2,1
43.4,-83.2,1
43.4,-83.2,1
43.4,-83.2,1
43.4,-83.2,1
43.4,-83.2,1
43.4,-83.2,1
43.4,-83.2,1
43.4,-83.2,1
43.4,-83.2,1
42.67,-82.92,1
42.67,-82.92,1
42.67,-82.92,1
42.67,-82.92,1
42.67,-82.92,1
42.67,-82.92,1
42.67,-82.92,1
42.67,-82.92,1
42.67,-82.92,1
42.67,-82.92,1
42.67,-82.92,1
42.67,-82.92,1
42.67,-82.92,1
42.67,-82.92,1
42.67,-82.92,1
42.67,-82.92,1
42.67,-82.92,1
42.67,-82.92,1
42.67,-82.92,1
42.67,-82.92,1
42.67,-82.92,1
42.67,-82.92,1
42.67,-82.92,1
42.67,-82.92,1
42.67,-82.92,1
42.67,-82.92,1
42.67,-82.92,1
42.67,-82.92,1
42.67,-82.92,1
42.67,-82.92,1
42.67,-82.92,1
42.67,-82.92,1
42.67,-82.92,1
42.67,-82.92,1
42.67,-82.92,1
42.67,-82.92,1
42.67,-82.92,1
42.67,-82.92,1
42.67,-82.92,1
42.67,-82.92,1
42.67,-82.92,1
42.67,-82.92,1
42.67,-82.92,1
42.67,-82.92,1
42.67,-82.92,1
42.67,-82.92,1
42.67,-82.92,1
42.67,-82.92,1
42.67,-82.92,1
42.67,-82.92,1
42.67,-82.92,1
42.67,-82.92,1
42.67,-82.92,1
42.67,-82.92,1
42.67,-82.92,1
42.67,-82.92,1
42.67,-82.92,1
42.67,-82.92,1
42.67,-82.92,1
42.67,-82.92,1
42.67,-82.92,1
42.67,-82.92,1
42.67,-82.92,1
42.67,-82.92,1
42.67,-82.92,1
42.67,-82.92,1
42.67,-82.92,1
42.67,-82.92,1
42.67,-82.92,1
42.67,-82.92,1
42.67,-82.92,1
42.67,-82.92,1
42.67,-82.92,1
42.67,-82.92,1
42.67,-82.92,1
42.67,-82.92,1
42.67,-82.92,1
42.67,-82.92,1
42.67,-82.92,1
42.67,-82.92,1
42.67,-82.92,1
42.67,-82.92,1
42.67,-82.92,1
42.67,-82.92,1
42.67,-82.92,1
42.67,-82.92,1
42.67,-82.92,1
42.67,-82.92,1
42.67,-82.92,1
42.67,-82.92,1
42.67,-82.92,1
42.67,-82.92,1
42.67,-82.92,1
42.67,-82.92,1
42.67,-82.92,1
42.67,-82.92,1
42.67,-82.92,1
42.67,-82.92,1
42.67,-82.92,1
42.67,-82.92,1
42.67,-82.92,1
42.67,-82.92,1
42.67,-82.92,1
42.67,-82.92,1
42.67,-82.92,1
42.67,-82.92,1
42.67,-82.92,1
42.67,-82.92,1
42.67,-82.92,1
42.67,-82.92,1
42.67,-82.92,1
42.67,-82.92,1
42.67,-82.92,1
42.67,-82.92,1
42.67,-82.92,1
42.67,-82.92,1
42.67,-82.92,1
42.67,-82.92,1
42.67,-82.92,1
42.67,-82.92,1
42.67,-82.92,1
42.67,-82.92,1
42.67,-82.92,1
42.67,-82.92,1
42.67,-82.92,1
42.67,-82.92,1
42.67,-82.92,1
42.67,-82.92,1
42.67,-82.92,1
42.67,-82.92,1
42.67,-82.92,1
42.67,-82.92,1
42.67,-82.92,1
42.67,-82.92,1
42.67,-82.92,1
42.67,-82.92,1
42.67,-82.92,1
42.67,-82.92,1
42.67,-82.92,1
42.67,-82.92,1
42.67,-82.92,1
42.67,-82.92,1
42.67,-82.92,1
42.67,-82.92,1
42.67,-82.92,1
42.67,-82.92,1
42.67,-82.92,1
42.67,-82.92,1
42.67,-82.92,1
42.67,-82.92,1
42.67,-82.92,1
42.67,-82.92,1
42.67,-82.92,1
42.67,-82.92,1
42.67,-82.92,1
42.67,-82.92,1
42.67,-82.92,1
42.67,-82.92,1
42.67,-82.92,1
42.67,-82.92,1
42.67,-82.92,1
42.67,-82.92,1
42.67,-82.92,1
42.67,-82.92,1
42.67,-82.92,1
42.67,-82.92,1
42.67,-82.92,1
42.67,-82.92,1
42.67,-82.92,1
42.67,-82.92,1
42.67,-82.92,1
42.67,-82.92,1
42.67,-82.92,1
42.67,-82.92,1
42.67,-82.92,1
42.67,-82.92,1
42.67,-82.92,1
42.67,-82.92,1
42.67,-82.92,1
42.67,-82.92,1
42.67,-82.92,1
42.67,-82.92,1
42.67,-82.92,1
42.67,-82.92,1
42.67,-82.92,1
42.67,-82.92,1
42.67,-82.92,1
42.67,-82.92,1
42.67,-82.92,1
42.67,-82.92,1
42.67,-82.92,1
42.67,-82.92,1
42.67,-82.92,1
42.67,-82.92,1
42.67,-82.92,1
42.67,-82.92,1
42.67,-82.92,1
42.67,-82.92,1
42.67,-82.92,1
42.67,-82.92,1
42.67,-82.92,1
42.67,-82.92,1
42.67,-82.92,1
42.67,-82.92,1
42.67,-82.92,1
42.67,-82.92,1
42.67,-82.92,1
42.67,-82.92,1
42.67,-82.92,1
42.67,-82.92,1
42.67,-82.92,1
42.67,-82.92,1
42.67,-82.92,1
42.67,-82.92,1
42.67,-82.92,1
42.67,-82.92,1
42.67,-82.92,1
42.67,-82.92,1
42.67,-82.92,1
42.67,-82.92,1
42.67,-82.92,1
42.67,-82.92,1
42.67,-82.92,1
42.67,-82.92,1
42.67,-82.92,1
42.67,-82.92,1
42.67,-82.92,1
42.67,-82.92,1
42.67,-82.92,1
42.67,-82.92,1
42.67,-82.92,1
42.67,-82.92,1
42.67,-82.92,1
42.67,-82.92,1
42.67,-82.92,1
42.67,-82.92,1
42.67,-82.92,1
42.67,-82.92,1
42.67,-82.92,1
42.67,-82.92,1
42.67,-82.92,1
42.67,-82.92,1
42.67,-82.92,1
42.67,-82.92,1
42.67,-82.92,1
42.67,-82.92,1
42.67,-82.92,1
42.67,-82.92,1
42.67,-82.92,1
42.67,-82.92,1
42.67,-82.92,1
42.67,-82.92,1
42.67,-82.92,1
42.67,-82.92,1
42.67,-82.92,1
42.67,-82.92,1
42.67,-82.92,1
42.67,-82.92,1
42.67,-82.92,1
42.67,-82.92,1
42.67,-82.92,1
42.67,-82.92,1
42.67,-82.92,1
42.67,-82.92,1
42.67,-82.92,1
42.67,-82.92,1
42.67,-82.92,1
42.67,-82.92,1
42.67,-82.92,1
42.67,-82.92,1
42.67,-82.92,1
42.67,-82.92,1
42.67,-82.92,1
42.67,-82.92,1
42.67,-82.92,1
42.67,-82.92,1
42.67,-82.92,1
42.67,-82.92,1
42.67,-82.92,1
42.67,-82.92,1
42.67,-82.92,1
42.67,-82.92,1
42.67,-82.92,1
42.67,-82.92,1
42.67,-82.92,1
42.67,-82.92,1
42.67,-82.92,1
42.67,-82.92,1
42.67,-82.92,1
42.67,-82.92,1
42.67,-82.92,1
42.67,-82.92,1
42.67,-82.92,1
42.67,-82.92,1
42.67,-82.92,1
42.67,-82.92,1
42.67,-82.92,1
42.67,-82.92,1
42.67,-82.92,1
42.67,-82.92,1
42.67,-82.92,1
42.67,-82.92,1
42.67,-82.92,1
42.67,-82.92,1
42.67,-82.92,1
42.67,-82.92,1
42.67,-82.92,1
42.67,-82.92,1
42.67,-82.92,1
42.67,-82.92,1
42.67,-82.92,1
42.67,-82.92,1
42.67,-82.92,1
42.67,-82.92,1
42.67,-82.92,1
42.67,-82.92,1
42.67,-82.92,1
42.67,-82.92,1
42.67,-82.92,1
42.67,-82.92,1
42.67,-82.92,1
42.67,-82.92,1
42.67,-82.92,1
42.67,-82.92,1
42.67,-82.92,1
42.67,-82.92,1
42.67,-82.92,1
42.67,-82.92,1
42.67,-82.92,1
42.67,-82.92,1
42.67,-82.92,1
42.67,-82.92,1
42.67,-82.92,1
42.67,-82.92,1
42.67,-82.92,1
42.67,-82.92,1
42.67,-82.92,1
42.67,-82.92,1
42.67,-82.92,1
42.67,-82.92,1
42.67,-82.92,1
42.67,-82.92,1
42.67,-82.92,1
42.67,-82.92,1
42.67,-82.92,1
42.67,-82.92,1
42.67,-82.92,1
42.67,-82.92,1
42.67,-82.92,1
42.67,-82.92,1
42.67,-82.92,1
42.67,-82.92,1
42.67,-82.92,1
42.67,-82.92,1
42.67,-82.92,1
42.67,-82.92,1
42.67,-82.92,1
42.67,-82.92,1
42.67,-82.92,1
42.67,-82.92,1
42.67,-82.92,1
42.67,-82.92,1
42.67,-82.92,1
42.67,-82.92,1
42.67,-82.92,1
42.67,-82.92,1
42.67,-82.92,1
42.67,-82.92,1
42.67,-82.92,1
42.67,-82.92,1
42.67,-82.92,1
42.67,-82.92,1
42.67,-82.92,1
42.67,-82.92,1
42.67,-82.92,1
42.67,-82.92,1
42.67,-82.92,1
42.67,-82.92,1
42.67,-82.92,1
42.67,-82.92,1
42.67,-82.92,1
42.67,-82.92,1
42.67,-82.92,1
42.67,-82.92,1
42.67,-82.92,1
42.67,-82.92,1
42.67,-82.92,1
42.67,-82.92,1
42.67,-82.92,1
42.67,-82.92,1
42.67,-82.92,1
42.67,-82.92,1
42.67,-82.92,1
42.67,-82.92,1
42.67,-82.92,1
42.67,-82.92,1
42.67,-82.92,1
42.67,-82.92,1
42.67,-82.92,1
42.67,-82.92,1
42.67,-82.92,1
42.67,-82.92,1
42.67,-82.92,1
42.67,-82.92,1
42.67,-82.92,1
42.67,-82.92,1
42.67,-82.92,1
42.67,-82.92,1
42.67,-82.92,1
42.67,-82.92,1
42.67,-82.92,1
42.67,-82.92,1
42.67,-82.92,1
42.67,-82.92,1
42.67,-82.92,1
42.67,-82.92,1
42.67,-82.92,1
42.67,-82.92,1
42.67,-82.92,1
42.67,-82.92,1
42.67,-82.92,1
42.67,-82.92,1
42.67,-82.92,1
42.67,-82.92,1
42.67,-82.92,1
42.67,-82.92,1
42.67,-82.92,1
42.67,-82.92,1
42.67,-82.92,1
42.67,-82.92,1
42.67,-82.92,1
42.67,-82.92,1
42.67,-82.92,1
42.67,-82.92,1
42.67,-82.92,1
42.67,-82.92,1
42.67,-82.92,1
42.67,-82.92,1
42.67,-82.92,1
42.67,-82.92,1
42.67,-82.92,1
42.67,-82.92,1
42.67,-82.92,1
42.67,-82.92,1
42.67,-82.92,1
42.67,-82.92,1
42.67,-82.92,1
42.67,-82.92,1
42.67,-82.92,1
42.67,-82.92,1
42.67,-82.92,1
42.67,-82.92,1
42.67,-82.92,1
42.67,-82.92,1
42.67,-82.92,1
42.67,-82.92,1
42.67,-82.92,1
42.67,-82.92,1
42.67,-82.92,1
42.67,-82.92,1
42.67,-82.92,1
42.67,-82.92,1
42.67,-82.92,1
42.67,-82.92,1
42.67,-82.92,1
42.67,-82.92,1
42.67,-82.92,1
42.67,-82.92,1
42.67,-82.92,1
42.67,-82.92,1
42.67,-82.92,1
42.67,-82.92,1
42.67,-82.92,1
42.67,-82.92,1
42.67,-82.92,1
42.67,-82.92,1
42.67,-82.92,1
42.67,-82.92,1
42.67,-82.92,1
42.67,-82.92,1
42.67,-82.92,1
42.67,-82.92,1
42.67,-82.92,1
42.67,-82.92,1
42.67,-82.92,1
42.67,-82.92,1
42.67,-82.92,1
42.67,-82.92,1
42.67,-82.92,1
42.67,-82.92,1
42.67,-82.92,1
42.67,-82.92,1
42.67,-82.92,1
42.67,-82.92,1
42.67,-82.92,1
42.67,-82.92,1
42.67,-82.92,1
42.67,-82.92,1
42.67,-82.92,1
42.67,-82.92,1
42.67,-82.92,1
42.67,-82.92,1
42.67,-82.92,1
42.67,-82.92,1
42.67,-82.92,1
42.67,-82.92,1
42.67,-82.92,1
42.67,-82.92,1
42.67,-82.92,1
42.67,-82.92,1
42.67,-82.92,1
42.67,-82.92,1
42.67,-82.92,1
42.67,-82.92,1
42.67,-82.92,1
42.67,-82.92,1
42.67,-82.92,1
42.67,-82.92,1
42.67,-82.92,1
42.67,-82.92,1
42.67,-82.92,1
42.67,-82.92,1
42.67,-82.92,1
42.67,-82.92,1
42.67,-82.92,1
42.67,-82.92,1
42.67,-82.92,1
42.67,-82.92,1
42.67,-82.92,1
42.67,-82.92,1
42.67,-82.92,1
42.67,-82.92,1
42.67,-82.92,1
42.67,-82.92,1
42.67,-82.92,1
42.67,-82.92,1
42.67,-82.92,1
42.67,-82.92,1
42.67,-82.92,1
42.67,-82.92,1
42.67,-82.92,1
42.67,-82.92,1
42.67,-82.92,1
42.67,-82.92,1
42.67,-82.92,1
42.67,-82.92,1
42.67,-82.92,1
42.67,-82.92,1
42.67,-82.92,1
42.67,-82.92,1
42.67,-82.92,1
42.67,-82.92,1
42.67,-82.92,1
42.67,-82.92,1
42.67,-82.92,1
42.67,-82.92,1
42.67,-82.92,1
42.67,-82.92,1
42.67,-82.92,1
42.67,-82.92,1
42.67,-82.92,1
42.67,-82.92,1
42.67,-82.92,1
42.67,-82.92,1
42.67,-82.92,1
42.67,-82.92,1
42.67,-82.92,1
42.67,-82.92,1
42.67,-82.92,1
42.67,-82.92,1
42.67,-82.92,1
42.67,-82.92,1
42.67,-82.92,1
42.67,-82.92,1
42.67,-82.92,1
42.67,-82.92,1
42.67,-82.92,1
42.67,-82.92,1
42.67,-82.92,1
42.67,-82.92,1
42.67,-82.92,1
42.67,-82.92,1
42.67,-82.92,1
42.67,-82.92,1
42.67,-82.92,1
42.67,-82.92,1
42.67,-82.92,1
42.67,-82.92,1
42.67,-82.92,1
42.67,-82.92,1
42.67,-82.92,1
42.67,-82.92,1
42.67,-82.92,1
42.67,-82.92,1
42.67,-82.92,1
42.67,-82.92,1
42.67,-82.92,1
42.67,-82.92,1
42.67,-82.92,1
42.67,-82.92,1
42.67,-82.92,1
42.67,-82.92,1
42.67,-82.92,1
42.67,-82.92,1
42.67,-82.92,1
42.67,-82.92,1
42.67,-82.92,1
42.67,-82.92,1
42.67,-82.92,1
42.67,-82.92,1
42.67,-82.92,1
42.67,-82.92,1
42.67,-82.92,1
42.67,-82.92,1
42.67,-82.92,1
42.67,-82.92,1
42.67,-82.92,1
42.67,-82.92,1
42.67,-82.92,1
42.67,-82.92,1
42.67,-82.92,1
42.67,-82.92,1
42.67,-82.92,1
42.67,-82.92,1
42.67,-82.92,1
42.67,-82.92,1
42.67,-82.92,1
42.67,-82.92,1
42.67,-82.92,1
42.67,-82.92,1
42.67,-82.92,1
42.67,-82.92,1
42.67,-82.92,1
42.67,-82.92,1
42.67,-82.92,1
42.67,-82.92,1
42.67,-82.92,1
42.67,-82.92,1
42.67,-82.92,1
42.67,-82.92,1
42.67,-82.92,1
42.67,-82.92,1
42.67,-82.92,1
42.67,-82.92,1
42.67,-82.92,1
42.67,-82.92,1
42.67,-82.92,1
42.67,-82.92,1
42.67,-82.92,1
42.67,-82.92,1
42.67,-82.92,1
42.67,-82.92,1
42.67,-82.92,1
42.67,-82.92,1
42.67,-82.92,1
42.67,-82.92,1
42.67,-82.92,1
42.67,-82.92,1
42.67,-82.92,1
42.67,-82.92,1
42.67,-82.92,1
42.67,-82.92,1
42.67,-82.92,1
42.67,-82.92,1
42.67,-82.92,1
42.67,-82.92,1
42.67,-82.92,1
42.67,-82.92,1
42.67,-82.92,1
42.67,-82.92,1
42.67,-82.92,1
42.67,-82.92,1
42.67,-82.92,1
42.67,-82.92,1
42.67,-82.92,1
42.67,-82.92,1
42.67,-82.92,1
42.67,-82.92,1
42.67,-82.92,1
42.67,-82.92,1
42.67,-82.92,1
42.67,-82.92,1
42.67,-82.92,1
42.67,-82.92,1
42.67,-82.92,1
42.67,-82.92,1
42.67,-82.92,1
42.67,-82.92,1
42.67,-82.92,1
42.67,-82.92,1
42.67,-82.92,1
42.67,-82.92,1
42.67,-82.92,1
42.67,-82.92,1
42.67,-82.92,1
42.67,-82.92,1
42.67,-82.92,1
42.67,-82.92,1
42.67,-82.92,1
42.67,-82.92,1
42.67,-82.92,1
42.67,-82.92,1
42.67,-82.92,1
42.67,-82.92,1
42.67,-82.92,1
42.67,-82.92,1
42.67,-82.92,1
42.67,-82.92,1
42.67,-82.92,1
42.67,-82.92,1
42.67,-82.92,1
42.67,-82.92,1
42.67,-82.92,1
42.67,-82.92,1
42.67,-82.92,1
42.67,-82.92,1
42.67,-82.92,1
42.67,-82.92,1
42.67,-82.92,1
42.67,-82.92,1
42.67,-82.92,1
42.67,-82.92,1
42.67,-82.92,1
42.67,-82.92,1
42.67,-82.92,1
42.67,-82.92,1
42.67,-82.92,1
42.67,-82.92,1
42.67,-82.92,1
42.67,-82.92,1
42.67,-82.92,1
42.67,-82.92,1
42.67,-82.92,1
42.67,-82.92,1
42.67,-82.92,1
42.67,-82.92,1
42.67,-82.92,1
42.67,-82.92,1
42.67,-82.92,1
42.67,-82.92,1
42.67,-82.92,1
42.67,-82.92,1
42.67,-82.92,1
42.67,-82.92,1
42.67,-82.92,1
42.67,-82.92,1
42.67,-82.92,1
42.67,-82.92,1
42.67,-82.92,1
42.67,-82.92,1
42.67,-82.92,1
42.67,-82.92,1
42.67,-82.92,1
42.67,-82.92,1
42.67,-82.92,1
42.67,-82.92,1
42.67,-82.92,1
42.67,-82.92,1
42.67,-82.92,1
42.67,-82.92,1
42.67,-82.92,1
42.67,-82.92,1
42.67,-82.92,1
42.67,-82.92,1
42.67,-82.92,1
42.67,-82.92,1
42.67,-82.92,1
42.67,-82.92,1
42.67,-82.92,1
42.67,-82.92,1
42.67,-82.92,1
42.67,-82.92,1
42.67,-82.92,1
42.67,-82.92,1
42.67,-82.92,1
42.67,-82.92,1
42.67,-82.92,1
42.67,-82.92,1
42.67,-82.92,1
42.67,-82.92,1
42.67,-82.92,1
42.67,-82.92,1
42.67,-82.92,1
42.67,-82.92,1
42.67,-82.92,1
42.67,-82.92,1
42.67,-82.92,1
42.67,-82.92,1
42.67,-82.92,1
42.67,-82.92,1
42.67,-82.92,1
42.67,-82.92,1
42.67,-82.92,1
42.67,-82.92,1
42.67,-82.92,1
42.67,-82.92,1
42.67,-82.92,1
42.67,-82.92,1
42.67,-82.92,1
42.67,-82.92,1
42.67,-82.92,1
42.67,-82.92,1
42.67,-82.92,1
42.67,-82.92,1
42.67,-82.92,1
42.67,-82.92,1
42.67,-82.92,1
42.67,-82.92,1
42.67,-82.92,1
42.67,-82.92,1
42.67,-82.92,1
42.67,-82.92,1
42.67,-82.92,1
42.67,-82.92,1
42.67,-82.92,1
42.67,-82.92,1
42.67,-82.92,1
42.67,-82.92,1
42.67,-82.92,1
42.67,-82.92,1
42.67,-82.92,1
42.67,-82.92,1
42.67,-82.92,1
42.67,-82.92,1
42.67,-82.92,1
42.67,-82.92,1
42.67,-82.92,1
42.67,-82.92,1
42.67,-82.92,1
42.67,-82.92,1
42.67,-82.92,1
42.67,-82.92,1
42.67,-82.92,1
42.67,-82.92,1
42.67,-82.92,1
42.67,-82.92,1
42.67,-82.92,1
42.67,-82.92,1
42.67,-82.92,1
42.67,-82.92,1
42.67,-82.92,1
42.67,-82.92,1
42.67,-82.92,1
42.67,-82.92,1
42.67,-82.92,1
42.67,-82.92,1
42.67,-82.92,1
42.67,-82.92,1
42.67,-82.92,1
42.67,-82.92,1
42.67,-82.92,1
42.67,-82.92,1
42.67,-82.92,1
42.67,-82.92,1
42.67,-82.92,1
42.67,-82.92,1
42.67,-82.92,1
42.67,-82.92,1
42.67,-82.92,1
42.67,-82.92,1
42.67,-82.92,1
42.67,-82.92,1
42.67,-82.92,1
42.67,-82.92,1
42.67,-82.92,1
42.67,-82.92,1
42.67,-82.92,1
42.67,-82.92,1
42.67,-82.92,1
42.67,-82.92,1
42.67,-82.92,1
42.67,-82.92,1
42.67,-82.92,1
42.67,-82.92,1
42.67,-82.92,1
42.67,-82.92,1
42.67,-82.92,1
42.67,-82.92,1
42.67,-82.92,1
42.67,-82.92,1
42.67,-82.92,1
42.67,-82.92,1
42.67,-82.92,1
42.67,-82.92,1
42.67,-82.92,1
42.67,-82.92,1
42.67,-82.92,1
42.67,-82.92,1
42.67,-82.92,1
42.67,-82.92,1
42.67,-82.92,1
42.67,-82.92,1
42.67,-82.92,1
42.67,-82.92,1
42.67,-82.92,1
42.67,-82.92,1
42.67,-82.92,1
42.67,-82.92,1
42.67,-82.92,1
42.67,-82.92,1
42.67,-82.92,1
42.67,-82.92,1
42.67,-82.92,1
42.67,-82.92,1
42.67,-82.92,1
42.67,-82.92,1
42.67,-82.92,1
42.67,-82.92,1
42.67,-82.92,1
42.67,-82.92,1
42.67,-82.92,1
42.67,-82.92,1
42.67,-82.92,1
42.67,-82.92,1
42.67,-82.92,1
42.67,-82.92,1
42.67,-82.92,1
42.67,-82.92,1
42.67,-82.92,1
42.67,-82.92,1
42.67,-82.92,1
42.67,-82.92,1
42.67,-82.92,1
42.67,-82.92,1
42.67,-82.92,1
42.67,-82.92,1
42.67,-82.92,1
42.67,-82.92,1
42.67,-82.92,1
42.67,-82.92,1
42.67,-82.92,1
42.67,-82.92,1
42.67,-82.92,1
42.67,-82.92,1
42.67,-82.92,1
42.67,-82.92,1
42.67,-82.92,1
42.67,-82.92,1
42.67,-82.92,1
42.67,-82.92,1
42.67,-82.92,1
42.67,-82.92,1
42.67,-82.92,1
42.67,-82.92,1
42.67,-82.92,1
42.67,-82.92,1
42.67,-82.92,1
42.67,-82.92,1
42.67,-82.92,1
42.67,-82.92,1
42.67,-82.92,1
42.67,-82.92,1
42.67,-82.92,1
42.67,-82.92,1
42.67,-82.92,1
42.67,-82.92,1
42.67,-82.92,1
42.67,-82.92,1
42.67,-82.92,1
42.67,-82.92,1
42.67,-82.92,1
42.67,-82.92,1
42.67,-82.92,1
42.67,-82.92,1
42.67,-82.92,1
42.67,-82.92,1
42.67,-82.92,1
42.67,-82.92,1
42.67,-82.92,1
42.67,-82.92,1
42.67,-82.92,1
42.67,-82.92,1
42.67,-82.92,1
42.67,-82.92,1
42.67,-82.92,1
42.67,-82.92,1
42.67,-82.92,1
42.67,-82.92,1
42.67,-82.92,1
42.67,-82.92,1
42.67,-82.92,1
42.67,-82.92,1
42.67,-82.92,1
42.67,-82.92,1
42.67,-82.92,1
42.67,-82.92,1
42.67,-82.92,1
42.67,-82.92,1
42.67,-82.92,1
42.67,-82.92,1
42.67,-82.92,1
42.67,-82.92,1
42.67,-82.92,1
42.67,-82.92,1
42.67,-82.92,1
42.67,-82.92,1
42.67,-82.92,1
42.67,-82.92,1
42.67,-82.92,1
42.67,-82.92,1
42.67,-82.92,1
42.67,-82.92,1
42.67,-82.92,1
42.67,-82.92,1
42.67,-82.92,1
42.67,-82.92,1
42.67,-82.92,1
42.67,-82.92,1
42.67,-82.92,1
42.67,-82.92,1
42.67,-82.92,1
42.67,-82.92,1
42.67,-82.92,1
42.67,-82.92,1
42.67,-82.92,1
42.67,-82.92,1
42.67,-82.92,1
42.67,-82.92,1
42.67,-82.92,1
42.67,-82.92,1
42.67,-82.92,1
42.67,-82.92,1
42.67,-82.92,1
42.67,-82.92,1
42.67,-82.92,1
42.67,-82.92,1
42.67,-82.92,1
42.67,-82.92,1
42.67,-82.92,1
42.67,-82.92,1
42.67,-82.92,1
42.67,-82.92,1
42.67,-82.92,1
42.67,-82.92,1
42.67,-82.92,1
42.67,-82.92,1
42.67,-82.92,1
42.67,-82.92,1
42.67,-82.92,1
42.67,-82.92,1
42.67,-82.92,1
42.67,-82.92,1
42.67,-82.92,1
42.67,-82.92,1
42.67,-82.92,1
42.67,-82.92,1
42.67,-82.92,1
42.67,-82.92,1
42.67,-82.92,1
42.67,-82.92,1
42.67,-82.92,1
42.67,-82.92,1
42.67,-82.92,1
42.67,-82.92,1
42.67,-82.92,1
42.67,-82.92,1
42.67,-82.92,1
42.67,-82.92,1
42.67,-82.92,1
42.67,-82.92,1
42.67,-82.92,1
42.67,-82.92,1
42.67,-82.92,1
42.67,-82.92,1
42.67,-82.92,1
42.67,-82.92,1
42.67,-82.92,1
42.67,-82.92,1
42.67,-82.92,1
42.67,-82.92,1
42.67,-82.92,1
42.67,-82.92,1
42.67,-82.92,1
42.67,-82.92,1
42.67,-82.92,1
42.67,-82.92,1
42.67,-82.92,1
42.67,-82.92,1
42.67,-82.92,1
42.67,-82.92,1
42.67,-82.92,1
42.67,-82.92,1
42.67,-82.92,1
42.67,-82.92,1
42.67,-82.92,1
42.67,-82.92,1
42.67,-82.92,1
42.67,-82.92,1
42.67,-82.92,1
42.67,-82.92,1
42.67,-82.92,1
42.67,-82.92,1
42.67,-82.92,1
42.67,-82.92,1
42.67,-82.92,1
42.67,-82.92,1
42.67,-82.92,1
42.67,-82.92,1
42.67,-82.92,1
42.67,-82.92,1
42.67,-82.92,1
42.67,-82.92,1
42.67,-82.92,1
42.67,-82.92,1
42.67,-82.92,1
42.67,-82.92,1
42.67,-82.92,1
42.67,-82.92,1
42.67,-82.92,1
42.67,-82.92,1
42.67,-82.92,1
42.67,-82.92,1
42.67,-82.92,1
42.67,-82.92,1
42.67,-82.92,1
42.67,-82.92,1
42.67,-82.92,1
42.67,-82.92,1
42.67,-82.92,1
42.67,-82.92,1
42.67,-82.92,1
42.67,-82.92,1
42.67,-82.92,1
42.67,-82.92,1
42.67,-82.92,1
42.67,-82.92,1
42.67,-82.92,1
42.67,-82.92,1
42.67,-82.92,1
42.67,-82.92,1
42.67,-82.92,1
42.67,-82.92,1
42.67,-82.92,1
42.67,-82.92,1
42.67,-82.92,1
42.67,-82.92,1
42.67,-82.92,1
42.67,-82.92,1
42.67,-82.92,1
42.67,-82.92,1
42.67,-82.92,1
42.67,-82.92,1
42.67,-82.92,1
42.67,-82.92,1
42.67,-82.92,1
42.67,-82.92,1
42.67,-82.92,1
42.67,-82.92,1
42.67,-82.92,1
42.67,-82.92,1
42.67,-82.92,1
42.67,-82.92,1
42.67,-82.92,1
42.67,-82.92,1
42.67,-82.92,1
42.67,-82.92,1
42.67,-82.92,1
42.67,-82.92,1
42.67,-82.92,1
42.67,-82.92,1
42.67,-82.92,1
42.67,-82.92,1
42.67,-82.92,1
42.67,-82.92,1
42.67,-82.92,1
42.67,-82.92,1
42.67,-82.92,1
42.67,-82.92,1
42.67,-82.92,1
42.67,-82.92,1
42.67,-82.92,1
42.67,-82.92,1
42.67,-82.92,1
42.67,-82.92,1
42.67,-82.92,1
42.67,-82.92,1
42.67,-82.92,1
42.67,-82.92,1
42.67,-82.92,1
42.67,-82.92,1
42.67,-82.92,1
42.67,-82.92,1
42.67,-82.92,1
42.67,-82.92,1
42.67,-82.92,1
42.67,-82.92,1
42.67,-82.92,1
42.67,-82.92,1
42.67,-82.92,1
42.67,-82.92,1
42.67,-82.92,1
42.67,-82.92,1
42.67,-82.92,1
42.67,-82.92,1
42.67,-82.92,1
42.67,-82.92,1
42.67,-82.92,1
42.67,-82.92,1
42.67,-82.92,1
42.67,-82.92,1
42.67,-82.92,1
42.67,-82.92,1
42.67,-82.92,1
42.67,-82.92,1
42.67,-82.92,1
42.67,-82.92,1
42.67,-82.92,1
42.67,-82.92,1
42.67,-82.92,1
42.67,-82.92,1
42.67,-82.92,1
42.67,-82.92,1
42.67,-82.92,1
42.67,-82.92,1
42.67,-82.92,1
42.67,-82.92,1
42.67,-82.92,1
42.67,-82.92,1
42.67,-82.92,1
42.67,-82.92,1
42.67,-82.92,1
42.67,-82.92,1
42.67,-82.92,1
42.67,-82.92,1
42.67,-82.92,1
42.67,-82.92,1
42.67,-82.92,1
42.67,-82.92,1
42.67,-82.92,1
42.67,-82.92,1
42.67,-82.92,1
42.67,-82.92,1
42.67,-82.92,1
42.67,-82.92,1
42.67,-82.92,1
42.67,-82.92,1
42.67,-82.92,1
42.67,-82.92,1
42.67,-82.92,1
42.67,-82.92,1
42.67,-82.92,1
42.67,-82.92,1
42.67,-82.92,1
42.67,-82.92,1
42.67,-82.92,1
42.67,-82.92,1
42.67,-82.92,1
42.67,-82.92,1
42.67,-82.92,1
42.67,-82.92,1
42.67,-82.92,1
42.67,-82.92,1
42.67,-82.92,1
42.67,-82.92,1
42.67,-82.92,1
42.67,-82.92,1
42.67,-82.92,1
42.67,-82.92,1
42.67,-82.92,1
42.67,-82.92,1
42.67,-82.92,1
42.67,-82.92,1
42.67,-82.92,1
42.67,-82.92,1
42.67,-82.92,1
42.67,-82.92,1
42.67,-82.92,1
42.67,-82.92,1
42.67,-82.92,1
42.67,-82.92,1
42.67,-82.92,1
42.67,-82.92,1
42.67,-82.92,1
42.67,-82.92,1
42.67,-82.92,1
42.67,-82.92,1
42.67,-82.92,1
42.67,-82.92,1
42.67,-82.92,1
42.67,-82.92,1
42.67,-82.92,1
42.67,-82.92,1
42.67,-82.92,1
42.67,-82.92,1
42.67,-82.92,1
42.67,-82.92,1
42.67,-82.92,1
42.67,-82.92,1
42.67,-82.92,1
42.67,-82.92,1
42.67,-82.92,1
42.67,-82.92,1
42.67,-82.92,1
42.67,-82.92,1
42.67,-82.92,1
42.67,-82.92,1
42.67,-82.92,1
42.67,-82.92,1
42.67,-82.92,1
42.67,-82.92,1
42.67,-82.92,1
42.67,-82.92,1
42.67,-82.92,1
42.67,-82.92,1
42.67,-82.92,1
42.67,-82.92,1
42.67,-82.92,1
42.67,-82.92,1
42.67,-82.92,1
42.67,-82.92,1
42.67,-82.92,1
42.67,-82.92,1
42.67,-82.92,1
42.67,-82.92,1
42.67,-82.92,1
42.67,-82.92,1
42.67,-82.92,1
42.67,-82.92,1
42.67,-82.92,1
42.67,-82.92,1
42.67,-82.92,1
42.67,-82.92,1
42.67,-82.92,1
42.67,-82.92,1
42.67,-82.92,1
42.67,-82.92,1
42.67,-82.92,1
42.67,-82.92,1
42.67,-82.92,1
42.67,-82.92,1
42.67,-82.92,1
42.67,-82.92,1
42.67,-82.92,1
42.67,-82.92,1
42.67,-82.92,1
42.67,-82.92,1
42.67,-82.92,1
42.67,-82.92,1
42.67,-82.92,1
42.67,-82.92,1
42.67,-82.92,1
42.67,-82.92,1
42.67,-82.92,1
42.67,-82.92,1
42.67,-82.92,1
42.67,-82.92,1
42.67,-82.92,1
42.67,-82.92,1
42.67,-82.92,1
42.67,-82.92,1
42.67,-82.92,1
42.67,-82.92,1
42.67,-82.92,1
42.67,-82.92,1
42.67,-82.92,1
42.67,-82.92,1
42.67,-82.92,1
42.67,-82.92,1
42.67,-82.92,1
42.67,-82.92,1
42.67,-82.92,1
42.67,-82.92,1
42.67,-82.92,1
42.67,-82.92,1
42.67,-82.92,1
42.67,-82.92,1
42.67,-82.92,1
42.67,-82.92,1
42.67,-82.92,1
42.67,-82.92,1
42.67,-82.92,1
42.67,-82.92,1
42.67,-82.92,1
42.67,-82.92,1
42.67,-82.92,1
42.67,-82.92,1
42.67,-82.92,1
42.67,-82.92,1
42.67,-82.92,1
42.67,-82.92,1
42.67,-82.92,1
42.67,-82.92,1
42.67,-82.92,1
42.67,-82.92,1
42.67,-82.92,1
42.67,-82.92,1
42.67,-82.92,1
42.67,-82.92,1
42.67,-82.92,1
42.67,-82.92,1
42.67,-82.92,1
42.67,-82.92,1
42.67,-82.92,1
42.67,-82.92,1
42.67,-82.92,1
42.67,-82.92,1
42.67,-82.92,1
42.67,-82.92,1
42.67,-82.92,1
42.67,-82.92,1
42.67,-82.92,1
42.67,-82.92,1
42.67,-82.92,1
42.67,-82.92,1
42.67,-82.92,1
42.67,-82.92,1
42.67,-82.92,1
42.67,-82.92,1
42.67,-82.92,1
42.67,-82.92,1
42.67,-82.92,1
42.67,-82.92,1
42.67,-82.92,1
42.67,-82.92,1
42.67,-82.92,1
42.67,-82.92,1
42.67,-82.92,1
42.67,-82.92,1
42.67,-82.92,1
42.67,-82.92,1
42.67,-82.92,1
42.67,-82.92,1
42.67,-82.92,1
42.67,-82.92,1
42.67,-82.92,1
42.67,-82.92,1
42.67,-82.92,1
42.67,-82.92,1
42.67,-82.92,1
42.67,-82.92,1
42.67,-82.92,1
42.67,-82.92,1
42.67,-82.92,1
42.67,-82.92,1
42.67,-82.92,1
42.67,-82.92,1
42.67,-82.92,1
42.67,-82.92,1
42.67,-82.92,1
42.67,-82.92,1
42.67,-82.92,1
42.67,-82.92,1
42.67,-82.92,1
42.67,-82.92,1
42.67,-82.92,1
42.67,-82.92,1
42.67,-82.92,1
42.67,-82.92,1
42.67,-82.92,1
42.67,-82.92,1
42.67,-82.92,1
42.67,-82.92,1
42.67,-82.92,1
42.67,-82.92,1
42.67,-82.92,1
42.67,-82.92,1
42.67,-82.92,1
42.67,-82.92,1
42.67,-82.92,1
42.67,-82.92,1
42.67,-82.92,1
42.67,-82.92,1
42.67,-82.92,1
42.67,-82.92,1
42.67,-82.92,1
42.67,-82.92,1
42.67,-82.92,1
42.67,-82.92,1
42.67,-82.92,1
42.67,-82.92,1
42.67,-82.92,1
42.67,-82.92,1
42.67,-82.92,1
42.67,-82.92,1
42.67,-82.92,1
42.67,-82.92,1
42.67,-82.92,1
42.67,-82.92,1
42.67,-82.92,1
42.67,-82.92,1
42.67,-82.92,1
42.67,-82.92,1
42.67,-82.92,1
42.67,-82.92,1
42.67,-82.92,1
42.67,-82.92,1
42.67,-82.92,1
42.67,-82.92,1
42.67,-82.92,1
42.67,-82.92,1
42.67,-82.92,1
42.67,-82.92,1
42.67,-82.92,1
42.67,-82.92,1
42.67,-82.92,1
42.67,-82.92,1
42.67,-82.92,1
42.67,-82.92,1
42.67,-82.92,1
42.67,-82.92,1
42.67,-82.92,1
42.67,-82.92,1
42.67,-82.92,1
42.67,-82.92,1
42.67,-82.92,1
42.67,-82.92,1
42.67,-82.92,1
42.67,-82.92,1
42.67,-82.92,1
42.67,-82.92,1
42.67,-82.92,1
42.67,-82.92,1
42.67,-82.92,1
42.67,-82.92,1
42.67,-82.92,1
42.67,-82.92,1
42.67,-82.92,1
42.67,-82.92,1
42.67,-82.92,1
42.67,-82.92,1
42.67,-82.92,1
42.67,-82.92,1
42.67,-82.92,1
42.67,-82.92,1
42.67,-82.92,1
42.67,-82.92,1
42.67,-82.92,1
42.67,-82.92,1
42.67,-82.92,1
42.67,-82.92,1
42.67,-82.92,1
42.67,-82.92,1
42.67,-82.92,1
42.67,-82.92,1
42.67,-82.92,1
42.67,-82.92,1
42.67,-82.92,1
42.67,-82.92,1
42.67,-82.92,1
42.67,-82.92,1
42.67,-82.92,1
42.67,-82.92,1
42.67,-82.92,1
42.67,-82.92,1
42.67,-82.92,1
42.67,-82.92,1
42.67,-82.92,1
42.67,-82.92,1
42.67,-82.92,1
42.67,-82.92,1
42.67,-82.92,1
42.67,-82.92,1
42.67,-82.92,1
42.67,-82.92,1
42.67,-82.92,1
42.67,-82.92,1
42.67,-82.92,1
42.67,-82.92,1
42.67,-82.92,1
42.67,-82.92,1
42.67,-82.92,1
42.67,-82.92,1
42.67,-82.92,1
42.67,-82.92,1
42.67,-82.92,1
42.67,-82.92,1
42.67,-82.92,1
42.67,-82.92,1
42.67,-82.92,1
42.67,-82.92,1
42.67,-82.92,1
42.67,-82.92,1
42.67,-82.92,1
42.67,-82.92,1
42.67,-82.92,1
42.67,-82.92,1
42.67,-82.92,1
42.67,-82.92,1
42.67,-82.92,1
42.67,-82.92,1
42.67,-82.92,1
42.67,-82.92,1
42.67,-82.92,1
42.67,-82.92,1
42.67,-82.92,1
42.67,-82.92,1
42.67,-82.92,1
42.67,-82.92,1
42.67,-82.92,1
42.67,-82.92,1
42.67,-82.92,1
42.67,-82.92,1
42.67,-82.92,1
42.67,-82.92,1
42.67,-82.92,1
42.67,-82.92,1
42.67,-82.92,1
42.67,-82.92,1
42.67,-82.92,1
42.67,-82.92,1
42.67,-82.92,1
42.67,-82.92,1
42.67,-82.92,1
42.67,-82.92,1
42.67,-82.92,1
42.67,-82.92,1
42.67,-82.92,1
42.67,-82.92,1
42.67,-82.92,1
42.67,-82.92,1
42.67,-82.92,1
42.67,-82.92,1
42.67,-82.92,1
42.67,-82.92,1
42.67,-82.92,1
42.67,-82.92,1
42.67,-82.92,1
42.67,-82.92,1
42.67,-82.92,1
42.67,-82.92,1
42.67,-82.92,1
42.67,-82.92,1
42.67,-82.92,1
42.67,-82.92,1
42.67,-82.92,1
42.67,-82.92,1
42.67,-82.92,1
42.67,-82.92,1
42.67,-82.92,1
42.67,-82.92,1
42.67,-82.92,1
42.67,-82.92,1
42.67,-82.92,1
42.67,-82.92,1
42.67,-82.92,1
42.67,-82.92,1
42.67,-82.92,1
42.67,-82.92,1
42.67,-82.92,1
42.67,-82.92,1
42.67,-82.92,1
42.67,-82.92,1
42.67,-82.92,1
42.67,-82.92,1
42.67,-82.92,1
42.67,-82.92,1
42.67,-82.92,1
42.67,-82.92,1
42.67,-82.92,1
42.67,-82.92,1
42.67,-82.92,1
42.67,-82.92,1
42.67,-82.92,1
42.67,-82.92,1
42.67,-82.92,1
42.67,-82.92,1
42.67,-82.92,1
42.67,-82.92,1
42.67,-82.92,1
42.67,-82.92,1
42.67,-82.92,1
42.67,-82.92,1
42.67,-82.92,1
42.67,-82.92,1
42.67,-82.92,1
42.67,-82.92,1
42.67,-82.92,1
42.67,-82.92,1
42.67,-82.92,1
42.67,-82.92,1
42.67,-82.92,1
42.67,-82.92,1
42.67,-82.92,1
42.67,-82.92,1
42.67,-82.92,1
42.67,-82.92,1
42.67,-82.92,1
42.67,-82.92,1
42.67,-82.92,1
42.67,-82.92,1
42.67,-82.92,1
42.67,-82.92,1
42.67,-82.92,1
42.67,-82.92,1
42.67,-82.92,1
42.67,-82.92,1
42.67,-82.92,1
42.67,-82.92,1
42.67,-82.92,1
42.67,-82.92,1
42.67,-82.92,1
42.67,-82.92,1
42.67,-82.92,1
42.67,-82.92,1
42.67,-82.92,1
42.67,-82.92,1
42.67,-82.92,1
42.67,-82.92,1
42.67,-82.92,1
42.67,-82.92,1
42.67,-82.92,1
42.67,-82.92,1
42.67,-82.92,1
42.67,-82.92,1
42.67,-82.92,1
42.67,-82.92,1
42.67,-82.92,1
42.67,-82.92,1
42.67,-82.92,1
42.67,-82.92,1
42.67,-82.92,1
42.67,-82.92,1
42.67,-82.92,1
42.67,-82.92,1
42.67,-82.92,1
42.67,-82.92,1
42.67,-82.92,1
42.67,-82.92,1
42.67,-82.92,1
42.67,-82.92,1
42.67,-82.92,1
42.67,-82.92,1
42.67,-82.92,1
42.67,-82.92,1
42.67,-82.92,1
42.67,-82.92,1
42.67,-82.92,1
42.67,-82.92,1
42.67,-82.92,1
42.67,-82.92,1
42.67,-82.92,1
42.67,-82.92,1
42.67,-82.92,1
42.67,-82.92,1
42.67,-82.92,1
42.67,-82.92,1
42.67,-82.92,1
42.67,-82.92,1
42.67,-82.92,1
42.67,-82.92,1
42.67,-82.92,1
42.67,-82.92,1
42.67,-82.92,1
42.67,-82.92,1
42.67,-82.92,1
42.67,-82.92,1
42.67,-82.92,1
42.67,-82.92,1
42.67,-82.92,1
42.67,-82.92,1
42.67,-82.92,1
42.67,-82.92,1
42.67,-82.92,1
42.67,-82.92,1
42.67,-82.92,1
42.67,-82.92,1
42.67,-82.92,1
42.67,-82.92,1
42.67,-82.92,1
42.67,-82.92,1
42.67,-82.92,1
42.67,-82.92,1
42.67,-82.92,1
42.67,-82.92,1
42.67,-82.92,1
42.67,-82.92,1
42.67,-82.92,1
42.67,-82.92,1
42.67,-82.92,1
42.67,-82.92,1
42.67,-82.92,1
42.67,-82.92,1
42.67,-82.92,1
42.67,-82.92,1
42.67,-82.92,1
42.67,-82.92,1
42.67,-82.92,1
42.67,-82.92,1
42.67,-82.92,1
42.67,-82.92,1
42.67,-82.92,1
42.67,-82.92,1
42.67,-82.92,1
42.67,-82.92,1
42.67,-82.92,1
42.67,-82.92,1
42.67,-82.92,1
42.67,-82.92,1
42.67,-82.92,1
42.67,-82.92,1
42.67,-82.92,1
42.67,-82.92,1
42.67,-82.92,1
42.67,-82.92,1
42.67,-82.92,1
42.67,-82.92,1
42.67,-82.92,1
42.67,-82.92,1
42.67,-82.92,1
42.67,-82.92,1
42.67,-82.92,1
42.67,-82.92,1
42.67,-82.92,1
42.67,-82.92,1
42.67,-82.92,1
42.67,-82.92,1
42.67,-82.92,1
42.67,-82.92,1
42.67,-82.92,1
42.67,-82.92,1
42.67,-82.92,1
42.67,-82.92,1
42.67,-82.92,1
42.67,-82.92,1
42.67,-82.92,1
42.67,-82.92,1
42.67,-82.92,1
42.67,-82.92,1
42.67,-82.92,1
42.67,-82.92,1
42.67,-82.92,1
42.67,-82.92,1
42.67,-82.92,1
42.67,-82.92,1
42.67,-82.92,1
42.67,-82.92,1
42.67,-82.92,1
42.67,-82.92,1
42.67,-82.92,1
42.67,-82.92,1
42.67,-82.92,1
42.67,-82.92,1
42.67,-82.92,1
42.67,-82.92,1
42.67,-82.92,1
42.67,-82.92,1
42.67,-82.92,1
42.67,-82.92,1
42.67,-82.92,1
42.67,-82.92,1
42.67,-82.92,1
42.67,-82.92,1
42.67,-82.92,1
42.67,-82.92,1
42.67,-82.92,1
42.67,-82.92,1
42.67,-82.92,1
42.67,-82.92,1
42.67,-82.92,1
42.67,-82.92,1
42.67,-82.92,1
42.67,-82.92,1
42.67,-82.92,1
42.67,-82.92,1
42.67,-82.92,1
42.67,-82.92,1
42.67,-82.92,1
42.67,-82.92,1
42.67,-82.92,1
42.67,-82.92,1
42.67,-82.92,1
42.67,-82.92,1
42.67,-82.92,1
42.67,-82.92,1
42.67,-82.92,1
42.67,-82.92,1
42.67,-82.92,1
42.67,-82.92,1
42.67,-82.92,1
42.67,-82.92,1
42.67,-82.92,1
42.67,-82.92,1
42.67,-82.92,1
42.67,-82.92,1
42.67,-82.92,1
42.67,-82.92,1
42.67,-82.92,1
42.67,-82.92,1
42.67,-82.92,1
42.67,-82.92,1
42.67,-82.92,1
42.67,-82.92,1
42.67,-82.92,1
42.67,-82.92,1
42.67,-82.92,1
42.67,-82.92,1
42.67,-82.92,1
42.67,-82.92,1
42.67,-82.92,1
42.67,-82.92,1
42.67,-82.92,1
42.67,-82.92,1
42.67,-82.92,1
42.67,-82.92,1
42.67,-82.92,1
42.67,-82.92,1
42.67,-82.92,1
42.67,-82.92,1
42.67,-82.92,1
42.67,-82.92,1
42.67,-82.92,1
42.67,-82.92,1
42.67,-82.92,1
42.67,-82.92,1
42.67,-82.92,1
42.67,-82.92,1
42.67,-82.92,1
42.67,-82.92,1
42.67,-82.92,1
42.67,-82.92,1
42.67,-82.92,1
42.67,-82.92,1
42.67,-82.92,1
42.67,-82.92,1
42.67,-82.92,1
42.67,-82.92,1
42.67,-82.92,1
42.67,-82.92,1
42.67,-82.92,1
42.67,-82.92,1
42.67,-82.92,1
42.67,-82.92,1
42.67,-82.92,1
42.67,-82.92,1
42.67,-82.92,1
42.67,-82.92,1
42.67,-82.92,1
42.67,-82.92,1
42.67,-82.92,1
42.67,-82.92,1
42.67,-82.92,1
42.67,-82.92,1
42.67,-82.92,1
42.67,-82.92,1
42.67,-82.92,1
42.67,-82.92,1
42.67,-82.92,1
42.67,-82.92,1
42.67,-82.92,1
42.67,-82.92,1
42.67,-82.92,1
42.67,-82.92,1
42.67,-82.92,1
42.67,-82.92,1
42.67,-82.92,1
42.67,-82.92,1
42.67,-82.92,1
42.67,-82.92,1
42.67,-82.92,1
42.67,-82.92,1
42.67,-82.92,1
42.67,-82.92,1
42.67,-82.92,1
42.67,-82.92,1
42.67,-82.92,1
42.67,-82.92,1
42.67,-82.92,1
42.67,-82.92,1
42.67,-82.92,1
42.67,-82.92,1
42.67,-82.92,1
42.67,-82.92,1
42.67,-82.92,1
42.67,-82.92,1
42.67,-82.92,1
42.67,-82.92,1
42.67,-82.92,1
42.67,-82.92,1
42.67,-82.92,1
42.67,-82.92,1
42.67,-82.92,1
42.67,-82.92,1
42.67,-82.92,1
42.67,-82.92,1
42.67,-82.92,1
42.67,-82.92,1
42.67,-82.92,1
42.67,-82.92,1
42.67,-82.92,1
42.67,-82.92,1
42.67,-82.92,1
42.67,-82.92,1
42.67,-82.92,1
42.67,-82.92,1
42.67,-82.92,1
42.67,-82.92,1
42.67,-82.92,1
42.67,-82.92,1
42.67,-82.92,1
42.67,-82.92,1
42.67,-82.92,1
42.67,-82.92,1
42.67,-82.92,1
42.67,-82.92,1
42.67,-82.92,1
42.67,-82.92,1
42.67,-82.92,1
42.67,-82.92,1
42.67,-82.92,1
42.67,-82.92,1
42.67,-82.92,1
42.67,-82.92,1
42.67,-82.92,1
42.67,-82.92,1
42.67,-82.92,1
42.67,-82.92,1
42.67,-82.92,1
42.67,-82.92,1
42.67,-82.92,1
42.67,-82.92,1
42.67,-82.92,1
42.67,-82.92,1
42.67,-82.92,1
42.67,-82.92,1
42.67,-82.92,1
42.67,-82.92,1
42.67,-82.92,1
42.67,-82.92,1
42.67,-82.92,1
42.67,-82.92,1
42.67,-82.92,1
42.67,-82.92,1
42.67,-82.92,1
42.67,-82.92,1
42.67,-82.92,1
42.67,-82.92,1
42.67,-82.92,1
42.67,-82.92,1
42.67,-82.92,1
42.67,-82.92,1
42.67,-82.92,1
42.67,-82.92,1
42.67,-82.92,1
42.67,-82.92,1
42.67,-82.92,1
42.67,-82.92,1
42.67,-82.92,1
42.67,-82.92,1
42.67,-82.92,1
42.67,-82.92,1
42.67,-82.92,1
42.67,-82.92,1
42.67,-82.92,1
42.67,-82.92,1
42.67,-82.92,1
42.67,-82.92,1
42.67,-82.92,1
42.67,-82.92,1
42.67,-82.92,1
42.67,-82.92,1
42.67,-82.92,1
42.67,-82.92,1
42.67,-82.92,1
42.67,-82.92,1
42.67,-82.92,1
42.67,-82.92,1
42.67,-82.92,1
42.67,-82.92,1
42.67,-82.92,1
42.67,-82.92,1
42.67,-82.92,1
42.67,-82.92,1
42.67,-82.92,1
42.67,-82.92,1
42.67,-82.92,1
42.67,-82.92,1
42.67,-82.92,1
42.67,-82.92,1
42.67,-82.92,1
42.67,-82.92,1
42.67,-82.92,1
42.67,-82.92,1
42.67,-82.92,1
42.67,-82.92,1
42.67,-82.92,1
42.67,-82.92,1
42.67,-82.92,1
42.67,-82.92,1
42.67,-82.92,1
42.67,-82.92,1
42.67,-82.92,1
42.67,-82.92,1
42.67,-82.92,1
42.67,-82.92,1
42.67,-82.92,1
42.67,-82.92,1
42.67,-82.92,1
42.67,-82.92,1
42.67,-82.92,1
42.67,-82.92,1
42.67,-82.92,1
42.67,-82.92,1
42.67,-82.92,1
42.67,-82.92,1
42.67,-82.92,1
42.67,-82.92,1
42.67,-82.92,1
42.67,-82.92,1
42.67,-82.92,1
42.67,-82.92,1
42.67,-82.92,1
42.67,-82.92,1
42.67,-82.92,1
42.67,-82.92,1
42.67,-82.92,1
42.67,-82.92,1
42.67,-82.92,1
42.67,-82.92,1
42.67,-82.92,1
42.67,-82.92,1
42.67,-82.92,1
42.67,-82.92,1
42.67,-82.92,1
42.67,-82.92,1
42.67,-82.92,1
42.67,-82.92,1
42.67,-82.92,1
42.67,-82.92,1
42.67,-82.92,1
42.67,-82.92,1
42.67,-82.92,1
42.67,-82.92,1
42.67,-82.92,1
42.67,-82.92,1
42.67,-82.92,1
42.67,-82.92,1
42.67,-82.92,1
42.67,-82.92,1
42.67,-82.92,1
42.67,-82.92,1
42.67,-82.92,1
42.67,-82.92,1
42.67,-82.92,1
42.67,-82.92,1
42.67,-82.92,1
42.67,-82.92,1
42.67,-82.92,1
42.67,-82.92,1
42.67,-82.92,1
42.67,-82.92,1
42.67,-82.92,1
42.67,-82.92,1
42.67,-82.92,1
42.67,-82.92,1
42.67,-82.92,1
42.67,-82.92,1
42.67,-82.92,1
42.67,-82.92,1
42.67,-82.92,1
42.67,-82.92,1
42.67,-82.92,1
42.67,-82.92,1
42.67,-82.92,1
42.67,-82.92,1
42.67,-82.92,1
42.67,-82.92,1
42.67,-82.92,1
42.67,-82.92,1
42.67,-82.92,1
42.67,-82.92,1
42.67,-82.92,1
42.67,-82.92,1
42.67,-82.92,1
42.67,-82.92,1
42.67,-82.92,1
42.67,-82.92,1
42.67,-82.92,1
42.67,-82.92,1
42.67,-82.92,1
42.67,-82.92,1
42.67,-82.92,1
42.67,-82.92,1
42.67,-82.92,1
42.67,-82.92,1
42.67,-82.92,1
42.67,-82.92,1
42.67,-82.92,1
42.67,-82.92,1
42.67,-82.92,1
42.67,-82.92,1
42.67,-82.92,1
42.67,-82.92,1
42.67,-82.92,1
42.67,-82.92,1
42.67,-82.92,1
42.67,-82.92,1
42.67,-82.92,1
42.67,-82.92,1
42.67,-82.92,1
42.67,-82.92,1
42.67,-82.92,1
42.67,-82.92,1
42.67,-82.92,1
42.67,-82.92,1
42.67,-82.92,1
42.67,-82.92,1
42.67,-82.92,1
42.67,-82.92,1
42.67,-82.92,1
42.67,-82.92,1
42.67,-82.92,1
42.67,-82.92,1
42.67,-82.92,1
42.67,-82.92,1
42.67,-82.92,1
42.67,-82.92,1
42.67,-82.92,1
42.67,-82.92,1
42.67,-82.92,1
42.67,-82.92,1
42.67,-82.92,1
42.67,-82.92,1
42.67,-82.92,1
42.67,-82.92,1
42.67,-82.92,1
42.67,-82.92,1
42.67,-82.92,1
42.67,-82.92,1
42.67,-82.92,1
42.67,-82.92,1
42.67,-82.92,1
42.67,-82.92,1
42.67,-82.92,1
42.67,-82.92,1
42.67,-82.92,1
42.67,-82.92,1
42.67,-82.92,1
42.67,-82.92,1
42.67,-82.92,1
42.67,-82.92,1
42.67,-82.92,1
42.67,-82.92,1
42.67,-82.92,1
42.67,-82.92,1
42.67,-82.92,1
42.67,-82.92,1
42.67,-82.92,1
42.67,-82.92,1
42.67,-82.92,1
42.67,-82.92,1
42.67,-82.92,1
42.67,-82.92,1
42.67,-82.92,1
42.67,-82.92,1
42.67,-82.92,1
42.67,-82.92,1
42.67,-82.92,1
42.67,-82.92,1
42.67,-82.92,1
42.67,-82.92,1
42.67,-82.92,1
42.67,-82.92,1
42.67,-82.92,1
42.67,-82.92,1
42.67,-82.92,1
42.67,-82.92,1
42.67,-82.92,1
42.67,-82.92,1
42.67,-82.92,1
42.67,-82.92,1
42.67,-82.92,1
42.67,-82.92,1
42.67,-82.92,1
42.67,-82.92,1
42.67,-82.92,1
42.67,-82.92,1
42.67,-82.92,1
42.67,-82.92,1
42.67,-82.92,1
42.67,-82.92,1
42.67,-82.92,1
42.67,-82.92,1
42.67,-82.92,1
42.67,-82.92,1
42.67,-82.92,1
42.67,-82.92,1
42.67,-82.92,1
42.67,-82.92,1
42.67,-82.92,1
42.67,-82.92,1
42.67,-82.92,1
42.67,-82.92,1
42.67,-82.92,1
42.67,-82.92,1
42.67,-82.92,1
42.67,-82.92,1
42.67,-82.92,1
42.67,-82.92,1
42.67,-82.92,1
42.67,-82.92,1
42.67,-82.92,1
42.67,-82.92,1
42.67,-82.92,1
42.67,-82.92,1
42.67,-82.92,1
42.67,-82.92,1
42.67,-82.92,1
42.67,-82.92,1
42.67,-82.92,1
42.67,-82.92,1
42.67,-82.92,1
42.67,-82.92,1
42.67,-82.92,1
42.67,-82.92,1
42.67,-82.92,1
42.67,-82.92,1
42.67,-82.92,1
42.67,-82.92,1
42.67,-82.92,1
42.67,-82.92,1
42.67,-82.92,1
42.67,-82.92,1
42.67,-82.92,1
42.67,-82.92,1
42.67,-82.92,1
42.67,-82.92,1
42.67,-82.92,1
42.67,-82.92,1
42.67,-82.92,1
42.67,-82.92,1
42.67,-82.92,1
42.67,-82.92,1
42.67,-82.92,1
42.67,-82.92,1
42.67,-82.92,1
42.67,-82.92,1
42.67,-82.92,1
42.67,-82.92,1
42.67,-82.92,1
42.67,-82.92,1
42.67,-82.92,1
42.67,-82.92,1
42.67,-82.92,1
42.67,-82.92,1
42.67,-82.92,1
42.67,-82.92,1
42.67,-82.92,1
42.67,-82.92,1
42.67,-82.92,1
42.67,-82.92,1
42.67,-82.92,1
42.67,-82.92,1
42.67,-82.92,1
42.67,-82.92,1
42.67,-82.92,1
42.67,-82.92,1
42.67,-82.92,1
42.67,-82.92,1
42.67,-82.92,1
42.67,-82.92,1
42.67,-82.92,1
42.67,-82.92,1
42.67,-82.92,1
42.67,-82.92,1
42.67,-82.92,1
42.67,-82.92,1
42.67,-82.92,1
42.67,-82.92,1
42.67,-82.92,1
42.67,-82.92,1
42.67,-82.92,1
42.67,-82.92,1
42.67,-82.92,1
42.67,-82.92,1
42.67,-82.92,1
42.67,-82.92,1
42.67,-82.92,1
42.67,-82.92,1
42.67,-82.92,1
42.67,-82.92,1
42.67,-82.92,1
42.67,-82.92,1
42.67,-82.92,1
42.67,-82.92,1
42.67,-82.92,1
42.67,-82.92,1
42.67,-82.92,1
42.67,-82.92,1
42.67,-82.92,1
42.67,-82.92,1
42.67,-82.92,1
42.67,-82.92,1
42.67,-82.92,1
42.67,-82.92,1
42.67,-82.92,1
42.67,-82.92,1
42.67,-82.92,1
42.67,-82.92,1
42.67,-82.92,1
42.67,-82.92,1
42.67,-82.92,1
42.67,-82.92,1
42.67,-82.92,1
42.67,-82.92,1
42.67,-82.92,1
42.67,-82.92,1
42.67,-82.92,1
42.67,-82.92,1
42.67,-82.92,1
42.67,-82.92,1
42.67,-82.92,1
42.67,-82.92,1
42.67,-82.92,1
42.67,-82.92,1
42.67,-82.92,1
42.67,-82.92,1
42.67,-82.92,1
42.67,-82.92,1
42.67,-82.92,1
42.67,-82.92,1
42.67,-82.92,1
42.67,-82.92,1
42.67,-82.92,1
42.67,-82.92,1
42.67,-82.92,1
42.67,-82.92,1
42.67,-82.92,1
42.67,-82.92,1
42.67,-82.92,1
42.67,-82.92,1
42.67,-82.92,1
42.67,-82.92,1
42.67,-82.92,1
42.67,-82.92,1
42.67,-82.92,1
42.67,-82.92,1
42.67,-82.92,1
42.67,-82.92,1
42.67,-82.92,1
42.67,-82.92,1
42.67,-82.92,1
42.67,-82.92,1
42.67,-82.92,1
42.67,-82.92,1
42.67,-82.92,1
42.67,-82.92,1
42.67,-82.92,1
42.67,-82.92,1
42.67,-82.92,1
42.67,-82.92,1
42.67,-82.92,1
42.67,-82.92,1
42.67,-82.92,1
42.67,-82.92,1
42.67,-82.92,1
42.67,-82.92,1
42.67,-82.92,1
42.67,-82.92,1
42.67,-82.92,1
42.67,-82.92,1
42.67,-82.92,1
42.67,-82.92,1
42.67,-82.92,1
42.67,-82.92,1
42.67,-82.92,1
42.67,-82.92,1
42.67,-82.92,1
42.67,-82.92,1
42.67,-82.92,1
42.67,-82.92,1
42.67,-82.92,1
42.67,-82.92,1
42.67,-82.92,1
42.67,-82.92,1
42.67,-82.92,1
42.67,-82.92,1
42.67,-82.92,1
42.67,-82.92,1
42.67,-82.92,1
42.67,-82.92,1
42.67,-82.92,1
42.67,-82.92,1
42.67,-82.92,1
42.67,-82.92,1
42.67,-82.92,1
42.67,-82.92,1
42.67,-82.92,1
42.67,-82.92,1
42.67,-82.92,1
42.67,-82.92,1
42.67,-82.92,1
42.67,-82.92,1
42.67,-82.92,1
42.67,-82.92,1
42.67,-82.92,1
42.67,-82.92,1
42.67,-82.92,1
42.67,-82.92,1
42.67,-82.92,1
42.67,-82.92,1
42.67,-82.92,1
42.67,-82.92,1
42.67,-82.92,1
42.67,-82.92,1
42.67,-82.92,1
42.67,-82.92,1
42.67,-82.92,1
42.67,-82.92,1
42.67,-82.92,1
42.67,-82.92,1
42.67,-82.92,1
42.67,-82.92,1
42.67,-82.92,1
42.67,-82.92,1
42.67,-82.92,1
42.67,-82.92,1
42.67,-82.92,1
42.67,-82.92,1
42.67,-82.92,1
42.67,-82.92,1
42.67,-82.92,1
42.67,-82.92,1
42.67,-82.92,1
42.67,-82.92,1
42.67,-82.92,1
42.67,-82.92,1
42.67,-82.92,1
42.67,-82.92,1
42.67,-82.92,1
42.67,-82.92,1
42.67,-82.92,1
42.67,-82.92,1
42.67,-82.92,1
42.67,-82.92,1
42.67,-82.92,1
42.67,-82.92,1
42.67,-82.92,1
42.67,-82.92,1
42.67,-82.92,1
42.67,-82.92,1
42.67,-82.92,1
42.67,-82.92,1
42.67,-82.92,1
42.67,-82.92,1
42.67,-82.92,1
42.67,-82.92,1
42.67,-82.92,1
42.67,-82.92,1
42.67,-82.92,1
42.67,-82.92,1
42.67,-82.92,1
42.67,-82.92,1
42.67,-82.92,1
42.67,-82.92,1
42.67,-82.92,1
42.67,-82.92,1
42.67,-82.92,1
42.67,-82.92,1
42.67,-82.92,1
42.67,-82.92,1
42.67,-82.92,1
42.67,-82.92,1
42.67,-82.92,1
42.67,-82.92,1
42.67,-82.92,1
42.67,-82.92,1
42.67,-82.92,1
42.67,-82.92,1
42.67,-82.92,1
42.67,-82.92,1
42.67,-82.92,1
42.67,-82.92,1
42.67,-82.92,1
42.67,-82.92,1
42.67,-82.92,1
42.67,-82.92,1
42.67,-82.92,1
42.67,-82.92,1
42.67,-82.92,1
42.67,-82.92,1
42.67,-82.92,1
42.67,-82.92,1
42.67,-82.92,1
42.67,-82.92,1
42.67,-82.92,1
42.67,-82.92,1
42.67,-82.92,1
42.67,-82.92,1
42.67,-82.92,1
42.67,-82.92,1
42.67,-82.92,1
42.67,-82.92,1
42.67,-82.92,1
42.67,-82.92,1
42.67,-82.92,1
42.67,-82.92,1
42.67,-82.92,1
42.67,-82.92,1
42.67,-82.92,1
42.67,-82.92,1
42.67,-82.92,1
42.67,-82.92,1
42.67,-82.92,1
42.67,-82.92,1
42.67,-82.92,1
42.67,-82.92,1
42.67,-82.92,1
42.67,-82.92,1
42.67,-82.92,1
42.67,-82.92,1
42.67,-82.92,1
42.67,-82.92,1
42.67,-82.92,1
42.67,-82.92,1
42.67,-82.92,1
42.67,-82.92,1
42.67,-82.92,1
42.67,-82.92,1
42.67,-82.92,1
42.67,-82.92,1
42.67,-82.92,1
42.67,-82.92,1
42.67,-82.92,1
42.67,-82.92,1
42.67,-82.92,1
42.67,-82.92,1
42.67,-82.92,1
42.67,-82.92,1
42.67,-82.92,1
42.67,-82.92,1
42.67,-82.92,1
42.67,-82.92,1
42.67,-82.92,1
42.67,-82.92,1
42.67,-82.92,1
42.67,-82.92,1
42.67,-82.92,1
42.67,-82.92,1
42.67,-82.92,1
42.67,-82.92,1
42.67,-82.92,1
42.67,-82.92,1
42.67,-82.92,1
42.67,-82.92,1
42.67,-82.92,1
42.67,-82.92,1
42.67,-82.92,1
42.67,-82.92,1
42.67,-82.92,1
42.67,-82.92,1
42.67,-82.92,1
42.67,-82.92,1
42.67,-82.92,1
42.67,-82.92,1
42.67,-82.92,1
42.67,-82.92,1
42.67,-82.92,1
42.67,-82.92,1
42.67,-82.92,1
42.67,-82.92,1
42.67,-82.92,1
42.67,-82.92,1
42.67,-82.92,1
42.67,-82.92,1
42.67,-82.92,1
42.67,-82.92,1
42.67,-82.92,1
42.67,-82.92,1
42.67,-82.92,1
42.67,-82.92,1
42.67,-82.92,1
42.67,-82.92,1
42.67,-82.92,1
42.67,-82.92,1
42.67,-82.92,1
42.67,-82.92,1
42.67,-82.92,1
42.67,-82.92,1
42.67,-82.92,1
42.67,-82.92,1
42.67,-82.92,1
42.67,-82.92,1
42.67,-82.92,1
42.67,-82.92,1
42.67,-82.92,1
42.67,-82.92,1
42.67,-82.92,1
42.67,-82.92,1
42.67,-82.92,1
42.67,-82.92,1
42.67,-82.92,1
42.67,-82.92,1
42.67,-82.92,1
42.67,-82.92,1
42.67,-82.92,1
42.67,-82.92,1
42.67,-82.92,1
42.67,-82.92,1
42.67,-82.92,1
42.67,-82.92,1
42.67,-82.92,1
42.67,-82.92,1
42.67,-82.92,1
42.67,-82.92,1
42.67,-82.92,1
42.67,-82.92,1
42.67,-82.92,1
42.67,-82.92,1
42.67,-82.92,1
42.67,-82.92,1
42.67,-82.92,1
42.67,-82.92,1
42.67,-82.92,1
42.67,-82.92,1
42.67,-82.92,1
42.67,-82.92,1
42.67,-82.92,1
42.67,-82.92,1
42.67,-82.92,1
42.67,-82.92,1
42.67,-82.92,1
42.67,-82.92,1
42.67,-82.92,1
42.67,-82.92,1
42.67,-82.92,1
42.67,-82.92,1
42.67,-82.92,1
42.67,-82.92,1
42.67,-82.92,1
42.67,-82.92,1
42.67,-82.92,1
42.67,-82.92,1
42.67,-82.92,1
42.67,-82.92,1
42.67,-82.92,1
42.67,-82.92,1
42.67,-82.92,1
42.67,-82.92,1
42.67,-82.92,1
42.67,-82.92,1
42.67,-82.92,1
42.67,-82.92,1
42.67,-82.92,1
42.67,-82.92,1
42.67,-82.92,1
42.67,-82.92,1
42.67,-82.92,1
42.67,-82.92,1
42.67,-82.92,1
42.67,-82.92,1
42.67,-82.92,1
42.67,-82.92,1
42.67,-82.92,1
42.67,-82.92,1
42.67,-82.92,1
42.67,-82.92,1
42.67,-82.92,1
42.67,-82.92,1
42.67,-82.92,1
42.67,-82.92,1
42.67,-82.92,1
42.67,-82.92,1
42.67,-82.92,1
42.67,-82.92,1
42.67,-82.92,1
42.67,-82.92,1
42.67,-82.92,1
42.67,-82.92,1
42.67,-82.92,1
42.67,-82.92,1
42.67,-82.92,1
42.67,-82.92,1
42.67,-82.92,1
42.67,-82.92,1
42.67,-82.92,1
42.67,-82.92,1
42.67,-82.92,1
42.67,-82.92,1
42.67,-82.92,1
42.67,-82.92,1
42.67,-82.92,1
42.67,-82.92,1
42.67,-82.92,1
42.67,-82.92,1
42.67,-82.92,1
42.67,-82.92,1
42.67,-82.92,1
42.67,-82.92,1
42.67,-82.92,1
42.67,-82.92,1
42.67,-82.92,1
42.67,-82.92,1
42.67,-82.92,1
42.67,-82.92,1
42.67,-82.92,1
42.67,-82.92,1
42.67,-82.92,1
42.67,-82.92,1
42.67,-82.92,1
42.67,-82.92,1
42.67,-82.92,1
42.67,-82.92,1
42.67,-82.92,1
42.67,-82.92,1
42.67,-82.92,1
42.67,-82.92,1
42.67,-82.92,1
42.67,-82.92,1
42.67,-82.92,1
42.67,-82.92,1
42.67,-82.92,1
42.67,-82.92,1
42.67,-82.92,1
42.67,-82.92,1
42.67,-82.92,1
42.67,-82.92,1
42.67,-82.92,1
42.67,-82.92,1
42.67,-82.92,1
42.67,-82.92,1
42.67,-82.92,1
42.67,-82.92,1
42.67,-82.92,1
42.67,-82.92,1
42.67,-82.92,1
42.67,-82.92,1
42.67,-82.92,1
42.67,-82.92,1
42.67,-82.92,1
42.67,-82.92,1
42.67,-82.92,1
42.67,-82.92,1
42.67,-82.92,1
42.67,-82.92,1
42.67,-82.92,1
42.67,-82.92,1
42.67,-82.92,1
42.67,-82.92,1
42.67,-82.92,1
42.67,-82.92,1
42.67,-82.92,1
42.67,-82.92,1
42.67,-82.92,1
42.67,-82.92,1
42.67,-82.92,1
42.67,-82.92,1
42.67,-82.92,1
42.67,-82.92,1
42.67,-82.92,1
42.67,-82.92,1
42.67,-82.92,1
42.67,-82.92,1
42.67,-82.92,1
42.67,-82.92,1
42.67,-82.92,1
42.67,-82.92,1
42.67,-82.92,1
42.67,-82.92,1
42.67,-82.92,1
42.67,-82.92,1
42.67,-82.92,1
42.67,-82.92,1
42.67,-82.92,1
42.67,-82.92,1
42.67,-82.92,1
42.67,-82.92,1
42.67,-82.92,1
42.67,-82.92,1
42.67,-82.92,1
42.67,-82.92,1
42.67,-82.92,1
42.67,-82.92,1
42.67,-82.92,1
42.67,-82.92,1
42.67,-82.92,1
42.67,-82.92,1
42.67,-82.92,1
42.67,-82.92,1
42.67,-82.92,1
42.67,-82.92,1
42.67,-82.92,1
42.67,-82.92,1
42.67,-82.92,1
42.67,-82.92,1
42.67,-82.92,1
42.67,-82.92,1
42.67,-82.92,1
42.67,-82.92,1
42.67,-82.92,1
42.67,-82.92,1
42.67,-82.92,1
42.67,-82.92,1
42.67,-82.92,1
42.67,-82.92,1
42.67,-82.92,1
42.67,-82.92,1
42.67,-82.92,1
42.67,-82.92,1
42.67,-82.92,1
42.67,-82.92,1
42.67,-82.92,1
42.67,-82.92,1
42.67,-82.92,1
42.67,-82.92,1
42.67,-82.92,1
42.67,-82.92,1
42.67,-82.92,1
42.67,-82.92,1
42.67,-82.92,1
42.67,-82.92,1
42.67,-82.92,1
42.67,-82.92,1
42.67,-82.92,1
42.67,-82.92,1
42.67,-82.92,1
42.67,-82.92,1
42.67,-82.92,1
42.67,-82.92,1
42.67,-82.92,1
42.67,-82.92,1
42.67,-82.92,1
42.67,-82.92,1
42.67,-82.92,1
42.67,-82.92,1
42.67,-82.92,1
42.67,-82.92,1
42.67,-82.92,1
42.67,-82.92,1
42.67,-82.92,1
42.67,-82.92,1
42.67,-82.92,1
42.67,-82.92,1
42.67,-82.92,1
42.67,-82.92,1
42.67,-82.92,1
42.67,-82.92,1
42.67,-82.92,1
42.67,-82.92,1
42.67,-82.92,1
42.67,-82.92,1
42.67,-82.92,1
42.67,-82.92,1
42.67,-82.92,1
42.67,-82.92,1
42.67,-82.92,1
42.67,-82.92,1
42.67,-82.92,1
42.67,-82.92,1
42.67,-82.92,1
42.67,-82.92,1
42.67,-82.92,1
42.67,-82.92,1
42.67,-82.92,1
42.67,-82.92,1
42.67,-82.92,1
42.67,-82.92,1
42.67,-82.92,1
42.67,-82.92,1
42.67,-82.92,1
42.67,-82.92,1
42.67,-82.92,1
42.67,-82.92,1
42.67,-82.92,1
42.67,-82.92,1
42.67,-82.92,1
42.67,-82.92,1
42.67,-82.92,1
42.67,-82.92,1
42.67,-82.92,1
42.67,-82.92,1
42.67,-82.92,1
42.67,-82.92,1
42.67,-82.92,1
42.67,-82.92,1
42.67,-82.92,1
42.67,-82.92,1
42.67,-82.92,1
42.67,-82.92,1
42.67,-82.92,1
42.67,-82.92,1
42.67,-82.92,1
42.67,-82.92,1
42.67,-82.92,1
42.67,-82.92,1
42.67,-82.92,1
42.67,-82.92,1
42.67,-82.92,1
42.67,-82.92,1
42.67,-82.92,1
42.67,-82.92,1
42.67,-82.92,1
42.67,-82.92,1
42.67,-82.92,1
42.67,-82.92,1
42.67,-82.92,1
42.67,-82.92,1
42.67,-82.92,1
42.67,-82.92,1
42.67,-82.92,1
42.67,-82.92,1
42.67,-82.92,1
42.67,-82.92,1
42.67,-82.92,1
42.67,-82.92,1
42.67,-82.92,1
42.67,-82.92,1
42.67,-82.92,1
42.67,-82.92,1
42.67,-82.92,1
42.67,-82.92,1
42.67,-82.92,1
42.67,-82.92,1
42.67,-82.92,1
42.67,-82.92,1
42.67,-82.92,1
42.67,-82.92,1
42.67,-82.92,1
42.67,-82.92,1
42.67,-82.92,1
42.67,-82.92,1
42.67,-82.92,1
42.67,-82.92,1
42.67,-82.92,1
42.67,-82.92,1
42.67,-82.92,1
42.67,-82.92,1
42.67,-82.92,1
42.67,-82.92,1
42.67,-82.92,1
42.67,-82.92,1
42.67,-82.92,1
42.67,-82.92,1
42.67,-82.92,1
42.67,-82.92,1
42.67,-82.92,1
42.67,-82.92,1
42.67,-82.92,1
42.67,-82.92,1
42.67,-82.92,1
42.67,-82.92,1
42.67,-82.92,1
42.67,-82.92,1
42.67,-82.92,1
42.67,-82.92,1
42.67,-82.92,1
42.67,-82.92,1
42.67,-82.92,1
42.67,-82.92,1
42.67,-82.92,1
42.67,-82.92,1
42.67,-82.92,1
42.67,-82.92,1
42.67,-82.92,1
42.67,-82.92,1
42.67,-82.92,1
42.67,-82.92,1
42.67,-82.92,1
42.67,-82.92,1
42.67,-82.92,1
42.67,-82.92,1
42.67,-82.92,1
42.67,-82.92,1
42.67,-82.92,1
42.67,-82.92,1
42.67,-82.92,1
42.67,-82.92,1
42.67,-82.92,1
42.67,-82.92,1
42.67,-82.92,1
42.67,-82.92,1
42.67,-82.92,1
42.67,-82.92,1
42.67,-82.92,1
42.67,-82.92,1
42.67,-82.92,1
42.67,-82.92,1
42.67,-82.92,1
42.67,-82.92,1
42.67,-82.92,1
42.67,-82.92,1
42.67,-82.92,1
42.67,-82.92,1
42.67,-82.92,1
42.67,-82.92,1
42.67,-82.92,1
42.67,-82.92,1
42.67,-82.92,1
42.67,-82.92,1
42.67,-82.92,1
42.67,-82.92,1
42.67,-82.92,1
42.67,-82.92,1
42.67,-82.92,1
42.67,-82.92,1
42.67,-82.92,1
42.67,-82.92,1
42.67,-82.92,1
42.67,-82.92,1
42.67,-82.92,1
42.67,-82.92,1
42.67,-82.92,1
42.67,-82.92,1
42.67,-82.92,1
42.67,-82.92,1
42.67,-82.92,1
42.67,-82.92,1
42.67,-82.92,1
42.67,-82.92,1
42.67,-82.92,1
42.67,-82.92,1
42.67,-82.92,1
42.67,-82.92,1
42.67,-82.92,1
42.67,-82.92,1
42.67,-82.92,1
42.67,-82.92,1
42.67,-82.92,1
42.67,-82.92,1
42.67,-82.92,1
42.67,-82.92,1
42.67,-82.92,1
42.67,-82.92,1
42.67,-82.92,1
42.67,-82.92,1
42.67,-82.92,1
42.67,-82.92,1
42.67,-82.92,1
42.67,-82.92,1
42.67,-82.92,1
42.67,-82.92,1
42.67,-82.92,1
42.67,-82.92,1
42.67,-82.92,1
42.67,-82.92,1
42.67,-82.92,1
42.67,-82.92,1
42.67,-82.92,1
42.67,-82.92,1
42.67,-82.92,1
42.67,-82.92,1
42.67,-82.92,1
42.67,-82.92,1
42.67,-82.92,1
42.67,-82.92,1
42.67,-82.92,1
42.67,-82.92,1
42.67,-82.92,1
42.67,-82.92,1
42.67,-82.92,1
42.67,-82.92,1
42.67,-82.92,1
42.67,-82.92,1
42.67,-82.92,1
42.67,-82.92,1
42.67,-82.92,1
42.67,-82.92,1
42.67,-82.92,1
42.67,-82.92,1
42.67,-82.92,1
42.67,-82.92,1
42.67,-82.92,1
42.67,-82.92,1
42.67,-82.92,1
42.67,-82.92,1
42.67,-82.92,1
42.67,-82.92,1
42.67,-82.92,1
42.67,-82.92,1
42.67,-82.92,1
42.67,-82.92,1
42.67,-82.92,1
42.67,-82.92,1
42.67,-82.92,1
42.67,-82.92,1
42.67,-82.92,1
42.67,-82.92,1
42.67,-82.92,1
42.67,-82.92,1
42.67,-82.92,1
42.67,-82.92,1
42.67,-82.92,1
42.67,-82.92,1
42.67,-82.92,1
42.67,-82.92,1
42.67,-82.92,1
42.67,-82.92,1
42.67,-82.92,1
42.67,-82.92,1
42.67,-82.92,1
42.67,-82.92,1
42.67,-82.92,1
42.67,-82.92,1
42.67,-82.92,1
42.67,-82.92,1
42.67,-82.92,1
42.67,-82.92,1
42.67,-82.92,1
42.67,-82.92,1
42.67,-82.92,1
42.67,-82.92,1
42.67,-82.92,1
42.67,-82.92,1
42.67,-82.92,1
42.67,-82.92,1
42.67,-82.92,1
42.67,-82.92,1
42.67,-82.92,1
42.67,-82.92,1
42.67,-82.92,1
42.67,-82.92,1
42.67,-82.92,1
42.67,-82.92,1
42.67,-82.92,1
42.67,-82.92,1
42.67,-82.92,1
42.67,-82.92,1
42.67,-82.92,1
42.67,-82.92,1
42.67,-82.92,1
42.67,-82.92,1
42.67,-82.92,1
42.67,-82.92,1
42.67,-82.92,1
42.67,-82.92,1
42.67,-82.92,1
42.67,-82.92,1
42.67,-82.92,1
42.67,-82.92,1
42.67,-82.92,1
42.67,-82.92,1
42.67,-82.92,1
42.67,-82.92,1
42.67,-82.92,1
42.67,-82.92,1
42.67,-82.92,1
42.67,-82.92,1
42.67,-82.92,1
42.67,-82.92,1
42.67,-82.92,1
42.67,-82.92,1
42.67,-82.92,1
42.67,-82.92,1
42.67,-82.92,1
42.67,-82.92,1
42.67,-82.92,1
42.67,-82.92,1
42.67,-82.92,1
42.67,-82.92,1
42.67,-82.92,1
42.67,-82.92,1
42.67,-82.92,1
42.67,-82.92,1
42.67,-82.92,1
42.67,-82.92,1
42.67,-82.92,1
42.67,-82.92,1
42.67,-82.92,1
42.67,-82.92,1
42.67,-82.92,1
42.67,-82.92,1
42.67,-82.92,1
42.67,-82.92,1
42.67,-82.92,1
42.67,-82.92,1
42.67,-82.92,1
42.67,-82.92,1
42.67,-82.92,1
42.67,-82.92,1
42.67,-82.92,1
42.67,-82.92,1
42.67,-82.92,1
42.67,-82.92,1
42.67,-82.92,1
42.67,-82.92,1
42.67,-82.92,1
42.67,-82.92,1
42.67,-82.92,1
42.67,-82.92,1
42.67,-82.92,1
42.67,-82.92,1
42.67,-82.92,1
42.67,-82.92,1
42.67,-82.92,1
42.67,-82.92,1
42.67,-82.92,1
42.67,-82.92,1
42.67,-82.92,1
42.67,-82.92,1
42.67,-82.92,1
42.67,-82.92,1
42.67,-82.92,1
42.67,-82.92,1
42.67,-82.92,1
42.67,-82.92,1
42.67,-82.92,1
42.67,-82.92,1
42.67,-82.92,1
42.67,-82.92,1
42.67,-82.92,1
42.67,-82.92,1
42.67,-82.92,1
42.67,-82.92,1
42.67,-82.92,1
42.67,-82.92,1
42.67,-82.92,1
42.67,-82.92,1
42.67,-82.92,1
42.67,-82.92,1
42.67,-82.92,1
42.67,-82.92,1
42.67,-82.92,1
42.67,-82.92,1
42.67,-82.92,1
42.67,-82.92,1
42.67,-82.92,1
42.67,-82.92,1
42.67,-82.92,1
42.67,-82.92,1
42.67,-82.92,1
42.67,-82.92,1
42.67,-82.92,1
42.67,-82.92,1
42.67,-82.92,1
42.67,-82.92,1
42.67,-82.92,1
42.67,-82.92,1
42.67,-82.92,1
42.67,-82.92,1
42.67,-82.92,1
42.67,-82.92,1
42.67,-82.92,1
42.67,-82.92,1
42.67,-82.92,1
42.67,-82.92,1
42.67,-82.92,1
42.67,-82.92,1
42.67,-82.92,1
42.67,-82.92,1
42.67,-82.92,1
42.67,-82.92,1
42.67,-82.92,1
42.67,-82.92,1
42.67,-82.92,1
42.67,-82.92,1
42.67,-82.92,1
42.67,-82.92,1
42.67,-82.92,1
42.67,-82.92,1
42.67,-82.92,1
42.67,-82.92,1
42.67,-82.92,1
42.67,-82.92,1
42.67,-82.92,1
42.67,-82.92,1
42.67,-82.92,1
42.67,-82.92,1
42.67,-82.92,1
42.67,-82.92,1
42.67,-82.92,1
42.67,-82.92,1
42.67,-82.92,1
42.67,-82.92,1
42.67,-82.92,1
42.67,-82.92,1
42.67,-82.92,1
42.67,-82.92,1
42.67,-82.92,1
42.67,-82.92,1
42.67,-82.92,1
42.67,-82.92,1
42.67,-82.92,1
42.67,-82.92,1
42.67,-82.92,1
42.67,-82.92,1
42.67,-82.92,1
42.67,-82.92,1
42.67,-82.92,1
42.67,-82.92,1
42.67,-82.92,1
42.67,-82.92,1
42.67,-82.92,1
42.67,-82.92,1
42.67,-82.92,1
42.67,-82.92,1
42.67,-82.92,1
42.67,-82.92,1
42.67,-82.92,1
42.67,-82.92,1
42.67,-82.92,1
42.67,-82.92,1
42.67,-82.92,1
42.67,-82.92,1
42.67,-82.92,1
42.67,-82.92,1
42.67,-82.92,1
42.67,-82.92,1
42.67,-82.92,1
42.67,-82.92,1
42.67,-82.92,1
42.67,-82.92,1
42.67,-82.92,1
42.67,-82.92,1
42.67,-82.92,1
42.67,-82.92,1
42.67,-82.92,1
42.67,-82.92,1
42.67,-82.92,1
42.67,-82.92,1
42.67,-82.92,1
42.67,-82.92,1
42.67,-82.92,1
42.67,-82.92,1
42.67,-82.92,1
42.67,-82.92,1
42.67,-82.92,1
42.67,-82.92,1
42.67,-82.92,1
42.67,-82.92,1
42.67,-82.92,1
42.67,-82.92,1
42.67,-82.92,1
42.67,-82.92,1
42.67,-82.92,1
42.67,-82.92,1
42.67,-82.92,1
42.67,-82.92,1
42.67,-82.92,1
42.67,-82.92,1
42.67,-82.92,1
42.67,-82.92,1
42.67,-82.92,1
42.67,-82.92,1
42.67,-82.92,1
42.67,-82.92,1
42.67,-82.92,1
42.67,-82.92,1
42.67,-82.92,1
42.67,-82.92,1
42.67,-82.92,1
42.67,-82.92,1
42.67,-82.92,1
42.67,-82.92,1
42.67,-82.92,1
42.67,-82.92,1
42.67,-82.92,1
42.67,-82.92,1
42.67,-82.92,1
42.67,-82.92,1
42.67,-82.92,1
42.67,-82.92,1
42.67,-82.92,1
42.67,-82.92,1
42.67,-82.92,1
42.67,-82.92,1
42.67,-82.92,1
42.67,-82.92,1
42.67,-82.92,1
42.67,-82.92,1
42.67,-82.92,1
42.67,-82.92,1
42.67,-82.92,1
42.67,-82.92,1
42.67,-82.92,1
42.67,-82.92,1
42.67,-82.92,1
42.67,-82.92,1
42.67,-82.92,1
42.67,-82.92,1
42.67,-82.92,1
42.67,-82.92,1
42.67,-82.92,1
42.67,-82.92,1
42.67,-82.92,1
42.67,-82.92,1
42.67,-82.92,1
42.67,-82.92,1
42.67,-82.92,1
42.67,-82.92,1
42.67,-82.92,1
42.67,-82.92,1
42.67,-82.92,1
42.67,-82.92,1
42.67,-82.92,1
42.67,-82.92,1
42.67,-82.92,1
42.67,-82.92,1
42.67,-82.92,1
42.67,-82.92,1
42.67,-82.92,1
42.67,-82.92,1
42.67,-82.92,1
42.67,-82.92,1
42.67,-82.92,1
42.67,-82.92,1
42.67,-82.92,1
42.67,-82.92,1
42.67,-82.92,1
42.67,-82.92,1
42.67,-82.92,1
42.67,-82.92,1
42.67,-82.92,1
42.67,-82.92,1
42.67,-82.92,1
42.67,-82.92,1
42.67,-82.92,1
42.67,-82.92,1
42.67,-82.92,1
42.67,-82.92,1
42.67,-82.92,1
42.67,-82.92,1
42.67,-82.92,1
42.67,-82.92,1
42.67,-82.92,1
42.67,-82.92,1
42.67,-82.92,1
42.67,-82.92,1
42.67,-82.92,1
42.67,-82.92,1
42.67,-82.92,1
42.67,-82.92,1
42.67,-82.92,1
42.67,-82.92,1
42.67,-82.92,1
42.67,-82.92,1
42.67,-82.92,1
42.67,-82.92,1
42.67,-82.92,1
42.67,-82.92,1
42.67,-82.92,1
42.67,-82.92,1
42.67,-82.92,1
42.67,-82.92,1
42.67,-82.92,1
42.67,-82.92,1
42.67,-82.92,1
42.67,-82.92,1
42.67,-82.92,1
42.67,-82.92,1
42.67,-82.92,1
42.67,-82.92,1
42.67,-82.92,1
42.67,-82.92,1
42.67,-82.92,1
42.67,-82.92,1
42.67,-82.92,1
42.67,-82.92,1
42.67,-82.92,1
42.67,-82.92,1
42.67,-82.92,1
42.67,-82.92,1
42.67,-82.92,1
42.67,-82.92,1
42.67,-82.92,1
42.67,-82.92,1
42.67,-82.92,1
42.67,-82.92,1
42.67,-82.92,1
42.67,-82.92,1
42.67,-82.92,1
42.67,-82.92,1
42.67,-82.92,1
42.67,-82.92,1
42.67,-82.92,1
42.67,-82.92,1
42.67,-82.92,1
42.67,-82.92,1
42.67,-82.92,1
42.67,-82.92,1
42.67,-82.92,1
42.67,-82.92,1
42.67,-82.92,1
42.67,-82.92,1
42.67,-82.92,1
42.67,-82.92,1
42.67,-82.92,1
42.67,-82.92,1
42.67,-82.92,1
42.67,-82.92,1
42.67,-82.92,1
42.67,-82.92,1
42.67,-82.92,1
42.67,-82.92,1
42.67,-82.92,1
42.67,-82.92,1
42.67,-82.92,1
42.67,-82.92,1
42.67,-82.92,1
42.67,-82.92,1
42.67,-82.92,1
42.67,-82.92,1
42.67,-82.92,1
42.67,-82.92,1
42.67,-82.92,1
42.67,-82.92,1
42.67,-82.92,1
42.67,-82.92,1
42.67,-82.92,1
42.67,-82.92,1
42.67,-82.92,1
42.67,-82.92,1
42.67,-82.92,1
42.67,-82.92,1
42.67,-82.92,1
42.67,-82.92,1
42.67,-82.92,1
42.67,-82.92,1
42.67,-82.92,1
42.67,-82.92,1
42.67,-82.92,1
42.67,-82.92,1
42.67,-82.92,1
42.67,-82.92,1
42.67,-82.92,1
42.67,-82.92,1
42.67,-82.92,1
42.67,-82.92,1
42.67,-82.92,1
42.67,-82.92,1
42.67,-82.92,1
42.67,-82.92,1
42.67,-82.92,1
42.67,-82.92,1
42.67,-82.92,1
42.67,-82.92,1
42.67,-82.92,1
42.67,-82.92,1
42.67,-82.92,1
42.67,-82.92,1
42.67,-82.92,1
42.67,-82.92,1
42.67,-82.92,1
42.67,-82.92,1
42.67,-82.92,1
42.67,-82.92,1
42.67,-82.92,1
42.67,-82.92,1
42.67,-82.92,1
42.67,-82.92,1
42.67,-82.92,1
42.67,-82.92,1
42.67,-82.92,1
42.67,-82.92,1
42.67,-82.92,1
42.67,-82.92,1
42.67,-82.92,1
42.67,-82.92,1
42.67,-82.92,1
42.67,-82.92,1
42.67,-82.92,1
42.67,-82.92,1
42.67,-82.92,1
42.67,-82.92,1
42.67,-82.92,1
42.67,-82.92,1
42.67,-82.92,1
42.67,-82.92,1
42.67,-82.92,1
42.67,-82.92,1
42.67,-82.92,1
42.67,-82.92,1
42.67,-82.92,1
42.67,-82.92,1
42.67,-82.92,1
42.67,-82.92,1
42.67,-82.92,1
42.67,-82.92,1
42.67,-82.92,1
42.67,-82.92,1
42.67,-82.92,1
42.67,-82.92,1
42.67,-82.92,1
42.67,-82.92,1
42.67,-82.92,1
42.67,-82.92,1
42.67,-82.92,1
42.67,-82.92,1
42.67,-82.92,1
42.67,-82.92,1
42.67,-82.92,1
42.67,-82.92,1
42.67,-82.92,1
42.67,-82.92,1
42.67,-82.92,1
42.67,-82.92,1
42.67,-82.92,1
42.67,-82.92,1
42.67,-82.92,1
42.67,-82.92,1
42.67,-82.92,1
42.67,-82.92,1
42.67,-82.92,1
42.67,-82.92,1
42.67,-82.92,1
42.67,-82.92,1
42.67,-82.92,1
42.67,-82.92,1
42.67,-82.92,1
42.67,-82.92,1
42.67,-82.92,1
42.67,-82.92,1
42.67,-82.92,1
42.67,-82.92,1
42.67,-82.92,1
42.67,-82.92,1
42.67,-82.92,1
42.67,-82.92,1
42.67,-82.92,1
42.67,-82.92,1
42.67,-82.92,1
42.67,-82.92,1
42.67,-82.92,1
42.67,-82.92,1
42.67,-82.92,1
42.67,-82.92,1
42.67,-82.92,1
42.67,-82.92,1
42.67,-82.92,1
42.67,-82.92,1
42.67,-82.92,1
42.67,-82.92,1
42.67,-82.92,1
42.67,-82.92,1
42.67,-82.92,1
42.67,-82.92,1
42.67,-82.92,1
42.67,-82.92,1
42.67,-82.92,1
42.67,-82.92,1
42.67,-82.92,1
42.67,-82.92,1
42.67,-82.92,1
42.67,-82.92,1
42.67,-82.92,1
42.67,-82.92,1
42.67,-82.92,1
42.67,-82.92,1
42.67,-82.92,1
42.67,-82.92,1
42.67,-82.92,1
42.67,-82.92,1
42.67,-82.92,1
42.67,-82.92,1
42.67,-82.92,1
42.67,-82.92,1
42.67,-82.92,1
42.67,-82.92,1
42.67,-82.92,1
42.67,-82.92,1
42.67,-82.92,1
42.67,-82.92,1
42.67,-82.92,1
42.67,-82.92,1
42.67,-82.92,1
42.67,-82.92,1
42.67,-82.92,1
42.67,-82.92,1
42.67,-82.92,1
42.67,-82.92,1
42.67,-82.92,1
42.67,-82.92,1
42.67,-82.92,1
42.67,-82.92,1
42.67,-82.92,1
42.67,-82.92,1
42.67,-82.92,1
42.67,-82.92,1
42.67,-82.92,1
42.67,-82.92,1
42.67,-82.92,1
42.67,-82.92,1
42.67,-82.92,1
42.67,-82.92,1
42.67,-82.92,1
42.67,-82.92,1
42.67,-82.92,1
42.67,-82.92,1
42.67,-82.92,1
42.67,-82.92,1
42.67,-82.92,1
42.67,-82.92,1
42.67,-82.92,1
42.67,-82.92,1
42.67,-82.92,1
42.67,-82.92,1
42.67,-82.92,1
42.67,-82.92,1
42.67,-82.92,1
42.67,-82.92,1
42.67,-82.92,1
42.67,-82.92,1
42.67,-82.92,1
42.67,-82.92,1
42.67,-82.92,1
42.67,-82.92,1
42.67,-82.92,1
42.67,-82.92,1
42.67,-82.92,1
42.67,-82.92,1
42.67,-82.92,1
42.67,-82.92,1
42.67,-82.92,1
42.67,-82.92,1
42.67,-82.92,1
42.67,-82.92,1
42.67,-82.92,1
42.67,-82.92,1
42.67,-82.92,1
42.67,-82.92,1
42.67,-82.92,1
42.67,-82.92,1
42.67,-82.92,1
42.67,-82.92,1
42.67,-82.92,1
42.67,-82.92,1
42.67,-82.92,1
42.67,-82.92,1
42.67,-82.92,1
42.67,-82.92,1
42.67,-82.92,1
42.67,-82.92,1
42.67,-82.92,1
42.67,-82.92,1
42.67,-82.92,1
42.67,-82.92,1
42.67,-82.92,1
42.67,-82.92,1
42.67,-82.92,1
42.67,-82.92,1
42.67,-82.92,1
42.67,-82.92,1
42.67,-82.92,1
42.67,-82.92,1
42.67,-82.92,1
42.67,-82.92,1
42.67,-82.92,1
42.67,-82.92,1
42.67,-82.92,1
42.67,-82.92,1
42.67,-82.92,1
42.67,-82.92,1
42.67,-82.92,1
42.67,-82.92,1
42.67,-82.92,1
42.67,-82.92,1
42.67,-82.92,1
42.67,-82.92,1
42.67,-82.92,1
42.67,-82.92,1
42.67,-82.92,1
42.67,-82.92,1
42.67,-82.92,1
42.67,-82.92,1
42.67,-82.92,1
42.67,-82.92,1
42.67,-82.92,1
42.67,-82.92,1
42.67,-82.92,1
42.67,-82.92,1
42.67,-82.92,1
42.67,-82.92,1
42.67,-82.92,1
42.67,-82.92,1
42.67,-82.92,1
42.67,-82.92,1
42.67,-82.92,1
42.67,-82.92,1
42.67,-82.92,1
42.67,-82.92,1
42.67,-82.92,1
42.67,-82.92,1
42.67,-82.92,1
42.67,-82.92,1
42.67,-82.92,1
42.67,-82.92,1
42.67,-82.92,1
42.67,-82.92,1
42.67,-82.92,1
42.67,-82.92,1
42.67,-82.92,1
42.67,-82.92,1
42.67,-82.92,1
42.67,-82.92,1
42.67,-82.92,1
42.67,-82.92,1
42.67,-82.92,1
42.67,-82.92,1
42.67,-82.92,1
42.67,-82.92,1
42.67,-82.92,1
42.67,-82.92,1
42.67,-82.92,1
42.67,-82.92,1
42.67,-82.92,1
42.67,-82.92,1
42.67,-82.92,1
42.67,-82.92,1
42.67,-82.92,1
42.67,-82.92,1
42.67,-82.92,1
42.67,-82.92,1
42.67,-82.92,1
42.67,-82.92,1
42.67,-82.92,1
42.67,-82.92,1
42.67,-82.92,1
42.67,-82.92,1
42.67,-82.92,1
42.67,-82.92,1
42.67,-82.92,1
42.67,-82.92,1
42.67,-82.92,1
42.67,-82.92,1
42.67,-82.92,1
42.67,-82.92,1
42.67,-82.92,1
42.67,-82.92,1
42.67,-82.92,1
42.67,-82.92,1
42.67,-82.92,1
42.67,-82.92,1
42.67,-82.92,1
42.67,-82.92,1
42.67,-82.92,1
42.67,-82.92,1
42.67,-82.92,1
42.67,-82.92,1
42.67,-82.92,1
42.67,-82.92,1
42.67,-82.92,1
42.67,-82.92,1
42.67,-82.92,1
42.67,-82.92,1
42.67,-82.92,1
42.67,-82.92,1
42.67,-82.92,1
42.67,-82.92,1
42.67,-82.92,1
42.67,-82.92,1
42.67,-82.92,1
42.67,-82.92,1
42.67,-82.92,1
42.67,-82.92,1
42.67,-82.92,1
42.67,-82.92,1
42.67,-82.92,1
42.67,-82.92,1
42.67,-82.92,1
42.67,-82.92,1
42.67,-82.92,1
42.67,-82.92,1
42.67,-82.92,1
42.67,-82.92,1
42.67,-82.92,1
42.67,-82.92,1
42.67,-82.92,1
42.67,-82.92,1
42.67,-82.92,1
42.67,-82.92,1
42.67,-82.92,1
42.67,-82.92,1
42.67,-82.92,1
42.67,-82.92,1
42.67,-82.92,1
42.67,-82.92,1
42.67,-82.92,1
42.67,-82.92,1
42.67,-82.92,1
42.67,-82.92,1
42.67,-82.92,1
42.67,-82.92,1
42.67,-82.92,1
42.67,-82.92,1
42.67,-82.92,1
42.67,-82.92,1
42.67,-82.92,1
42.67,-82.92,1
42.67,-82.92,1
42.67,-82.92,1
42.67,-82.92,1
42.67,-82.92,1
42.67,-82.92,1
42.67,-82.92,1
42.67,-82.92,1
42.67,-82.92,1
42.67,-82.92,1
42.67,-82.92,1
42.67,-82.92,1
42.67,-82.92,1
42.67,-82.92,1
42.67,-82.92,1
42.67,-82.92,1
42.67,-82.92,1
42.67,-82.92,1
42.67,-82.92,1
42.67,-82.92,1
42.67,-82.92,1
42.67,-82.92,1
42.67,-82.92,1
42.67,-82.92,1
42.67,-82.92,1
42.67,-82.92,1
42.67,-82.92,1
42.67,-82.92,1
42.67,-82.92,1
42.67,-82.92,1
42.67,-82.92,1
42.67,-82.92,1
42.67,-82.92,1
42.67,-82.92,1
42.67,-82.92,1
42.67,-82.92,1
42.67,-82.92,1
42.67,-82.92,1
42.67,-82.92,1
42.67,-82.92,1
42.67,-82.92,1
42.67,-82.92,1
42.67,-82.92,1
42.67,-82.92,1
42.67,-82.92,1
42.67,-82.92,1
42.67,-82.92,1
42.67,-82.92,1
42.67,-82.92,1
42.67,-82.92,1
42.67,-82.92,1
42.67,-82.92,1
42.67,-82.92,1
42.67,-82.92,1
42.67,-82.92,1
42.67,-82.92,1
42.67,-82.92,1
42.67,-82.92,1
42.67,-82.92,1
42.67,-82.92,1
42.67,-82.92,1
42.67,-82.92,1
42.67,-82.92,1
42.67,-82.92,1
42.67,-82.92,1
42.67,-82.92,1
42.67,-82.92,1
42.67,-82.92,1
42.67,-82.92,1
42.67,-82.92,1
42.67,-82.92,1
42.67,-82.92,1
42.67,-82.92,1
42.67,-82.92,1
42.67,-82.92,1
42.67,-82.92,1
42.67,-82.92,1
42.67,-82.92,1
42.67,-82.92,1
42.67,-82.92,1
42.67,-82.92,1
42.67,-82.92,1
42.67,-82.92,1
42.67,-82.92,1
42.67,-82.92,1
42.67,-82.92,1
42.67,-82.92,1
42.67,-82.92,1
42.67,-82.92,1
42.67,-82.92,1
42.67,-82.92,1
42.67,-82.92,1
42.67,-82.92,1
42.67,-82.92,1
42.67,-82.92,1
42.67,-82.92,1
42.67,-82.92,1
42.67,-82.92,1
42.67,-82.92,1
42.67,-82.92,1
42.67,-82.92,1
42.67,-82.92,1
42.67,-82.92,1
42.67,-82.92,1
42.67,-82.92,1
42.67,-82.92,1
42.67,-82.92,1
42.67,-82.92,1
42.67,-82.92,1
42.67,-82.92,1
42.67,-82.92,1
42.67,-82.92,1
42.67,-82.92,1
42.67,-82.92,1
42.67,-82.92,1
42.67,-82.92,1
42.67,-82.92,1
42.67,-82.92,1
42.67,-82.92,1
42.67,-82.92,1
42.67,-82.92,1
42.67,-82.92,1
42.67,-82.92,1
42.67,-82.92,1
42.67,-82.92,1
42.67,-82.92,1
42.67,-82.92,1
42.67,-82.92,1
42.67,-82.92,1
42.67,-82.92,1
42.67,-82.92,1
42.67,-82.92,1
42.67,-82.92,1
42.67,-82.92,1
42.67,-82.92,1
42.67,-82.92,1
42.67,-82.92,1
42.67,-82.92,1
42.67,-82.92,1
42.67,-82.92,1
42.67,-82.92,1
42.67,-82.92,1
42.67,-82.92,1
42.67,-82.92,1
42.67,-82.92,1
42.67,-82.92,1
42.67,-82.92,1
42.67,-82.92,1
42.67,-82.92,1
42.67,-82.92,1
42.67,-82.92,1
42.67,-82.92,1
42.67,-82.92,1
42.67,-82.92,1
42.67,-82.92,1
42.67,-82.92,1
42.67,-82.92,1
42.67,-82.92,1
42.67,-82.92,1
42.67,-82.92,1
42.67,-82.92,1
42.67,-82.92,1
42.67,-82.92,1
42.67,-82.92,1
42.67,-82.92,1
42.67,-82.92,1
42.67,-82.92,1
42.67,-82.92,1
42.67,-82.92,1
42.67,-82.92,1
42.67,-82.92,1
42.67,-82.92,1
42.67,-82.92,1
42.67,-82.92,1
42.67,-82.92,1
42.67,-82.92,1
42.67,-82.92,1
42.67,-82.92,1
42.67,-82.92,1
42.67,-82.92,1
42.67,-82.92,1
42.67,-82.92,1
42.67,-82.92,1
42.67,-82.92,1
42.67,-82.92,1
42.67,-82.92,1
42.67,-82.92,1
42.67,-82.92,1
42.67,-82.92,1
42.67,-82.92,1
42.67,-82.92,1
42.67,-82.92,1
42.67,-82.92,1
42.67,-82.92,1
42.67,-82.92,1
42.67,-82.92,1
42.67,-82.92,1
42.67,-82.92,1
42.67,-82.92,1
42.67,-82.92,1
42.67,-82.92,1
42.67,-82.92,1
42.67,-82.92,1
42.67,-82.92,1
42.67,-82.92,1
42.67,-82.92,1
42.67,-82.92,1
42.67,-82.92,1
42.67,-82.92,1
42.67,-82.92,1
42.67,-82.92,1
42.67,-82.92,1
42.67,-82.92,1
42.67,-82.92,1
42.67,-82.92,1
42.67,-82.92,1
42.67,-82.92,1
42.67,-82.92,1
42.67,-82.92,1
42.67,-82.92,1
42.67,-82.92,1
42.67,-82.92,1
42.67,-82.92,1
42.67,-82.92,1
42.67,-82.92,1
42.67,-82.92,1
42.67,-82.92,1
42.67,-82.92,1
42.67,-82.92,1
42.67,-82.92,1
42.67,-82.92,1
42.67,-82.92,1
42.67,-82.92,1
42.67,-82.92,1
42.67,-82.92,1
42.67,-82.92,1
42.67,-82.92,1
42.67,-82.92,1
42.67,-82.92,1
42.67,-82.92,1
42.67,-82.92,1
42.67,-82.92,1
42.67,-82.92,1
42.67,-82.92,1
42.67,-82.92,1
42.67,-82.92,1
42.67,-82.92,1
42.67,-82.92,1
42.67,-82.92,1
42.67,-82.92,1
42.67,-82.92,1
42.67,-82.92,1
42.67,-82.92,1
42.67,-82.92,1
42.67,-82.92,1
42.67,-82.92,1
42.67,-82.92,1
42.67,-82.92,1
42.67,-82.92,1
42.67,-82.92,1
42.67,-82.92,1
42.67,-82.92,1
42.67,-82.92,1
42.67,-82.92,1
42.67,-82.92,1
42.67,-82.92,1
42.67,-82.92,1
42.67,-82.92,1
42.67,-82.92,1
42.67,-82.92,1
42.67,-82.92,1
42.67,-82.92,1
42.67,-82.92,1
42.67,-82.92,1
42.67,-82.92,1
42.67,-82.92,1
42.67,-82.92,1
42.67,-82.92,1
42.67,-82.92,1
42.67,-82.92,1
42.67,-82.92,1
42.67,-82.92,1
42.67,-82.92,1
42.67,-82.92,1
42.67,-82.92,1
42.67,-82.92,1
42.67,-82.92,1
42.67,-82.92,1
42.67,-82.92,1
42.67,-82.92,1
42.67,-82.92,1
42.67,-82.92,1
42.67,-82.92,1
42.67,-82.92,1
42.67,-82.92,1
42.67,-82.92,1
42.67,-82.92,1
42.67,-82.92,1
42.67,-82.92,1
42.67,-82.92,1
42.67,-82.92,1
42.67,-82.92,1
42.67,-82.92,1
42.67,-82.92,1
42.67,-82.92,1
42.67,-82.92,1
42.67,-82.92,1
42.67,-82.92,1
42.67,-82.92,1
42.67,-82.92,1
42.67,-82.92,1
42.67,-82.92,1
42.67,-82.92,1
42.67,-82.92,1
42.67,-82.92,1
42.67,-82.92,1
42.67,-82.92,1
42.67,-82.92,1
42.67,-82.92,1
42.67,-82.92,1
42.67,-82.92,1
42.67,-82.92,1
42.67,-82.92,1
42.67,-82.92,1
42.67,-82.92,1
42.67,-82.92,1
42.67,-82.92,1
42.67,-82.92,1
42.67,-82.92,1
42.67,-82.92,1
42.67,-82.92,1
42.67,-82.92,1
42.67,-82.92,1
42.67,-82.92,1
42.67,-82.92,1
42.67,-82.92,1
42.67,-82.92,1
42.67,-82.92,1
42.67,-82.92,1
42.67,-82.92,1
42.67,-82.92,1
42.67,-82.92,1
42.67,-82.92,1
42.67,-82.92,1
42.67,-82.92,1
42.67,-82.92,1
42.67,-82.92,1
42.67,-82.92,1
42.67,-82.92,1
42.67,-82.92,1
42.67,-82.92,1
42.67,-82.92,1
42.67,-82.92,1
42.67,-82.92,1
42.67,-82.92,1
42.67,-82.92,1
42.67,-82.92,1
42.67,-82.92,1
42.67,-82.92,1
42.67,-82.92,1
42.67,-82.92,1
42.67,-82.92,1
42.67,-82.92,1
42.67,-82.92,1
42.67,-82.92,1
42.67,-82.92,1
42.67,-82.92,1
42.67,-82.92,1
42.67,-82.92,1
42.67,-82.92,1
42.67,-82.92,1
42.67,-82.92,1
42.67,-82.92,1
42.67,-82.92,1
42.67,-82.92,1
42.67,-82.92,1
42.67,-82.92,1
42.67,-82.92,1
42.67,-82.92,1
42.67,-82.92,1
42.67,-82.92,1
42.67,-82.92,1
42.67,-82.92,1
42.67,-82.92,1
42.67,-82.92,1
42.67,-82.92,1
42.67,-82.92,1
42.67,-82.92,1
42.67,-82.92,1
42.67,-82.92,1
42.67,-82.92,1
42.67,-82.92,1
42.67,-82.92,1
42.67,-82.92,1
42.67,-82.92,1
42.67,-82.92,1
42.67,-82.92,1
42.67,-82.92,1
42.67,-82.92,1
42.67,-82.92,1
42.67,-82.92,1
42.67,-82.92,1
42.67,-82.92,1
42.67,-82.92,1
42.67,-82.92,1
42.67,-82.92,1
42.67,-82.92,1
42.67,-82.92,1
42.67,-82.92,1
42.67,-82.92,1
42.67,-82.92,1
42.67,-82.92,1
42.67,-82.92,1
42.67,-82.92,1
42.67,-82.92,1
42.67,-82.92,1
42.67,-82.92,1
42.67,-82.92,1
42.67,-82.92,1
42.67,-82.92,1
42.67,-82.92,1
42.67,-82.92,1
42.67,-82.92,1
42.67,-82.92,1
42.67,-82.92,1
42.67,-82.92,1
42.67,-82.92,1
42.67,-82.92,1
42.67,-82.92,1
42.67,-82.92,1
42.67,-82.92,1
42.67,-82.92,1
42.67,-82.92,1
42.67,-82.92,1
42.67,-82.92,1
42.67,-82.92,1
42.67,-82.92,1
42.67,-82.92,1
42.67,-82.92,1
42.67,-82.92,1
42.67,-82.92,1
42.67,-82.92,1
42.67,-82.92,1
42.67,-82.92,1
42.67,-82.92,1
42.67,-82.92,1
42.67,-82.92,1
42.67,-82.92,1
42.67,-82.92,1
42.67,-82.92,1
42.67,-82.92,1
42.67,-82.92,1
42.67,-82.92,1
42.67,-82.92,1
42.67,-82.92,1
42.67,-82.92,1
42.67,-82.92,1
42.67,-82.92,1
42.67,-82.92,1
42.67,-82.92,1
42.67,-82.92,1
42.67,-82.92,1
42.67,-82.92,1
42.67,-82.92,1
42.67,-82.92,1
42.67,-82.92,1
42.67,-82.92,1
42.67,-82.92,1
42.67,-82.92,1
42.67,-82.92,1
42.67,-82.92,1
42.67,-82.92,1
42.67,-82.92,1
42.67,-82.92,1
42.67,-82.92,1
42.67,-82.92,1
42.67,-82.92,1
42.67,-82.92,1
42.67,-82.92,1
42.67,-82.92,1
42.67,-82.92,1
42.67,-82.92,1
42.67,-82.92,1
42.67,-82.92,1
42.67,-82.92,1
42.67,-82.92,1
42.67,-82.92,1
42.67,-82.92,1
42.67,-82.92,1
42.67,-82.92,1
42.67,-82.92,1
42.67,-82.92,1
42.67,-82.92,1
42.67,-82.92,1
42.67,-82.92,1
42.67,-82.92,1
42.67,-82.92,1
42.67,-82.92,1
42.67,-82.92,1
42.67,-82.92,1
42.67,-82.92,1
42.67,-82.92,1
42.67,-82.92,1
42.67,-82.92,1
42.67,-82.92,1
42.67,-82.92,1
42.67,-82.92,1
42.67,-82.92,1
42.67,-82.92,1
42.67,-82.92,1
42.67,-82.92,1
42.67,-82.92,1
42.67,-82.92,1
42.67,-82.92,1
42.67,-82.92,1
42.67,-82.92,1
42.67,-82.92,1
42.67,-82.92,1
42.67,-82.92,1
42.67,-82.92,1
42.67,-82.92,1
42.67,-82.92,1
42.67,-82.92,1
42.67,-82.92,1
42.67,-82.92,1
42.67,-82.92,1
42.67,-82.92,1
42.67,-82.92,1
42.67,-82.92,1
42.67,-82.92,1
42.67,-82.92,1
42.67,-82.92,1
42.67,-82.92,1
42.67,-82.92,1
42.67,-82.92,1
42.67,-82.92,1
42.67,-82.92,1
42.67,-82.92,1
42.67,-82.92,1
42.67,-82.92,1
42.67,-82.92,1
42.67,-82.92,1
42.67,-82.92,1
42.67,-82.92,1
42.67,-82.92,1
42.67,-82.92,1
42.67,-82.92,1
42.67,-82.92,1
42.67,-82.92,1
42.67,-82.92,1
42.67,-82.92,1
42.67,-82.92,1
42.67,-82.92,1
42.67,-82.92,1
42.67,-82.92,1
42.67,-82.92,1
42.67,-82.92,1
42.67,-82.92,1
42.67,-82.92,1
42.67,-82.92,1
42.67,-82.92,1
42.67,-82.92,1
42.67,-82.92,1
42.67,-82.92,1
42.67,-82.92,1
42.67,-82.92,1
42.67,-82.92,1
42.67,-82.92,1
42.67,-82.92,1
42.67,-82.92,1
42.67,-82.92,1
42.67,-82.92,1
42.67,-82.92,1
42.67,-82.92,1
42.67,-82.92,1
42.67,-82.92,1
42.67,-82.92,1
42.67,-82.92,1
42.67,-82.92,1
42.67,-82.92,1
42.67,-82.92,1
42.67,-82.92,1
42.67,-82.92,1
42.67,-82.92,1
42.67,-82.92,1
42.67,-82.92,1
42.67,-82.92,1
42.67,-82.92,1
42.67,-82.92,1
42.67,-82.92,1
42.67,-82.92,1
42.67,-82.92,1
42.67,-82.92,1
42.67,-82.92,1
42.67,-82.92,1
42.67,-82.92,1
42.67,-82.92,1
42.67,-82.92,1
42.67,-82.92,1
42.67,-82.92,1
42.67,-82.92,1
42.67,-82.92,1
42.67,-82.92,1
42.67,-82.92,1
42.67,-82.92,1
42.67,-82.92,1
42.67,-82.92,1
42.67,-82.92,1
42.67,-82.92,1
42.67,-82.92,1
42.67,-82.92,1
42.67,-82.92,1
42.67,-82.92,1
42.67,-82.92,1
42.67,-82.92,1
42.67,-82.92,1
42.67,-82.92,1
42.67,-82.92,1
42.67,-82.92,1
42.67,-82.92,1
42.67,-82.92,1
42.67,-82.92,1
42.67,-82.92,1
42.67,-82.92,1
42.67,-82.92,1
42.67,-82.92,1
42.67,-82.92,1
42.67,-82.92,1
42.67,-82.92,1
42.67,-82.92,1
42.67,-82.92,1
42.67,-82.92,1
42.67,-82.92,1
42.67,-82.92,1
42.67,-82.92,1
42.67,-82.92,1
42.67,-82.92,1
42.67,-82.92,1
42.67,-82.92,1
42.67,-82.92,1
42.67,-82.92,1
42.67,-82.92,1
42.67,-82.92,1
42.67,-82.92,1
42.67,-82.92,1
42.67,-82.92,1
42.67,-82.92,1
42.67,-82.92,1
42.67,-82.92,1
42.67,-82.92,1
42.67,-82.92,1
42.67,-82.92,1
42.67,-82.92,1
42.67,-82.92,1
42.67,-82.92,1
42.67,-82.92,1
42.67,-82.92,1
42.67,-82.92,1
42.67,-82.92,1
42.67,-82.92,1
42.67,-82.92,1
42.67,-82.92,1
42.67,-82.92,1
42.67,-82.92,1
42.67,-82.92,1
42.67,-82.92,1
42.67,-82.92,1
42.67,-82.92,1
42.67,-82.92,1
42.67,-82.92,1
42.67,-82.92,1
42.67,-82.92,1
42.67,-82.92,1
42.67,-82.92,1
42.67,-82.92,1
42.67,-82.92,1
42.67,-82.92,1
42.67,-82.92,1
42.67,-82.92,1
42.67,-82.92,1
42.67,-82.92,1
42.67,-82.92,1
42.67,-82.92,1
42.67,-82.92,1
42.67,-82.92,1
42.67,-82.92,1
42.67,-82.92,1
42.67,-82.92,1
42.67,-82.92,1
42.67,-82.92,1
42.67,-82.92,1
42.67,-82.92,1
42.67,-82.92,1
42.67,-82.92,1
42.67,-82.92,1
42.67,-82.92,1
42.67,-82.92,1
42.67,-82.92,1
42.67,-82.92,1
42.67,-82.92,1
42.67,-82.92,1
42.67,-82.92,1
42.67,-82.92,1
42.67,-82.92,1
42.67,-82.92,1
42.67,-82.92,1
42.67,-82.92,1
42.67,-82.92,1
42.67,-82.92,1
42.67,-82.92,1
42.67,-82.92,1
42.67,-82.92,1
42.67,-82.92,1
42.67,-82.92,1
42.67,-82.92,1
42.67,-82.92,1
42.67,-82.92,1
42.67,-82.92,1
42.67,-82.92,1
42.67,-82.92,1
42.67,-82.92,1
42.67,-82.92,1
42.67,-82.92,1
42.67,-82.92,1
42.67,-82.92,1
42.67,-82.92,1
42.67,-82.92,1
42.67,-82.92,1
42.67,-82.92,1
42.67,-82.92,1
42.67,-82.92,1
42.67,-82.92,1
42.67,-82.92,1
42.67,-82.92,1
42.67,-82.92,1
42.67,-82.92,1
42.67,-82.92,1
42.67,-82.92,1
42.67,-82.92,1
42.67,-82.92,1
42.67,-82.92,1
42.67,-82.92,1
42.67,-82.92,1
42.67,-82.92,1
42.67,-82.92,1
42.67,-82.92,1
42.67,-82.92,1
42.67,-82.92,1
42.67,-82.92,1
42.67,-82.92,1
42.67,-82.92,1
42.67,-82.92,1
42.67,-82.92,1
42.67,-82.92,1
42.67,-82.92,1
42.67,-82.92,1
42.67,-82.92,1
42.67,-82.92,1
42.67,-82.92,1
42.67,-82.92,1
42.67,-82.92,1
42.67,-82.92,1
42.67,-82.92,1
42.67,-82.92,1
42.67,-82.92,1
42.67,-82.92,1
42.67,-82.92,1
42.67,-82.92,1
42.67,-82.92,1
42.67,-82.92,1
42.67,-82.92,1
42.67,-82.92,1
42.67,-82.92,1
42.67,-82.92,1
42.67,-82.92,1
42.67,-82.92,1
42.67,-82.92,1
42.67,-82.92,1
42.67,-82.92,1
42.67,-82.92,1
42.67,-82.92,1
42.67,-82.92,1
42.67,-82.92,1
42.67,-82.92,1
42.67,-82.92,1
42.67,-82.92,1
42.67,-82.92,1
42.67,-82.92,1
42.67,-82.92,1
42.67,-82.92,1
42.67,-82.92,1
42.67,-82.92,1
42.67,-82.92,1
42.67,-82.92,1
42.67,-82.92,1
42.67,-82.92,1
42.67,-82.92,1
42.67,-82.92,1
42.67,-82.92,1
42.67,-82.92,1
42.67,-82.92,1
42.67,-82.92,1
42.67,-82.92,1
42.67,-82.92,1
42.67,-82.92,1
42.67,-82.92,1
42.67,-82.92,1
42.67,-82.92,1
42.67,-82.92,1
42.67,-82.92,1
42.67,-82.92,1
42.67,-82.92,1
42.67,-82.92,1
42.67,-82.92,1
42.67,-82.92,1
42.67,-82.92,1
42.67,-82.92,1
42.67,-82.92,1
42.67,-82.92,1
42.67,-82.92,1
42.67,-82.92,1
42.67,-82.92,1
42.67,-82.92,1
42.67,-82.92,1
42.67,-82.92,1
42.67,-82.92,1
42.67,-82.92,1
42.67,-82.92,1
42.67,-82.92,1
42.67,-82.92,1
42.67,-82.92,1
42.67,-82.92,1
42.67,-82.92,1
42.67,-82.92,1
42.67,-82.92,1
42.67,-82.92,1
42.67,-82.92,1
42.67,-82.92,1
42.67,-82.92,1
42.67,-82.92,1
42.67,-82.92,1
42.67,-82.92,1
42.67,-82.92,1
42.67,-82.92,1
42.67,-82.92,1
42.67,-82.92,1
42.67,-82.92,1
42.67,-82.92,1
42.67,-82.92,1
42.67,-82.92,1
42.67,-82.92,1
42.67,-82.92,1
42.67,-82.92,1
42.67,-82.92,1
42.67,-82.92,1
42.67,-82.92,1
42.67,-82.92,1
42.67,-82.92,1
42.67,-82.92,1
42.67,-82.92,1
42.67,-82.92,1
42.67,-82.92,1
42.67,-82.92,1
42.67,-82.92,1
42.67,-82.92,1
42.67,-82.92,1
42.67,-82.92,1
42.67,-82.92,1
42.67,-82.92,1
42.67,-82.92,1
42.67,-82.92,1
42.67,-82.92,1
42.67,-82.92,1
42.67,-82.92,1
42.67,-82.92,1
42.67,-82.92,1
42.67,-82.92,1
42.67,-82.92,1
42.67,-82.92,1
42.67,-82.92,1
42.67,-82.92,1
42.67,-82.92,1
42.67,-82.92,1
42.67,-82.92,1
42.67,-82.92,1
42.67,-82.92,1
42.67,-82.92,1
42.67,-82.92,1
42.67,-82.92,1
42.67,-82.92,1
42.67,-82.92,1
42.67,-82.92,1
42.67,-82.92,1
42.67,-82.92,1
42.67,-82.92,1
42.67,-82.92,1
42.67,-82.92,1
42.67,-82.92,1
42.67,-82.92,1
42.67,-82.92,1
42.67,-82.92,1
42.67,-82.92,1
42.67,-82.92,1
42.67,-82.92,1
42.67,-82.92,1
42.67,-82.92,1
42.67,-82.92,1
42.67,-82.92,1
42.67,-82.92,1
42.67,-82.92,1
42.67,-82.92,1
42.67,-82.92,1
42.67,-82.92,1
42.67,-82.92,1
42.67,-82.92,1
42.67,-82.92,1
42.67,-82.92,1
42.67,-82.92,1
42.67,-82.92,1
42.67,-82.92,1
42.67,-82.92,1
42.67,-82.92,1
42.67,-82.92,1
42.67,-82.92,1
42.67,-82.92,1
42.67,-82.92,1
42.67,-82.92,1
42.67,-82.92,1
42.67,-82.92,1
42.67,-82.92,1
42.67,-82.92,1
42.67,-82.92,1
42.67,-82.92,1
42.67,-82.92,1
42.67,-82.92,1
42.67,-82.92,1
42.67,-82.92,1
42.67,-82.92,1
42.67,-82.92,1
42.67,-82.92,1
42.67,-82.92,1
42.67,-82.92,1
42.67,-82.92,1
42.67,-82.92,1
42.67,-82.92,1
42.67,-82.92,1
42.67,-82.92,1
42.67,-82.92,1
42.67,-82.92,1
42.67,-82.92,1
42.67,-82.92,1
42.67,-82.92,1
42.67,-82.92,1
42.67,-82.92,1
42.67,-82.92,1
42.67,-82.92,1
42.67,-82.92,1
42.67,-82.92,1
42.67,-82.92,1
42.67,-82.92,1
42.67,-82.92,1
42.67,-82.92,1
42.67,-82.92,1
42.67,-82.92,1
42.67,-82.92,1
42.67,-82.92,1
42.67,-82.92,1
42.67,-82.92,1
42.67,-82.92,1
42.67,-82.92,1
42.67,-82.92,1
42.67,-82.92,1
42.67,-82.92,1
42.67,-82.92,1
42.67,-82.92,1
42.67,-82.92,1
42.67,-82.92,1
42.67,-82.92,1
42.67,-82.92,1
42.67,-82.92,1
42.67,-82.92,1
42.67,-82.92,1
42.67,-82.92,1
42.67,-82.92,1
42.67,-82.92,1
42.67,-82.92,1
42.67,-82.92,1
42.67,-82.92,1
42.67,-82.92,1
42.67,-82.92,1
42.67,-82.92,1
42.67,-82.92,1
42.67,-82.92,1
42.67,-82.92,1
42.67,-82.92,1
42.67,-82.92,1
42.67,-82.92,1
42.67,-82.92,1
42.67,-82.92,1
42.67,-82.92,1
42.67,-82.92,1
42.67,-82.92,1
42.67,-82.92,1
42.67,-82.92,1
42.67,-82.92,1
42.67,-82.92,1
42.67,-82.92,1
42.67,-82.92,1
42.67,-82.92,1
42.67,-82.92,1
42.67,-82.92,1
42.67,-82.92,1
42.67,-82.92,1
42.67,-82.92,1
42.67,-82.92,1
42.67,-82.92,1
42.67,-82.92,1
42.67,-82.92,1
42.67,-82.92,1
42.67,-82.92,1
42.67,-82.92,1
42.67,-82.92,1
42.67,-82.92,1
42.67,-82.92,1
42.67,-82.92,1
42.67,-82.92,1
42.67,-82.92,1
42.67,-82.92,1
42.67,-82.92,1
42.67,-82.92,1
42.67,-82.92,1
42.67,-82.92,1
42.67,-82.92,1
42.67,-82.92,1
42.67,-82.92,1
42.67,-82.92,1
42.67,-82.92,1
42.67,-82.92,1
42.67,-82.92,1
42.67,-82.92,1
42.67,-82.92,1
42.67,-82.92,1
42.67,-82.92,1
42.67,-82.92,1
42.67,-82.92,1
42.67,-82.92,1
42.67,-82.92,1
42.67,-82.92,1
42.67,-82.92,1
42.67,-82.92,1
42.67,-82.92,1
42.67,-82.92,1
42.67,-82.92,1
42.67,-82.92,1
42.67,-82.92,1
42.67,-82.92,1
42.67,-82.92,1
42.67,-82.92,1
42.67,-82.92,1
42.67,-82.92,1
42.67,-82.92,1
42.67,-82.92,1
42.67,-82.92,1
42.67,-82.92,1
42.67,-82.92,1
42.67,-82.92,1
42.67,-82.92,1
42.67,-82.92,1
42.67,-82.92,1
42.67,-82.92,1
42.67,-82.92,1
42.67,-82.92,1
42.67,-82.92,1
42.67,-82.92,1
42.67,-82.92,1
42.67,-82.92,1
42.67,-82.92,1
42.67,-82.92,1
42.67,-82.92,1
42.67,-82.92,1
42.67,-82.92,1
42.67,-82.92,1
42.67,-82.92,1
42.67,-82.92,1
42.67,-82.92,1
42.67,-82.92,1
42.67,-82.92,1
42.67,-82.92,1
42.67,-82.92,1
42.67,-82.92,1
42.67,-82.92,1
42.67,-82.92,1
42.67,-82.92,1
42.67,-82.92,1
42.67,-82.92,1
42.67,-82.92,1
42.67,-82.92,1
42.67,-82.92,1
42.67,-82.92,1
42.67,-82.92,1
42.67,-82.92,1
42.67,-82.92,1
42.67,-82.92,1
42.67,-82.92,1
42.67,-82.92,1
42.67,-82.92,1
42.67,-82.92,1
42.67,-82.92,1
42.67,-82.92,1
42.67,-82.92,1
42.67,-82.92,1
42.67,-82.92,1
42.67,-82.92,1
42.67,-82.92,1
42.67,-82.92,1
42.67,-82.92,1
42.67,-82.92,1
42.67,-82.92,1
42.67,-82.92,1
42.67,-82.92,1
42.67,-82.92,1
42.67,-82.92,1
42.67,-82.92,1
42.67,-82.92,1
42.67,-82.92,1
42.67,-82.92,1
42.67,-82.92,1
42.67,-82.92,1
42.67,-82.92,1
42.67,-82.92,1
42.67,-82.92,1
42.67,-82.92,1
42.67,-82.92,1
42.67,-82.92,1
42.67,-82.92,1
42.67,-82.92,1
42.67,-82.92,1
42.67,-82.92,1
42.67,-82.92,1
42.67,-82.92,1
42.67,-82.92,1
42.67,-82.92,1
42.67,-82.92,1
42.67,-82.92,1
42.67,-82.92,1
42.67,-82.92,1
42.67,-82.92,1
42.67,-82.92,1
42.67,-82.92,1
42.67,-82.92,1
42.67,-82.92,1
42.67,-82.92,1
42.67,-82.92,1
42.67,-82.92,1
42.67,-82.92,1
42.67,-82.92,1
42.67,-82.92,1
42.67,-82.92,1
42.67,-82.92,1
42.67,-82.92,1
42.67,-82.92,1
42.67,-82.92,1
42.67,-82.92,1
42.67,-82.92,1
42.67,-82.92,1
42.67,-82.92,1
42.67,-82.92,1
42.67,-82.92,1
42.67,-82.92,1
42.67,-82.92,1
42.67,-82.92,1
42.67,-82.92,1
42.67,-82.92,1
42.67,-82.92,1
42.67,-82.92,1
42.67,-82.92,1
42.67,-82.92,1
42.67,-82.92,1
42.67,-82.92,1
42.67,-82.92,1
42.67,-82.92,1
42.67,-82.92,1
42.67,-82.92,1
42.67,-82.92,1
42.67,-82.92,1
42.67,-82.92,1
42.67,-82.92,1
42.67,-82.92,1
42.67,-82.92,1
42.67,-82.92,1
42.67,-82.92,1
42.67,-82.92,1
42.67,-82.92,1
42.67,-82.92,1
42.67,-82.92,1
42.67,-82.92,1
42.67,-82.92,1
42.67,-82.92,1
42.67,-82.92,1
42.67,-82.92,1
42.67,-82.92,1
42.67,-82.92,1
42.67,-82.92,1
42.67,-82.92,1
42.67,-82.92,1
42.67,-82.92,1
42.67,-82.92,1
42.67,-82.92,1
42.67,-82.92,1
42.67,-82.92,1
42.67,-82.92,1
42.67,-82.92,1
42.67,-82.92,1
42.67,-82.92,1
42.67,-82.92,1
42.67,-82.92,1
42.67,-82.92,1
42.67,-82.92,1
42.67,-82.92,1
42.67,-82.92,1
42.67,-82.92,1
42.67,-82.92,1
42.67,-82.92,1
42.67,-82.92,1
42.67,-82.92,1
42.67,-82.92,1
42.67,-82.92,1
42.67,-82.92,1
42.67,-82.92,1
42.67,-82.92,1
42.67,-82.92,1
42.67,-82.92,1
42.67,-82.92,1
42.67,-82.92,1
42.67,-82.92,1
42.67,-82.92,1
42.67,-82.92,1
42.67,-82.92,1
42.67,-82.92,1
42.67,-82.92,1
42.67,-82.92,1
42.67,-82.92,1
42.67,-82.92,1
42.67,-82.92,1
42.67,-82.92,1
42.67,-82.92,1
42.67,-82.92,1
42.67,-82.92,1
42.67,-82.92,1
42.67,-82.92,1
42.67,-82.92,1
42.67,-82.92,1
42.67,-82.92,1
42.67,-82.92,1
42.67,-82.92,1
42.67,-82.92,1
42.67,-82.92,1
42.67,-82.92,1
42.67,-82.92,1
42.67,-82.92,1
42.67,-82.92,1
42.67,-82.92,1
42.67,-82.92,1
42.67,-82.92,1
42.67,-82.92,1
42.67,-82.92,1
42.67,-82.92,1
42.67,-82.92,1
42.67,-82.92,1
42.67,-82.92,1
42.67,-82.92,1
42.67,-82.92,1
42.67,-82.92,1
42.67,-82.92,1
42.67,-82.92,1
42.67,-82.92,1
42.67,-82.92,1
42.67,-82.92,1
42.67,-82.92,1
42.67,-82.92,1
42.67,-82.92,1
42.67,-82.92,1
42.67,-82.92,1
42.67,-82.92,1
42.67,-82.92,1
42.67,-82.92,1
42.67,-82.92,1
42.67,-82.92,1
42.67,-82.92,1
42.67,-82.92,1
42.67,-82.92,1
42.67,-82.92,1
42.67,-82.92,1
42.67,-82.92,1
42.67,-82.92,1
42.67,-82.92,1
42.67,-82.92,1
42.67,-82.92,1
42.67,-82.92,1
42.67,-82.92,1
42.67,-82.92,1
42.67,-82.92,1
42.67,-82.92,1
42.67,-82.92,1
42.67,-82.92,1
42.67,-82.92,1
42.67,-82.92,1
42.67,-82.92,1
42.67,-82.92,1
42.67,-82.92,1
42.67,-82.92,1
42.67,-82.92,1
42.67,-82.92,1
42.67,-82.92,1
42.67,-82.92,1
42.67,-82.92,1
42.67,-82.92,1
42.67,-82.92,1
42.67,-82.92,1
42.67,-82.92,1
42.67,-82.92,1
42.67,-82.92,1
42.67,-82.92,1
42.67,-82.92,1
42.67,-82.92,1
42.67,-82.92,1
42.67,-82.92,1
42.67,-82.92,1
42.67,-82.92,1
42.67,-82.92,1
42.67,-82.92,1
42.67,-82.92,1
42.67,-82.92,1
42.67,-82.92,1
42.67,-82.92,1
42.67,-82.92,1
42.67,-82.92,1
42.67,-82.92,1
42.67,-82.92,1
42.67,-82.92,1
42.67,-82.92,1
42.67,-82.92,1
42.67,-82.92,1
42.67,-82.92,1
42.67,-82.92,1
42.67,-82.92,1
42.67,-82.92,1
42.67,-82.92,1
42.67,-82.92,1
42.67,-82.92,1
42.67,-82.92,1
42.67,-82.92,1
42.67,-82.92,1
42.67,-82.92,1
42.67,-82.92,1
42.67,-82.92,1
42.67,-82.92,1
42.67,-82.92,1
42.67,-82.92,1
42.67,-82.92,1
42.67,-82.92,1
42.67,-82.92,1
42.67,-82.92,1
42.67,-82.92,1
42.67,-82.92,1
42.67,-82.92,1
42.67,-82.92,1
42.67,-82.92,1
42.67,-82.92,1
42.67,-82.92,1
42.67,-82.92,1
42.67,-82.92,1
42.67,-82.92,1
42.67,-82.92,1
42.67,-82.92,1
42.67,-82.92,1
42.67,-82.92,1
42.67,-82.92,1
42.67,-82.92,1
42.67,-82.92,1
42.67,-82.92,1
42.67,-82.92,1
42.67,-82.92,1
42.67,-82.92,1
42.67,-82.92,1
42.67,-82.92,1
42.67,-82.92,1
42.67,-82.92,1
42.67,-82.92,1
42.67,-82.92,1
42.67,-82.92,1
42.67,-82.92,1
42.67,-82.92,1
42.67,-82.92,1
42.67,-82.92,1
42.67,-82.92,1
42.67,-82.92,1
42.67,-82.92,1
42.67,-82.92,1
42.67,-82.92,1
42.67,-82.92,1
42.67,-82.92,1
42.67,-82.92,1
42.67,-82.92,1
42.67,-82.92,1
42.67,-82.92,1
42.67,-82.92,1
42.67,-82.92,1
42.67,-82.92,1
42.67,-82.92,1
42.67,-82.92,1
42.67,-82.92,1
42.67,-82.92,1
42.67,-82.92,1
42.67,-82.92,1
42.67,-82.92,1
42.67,-82.92,1
42.67,-82.92,1
42.67,-82.92,1
42.67,-82.92,1
42.67,-82.92,1
42.67,-82.92,1
42.67,-82.92,1
42.67,-82.92,1
42.67,-82.92,1
42.67,-82.92,1
42.67,-82.92,1
42.67,-82.92,1
42.67,-82.92,1
42.67,-82.92,1
42.67,-82.92,1
42.67,-82.92,1
42.67,-82.92,1
42.67,-82.92,1
42.67,-82.92,1
42.67,-82.92,1
42.67,-82.92,1
42.67,-82.92,1
42.67,-82.92,1
42.67,-82.92,1
42.67,-82.92,1
42.67,-82.92,1
42.67,-82.92,1
42.67,-82.92,1
42.67,-82.92,1
42.67,-82.92,1
42.67,-82.92,1
42.67,-82.92,1
42.67,-82.92,1
42.67,-82.92,1
42.67,-82.92,1
42.67,-82.92,1
42.67,-82.92,1
42.67,-82.92,1
42.67,-82.92,1
42.67,-82.92,1
42.67,-82.92,1
42.67,-82.92,1
42.67,-82.92,1
42.67,-82.92,1
42.67,-82.92,1
42.67,-82.92,1
42.67,-82.92,1
42.67,-82.92,1
42.67,-82.92,1
42.67,-82.92,1
42.67,-82.92,1
42.67,-82.92,1
42.67,-82.92,1
42.67,-82.92,1
42.67,-82.92,1
42.67,-82.92,1
42.67,-82.92,1
42.67,-82.92,1
42.67,-82.92,1
42.67,-82.92,1
42.67,-82.92,1
42.67,-82.92,1
42.67,-82.92,1
42.67,-82.92,1
42.67,-82.92,1
42.67,-82.92,1
42.67,-82.92,1
42.67,-82.92,1
42.67,-82.92,1
42.67,-82.92,1
42.67,-82.92,1
42.67,-82.92,1
42.67,-82.92,1
42.67,-82.92,1
42.67,-82.92,1
42.67,-82.92,1
42.67,-82.92,1
42.67,-82.92,1
42.67,-82.92,1
42.67,-82.92,1
42.67,-82.92,1
42.67,-82.92,1
42.67,-82.92,1
42.67,-82.92,1
42.67,-82.92,1
42.67,-82.92,1
42.67,-82.92,1
42.67,-82.92,1
42.67,-82.92,1
42.67,-82.92,1
42.67,-82.92,1
42.67,-82.92,1
42.67,-82.92,1
42.67,-82.92,1
42.67,-82.92,1
42.67,-82.92,1
42.67,-82.92,1
42.67,-82.92,1
42.67,-82.92,1
42.67,-82.92,1
42.67,-82.92,1
42.67,-82.92,1
42.67,-82.92,1
42.67,-82.92,1
42.67,-82.92,1
42.67,-82.92,1
42.67,-82.92,1
42.67,-82.92,1
42.67,-82.92,1
42.67,-82.92,1
42.67,-82.92,1
42.67,-82.92,1
42.67,-82.92,1
42.67,-82.92,1
42.67,-82.92,1
42.67,-82.92,1
42.67,-82.92,1
42.67,-82.92,1
42.67,-82.92,1
42.67,-82.92,1
42.67,-82.92,1
42.67,-82.92,1
42.67,-82.92,1
42.67,-82.92,1
42.67,-82.92,1
42.67,-82.92,1
42.67,-82.92,1
42.67,-82.92,1
42.67,-82.92,1
42.67,-82.92,1
42.67,-82.92,1
42.67,-82.92,1
42.67,-82.92,1
42.67,-82.92,1
42.67,-82.92,1
42.67,-82.92,1
42.67,-82.92,1
42.67,-82.92,1
42.67,-82.92,1
42.67,-82.92,1
42.67,-82.92,1
42.67,-82.92,1
42.67,-82.92,1
42.67,-82.92,1
42.67,-82.92,1
42.67,-82.92,1
42.67,-82.92,1
42.67,-82.92,1
42.67,-82.92,1
42.67,-82.92,1
42.67,-82.92,1
42.67,-82.92,1
42.67,-82.92,1
42.67,-82.92,1
42.67,-82.92,1
42.67,-82.92,1
42.67,-82.92,1
42.67,-82.92,1
42.67,-82.92,1
42.67,-82.92,1
42.67,-82.92,1
42.67,-82.92,1
42.67,-82.92,1
42.67,-82.92,1
42.67,-82.92,1
42.67,-82.92,1
42.67,-82.92,1
42.67,-82.92,1
42.67,-82.92,1
42.67,-82.92,1
42.67,-82.92,1
42.67,-82.92,1
42.67,-82.92,1
42.67,-82.92,1
42.67,-82.92,1
42.67,-82.92,1
42.67,-82.92,1
42.67,-82.92,1
42.67,-82.92,1
42.67,-82.92,1
42.67,-82.92,1
42.67,-82.92,1
42.67,-82.92,1
42.67,-82.92,1
42.67,-82.92,1
42.67,-82.92,1
42.67,-82.92,1
42.67,-82.92,1
42.67,-82.92,1
42.67,-82.92,1
42.67,-82.92,1
42.67,-82.92,1
42.67,-82.92,1
42.67,-82.92,1
42.67,-82.92,1
42.67,-82.92,1
42.67,-82.92,1
42.67,-82.92,1
42.67,-82.92,1
42.67,-82.92,1
42.67,-82.92,1
42.67,-82.92,1
42.67,-82.92,1
42.67,-82.92,1
42.67,-82.92,1
42.67,-82.92,1
42.67,-82.92,1
42.67,-82.92,1
42.67,-82.92,1
42.67,-82.92,1
42.67,-82.92,1
42.67,-82.92,1
42.67,-82.92,1
42.67,-82.92,1
42.67,-82.92,1
42.67,-82.92,1
42.67,-82.92,1
42.67,-82.92,1
42.67,-82.92,1
42.67,-82.92,1
42.67,-82.92,1
42.67,-82.92,1
42.67,-82.92,1
42.67,-82.92,1
42.67,-82.92,1
42.67,-82.92,1
42.67,-82.92,1
42.67,-82.92,1
42.67,-82.92,1
42.67,-82.92,1
42.67,-82.92,1
42.67,-82.92,1
42.67,-82.92,1
42.67,-82.92,1
42.67,-82.92,1
42.67,-82.92,1
42.67,-82.92,1
42.67,-82.92,1
42.67,-82.92,1
42.67,-82.92,1
42.67,-82.92,1
42.67,-82.92,1
42.67,-82.92,1
42.67,-82.92,1
42.67,-82.92,1
42.67,-82.92,1
42.67,-82.92,1
42.67,-82.92,1
42.67,-82.92,1
42.67,-82.92,1
42.67,-82.92,1
42.67,-82.92,1
42.67,-82.92,1
42.67,-82.92,1
42.67,-82.92,1
42.67,-82.92,1
42.67,-82.92,1
42.67,-82.92,1
42.67,-82.92,1
42.67,-82.92,1
42.67,-82.92,1
42.67,-82.92,1
42.67,-82.92,1
42.67,-82.92,1
42.67,-82.92,1
42.67,-82.92,1
42.67,-82.92,1
42.67,-82.92,1
42.67,-82.92,1
42.67,-82.92,1
42.67,-82.92,1
42.67,-82.92,1
42.67,-82.92,1
42.67,-82.92,1
42.67,-82.92,1
42.67,-82.92,1
42.67,-82.92,1
42.67,-82.92,1
42.67,-82.92,1
42.67,-82.92,1
42.67,-82.92,1
42.67,-82.92,1
42.67,-82.92,1
42.67,-82.92,1
42.67,-82.92,1
42.67,-82.92,1
42.67,-82.92,1
42.67,-82.92,1
42.67,-82.92,1
42.67,-82.92,1
42.67,-82.92,1
42.67,-82.92,1
42.67,-82.92,1
42.67,-82.92,1
42.67,-82.92,1
42.67,-82.92,1
42.67,-82.92,1
42.67,-82.92,1
42.67,-82.92,1
42.67,-82.92,1
42.67,-82.92,1
42.67,-82.92,1
42.67,-82.92,1
42.67,-82.92,1
42.67,-82.92,1
42.67,-82.92,1
42.67,-82.92,1
42.67,-82.92,1
42.67,-82.92,1
42.67,-82.92,1
42.67,-82.92,1
42.67,-82.92,1
42.67,-82.92,1
42.67,-82.92,1
42.67,-82.92,1
42.67,-82.92,1
42.67,-82.92,1
42.67,-82.92,1
42.67,-82.92,1
42.67,-82.92,1
42.67,-82.92,1
42.67,-82.92,1
42.67,-82.92,1
42.67,-82.92,1
42.67,-82.92,1
42.67,-82.92,1
42.67,-82.92,1
42.67,-82.92,1
42.67,-82.92,1
42.67,-82.92,1
42.67,-82.92,1
42.67,-82.92,1
42.67,-82.92,1
42.67,-82.92,1
42.67,-82.92,1
42.67,-82.92,1
42.67,-82.92,1
42.67,-82.92,1
42.67,-82.92,1
42.67,-82.92,1
42.67,-82.92,1
42.67,-82.92,1
42.67,-82.92,1
42.67,-82.92,1
42.67,-82.92,1
42.67,-82.92,1
42.67,-82.92,1
42.67,-82.92,1
42.67,-82.92,1
42.67,-82.92,1
42.67,-82.92,1
42.67,-82.92,1
42.67,-82.92,1
42.67,-82.92,1
42.67,-82.92,1
42.67,-82.92,1
42.67,-82.92,1
42.67,-82.92,1
42.67,-82.92,1
42.67,-82.92,1
42.67,-82.92,1
42.67,-82.92,1
42.67,-82.92,1
42.67,-82.92,1
42.67,-82.92,1
42.67,-82.92,1
42.67,-82.92,1
42.67,-82.92,1
42.67,-82.92,1
42.67,-82.92,1
42.67,-82.92,1
42.67,-82.92,1
42.67,-82.92,1
42.67,-82.92,1
42.67,-82.92,1
42.67,-82.92,1
42.67,-82.92,1
42.67,-82.92,1
42.67,-82.92,1
42.67,-82.92,1
42.67,-82.92,1
42.67,-82.92,1
42.67,-82.92,1
42.67,-82.92,1
42.67,-82.92,1
42.67,-82.92,1
42.67,-82.92,1
42.67,-82.92,1
42.67,-82.92,1
42.67,-82.92,1
42.67,-82.92,1
42.67,-82.92,1
42.67,-82.92,1
42.67,-82.92,1
42.67,-82.92,1
42.67,-82.92,1
42.67,-82.92,1
42.67,-82.92,1
42.67,-82.92,1
42.67,-82.92,1
42.67,-82.92,1
42.67,-82.92,1
42.67,-82.92,1
42.67,-82.92,1
42.67,-82.92,1
42.67,-82.92,1
42.67,-82.92,1
42.67,-82.92,1
42.67,-82.92,1
42.67,-82.92,1
42.67,-82.92,1
42.67,-82.92,1
42.67,-82.92,1
42.67,-82.92,1
42.67,-82.92,1
42.67,-82.92,1
42.67,-82.92,1
42.67,-82.92,1
42.67,-82.92,1
42.67,-82.92,1
42.67,-82.92,1
42.67,-82.92,1
42.67,-82.92,1
42.67,-82.92,1
42.67,-82.92,1
42.67,-82.92,1
42.67,-82.92,1
42.67,-82.92,1
42.67,-82.92,1
42.67,-82.92,1
42.67,-82.92,1
42.67,-82.92,1
42.67,-82.92,1
42.67,-82.92,1
42.67,-82.92,1
42.67,-82.92,1
42.67,-82.92,1
42.67,-82.92,1
42.67,-82.92,1
42.67,-82.92,1
42.67,-82.92,1
42.67,-82.92,1
42.67,-82.92,1
42.67,-82.92,1
42.67,-82.92,1
42.67,-82.92,1
42.67,-82.92,1
42.67,-82.92,1
42.67,-82.92,1
42.67,-82.92,1
42.67,-82.92,1
42.67,-82.92,1
42.67,-82.92,1
42.67,-82.92,1
42.67,-82.92,1
42.67,-82.92,1
42.67,-82.92,1
42.67,-82.92,1
42.67,-82.92,1
42.67,-82.92,1
42.67,-82.92,1
42.67,-82.92,1
42.67,-82.92,1
42.67,-82.92,1
42.67,-82.92,1
42.67,-82.92,1
42.67,-82.92,1
42.67,-82.92,1
42.67,-82.92,1
42.67,-82.92,1
42.67,-82.92,1
42.67,-82.92,1
42.67,-82.92,1
42.67,-82.92,1
42.67,-82.92,1
42.67,-82.92,1
42.67,-82.92,1
42.67,-82.92,1
42.67,-82.92,1
42.67,-82.92,1
42.67,-82.92,1
42.67,-82.92,1
42.67,-82.92,1
42.67,-82.92,1
42.67,-82.92,1
42.67,-82.92,1
42.67,-82.92,1
42.67,-82.92,1
42.67,-82.92,1
42.67,-82.92,1
42.67,-82.92,1
42.67,-82.92,1
42.67,-82.92,1
42.67,-82.92,1
42.67,-82.92,1
42.67,-82.92,1
42.67,-82.92,1
42.67,-82.92,1
42.67,-82.92,1
42.67,-82.92,1
42.67,-82.92,1
42.67,-82.92,1
42.67,-82.92,1
42.67,-82.92,1
42.67,-82.92,1
42.67,-82.92,1
42.67,-82.92,1
42.67,-82.92,1
42.67,-82.92,1
42.67,-82.92,1
42.67,-82.92,1
42.67,-82.92,1
42.67,-82.92,1
42.67,-82.92,1
42.67,-82.92,1
42.67,-82.92,1
42.67,-82.92,1
42.67,-82.92,1
42.67,-82.92,1
42.67,-82.92,1
42.67,-82.92,1
42.67,-82.92,1
42.67,-82.92,1
42.67,-82.92,1
42.67,-82.92,1
42.67,-82.92,1
42.67,-82.92,1
42.67,-82.92,1
42.67,-82.92,1
42.67,-82.92,1
42.67,-82.92,1
42.67,-82.92,1
42.67,-82.92,1
42.67,-82.92,1
42.67,-82.92,1
42.67,-82.92,1
42.67,-82.92,1
42.67,-82.92,1
42.67,-82.92,1
42.67,-82.92,1
42.67,-82.92,1
42.67,-82.92,1
42.67,-82.92,1
42.67,-82.92,1
42.67,-82.92,1
42.67,-82.92,1
42.67,-82.92,1
42.67,-82.92,1
42.67,-82.92,1
42.67,-82.92,1
42.67,-82.92,1
42.67,-82.92,1
42.67,-82.92,1
42.67,-82.92,1
42.67,-82.92,1
42.67,-82.92,1
42.67,-82.92,1
42.67,-82.92,1
42.67,-82.92,1
42.67,-82.92,1
42.67,-82.92,1
42.67,-82.92,1
42.67,-82.92,1
42.67,-82.92,1
42.67,-82.92,1
42.67,-82.92,1
42.67,-82.92,1
42.67,-82.92,1
42.67,-82.92,1
42.67,-82.92,1
42.67,-82.92,1
42.67,-82.92,1
42.67,-82.92,1
42.67,-82.92,1
42.67,-82.92,1
42.67,-82.92,1
42.67,-82.92,1
42.67,-82.92,1
42.67,-82.92,1
42.67,-82.92,1
42.67,-82.92,1
42.67,-82.92,1
42.67,-82.92,1
42.67,-82.92,1
42.67,-82.92,1
42.67,-82.92,1
42.67,-82.92,1
42.67,-82.92,1
42.67,-82.92,1
42.67,-82.92,1
42.67,-82.92,1
42.67,-82.92,1
42.67,-82.92,1
42.67,-82.92,1
42.67,-82.92,1
42.67,-82.92,1
42.67,-82.92,1
42.67,-82.92,1
42.67,-82.92,1
42.67,-82.92,1
42.67,-82.92,1
42.67,-82.92,1
42.67,-82.92,1
42.67,-82.92,1
42.67,-82.92,1
42.67,-82.92,1
42.67,-82.92,1
42.67,-82.92,1
42.67,-82.92,1
42.67,-82.92,1
42.67,-82.92,1
42.67,-82.92,1
42.67,-82.92,1
42.67,-82.92,1
42.67,-82.92,1
42.67,-82.92,1
42.67,-82.92,1
42.67,-82.92,1
42.67,-82.92,1
42.67,-82.92,1
42.67,-82.92,1
42.67,-82.92,1
42.67,-82.92,1
42.67,-82.92,1
42.67,-82.92,1
42.67,-82.92,1
42.67,-82.92,1
42.67,-82.92,1
42.67,-82.92,1
42.67,-82.92,1
42.67,-82.92,1
42.67,-82.92,1
42.67,-82.92,1
42.67,-82.92,1
42.67,-82.92,1
42.67,-82.92,1
42.67,-82.92,1
42.67,-82.92,1
42.67,-82.92,1
42.67,-82.92,1
42.67,-82.92,1
42.67,-82.92,1
42.67,-82.92,1
42.67,-82.92,1
42.67,-82.92,1
42.67,-82.92,1
42.67,-82.92,1
42.67,-82.92,1
42.67,-82.92,1
42.67,-82.92,1
42.67,-82.92,1
42.67,-82.92,1
42.67,-82.92,1
42.67,-82.92,1
42.67,-82.92,1
42.67,-82.92,1
42.67,-82.92,1
42.67,-82.92,1
42.67,-82.92,1
42.67,-82.92,1
42.67,-82.92,1
42.67,-82.92,1
42.67,-82.92,1
42.67,-82.92,1
42.67,-82.92,1
42.67,-82.92,1
42.67,-82.92,1
42.67,-82.92,1
42.67,-82.92,1
42.67,-82.92,1
42.67,-82.92,1
42.67,-82.92,1
42.67,-82.92,1
42.67,-82.92,1
42.67,-82.92,1
42.67,-82.92,1
42.67,-82.92,1
42.67,-82.92,1
42.67,-82.92,1
42.67,-82.92,1
42.67,-82.92,1
42.67,-82.92,1
42.67,-82.92,1
42.67,-82.92,1
42.67,-82.92,1
42.67,-82.92,1
42.67,-82.92,1
42.67,-82.92,1
42.67,-82.92,1
42.67,-82.92,1
42.67,-82.92,1
42.67,-82.92,1
42.67,-82.92,1
42.67,-82.92,1
42.67,-82.92,1
42.67,-82.92,1
42.67,-82.92,1
42.67,-82.92,1
42.67,-82.92,1
42.67,-82.92,1
42.67,-82.92,1
42.67,-82.92,1
42.67,-82.92,1
42.67,-82.92,1
42.67,-82.92,1
42.67,-82.92,1
42.67,-82.92,1
42.67,-82.92,1
42.67,-82.92,1
42.67,-82.92,1
42.67,-82.92,1
42.67,-82.92,1
42.67,-82.92,1
42.67,-82.92,1
42.67,-82.92,1
42.67,-82.92,1
42.67,-82.92,1
42.67,-82.92,1
42.67,-82.92,1
42.67,-82.92,1
42.67,-82.92,1
42.67,-82.92,1
42.67,-82.92,1
42.67,-82.92,1
42.67,-82.92,1
42.67,-82.92,1
42.67,-82.92,1
42.67,-82.92,1
42.67,-82.92,1
42.67,-82.92,1
42.67,-82.92,1
42.67,-82.92,1
42.67,-82.92,1
42.67,-82.92,1
42.67,-82.92,1
42.67,-82.92,1
42.67,-82.92,1
42.67,-82.92,1
42.67,-82.92,1
42.67,-82.92,1
42.67,-82.92,1
42.67,-82.92,1
42.67,-82.92,1
42.67,-82.92,1
42.67,-82.92,1
42.67,-82.92,1
42.67,-82.92,1
42.67,-82.92,1
42.67,-82.92,1
42.67,-82.92,1
42.67,-82.92,1
42.67,-82.92,1
42.67,-82.92,1
42.67,-82.92,1
42.67,-82.92,1
42.67,-82.92,1
42.67,-82.92,1
42.67,-82.92,1
42.67,-82.92,1
42.67,-82.92,1
42.67,-82.92,1
42.67,-82.92,1
42.67,-82.92,1
42.67,-82.92,1
42.67,-82.92,1
42.67,-82.92,1
42.67,-82.92,1
42.67,-82.92,1
42.67,-82.92,1
42.67,-82.92,1
42.67,-82.92,1
42.67,-82.92,1
42.67,-82.92,1
42.67,-82.92,1
42.67,-82.92,1
42.67,-82.92,1
42.67,-82.92,1
42.67,-82.92,1
42.67,-82.92,1
42.67,-82.92,1
42.67,-82.92,1
42.67,-82.92,1
42.67,-82.92,1
42.67,-82.92,1
42.67,-82.92,1
42.67,-82.92,1
42.67,-82.92,1
42.67,-82.92,1
42.67,-82.92,1
42.67,-82.92,1
42.67,-82.92,1
42.67,-82.92,1
42.67,-82.92,1
42.67,-82.92,1
42.67,-82.92,1
42.67,-82.92,1
42.67,-82.92,1
42.67,-82.92,1
42.67,-82.92,1
42.67,-82.92,1
42.67,-82.92,1
42.67,-82.92,1
42.67,-82.92,1
42.67,-82.92,1
42.67,-82.92,1
42.67,-82.92,1
42.67,-82.92,1
42.67,-82.92,1
42.67,-82.92,1
42.67,-82.92,1
42.67,-82.92,1
42.67,-82.92,1
42.67,-82.92,1
42.67,-82.92,1
42.67,-82.92,1
42.67,-82.92,1
42.67,-82.92,1
42.67,-82.92,1
42.67,-82.92,1
42.67,-82.92,1
42.67,-82.92,1
42.67,-82.92,1
42.67,-82.92,1
42.67,-82.92,1
42.67,-82.92,1
42.67,-82.92,1
42.67,-82.92,1
42.67,-82.92,1
42.67,-82.92,1
42.67,-82.92,1
42.67,-82.92,1
42.67,-82.92,1
42.67,-82.92,1
42.67,-82.92,1
42.67,-82.92,1
42.67,-82.92,1
42.67,-82.92,1
42.67,-82.92,1
42.67,-82.92,1
42.67,-82.92,1
42.67,-82.92,1
42.67,-82.92,1
42.67,-82.92,1
42.67,-82.92,1
42.67,-82.92,1
42.67,-82.92,1
42.67,-82.92,1
42.67,-82.92,1
42.67,-82.92,1
42.67,-82.92,1
42.67,-82.92,1
42.67,-82.92,1
42.67,-82.92,1
42.67,-82.92,1
42.67,-82.92,1
42.67,-82.92,1
42.67,-82.92,1
42.67,-82.92,1
42.67,-82.92,1
42.67,-82.92,1
42.67,-82.92,1
42.67,-82.92,1
42.67,-82.92,1
42.67,-82.92,1
42.67,-82.92,1
42.67,-82.92,1
42.67,-82.92,1
42.67,-82.92,1
42.67,-82.92,1
42.67,-82.92,1
42.67,-82.92,1
42.67,-82.92,1
42.67,-82.92,1
42.67,-82.92,1
42.67,-82.92,1
42.67,-82.92,1
42.67,-82.92,1
42.67,-82.92,1
42.67,-82.92,1
42.67,-82.92,1
42.67,-82.92,1
42.67,-82.92,1
42.67,-82.92,1
42.67,-82.92,1
42.67,-82.92,1
42.67,-82.92,1
42.67,-82.92,1
42.67,-82.92,1
42.67,-82.92,1
42.67,-82.92,1
42.67,-82.92,1
42.67,-82.92,1
42.67,-82.92,1
42.67,-82.92,1
42.67,-82.92,1
42.67,-82.92,1
42.67,-82.92,1
42.67,-82.92,1
42.67,-82.92,1
42.67,-82.92,1
42.67,-82.92,1
42.67,-82.92,1
42.67,-82.92,1
42.67,-82.92,1
42.67,-82.92,1
42.67,-82.92,1
42.67,-82.92,1
42.67,-82.92,1
42.67,-82.92,1
42.67,-82.92,1
42.67,-82.92,1
42.67,-82.92,1
42.67,-82.92,1
42.67,-82.92,1
42.67,-82.92,1
42.67,-82.92,1
42.67,-82.92,1
42.67,-82.92,1
42.67,-82.92,1
42.67,-82.92,1
42.67,-82.92,1
42.67,-82.92,1
42.67,-82.92,1
42.67,-82.92,1
42.67,-82.92,1
42.67,-82.92,1
42.67,-82.92,1
42.67,-82.92,1
42.67,-82.92,1
42.67,-82.92,1
42.67,-82.92,1
42.67,-82.92,1
42.67,-82.92,1
42.67,-82.92,1
42.67,-82.92,1
42.67,-82.92,1
42.67,-82.92,1
42.67,-82.92,1
42.67,-82.92,1
42.67,-82.92,1
42.67,-82.92,1
42.67,-82.92,1
42.67,-82.92,1
42.67,-82.92,1
42.67,-82.92,1
42.67,-82.92,1
42.67,-82.92,1
42.67,-82.92,1
42.67,-82.92,1
42.67,-82.92,1
42.67,-82.92,1
42.67,-82.92,1
42.67,-82.92,1
42.67,-82.92,1
42.67,-82.92,1
42.67,-82.92,1
42.67,-82.92,1
42.67,-82.92,1
42.67,-82.92,1
42.67,-82.92,1
42.67,-82.92,1
42.67,-82.92,1
42.67,-82.92,1
42.67,-82.92,1
42.67,-82.92,1
42.67,-82.92,1
42.67,-82.92,1
42.67,-82.92,1
42.67,-82.92,1
42.67,-82.92,1
42.67,-82.92,1
42.67,-82.92,1
42.67,-82.92,1
42.67,-82.92,1
42.67,-82.92,1
42.67,-82.92,1
42.67,-82.92,1
42.67,-82.92,1
42.67,-82.92,1
42.67,-82.92,1
42.67,-82.92,1
42.67,-82.92,1
42.67,-82.92,1
42.67,-82.92,1
42.67,-82.92,1
42.67,-82.92,1
42.67,-82.92,1
42.67,-82.92,1
42.67,-82.92,1
42.67,-82.92,1
42.67,-82.92,1
42.67,-82.92,1
42.67,-82.92,1
42.67,-82.92,1
42.67,-82.92,1
42.67,-82.92,1
42.67,-82.92,1
42.67,-82.92,1
42.67,-82.92,1
42.67,-82.92,1
42.67,-82.92,1
42.67,-82.92,1
42.67,-82.92,1
42.67,-82.92,1
42.67,-82.92,1
42.67,-82.92,1
42.67,-82.92,1
42.67,-82.92,1
42.67,-82.92,1
42.67,-82.92,1
42.67,-82.92,1
44.2,-86.2,1
44.2,-86.2,1
44.2,-86.2,1
44.2,-86.2,1
44.2,-86.2,1
44.2,-86.2,1
44.2,-86.2,1
44.2,-86.2,1
44.2,-86.2,1
44.2,-86.2,1
44.2,-86.2,1
46.6,-87.3,1
46.6,-87.3,1
46.6,-87.3,1
46.6,-87.3,1
46.6,-87.3,1
46.6,-87.3,1
46.6,-87.3,1
46.6,-87.3,1
46.6,-87.3,1
46.6,-87.3,1
46.6,-87.3,1
46.6,-87.3,1
46.6,-87.3,1
46.6,-87.3,1
46.6,-87.3,1
46.6,-87.3,1
46.6,-87.3,1
46.6,-87.3,1
46.6,-87.3,1
46.6,-87.3,1
46.6,-87.3,1
46.6,-87.3,1
46.6,-87.3,1
46.6,-87.3,1
46.6,-87.3,1
46.6,-87.3,1
46.6,-87.3,1
46.6,-87.3,1
46.6,-87.3,1
46.6,-87.3,1
46.6,-87.3,1
46.6,-87.3,1
46.6,-87.3,1
46.6,-87.3,1
46.6,-87.3,1
46.6,-87.3,1
46.6,-87.3,1
46.6,-87.3,1
46.6,-87.3,1
46.6,-87.3,1
46.6,-87.3,1
46.6,-87.3,1
46.6,-87.3,1
46.6,-87.3,1
46.6,-87.3,1
46.6,-87.3,1
46.6,-87.3,1
46.6,-87.3,1
46.6,-87.3,1
46.6,-87.3,1
46.6,-87.3,1
46.6,-87.3,1
42.6,-84.5,1
42.6,-84.5,1
42.6,-84.5,1
42.6,-84.5,1
42.6,-84.5,1
42.6,-84.5,1
42.6,-84.5,1
42.6,-84.5,1
42.6,-84.5,1
42.6,-84.5,1
42.6,-84.5,1
42.6,-84.5,1
42.6,-84.5,1
42.6,-84.5,1
42.6,-84.5,1
42.6,-84.5,1
42.6,-84.5,1
42.6,-84.5,1
42.6,-84.5,1
42.6,-84.5,1
42.6,-84.5,1
42.6,-84.5,1
42.6,-84.5,1
42.6,-84.5,1
42.6,-84.5,1
42.6,-84.5,1
42.6,-84.5,1
42.6,-84.5,1
43.6,-85.3,1
43.6,-85.3,1
43.6,-85.3,1
43.6,-85.3,1
43.6,-85.3,1
43.6,-85.3,1
43.6,-85.3,1
43.6,-85.3,1
43.6,-85.3,1
43.6,-85.3,1
43.6,-85.3,1
43.6,-85.3,1
43.6,-85.3,1
43.6,-85.3,1
43.6,-85.3,1
43.6,-85.3,1
43.6,-85.3,1
43.6,-85.3,1
43.6,-85.3,1
45.2,-87.6,1
45.2,-87.6,1
45.2,-87.6,1
45.2,-87.6,1
45.2,-87.6,1
45.2,-87.6,1
45.2,-87.6,1
45.2,-87.6,1
43.6,-84.4,1
43.6,-84.4,1
43.6,-84.4,1
43.6,-84.4,1
43.6,-84.4,1
43.6,-84.4,1
43.6,-84.4,1
43.6,-84.4,1
43.6,-84.4,1
43.6,-84.4,1
43.6,-84.4,1
43.6,-84.4,1
43.6,-84.4,1
43.6,-84.4,1
43.6,-84.4,1
43.6,-84.4,1
43.6,-84.4,1
43.6,-84.4,1
43.6,-84.4,1
43.6,-84.4,1
43.6,-84.4,1
43.6,-84.4,1
43.6,-84.4,1
43.6,-84.4,1
43.6,-84.4,1
43.6,-84.4,1
43.6,-84.4,1
43.6,-84.4,1
43.6,-84.4,1
43.6,-84.4,1
43.6,-84.4,1
43.6,-84.4,1
43.6,-84.4,1
43.6,-84.4,1
43.6,-84.4,1
43.6,-84.4,1
43.6,-84.4,1
43.6,-84.4,1
43.6,-84.4,1
43.6,-84.4,1
43.6,-84.4,1
43.6,-84.4,1
43.6,-84.4,1
43.6,-84.4,1
43.6,-84.4,1
43.6,-84.4,1
43.6,-84.4,1
43.6,-84.4,1
43.6,-84.4,1
43.6,-84.4,1
43.6,-84.4,1
43.6,-84.4,1
43.6,-84.4,1
43.6,-84.4,1
43.6,-84.4,1
43.6,-84.4,1
43.6,-84.4,1
43.6,-84.4,1
43.6,-84.4,1
43.6,-84.4,1
43.6,-84.4,1
43.6,-84.4,1
43.6,-84.4,1
43.6,-84.4,1
43.6,-84.4,1
43.6,-84.4,1
43.6,-84.4,1
43.6,-84.4,1
43.6,-84.4,1
43.6,-84.4,1
43.6,-84.4,1
43.6,-84.4,1
43.6,-84.4,1
43.6,-84.4,1
43.6,-84.4,1
43.6,-84.4,1
41.9,-83.5,1
41.9,-83.5,1
41.9,-83.5,1
41.9,-83.5,1
41.9,-83.5,1
41.9,-83.5,1
41.9,-83.5,1
41.9,-83.5,1
41.9,-83.5,1
41.9,-83.5,1
41.9,-83.5,1
41.9,-83.5,1
41.9,-83.5,1
41.9,-83.5,1
41.9,-83.5,1
41.9,-83.5,1
41.9,-83.5,1
41.9,-83.5,1
41.9,-83.5,1
41.9,-83.5,1
41.9,-83.5,1
41.9,-83.5,1
41.9,-83.5,1
41.9,-83.5,1
41.9,-83.5,1
41.9,-83.5,1
41.9,-83.5,1
41.9,-83.5,1
41.9,-83.5,1
41.9,-83.5,1
41.9,-83.5,1
41.9,-83.5,1
41.9,-83.5,1
41.9,-83.5,1
41.9,-83.5,1
41.9,-83.5,1
41.9,-83.5,1
41.9,-83.5,1
41.9,-83.5,1
41.9,-83.5,1
41.9,-83.5,1
41.9,-83.5,1
41.9,-83.5,1
41.9,-83.5,1
41.9,-83.5,1
41.9,-83.5,1
41.9,-83.5,1
41.9,-83.5,1
41.9,-83.5,1
41.9,-83.5,1
41.9,-83.5,1
41.9,-83.5,1
41.9,-83.5,1
41.9,-83.5,1
41.9,-83.5,1
41.9,-83.5,1
41.9,-83.5,1
41.9,-83.5,1
41.9,-83.5,1
41.9,-83.5,1
41.9,-83.5,1
41.9,-83.5,1
41.9,-83.5,1
41.9,-83.5,1
41.9,-83.5,1
41.9,-83.5,1
41.9,-83.5,1
41.9,-83.5,1
41.9,-83.5,1
41.9,-83.5,1
41.9,-83.5,1
41.9,-83.5,1
41.9,-83.5,1
41.9,-83.5,1
41.9,-83.5,1
41.9,-83.5,1
41.9,-83.5,1
41.9,-83.5,1
41.9,-83.5,1
41.9,-83.5,1
41.9,-83.5,1
41.9,-83.5,1
41.9,-83.5,1
41.9,-83.5,1
41.9,-83.5,1
41.9,-83.5,1
41.9,-83.5,1
41.9,-83.5,1
41.9,-83.5,1
41.9,-83.5,1
41.9,-83.5,1
41.9,-83.5,1
41.9,-83.5,1
41.9,-83.5,1
41.9,-83.5,1
41.9,-83.5,1
41.9,-83.5,1
41.9,-83.5,1
41.9,-83.5,1
41.9,-83.5,1
41.9,-83.5,1
41.9,-83.5,1
41.9,-83.5,1
41.9,-83.5,1
41.9,-83.5,1
41.9,-83.5,1
41.9,-83.5,1
41.9,-83.5,1
41.9,-83.5,1
41.9,-83.5,1
41.9,-83.5,1
41.9,-83.5,1
41.9,-83.5,1
41.9,-83.5,1
41.9,-83.5,1
41.9,-83.5,1
41.9,-83.5,1
41.9,-83.5,1
41.9,-83.5,1
41.9,-83.5,1
41.9,-83.5,1
41.9,-83.5,1
41.9,-83.5,1
41.9,-83.5,1
41.9,-83.5,1
41.9,-83.5,1
41.9,-83.5,1
41.9,-83.5,1
41.9,-83.5,1
41.9,-83.5,1
41.9,-83.5,1
41.9,-83.5,1
41.9,-83.5,1
41.9,-83.5,1
41.9,-83.5,1
41.9,-83.5,1
41.9,-83.5,1
41.9,-83.5,1
41.9,-83.5,1
41.9,-83.5,1
41.9,-83.5,1
41.9,-83.5,1
41.9,-83.5,1
41.9,-83.5,1
41.9,-83.5,1
41.9,-83.5,1
41.9,-83.5,1
41.9,-83.5,1
41.9,-83.5,1
41.9,-83.5,1
41.9,-83.5,1
41.9,-83.5,1
41.9,-83.5,1
41.9,-83.5,1
41.9,-83.5,1
41.9,-83.5,1
41.9,-83.5,1
41.9,-83.5,1
41.9,-83.5,1
41.9,-83.5,1
41.9,-83.5,1
41.9,-83.5,1
41.9,-83.5,1
41.9,-83.5,1
41.9,-83.5,1
41.9,-83.5,1
41.9,-83.5,1
41.9,-83.5,1
41.9,-83.5,1
41.9,-83.5,1
41.9,-83.5,1
41.9,-83.5,1
41.9,-83.5,1
41.9,-83.5,1
41.9,-83.5,1
41.9,-83.5,1
41.9,-83.5,1
41.9,-83.5,1
41.9,-83.5,1
41.9,-83.5,1
41.9,-83.5,1
41.9,-83.5,1
41.9,-83.5,1
41.9,-83.5,1
41.9,-83.5,1
41.9,-83.5,1
41.9,-83.5,1
41.9,-83.5,1
41.9,-83.5,1
41.9,-83.5,1
41.9,-83.5,1
41.9,-83.5,1
41.9,-83.5,1
41.9,-83.5,1
41.9,-83.5,1
41.9,-83.5,1
41.9,-83.5,1
41.9,-83.5,1
41.9,-83.5,1
41.9,-83.5,1
41.9,-83.5,1
41.9,-83.5,1
41.9,-83.5,1
41.9,-83.5,1
41.9,-83.5,1
41.9,-83.5,1
41.9,-83.5,1
41.9,-83.5,1
41.9,-83.5,1
41.9,-83.5,1
41.9,-83.5,1
41.9,-83.5,1
41.9,-83.5,1
41.9,-83.5,1
41.9,-83.5,1
41.9,-83.5,1
41.9,-83.5,1
41.9,-83.5,1
41.9,-83.5,1
41.9,-83.5,1
41.9,-83.5,1
41.9,-83.5,1
41.9,-83.5,1
41.9,-83.5,1
41.9,-83.5,1
41.9,-83.5,1
41.9,-83.5,1
41.9,-83.5,1
41.9,-83.5,1
41.9,-83.5,1
41.9,-83.5,1
41.9,-83.5,1
41.9,-83.5,1
41.9,-83.5,1
41.9,-83.5,1
41.9,-83.5,1
41.9,-83.5,1
41.9,-83.5,1
41.9,-83.5,1
41.9,-83.5,1
41.9,-83.5,1
41.9,-83.5,1
41.9,-83.5,1
41.9,-83.5,1
41.9,-83.5,1
41.9,-83.5,1
41.9,-83.5,1
41.9,-83.5,1
41.9,-83.5,1
41.9,-83.5,1
41.9,-83.5,1
41.9,-83.5,1
41.9,-83.5,1
41.9,-83.5,1
41.9,-83.5,1
41.9,-83.5,1
41.9,-83.5,1
41.9,-83.5,1
41.9,-83.5,1
41.9,-83.5,1
41.9,-83.5,1
41.9,-83.5,1
41.9,-83.5,1
41.9,-83.5,1
41.9,-83.5,1
41.9,-83.5,1
41.9,-83.5,1
41.9,-83.5,1
41.9,-83.5,1
41.9,-83.5,1
41.9,-83.5,1
41.9,-83.5,1
41.9,-83.5,1
41.9,-83.5,1
41.9,-83.5,1
41.9,-83.5,1
41.9,-83.5,1
41.9,-83.5,1
41.9,-83.5,1
41.9,-83.5,1
41.9,-83.5,1
41.9,-83.5,1
41.9,-83.5,1
41.9,-83.5,1
41.9,-83.5,1
41.9,-83.5,1
41.9,-83.5,1
41.9,-83.5,1
41.9,-83.5,1
41.9,-83.5,1
41.9,-83.5,1
41.9,-83.5,1
41.9,-83.5,1
41.9,-83.5,1
41.9,-83.5,1
41.9,-83.5,1
41.9,-83.5,1
41.9,-83.5,1
41.9,-83.5,1
41.9,-83.5,1
41.9,-83.5,1
41.9,-83.5,1
41.9,-83.5,1
41.9,-83.5,1
41.9,-83.5,1
41.9,-83.5,1
41.9,-83.5,1
41.9,-83.5,1
41.9,-83.5,1
41.9,-83.5,1
41.9,-83.5,1
41.9,-83.5,1
41.9,-83.5,1
41.9,-83.5,1
41.9,-83.5,1
41.9,-83.5,1
41.9,-83.5,1
41.9,-83.5,1
41.9,-83.5,1
41.9,-83.5,1
41.9,-83.5,1
41.9,-83.5,1
41.9,-83.5,1
41.9,-83.5,1
41.9,-83.5,1
41.9,-83.5,1
41.9,-83.5,1
41.9,-83.5,1
41.9,-83.5,1
41.9,-83.5,1
41.9,-83.5,1
41.9,-83.5,1
41.9,-83.5,1
41.9,-83.5,1
41.9,-83.5,1
41.9,-83.5,1
41.9,-83.5,1
41.9,-83.5,1
41.9,-83.5,1
41.9,-83.5,1
41.9,-83.5,1
41.9,-83.5,1
41.9,-83.5,1
41.9,-83.5,1
41.9,-83.5,1
41.9,-83.5,1
41.9,-83.5,1
41.9,-83.5,1
41.9,-83.5,1
41.9,-83.5,1
41.9,-83.5,1
41.9,-83.5,1
41.9,-83.5,1
41.9,-83.5,1
41.9,-83.5,1
41.9,-83.5,1
41.9,-83.5,1
41.9,-83.5,1
41.9,-83.5,1
41.9,-83.5,1
41.9,-83.5,1
41.9,-83.5,1
41.9,-83.5,1
41.9,-83.5,1
41.9,-83.5,1
41.9,-83.5,1
41.9,-83.5,1
41.9,-83.5,1
41.9,-83.5,1
41.9,-83.5,1
41.9,-83.5,1
41.9,-83.5,1
41.9,-83.5,1
41.9,-83.5,1
41.9,-83.5,1
41.9,-83.5,1
41.9,-83.5,1
41.9,-83.5,1
41.9,-83.5,1
41.9,-83.5,1
41.9,-83.5,1
41.9,-83.5,1
41.9,-83.5,1
41.9,-83.5,1
41.9,-83.5,1
41.9,-83.5,1
41.9,-83.5,1
41.9,-83.5,1
41.9,-83.5,1
41.9,-83.5,1
41.9,-83.5,1
41.9,-83.5,1
41.9,-83.5,1
41.9,-83.5,1
41.9,-83.5,1
41.9,-83.5,1
41.9,-83.5,1
41.9,-83.5,1
41.9,-83.5,1
41.9,-83.5,1
41.9,-83.5,1
41.9,-83.5,1
41.9,-83.5,1
41.9,-83.5,1
41.9,-83.5,1
41.9,-83.5,1
41.9,-83.5,1
41.9,-83.5,1
41.9,-83.5,1
41.9,-83.5,1
41.9,-83.5,1
41.9,-83.5,1
41.9,-83.5,1
41.9,-83.5,1
41.9,-83.5,1
41.9,-83.5,1
41.9,-83.5,1
41.9,-83.5,1
41.9,-83.5,1
41.9,-83.5,1
41.9,-83.5,1
41.9,-83.5,1
41.9,-83.5,1
41.9,-83.5,1
41.9,-83.5,1
41.9,-83.5,1
41.9,-83.5,1
41.9,-83.5,1
41.9,-83.5,1
41.9,-83.5,1
41.9,-83.5,1
41.9,-83.5,1
41.9,-83.5,1
41.9,-83.5,1
41.9,-83.5,1
41.9,-83.5,1
41.9,-83.5,1
41.9,-83.5,1
43.4,-84.7,1
43.4,-84.7,1
43.4,-84.7,1
43.4,-84.7,1
43.4,-84.7,1
43.4,-84.7,1
43.4,-84.7,1
43.4,-84.7,1
43.4,-84.7,1
43.4,-84.7,1
43.4,-84.7,1
43.4,-84.7,1
43.4,-84.7,1
43.4,-84.7,1
43.4,-84.7,1
43.4,-84.7,1
43.4,-84.7,1
43.4,-84.7,1
43.4,-84.7,1
43.4,-84.7,1
43.4,-84.7,1
43.4,-84.7,1
43.4,-84.7,1
43.4,-84.7,1
43.4,-84.7,1
43.4,-84.7,1
43.4,-84.7,1
43.4,-84.7,1
43.4,-84.7,1
43.4,-84.7,1
43.4,-84.7,1
43.4,-84.7,1
43.4,-84.7,1
43.4,-84.7,1
43.4,-84.7,1
43.4,-84.7,1
43.4,-84.7,1
43.4,-84.7,1
43.4,-84.7,1
43.4,-84.7,1
43.4,-84.7,1
43.4,-84.7,1
43.4,-84.7,1
43.4,-84.7,1
43.4,-84.7,1
43.4,-84.7,1
43.4,-84.7,1
43.4,-84.7,1
43.4,-84.7,1
43.4,-84.7,1
43.4,-84.7,1
43.4,-84.7,1
43.4,-84.7,1
43.4,-84.7,1
43.4,-84.7,1
43.4,-84.7,1
43.4,-84.7,1
43.4,-84.7,1
43.4,-84.7,1
43.4,-84.7,1
41.8,-84.2,1
41.8,-84.2,1
41.8,-84.2,1
41.8,-84.2,1
41.8,-84.2,1
43.24,-86.26,1
43.24,-86.26,1
43.24,-86.26,1
43.24,-86.26,1
43.24,-86.26,1
43.24,-86.26,1
43.24,-86.26,1
43.24,-86.26,1
43.24,-86.26,1
43.24,-86.26,1
43.24,-86.26,1
43.24,-86.26,1
43.24,-86.26,1
43.24,-86.26,1
43.24,-86.26,1
43.24,-86.26,1
43.24,-86.26,1
43.24,-86.26,1
43.24,-86.26,1
43.24,-86.26,1
43.24,-86.26,1
43.24,-86.26,1
43.24,-86.26,1
43.24,-86.26,1
43.24,-86.26,1
43.24,-86.26,1
43.24,-86.26,1
43.24,-86.26,1
43.24,-86.26,1
43.24,-86.26,1
43.24,-86.26,1
43.24,-86.26,1
43.24,-86.26,1
43.24,-86.26,1
43.24,-86.26,1
43.24,-86.26,1
43.24,-86.26,1
43.24,-86.26,1
43.24,-86.26,1
43.24,-86.26,1
43.24,-86.26,1
43.24,-86.26,1
43.24,-86.26,1
43.24,-86.26,1
43.24,-86.26,1
43.24,-86.26,1
43.24,-86.26,1
43.24,-86.26,1
43.24,-86.26,1
43.24,-86.26,1
43.24,-86.26,1
43.24,-86.26,1
43.24,-86.26,1
43.24,-86.26,1
43.24,-86.26,1
43.24,-86.26,1
43.24,-86.26,1
43.24,-86.26,1
43.24,-86.26,1
43.24,-86.26,1
43.24,-86.26,1
43.24,-86.26,1
43.24,-86.26,1
43.24,-86.26,1
43.24,-86.26,1
43.24,-86.26,1
43.24,-86.26,1
43.24,-86.26,1
43.24,-86.26,1
43.24,-86.26,1
43.24,-86.26,1
43.24,-86.26,1
43.24,-86.26,1
43.24,-86.26,1
43.24,-86.26,1
43.24,-86.26,1
43.24,-86.26,1
43.24,-86.26,1
43.24,-86.26,1
43.24,-86.26,1
43.24,-86.26,1
43.24,-86.26,1
43.24,-86.26,1
43.24,-86.26,1
43.24,-86.26,1
43.24,-86.26,1
43.24,-86.26,1
43.24,-86.26,1
43.24,-86.26,1
43.24,-86.26,1
43.24,-86.26,1
43.24,-86.26,1
43.24,-86.26,1
43.24,-86.26,1
43.24,-86.26,1
43.24,-86.26,1
43.24,-86.26,1
43.24,-86.26,1
43.24,-86.26,1
43.24,-86.26,1
43.24,-86.26,1
43.24,-86.26,1
43.24,-86.26,1
43.24,-86.26,1
43.24,-86.26,1
43.24,-86.26,1
43.24,-86.26,1
43.24,-86.26,1
43.24,-86.26,1
43.24,-86.26,1
43.24,-86.26,1
43.24,-86.26,1
43.24,-86.26,1
43.24,-86.26,1
43.24,-86.26,1
43.24,-86.26,1
43.24,-86.26,1
43.24,-86.26,1
43.24,-86.26,1
43.24,-86.26,1
43.24,-86.26,1
43.24,-86.26,1
43.24,-86.26,1
43.24,-86.26,1
43.24,-86.26,1
43.24,-86.26,1
43.24,-86.26,1
43.24,-86.26,1
43.24,-86.26,1
43.24,-86.26,1
43.24,-86.26,1
43.24,-86.26,1
43.24,-86.26,1
43.24,-86.26,1
43.24,-86.26,1
43.24,-86.26,1
43.24,-86.26,1
43.24,-86.26,1
43.24,-86.26,1
43.24,-86.26,1
43.24,-86.26,1
43.24,-86.26,1
43.24,-86.26,1
43.24,-86.26,1
43.24,-86.26,1
43.24,-86.26,1
43.24,-86.26,1
43.24,-86.26,1
43.24,-86.26,1
43.24,-86.26,1
43.24,-86.26,1
43.24,-86.26,1
43.24,-86.26,1
43.24,-86.26,1
43.24,-86.26,1
43.24,-86.26,1
43.24,-86.26,1
43.24,-86.26,1
43.24,-86.26,1
43.24,-86.26,1
43.24,-86.26,1
43.24,-86.26,1
43.24,-86.26,1
43.24,-86.26,1
43.24,-86.26,1
43.24,-86.26,1
43.24,-86.26,1
43.24,-86.26,1
43.24,-86.26,1
43.24,-86.26,1
43.24,-86.26,1
43.24,-86.26,1
43.24,-86.26,1
43.24,-86.26,1
43.24,-86.26,1
43.24,-86.26,1
43.24,-86.26,1
43.24,-86.26,1
43.24,-86.26,1
43.24,-86.26,1
43.24,-86.26,1
43.24,-86.26,1
43.24,-86.26,1
43.24,-86.26,1
43.24,-86.26,1
43.24,-86.26,1
43.24,-86.26,1
43.24,-86.26,1
43.24,-86.26,1
43.24,-86.26,1
43.24,-86.26,1
43.24,-86.26,1
43.24,-86.26,1
43.24,-86.26,1
43.24,-86.26,1
43.24,-86.26,1
43.24,-86.26,1
43.24,-86.26,1
43.24,-86.26,1
43.24,-86.26,1
43.24,-86.26,1
43.24,-86.26,1
43.24,-86.26,1
43.24,-86.26,1
43.24,-86.26,1
43.24,-86.26,1
43.24,-86.26,1
43.24,-86.26,1
43.24,-86.26,1
43.24,-86.26,1
43.24,-86.26,1
43.24,-86.26,1
43.24,-86.26,1
43.24,-86.26,1
43.24,-86.26,1
43.24,-86.26,1
43.24,-86.26,1
43.24,-86.26,1
43.24,-86.26,1
43.24,-86.26,1
43.24,-86.26,1
43.24,-86.26,1
43.24,-86.26,1
43.24,-86.26,1
43.24,-86.26,1
43.24,-86.26,1
43.24,-86.26,1
43.24,-86.26,1
43.24,-86.26,1
43.24,-86.26,1
43.24,-86.26,1
43.24,-86.26,1
43.24,-86.26,1
43.24,-86.26,1
43.24,-86.26,1
43.24,-86.26,1
43.24,-86.26,1
43.24,-86.26,1
43.24,-86.26,1
43.24,-86.26,1
43.24,-86.26,1
43.24,-86.26,1
43.24,-86.26,1
43.24,-86.26,1
43.24,-86.26,1
43.24,-86.26,1
43.24,-86.26,1
43.24,-86.26,1
43.24,-86.26,1
43.24,-86.26,1
43.24,-86.26,1
43.24,-86.26,1
43.24,-86.26,1
43.24,-86.26,1
43.24,-86.26,1
43.24,-86.26,1
43.24,-86.26,1
43.24,-86.26,1
43.24,-86.26,1
43.24,-86.26,1
43.24,-86.26,1
43.24,-86.26,1
43.24,-86.26,1
43.24,-86.26,1
43.24,-86.26,1
43.24,-86.26,1
43.24,-86.26,1
43.24,-86.26,1
43.24,-86.26,1
43.24,-86.26,1
43.24,-86.26,1
43.24,-86.26,1
43.24,-86.26,1
43.24,-86.26,1
43.24,-86.26,1
43.24,-86.26,1
43.24,-86.26,1
43.24,-86.26,1
43.24,-86.26,1
43.24,-86.26,1
43.24,-86.26,1
43.24,-86.26,1
43.24,-86.26,1
43.24,-86.26,1
43.24,-86.26,1
43.24,-86.26,1
43.24,-86.26,1
43.24,-86.26,1
43.24,-86.26,1
43.24,-86.26,1
43.24,-86.26,1
43.24,-86.26,1
43.24,-86.26,1
43.24,-86.26,1
43.24,-86.26,1
43.24,-86.26,1
43.24,-86.26,1
43.24,-86.26,1
43.24,-86.26,1
43.24,-86.26,1
43.24,-86.26,1
43.24,-86.26,1
43.24,-86.26,1
43.24,-86.26,1
43.24,-86.26,1
43.24,-86.26,1
43.24,-86.26,1
43.24,-86.26,1
43.24,-86.26,1
43.24,-86.26,1
43.24,-86.26,1
43.24,-86.26,1
43.24,-86.26,1
43.24,-86.26,1
43.24,-86.26,1
43.24,-86.26,1
43.24,-86.26,1
43.24,-86.26,1
43.24,-86.26,1
43.24,-86.26,1
43.24,-86.26,1
43.24,-86.26,1
43.24,-86.26,1
43.24,-86.26,1
43.24,-86.26,1
43.24,-86.26,1
43.24,-86.26,1
43.24,-86.26,1
43.24,-86.26,1
43.24,-86.26,1
43.24,-86.26,1
43.24,-86.26,1
43.24,-86.26,1
43.24,-86.26,1
43.24,-86.26,1
43.24,-86.26,1
43.24,-86.26,1
43.24,-86.26,1
43.24,-86.26,1
43.24,-86.26,1
43.24,-86.26,1
43.24,-86.26,1
43.24,-86.26,1
43.24,-86.26,1
43.24,-86.26,1
43.24,-86.26,1
43.24,-86.26,1
43.24,-86.26,1
43.24,-86.26,1
43.24,-86.26,1
43.24,-86.26,1
43.24,-86.26,1
43.24,-86.26,1
43.24,-86.26,1
43.24,-86.26,1
43.24,-86.26,1
43.24,-86.26,1
43.24,-86.26,1
43.24,-86.26,1
43.24,-86.26,1
43.24,-86.26,1
43.24,-86.26,1
43.24,-86.26,1
43.24,-86.26,1
43.24,-86.26,1
43.24,-86.26,1
43.24,-86.26,1
43.24,-86.26,1
43.24,-86.26,1
43.24,-86.26,1
43.24,-86.26,1
43.24,-86.26,1
43.24,-86.26,1
43.24,-86.26,1
43.24,-86.26,1
43.24,-86.26,1
43.24,-86.26,1
43.24,-86.26,1
43.24,-86.26,1
43.24,-86.26,1
43.24,-86.26,1
43.24,-86.26,1
43.24,-86.26,1
43.24,-86.26,1
43.24,-86.26,1
43.24,-86.26,1
43.24,-86.26,1
43.24,-86.26,1
43.24,-86.26,1
43.24,-86.26,1
43.24,-86.26,1
43.24,-86.26,1
43.24,-86.26,1
43.24,-86.26,1
43.24,-86.26,1
43.24,-86.26,1
43.24,-86.26,1
43.24,-86.26,1
43.24,-86.26,1
43.24,-86.26,1
43.24,-86.26,1
43.24,-86.26,1
43.24,-86.26,1
43.24,-86.26,1
43.24,-86.26,1
43.24,-86.26,1
43.24,-86.26,1
43.24,-86.26,1
43.24,-86.26,1
43.24,-86.26,1
43.24,-86.26,1
43.24,-86.26,1
43.24,-86.26,1
43.24,-86.26,1
43.24,-86.26,1
43.24,-86.26,1
43.24,-86.26,1
43.24,-86.26,1
43.24,-86.26,1
43.24,-86.26,1
43.24,-86.26,1
43.24,-86.26,1
43.24,-86.26,1
43.24,-86.26,1
43.24,-86.26,1
43.24,-86.26,1
43.24,-86.26,1
43.24,-86.26,1
43.24,-86.26,1
43.24,-86.26,1
43.24,-86.26,1
43.24,-86.26,1
43.24,-86.26,1
43.24,-86.26,1
43.24,-86.26,1
43.24,-86.26,1
43.24,-86.26,1
43.24,-86.26,1
43.24,-86.26,1
43.24,-86.26,1
43.24,-86.26,1
43.24,-86.26,1
43.24,-86.26,1
43.24,-86.26,1
43.24,-86.26,1
43.24,-86.26,1
43.24,-86.26,1
43.24,-86.26,1
43.24,-86.26,1
43.24,-86.26,1
43.24,-86.26,1
43.24,-86.26,1
43.24,-86.26,1
43.24,-86.26,1
43.24,-86.26,1
43.24,-86.26,1
43.24,-86.26,1
43.24,-86.26,1
43.24,-86.26,1
43.24,-86.26,1
43.24,-86.26,1
43.24,-86.26,1
43.24,-86.26,1
43.24,-86.26,1
43.24,-86.26,1
43.24,-86.26,1
43.24,-86.26,1
43.24,-86.26,1
43.24,-86.26,1
43.24,-86.26,1
43.24,-86.26,1
43.24,-86.26,1
43.24,-86.26,1
43.24,-86.26,1
43.24,-86.26,1
43.24,-86.26,1
43.24,-86.26,1
43.24,-86.26,1
43.24,-86.26,1
43.24,-86.26,1
43.24,-86.26,1
43.24,-86.26,1
43.24,-86.26,1
43.24,-86.26,1
43.24,-86.26,1
43.24,-86.26,1
43.24,-86.26,1
43.24,-86.26,1
43.24,-86.26,1
43.24,-86.26,1
43.24,-86.26,1
43.24,-86.26,1
43.24,-86.26,1
43.24,-86.26,1
43.24,-86.26,1
43.24,-86.26,1
43.24,-86.26,1
43.24,-86.26,1
43.24,-86.26,1
43.24,-86.26,1
43.24,-86.26,1
43.24,-86.26,1
43.24,-86.26,1
43.24,-86.26,1
43.24,-86.26,1
43.24,-86.26,1
43.24,-86.26,1
43.24,-86.26,1
43.24,-86.26,1
43.24,-86.26,1
43.24,-86.26,1
43.24,-86.26,1
43.24,-86.26,1
43.24,-86.26,1
43.24,-86.26,1
43.24,-86.26,1
43.24,-86.26,1
43.24,-86.26,1
43.24,-86.26,1
43.24,-86.26,1
43.24,-86.26,1
43.24,-86.26,1
43.24,-86.26,1
43.24,-86.26,1
43.24,-86.26,1
43.24,-86.26,1
43.24,-86.26,1
43.24,-86.26,1
43.24,-86.26,1
43.24,-86.26,1
43.4,-85.7,1
43.4,-85.7,1
43.4,-85.7,1
43.4,-85.7,1
43.4,-85.7,1
43.4,-85.7,1
43.4,-85.7,1
43.4,-85.7,1
43.4,-85.7,1
43.4,-85.7,1
43.4,-85.7,1
43.4,-85.7,1
43.4,-85.7,1
43.4,-85.7,1
43.4,-85.7,1
43.4,-85.7,1
43.4,-85.7,1
43.4,-85.7,1
43.4,-85.7,1
43.4,-85.7,1
43.4,-85.7,1
43.4,-85.7,1
43.4,-85.7,1
43.4,-85.7,1
43.4,-85.7,1
43.4,-85.7,1
43.4,-85.7,1
43.4,-85.7,1
43.4,-85.7,1
43.4,-85.7,1
43.4,-85.7,1
43.4,-85.7,1
43.4,-85.7,1
43.4,-85.7,1
43.4,-85.7,1
43.4,-85.7,1
43.4,-85.7,1
43.4,-85.7,1
43.4,-85.7,1
43.4,-85.7,1
43.4,-85.7,1
43.4,-85.7,1
43.4,-85.7,1
43.4,-85.7,1
43.4,-85.7,1
43.4,-85.7,1
43.4,-85.7,1
43.4,-85.7,1
43.4,-85.7,1
43.4,-85.7,1
43.4,-85.7,1
43.4,-85.7,1
43.4,-85.7,1
43.4,-85.7,1
43.4,-85.7,1
43.4,-85.7,1
43.4,-85.7,1
43.4,-85.7,1
43.4,-85.7,1
43.4,-85.7,1
43.4,-85.7,1
43.4,-85.7,1
43.4,-85.7,1
42.77,-83.16,1
42.77,-83.16,1
42.77,-83.16,1
42.77,-83.16,1
42.77,-83.16,1
42.77,-83.16,1
42.77,-83.16,1
42.77,-83.16,1
42.77,-83.16,1
42.77,-83.16,1
42.77,-83.16,1
42.77,-83.16,1
42.77,-83.16,1
42.77,-83.16,1
42.77,-83.16,1
42.77,-83.16,1
42.77,-83.16,1
42.77,-83.16,1
42.77,-83.16,1
42.77,-83.16,1
42.77,-83.16,1
42.77,-83.16,1
42.77,-83.16,1
42.77,-83.16,1
42.77,-83.16,1
42.77,-83.16,1
42.77,-83.16,1
42.77,-83.16,1
42.77,-83.16,1
42.77,-83.16,1
42.77,-83.16,1
42.77,-83.16,1
42.77,-83.16,1
42.77,-83.16,1
42.77,-83.16,1
42.77,-83.16,1
42.77,-83.16,1
42.77,-83.16,1
42.77,-83.16,1
42.77,-83.16,1
42.77,-83.16,1
42.77,-83.16,1
42.77,-83.16,1
42.77,-83.16,1
42.77,-83.16,1
42.77,-83.16,1
42.77,-83.16,1
42.77,-83.16,1
42.77,-83.16,1
42.77,-83.16,1
42.77,-83.16,1
42.77,-83.16,1
42.77,-83.16,1
42.77,-83.16,1
42.77,-83.16,1
42.77,-83.16,1
42.77,-83.16,1
42.77,-83.16,1
42.77,-83.16,1
42.77,-83.16,1
42.77,-83.16,1
42.77,-83.16,1
42.77,-83.16,1
42.77,-83.16,1
42.77,-83.16,1
42.77,-83.16,1
42.77,-83.16,1
42.77,-83.16,1
42.77,-83.16,1
42.77,-83.16,1
42.77,-83.16,1
42.77,-83.16,1
42.77,-83.16,1
42.77,-83.16,1
42.77,-83.16,1
42.77,-83.16,1
42.77,-83.16,1
42.77,-83.16,1
42.77,-83.16,1
42.77,-83.16,1
42.77,-83.16,1
42.77,-83.16,1
42.77,-83.16,1
42.77,-83.16,1
42.77,-83.16,1
42.77,-83.16,1
42.77,-83.16,1
42.77,-83.16,1
42.77,-83.16,1
42.77,-83.16,1
42.77,-83.16,1
42.77,-83.16,1
42.77,-83.16,1
42.77,-83.16,1
42.77,-83.16,1
42.77,-83.16,1
42.77,-83.16,1
42.77,-83.16,1
42.77,-83.16,1
42.77,-83.16,1
42.77,-83.16,1
42.77,-83.16,1
42.77,-83.16,1
42.77,-83.16,1
42.77,-83.16,1
42.77,-83.16,1
42.77,-83.16,1
42.77,-83.16,1
42.77,-83.16,1
42.77,-83.16,1
42.77,-83.16,1
42.77,-83.16,1
42.77,-83.16,1
42.77,-83.16,1
42.77,-83.16,1
42.77,-83.16,1
42.77,-83.16,1
42.77,-83.16,1
42.77,-83.16,1
42.77,-83.16,1
42.77,-83.16,1
42.77,-83.16,1
42.77,-83.16,1
42.77,-83.16,1
42.77,-83.16,1
42.77,-83.16,1
42.77,-83.16,1
42.77,-83.16,1
42.77,-83.16,1
42.77,-83.16,1
42.77,-83.16,1
42.77,-83.16,1
42.77,-83.16,1
42.77,-83.16,1
42.77,-83.16,1
42.77,-83.16,1
42.77,-83.16,1
42.77,-83.16,1
42.77,-83.16,1
42.77,-83.16,1
42.77,-83.16,1
42.77,-83.16,1
42.77,-83.16,1
42.77,-83.16,1
42.77,-83.16,1
42.77,-83.16,1
42.77,-83.16,1
42.77,-83.16,1
42.77,-83.16,1
42.77,-83.16,1
42.77,-83.16,1
42.77,-83.16,1
42.77,-83.16,1
42.77,-83.16,1
42.77,-83.16,1
42.77,-83.16,1
42.77,-83.16,1
42.77,-83.16,1
42.77,-83.16,1
42.77,-83.16,1
42.77,-83.16,1
42.77,-83.16,1
42.77,-83.16,1
42.77,-83.16,1
42.77,-83.16,1
42.77,-83.16,1
42.77,-83.16,1
42.77,-83.16,1
42.77,-83.16,1
42.77,-83.16,1
42.77,-83.16,1
42.77,-83.16,1
42.77,-83.16,1
42.77,-83.16,1
42.77,-83.16,1
42.77,-83.16,1
42.77,-83.16,1
42.77,-83.16,1
42.77,-83.16,1
42.77,-83.16,1
42.77,-83.16,1
42.77,-83.16,1
42.77,-83.16,1
42.77,-83.16,1
42.77,-83.16,1
42.77,-83.16,1
42.77,-83.16,1
42.77,-83.16,1
42.77,-83.16,1
42.77,-83.16,1
42.77,-83.16,1
42.77,-83.16,1
42.77,-83.16,1
42.77,-83.16,1
42.77,-83.16,1
42.77,-83.16,1
42.77,-83.16,1
42.77,-83.16,1
42.77,-83.16,1
42.77,-83.16,1
42.77,-83.16,1
42.77,-83.16,1
42.77,-83.16,1
42.77,-83.16,1
42.77,-83.16,1
42.77,-83.16,1
42.77,-83.16,1
42.77,-83.16,1
42.77,-83.16,1
42.77,-83.16,1
42.77,-83.16,1
42.77,-83.16,1
42.77,-83.16,1
42.77,-83.16,1
42.77,-83.16,1
42.77,-83.16,1
42.77,-83.16,1
42.77,-83.16,1
42.77,-83.16,1
42.77,-83.16,1
42.77,-83.16,1
42.77,-83.16,1
42.77,-83.16,1
42.77,-83.16,1
42.77,-83.16,1
42.77,-83.16,1
42.77,-83.16,1
42.77,-83.16,1
42.77,-83.16,1
42.77,-83.16,1
42.77,-83.16,1
42.77,-83.16,1
42.77,-83.16,1
42.77,-83.16,1
42.77,-83.16,1
42.77,-83.16,1
42.77,-83.16,1
42.77,-83.16,1
42.77,-83.16,1
42.77,-83.16,1
42.77,-83.16,1
42.77,-83.16,1
42.77,-83.16,1
42.77,-83.16,1
42.77,-83.16,1
42.77,-83.16,1
42.77,-83.16,1
42.77,-83.16,1
42.77,-83.16,1
42.77,-83.16,1
42.77,-83.16,1
42.77,-83.16,1
42.77,-83.16,1
42.77,-83.16,1
42.77,-83.16,1
42.77,-83.16,1
42.77,-83.16,1
42.77,-83.16,1
42.77,-83.16,1
42.77,-83.16,1
42.77,-83.16,1
42.77,-83.16,1
42.77,-83.16,1
42.77,-83.16,1
42.77,-83.16,1
42.77,-83.16,1
42.77,-83.16,1
42.77,-83.16,1
42.77,-83.16,1
42.77,-83.16,1
42.77,-83.16,1
42.77,-83.16,1
42.77,-83.16,1
42.77,-83.16,1
42.77,-83.16,1
42.77,-83.16,1
42.77,-83.16,1
42.77,-83.16,1
42.77,-83.16,1
42.77,-83.16,1
42.77,-83.16,1
42.77,-83.16,1
42.77,-83.16,1
42.77,-83.16,1
42.77,-83.16,1
42.77,-83.16,1
42.77,-83.16,1
42.77,-83.16,1
42.77,-83.16,1
42.77,-83.16,1
42.77,-83.16,1
42.77,-83.16,1
42.77,-83.16,1
42.77,-83.16,1
42.77,-83.16,1
42.77,-83.16,1
42.77,-83.16,1
42.77,-83.16,1
42.77,-83.16,1
42.77,-83.16,1
42.77,-83.16,1
42.77,-83.16,1
42.77,-83.16,1
42.77,-83.16,1
42.77,-83.16,1
42.77,-83.16,1
42.77,-83.16,1
42.77,-83.16,1
42.77,-83.16,1
42.77,-83.16,1
42.77,-83.16,1
42.77,-83.16,1
42.77,-83.16,1
42.77,-83.16,1
42.77,-83.16,1
42.77,-83.16,1
42.77,-83.16,1
42.77,-83.16,1
42.77,-83.16,1
42.77,-83.16,1
42.77,-83.16,1
42.77,-83.16,1
42.77,-83.16,1
42.77,-83.16,1
42.77,-83.16,1
42.77,-83.16,1
42.77,-83.16,1
42.77,-83.16,1
42.77,-83.16,1
42.77,-83.16,1
42.77,-83.16,1
42.77,-83.16,1
42.77,-83.16,1
42.77,-83.16,1
42.77,-83.16,1
42.77,-83.16,1
42.77,-83.16,1
42.77,-83.16,1
42.77,-83.16,1
42.77,-83.16,1
42.77,-83.16,1
42.77,-83.16,1
42.77,-83.16,1
42.77,-83.16,1
42.77,-83.16,1
42.77,-83.16,1
42.77,-83.16,1
42.77,-83.16,1
42.77,-83.16,1
42.77,-83.16,1
42.77,-83.16,1
42.77,-83.16,1
42.77,-83.16,1
42.77,-83.16,1
42.77,-83.16,1
42.77,-83.16,1
42.77,-83.16,1
42.77,-83.16,1
42.77,-83.16,1
42.77,-83.16,1
42.77,-83.16,1
42.77,-83.16,1
42.77,-83.16,1
42.77,-83.16,1
42.77,-83.16,1
42.77,-83.16,1
42.77,-83.16,1
42.77,-83.16,1
42.77,-83.16,1
42.77,-83.16,1
42.77,-83.16,1
42.77,-83.16,1
42.77,-83.16,1
42.77,-83.16,1
42.77,-83.16,1
42.77,-83.16,1
42.77,-83.16,1
42.77,-83.16,1
42.77,-83.16,1
42.77,-83.16,1
42.77,-83.16,1
42.77,-83.16,1
42.77,-83.16,1
42.77,-83.16,1
42.77,-83.16,1
42.77,-83.16,1
42.77,-83.16,1
42.77,-83.16,1
42.77,-83.16,1
42.77,-83.16,1
42.77,-83.16,1
42.77,-83.16,1
42.77,-83.16,1
42.77,-83.16,1
42.77,-83.16,1
42.77,-83.16,1
42.77,-83.16,1
42.77,-83.16,1
42.77,-83.16,1
42.77,-83.16,1
42.77,-83.16,1
42.77,-83.16,1
42.77,-83.16,1
42.77,-83.16,1
42.77,-83.16,1
42.77,-83.16,1
42.77,-83.16,1
42.77,-83.16,1
42.77,-83.16,1
42.77,-83.16,1
42.77,-83.16,1
42.77,-83.16,1
42.77,-83.16,1
42.77,-83.16,1
42.77,-83.16,1
42.77,-83.16,1
42.77,-83.16,1
42.77,-83.16,1
42.77,-83.16,1
42.77,-83.16,1
42.77,-83.16,1
42.77,-83.16,1
42.77,-83.16,1
42.77,-83.16,1
42.77,-83.16,1
42.77,-83.16,1
42.77,-83.16,1
42.77,-83.16,1
42.77,-83.16,1
42.77,-83.16,1
42.77,-83.16,1
42.77,-83.16,1
42.77,-83.16,1
42.77,-83.16,1
42.77,-83.16,1
42.77,-83.16,1
42.77,-83.16,1
42.77,-83.16,1
42.77,-83.16,1
42.77,-83.16,1
42.77,-83.16,1
42.77,-83.16,1
42.77,-83.16,1
42.77,-83.16,1
42.77,-83.16,1
42.77,-83.16,1
42.77,-83.16,1
42.77,-83.16,1
42.77,-83.16,1
42.77,-83.16,1
42.77,-83.16,1
42.77,-83.16,1
42.77,-83.16,1
42.77,-83.16,1
42.77,-83.16,1
42.77,-83.16,1
42.77,-83.16,1
42.77,-83.16,1
42.77,-83.16,1
42.77,-83.16,1
42.77,-83.16,1
42.77,-83.16,1
42.77,-83.16,1
42.77,-83.16,1
42.77,-83.16,1
42.77,-83.16,1
42.77,-83.16,1
42.77,-83.16,1
42.77,-83.16,1
42.77,-83.16,1
42.77,-83.16,1
42.77,-83.16,1
42.77,-83.16,1
42.77,-83.16,1
42.77,-83.16,1
42.77,-83.16,1
42.77,-83.16,1
42.77,-83.16,1
42.77,-83.16,1
42.77,-83.16,1
42.77,-83.16,1
42.77,-83.16,1
42.77,-83.16,1
42.77,-83.16,1
42.77,-83.16,1
42.77,-83.16,1
42.77,-83.16,1
42.77,-83.16,1
42.77,-83.16,1
42.77,-83.16,1
42.77,-83.16,1
42.77,-83.16,1
42.77,-83.16,1
42.77,-83.16,1
42.77,-83.16,1
42.77,-83.16,1
42.77,-83.16,1
42.77,-83.16,1
42.77,-83.16,1
42.77,-83.16,1
42.77,-83.16,1
42.77,-83.16,1
42.77,-83.16,1
42.77,-83.16,1
42.77,-83.16,1
42.77,-83.16,1
42.77,-83.16,1
42.77,-83.16,1
42.77,-83.16,1
42.77,-83.16,1
42.77,-83.16,1
42.77,-83.16,1
42.77,-83.16,1
42.77,-83.16,1
42.77,-83.16,1
42.77,-83.16,1
42.77,-83.16,1
42.77,-83.16,1
42.77,-83.16,1
42.77,-83.16,1
42.77,-83.16,1
42.77,-83.16,1
42.77,-83.16,1
42.77,-83.16,1
42.77,-83.16,1
42.77,-83.16,1
42.77,-83.16,1
42.77,-83.16,1
42.77,-83.16,1
42.77,-83.16,1
42.77,-83.16,1
42.77,-83.16,1
42.77,-83.16,1
42.77,-83.16,1
42.77,-83.16,1
42.77,-83.16,1
42.77,-83.16,1
42.77,-83.16,1
42.77,-83.16,1
42.77,-83.16,1
42.77,-83.16,1
42.77,-83.16,1
42.77,-83.16,1
42.77,-83.16,1
42.77,-83.16,1
42.77,-83.16,1
42.77,-83.16,1
42.77,-83.16,1
42.77,-83.16,1
42.77,-83.16,1
42.77,-83.16,1
42.77,-83.16,1
42.77,-83.16,1
42.77,-83.16,1
42.77,-83.16,1
42.77,-83.16,1
42.77,-83.16,1
42.77,-83.16,1
42.77,-83.16,1
42.77,-83.16,1
42.77,-83.16,1
42.77,-83.16,1
42.77,-83.16,1
42.77,-83.16,1
42.77,-83.16,1
42.77,-83.16,1
42.77,-83.16,1
42.77,-83.16,1
42.77,-83.16,1
42.77,-83.16,1
42.77,-83.16,1
42.77,-83.16,1
42.77,-83.16,1
42.77,-83.16,1
42.77,-83.16,1
42.77,-83.16,1
42.77,-83.16,1
42.77,-83.16,1
42.77,-83.16,1
42.77,-83.16,1
42.77,-83.16,1
42.77,-83.16,1
42.77,-83.16,1
42.77,-83.16,1
42.77,-83.16,1
42.77,-83.16,1
42.77,-83.16,1
42.77,-83.16,1
42.77,-83.16,1
42.77,-83.16,1
42.77,-83.16,1
42.77,-83.16,1
42.77,-83.16,1
42.77,-83.16,1
42.77,-83.16,1
42.77,-83.16,1
42.77,-83.16,1
42.77,-83.16,1
42.77,-83.16,1
42.77,-83.16,1
42.77,-83.16,1
42.77,-83.16,1
42.77,-83.16,1
42.77,-83.16,1
42.77,-83.16,1
42.77,-83.16,1
42.77,-83.16,1
42.77,-83.16,1
42.77,-83.16,1
42.77,-83.16,1
42.77,-83.16,1
42.77,-83.16,1
42.77,-83.16,1
42.77,-83.16,1
42.77,-83.16,1
42.77,-83.16,1
42.77,-83.16,1
42.77,-83.16,1
42.77,-83.16,1
42.77,-83.16,1
42.77,-83.16,1
42.77,-83.16,1
42.77,-83.16,1
42.77,-83.16,1
42.77,-83.16,1
42.77,-83.16,1
42.77,-83.16,1
42.77,-83.16,1
42.77,-83.16,1
42.77,-83.16,1
42.77,-83.16,1
42.77,-83.16,1
42.77,-83.16,1
42.77,-83.16,1
42.77,-83.16,1
42.77,-83.16,1
42.77,-83.16,1
42.77,-83.16,1
42.77,-83.16,1
42.77,-83.16,1
42.77,-83.16,1
42.77,-83.16,1
42.77,-83.16,1
42.77,-83.16,1
42.77,-83.16,1
42.77,-83.16,1
42.77,-83.16,1
42.77,-83.16,1
42.77,-83.16,1
42.77,-83.16,1
42.77,-83.16,1
42.77,-83.16,1
42.77,-83.16,1
42.77,-83.16,1
42.77,-83.16,1
42.77,-83.16,1
42.77,-83.16,1
42.77,-83.16,1
42.77,-83.16,1
42.77,-83.16,1
42.77,-83.16,1
42.77,-83.16,1
42.77,-83.16,1
42.77,-83.16,1
42.77,-83.16,1
42.77,-83.16,1
42.77,-83.16,1
42.77,-83.16,1
42.77,-83.16,1
42.77,-83.16,1
42.77,-83.16,1
42.77,-83.16,1
42.77,-83.16,1
42.77,-83.16,1
42.77,-83.16,1
42.77,-83.16,1
42.77,-83.16,1
42.77,-83.16,1
42.77,-83.16,1
42.77,-83.16,1
42.77,-83.16,1
42.77,-83.16,1
42.77,-83.16,1
42.77,-83.16,1
42.77,-83.16,1
42.77,-83.16,1
42.77,-83.16,1
42.77,-83.16,1
42.77,-83.16,1
42.77,-83.16,1
42.77,-83.16,1
42.77,-83.16,1
42.77,-83.16,1
42.77,-83.16,1
42.77,-83.16,1
42.77,-83.16,1
42.77,-83.16,1
42.77,-83.16,1
42.77,-83.16,1
42.77,-83.16,1
42.77,-83.16,1
42.77,-83.16,1
42.77,-83.16,1
42.77,-83.16,1
42.77,-83.16,1
42.77,-83.16,1
42.77,-83.16,1
42.77,-83.16,1
42.77,-83.16,1
42.77,-83.16,1
42.77,-83.16,1
42.77,-83.16,1
42.77,-83.16,1
42.77,-83.16,1
42.77,-83.16,1
42.77,-83.16,1
42.77,-83.16,1
42.77,-83.16,1
42.77,-83.16,1
42.77,-83.16,1
42.77,-83.16,1
42.77,-83.16,1
42.77,-83.16,1
42.77,-83.16,1
42.77,-83.16,1
42.77,-83.16,1
42.77,-83.16,1
42.77,-83.16,1
42.77,-83.16,1
42.77,-83.16,1
42.77,-83.16,1
42.77,-83.16,1
42.77,-83.16,1
42.77,-83.16,1
42.77,-83.16,1
42.77,-83.16,1
42.77,-83.16,1
42.77,-83.16,1
42.77,-83.16,1
42.77,-83.16,1
42.77,-83.16,1
42.77,-83.16,1
42.77,-83.16,1
42.77,-83.16,1
42.77,-83.16,1
42.77,-83.16,1
42.77,-83.16,1
42.77,-83.16,1
42.77,-83.16,1
42.77,-83.16,1
42.77,-83.16,1
42.77,-83.16,1
42.77,-83.16,1
42.77,-83.16,1
42.77,-83.16,1
42.77,-83.16,1
42.77,-83.16,1
42.77,-83.16,1
42.77,-83.16,1
42.77,-83.16,1
42.77,-83.16,1
42.77,-83.16,1
42.77,-83.16,1
42.77,-83.16,1
42.77,-83.16,1
42.77,-83.16,1
42.77,-83.16,1
42.77,-83.16,1
42.77,-83.16,1
42.77,-83.16,1
42.77,-83.16,1
42.77,-83.16,1
42.77,-83.16,1
42.77,-83.16,1
42.77,-83.16,1
42.77,-83.16,1
42.77,-83.16,1
42.77,-83.16,1
42.77,-83.16,1
42.77,-83.16,1
42.77,-83.16,1
42.77,-83.16,1
42.77,-83.16,1
42.77,-83.16,1
42.77,-83.16,1
42.77,-83.16,1
42.77,-83.16,1
42.77,-83.16,1
42.77,-83.16,1
42.77,-83.16,1
42.77,-83.16,1
42.77,-83.16,1
42.77,-83.16,1
42.77,-83.16,1
42.77,-83.16,1
42.77,-83.16,1
42.77,-83.16,1
42.77,-83.16,1
42.77,-83.16,1
42.77,-83.16,1
42.77,-83.16,1
42.77,-83.16,1
42.77,-83.16,1
42.77,-83.16,1
42.77,-83.16,1
42.77,-83.16,1
42.77,-83.16,1
42.77,-83.16,1
42.77,-83.16,1
42.77,-83.16,1
42.77,-83.16,1
42.77,-83.16,1
42.77,-83.16,1
42.77,-83.16,1
42.77,-83.16,1
42.77,-83.16,1
42.77,-83.16,1
42.77,-83.16,1
42.77,-83.16,1
42.77,-83.16,1
42.77,-83.16,1
42.77,-83.16,1
42.77,-83.16,1
42.77,-83.16,1
42.77,-83.16,1
42.77,-83.16,1
42.77,-83.16,1
42.77,-83.16,1
42.77,-83.16,1
42.77,-83.16,1
42.77,-83.16,1
42.77,-83.16,1
42.77,-83.16,1
42.77,-83.16,1
42.77,-83.16,1
42.77,-83.16,1
42.77,-83.16,1
42.77,-83.16,1
42.77,-83.16,1
42.77,-83.16,1
42.77,-83.16,1
42.77,-83.16,1
42.77,-83.16,1
42.77,-83.16,1
42.77,-83.16,1
42.77,-83.16,1
42.77,-83.16,1
42.77,-83.16,1
42.77,-83.16,1
42.77,-83.16,1
42.77,-83.16,1
42.77,-83.16,1
42.77,-83.16,1
42.77,-83.16,1
42.77,-83.16,1
42.77,-83.16,1
42.77,-83.16,1
42.77,-83.16,1
42.77,-83.16,1
42.77,-83.16,1
42.77,-83.16,1
42.77,-83.16,1
42.77,-83.16,1
42.77,-83.16,1
42.77,-83.16,1
42.77,-83.16,1
42.77,-83.16,1
42.77,-83.16,1
42.77,-83.16,1
42.77,-83.16,1
42.77,-83.16,1
42.77,-83.16,1
42.77,-83.16,1
42.77,-83.16,1
42.77,-83.16,1
42.77,-83.16,1
42.77,-83.16,1
42.77,-83.16,1
42.77,-83.16,1
42.77,-83.16,1
42.77,-83.16,1
42.77,-83.16,1
42.77,-83.16,1
42.77,-83.16,1
42.77,-83.16,1
42.77,-83.16,1
42.77,-83.16,1
42.77,-83.16,1
42.77,-83.16,1
42.77,-83.16,1
42.77,-83.16,1
42.77,-83.16,1
42.77,-83.16,1
42.77,-83.16,1
42.77,-83.16,1
42.77,-83.16,1
42.77,-83.16,1
42.77,-83.16,1
42.77,-83.16,1
42.77,-83.16,1
42.77,-83.16,1
42.77,-83.16,1
42.77,-83.16,1
42.77,-83.16,1
42.77,-83.16,1
42.77,-83.16,1
42.77,-83.16,1
42.77,-83.16,1
42.77,-83.16,1
42.77,-83.16,1
42.77,-83.16,1
42.77,-83.16,1
42.77,-83.16,1
42.77,-83.16,1
42.77,-83.16,1
42.77,-83.16,1
42.77,-83.16,1
42.77,-83.16,1
42.77,-83.16,1
42.77,-83.16,1
42.77,-83.16,1
42.77,-83.16,1
42.77,-83.16,1
42.77,-83.16,1
42.77,-83.16,1
42.77,-83.16,1
42.77,-83.16,1
42.77,-83.16,1
42.77,-83.16,1
42.77,-83.16,1
42.77,-83.16,1
42.77,-83.16,1
42.77,-83.16,1
42.77,-83.16,1
42.77,-83.16,1
42.77,-83.16,1
42.77,-83.16,1
42.77,-83.16,1
42.77,-83.16,1
42.77,-83.16,1
42.77,-83.16,1
42.77,-83.16,1
42.77,-83.16,1
42.77,-83.16,1
42.77,-83.16,1
42.77,-83.16,1
42.77,-83.16,1
42.77,-83.16,1
42.77,-83.16,1
42.77,-83.16,1
42.77,-83.16,1
42.77,-83.16,1
42.77,-83.16,1
42.77,-83.16,1
42.77,-83.16,1
42.77,-83.16,1
42.77,-83.16,1
42.77,-83.16,1
42.77,-83.16,1
42.77,-83.16,1
42.77,-83.16,1
42.77,-83.16,1
42.77,-83.16,1
42.77,-83.16,1
42.77,-83.16,1
42.77,-83.16,1
42.77,-83.16,1
42.77,-83.16,1
42.77,-83.16,1
42.77,-83.16,1
42.77,-83.16,1
42.77,-83.16,1
42.77,-83.16,1
42.77,-83.16,1
42.77,-83.16,1
42.77,-83.16,1
42.77,-83.16,1
42.77,-83.16,1
42.77,-83.16,1
42.77,-83.16,1
42.77,-83.16,1
42.77,-83.16,1
42.77,-83.16,1
42.77,-83.16,1
42.77,-83.16,1
42.77,-83.16,1
42.77,-83.16,1
42.77,-83.16,1
42.77,-83.16,1
42.77,-83.16,1
42.77,-83.16,1
42.77,-83.16,1
42.77,-83.16,1
42.77,-83.16,1
42.77,-83.16,1
42.77,-83.16,1
42.77,-83.16,1
42.77,-83.16,1
42.77,-83.16,1
42.77,-83.16,1
42.77,-83.16,1
42.77,-83.16,1
42.77,-83.16,1
42.77,-83.16,1
42.77,-83.16,1
42.77,-83.16,1
42.77,-83.16,1
42.77,-83.16,1
42.77,-83.16,1
42.77,-83.16,1
42.77,-83.16,1
42.77,-83.16,1
42.77,-83.16,1
42.77,-83.16,1
42.77,-83.16,1
42.77,-83.16,1
42.77,-83.16,1
42.77,-83.16,1
42.77,-83.16,1
42.77,-83.16,1
42.77,-83.16,1
42.77,-83.16,1
42.77,-83.16,1
42.77,-83.16,1
42.77,-83.16,1
42.77,-83.16,1
42.77,-83.16,1
42.77,-83.16,1
42.77,-83.16,1
42.77,-83.16,1
42.77,-83.16,1
42.77,-83.16,1
42.77,-83.16,1
42.77,-83.16,1
42.77,-83.16,1
42.77,-83.16,1
42.77,-83.16,1
42.77,-83.16,1
42.77,-83.16,1
42.77,-83.16,1
42.77,-83.16,1
42.77,-83.16,1
42.77,-83.16,1
42.77,-83.16,1
42.77,-83.16,1
42.77,-83.16,1
42.77,-83.16,1
42.77,-83.16,1
42.77,-83.16,1
42.77,-83.16,1
42.77,-83.16,1
42.77,-83.16,1
42.77,-83.16,1
42.77,-83.16,1
42.77,-83.16,1
42.77,-83.16,1
42.77,-83.16,1
42.77,-83.16,1
42.77,-83.16,1
42.77,-83.16,1
42.77,-83.16,1
42.77,-83.16,1
42.77,-83.16,1
42.77,-83.16,1
42.77,-83.16,1
42.77,-83.16,1
42.77,-83.16,1
42.77,-83.16,1
42.77,-83.16,1
42.77,-83.16,1
42.77,-83.16,1
42.77,-83.16,1
42.77,-83.16,1
42.77,-83.16,1
42.77,-83.16,1
42.77,-83.16,1
42.77,-83.16,1
42.77,-83.16,1
42.77,-83.16,1
42.77,-83.16,1
42.77,-83.16,1
42.77,-83.16,1
42.77,-83.16,1
42.77,-83.16,1
42.77,-83.16,1
42.77,-83.16,1
42.77,-83.16,1
42.77,-83.16,1
42.77,-83.16,1
42.77,-83.16,1
42.77,-83.16,1
42.77,-83.16,1
42.77,-83.16,1
42.77,-83.16,1
42.77,-83.16,1
42.77,-83.16,1
42.77,-83.16,1
42.77,-83.16,1
42.77,-83.16,1
42.77,-83.16,1
42.77,-83.16,1
42.77,-83.16,1
42.77,-83.16,1
42.77,-83.16,1
42.77,-83.16,1
42.77,-83.16,1
42.77,-83.16,1
42.77,-83.16,1
42.77,-83.16,1
42.77,-83.16,1
42.77,-83.16,1
42.77,-83.16,1
42.77,-83.16,1
42.77,-83.16,1
42.77,-83.16,1
42.77,-83.16,1
42.77,-83.16,1
42.77,-83.16,1
42.77,-83.16,1
42.77,-83.16,1
42.77,-83.16,1
42.77,-83.16,1
42.77,-83.16,1
42.77,-83.16,1
42.77,-83.16,1
42.77,-83.16,1
42.77,-83.16,1
42.77,-83.16,1
42.77,-83.16,1
42.77,-83.16,1
42.77,-83.16,1
42.77,-83.16,1
42.77,-83.16,1
42.77,-83.16,1
42.77,-83.16,1
42.77,-83.16,1
42.77,-83.16,1
42.77,-83.16,1
42.77,-83.16,1
42.77,-83.16,1
42.77,-83.16,1
42.77,-83.16,1
42.77,-83.16,1
42.77,-83.16,1
42.77,-83.16,1
42.77,-83.16,1
42.77,-83.16,1
42.77,-83.16,1
42.77,-83.16,1
42.77,-83.16,1
42.77,-83.16,1
42.77,-83.16,1
42.77,-83.16,1
42.77,-83.16,1
42.77,-83.16,1
42.77,-83.16,1
42.77,-83.16,1
42.77,-83.16,1
42.77,-83.16,1
42.77,-83.16,1
42.77,-83.16,1
42.77,-83.16,1
42.77,-83.16,1
42.77,-83.16,1
42.77,-83.16,1
42.77,-83.16,1
42.77,-83.16,1
42.77,-83.16,1
42.77,-83.16,1
42.77,-83.16,1
42.77,-83.16,1
42.77,-83.16,1
42.77,-83.16,1
42.77,-83.16,1
42.77,-83.16,1
42.77,-83.16,1
42.77,-83.16,1
42.77,-83.16,1
42.77,-83.16,1
42.77,-83.16,1
42.77,-83.16,1
42.77,-83.16,1
42.77,-83.16,1
42.77,-83.16,1
42.77,-83.16,1
42.77,-83.16,1
42.77,-83.16,1
42.77,-83.16,1
42.77,-83.16,1
42.77,-83.16,1
42.77,-83.16,1
42.77,-83.16,1
42.77,-83.16,1
42.77,-83.16,1
42.77,-83.16,1
42.77,-83.16,1
42.77,-83.16,1
42.77,-83.16,1
42.77,-83.16,1
42.77,-83.16,1
42.77,-83.16,1
42.77,-83.16,1
42.77,-83.16,1
42.77,-83.16,1
42.77,-83.16,1
42.77,-83.16,1
42.77,-83.16,1
42.77,-83.16,1
42.77,-83.16,1
42.77,-83.16,1
42.77,-83.16,1
42.77,-83.16,1
42.77,-83.16,1
42.77,-83.16,1
42.77,-83.16,1
42.77,-83.16,1
42.77,-83.16,1
42.77,-83.16,1
42.77,-83.16,1
42.77,-83.16,1
42.77,-83.16,1
42.77,-83.16,1
42.77,-83.16,1
42.77,-83.16,1
42.77,-83.16,1
42.77,-83.16,1
42.77,-83.16,1
42.77,-83.16,1
42.77,-83.16,1
42.77,-83.16,1
42.77,-83.16,1
42.77,-83.16,1
42.77,-83.16,1
42.77,-83.16,1
42.77,-83.16,1
42.77,-83.16,1
42.77,-83.16,1
42.77,-83.16,1
42.77,-83.16,1
42.77,-83.16,1
42.77,-83.16,1
42.77,-83.16,1
42.77,-83.16,1
42.77,-83.16,1
42.77,-83.16,1
42.77,-83.16,1
42.77,-83.16,1
42.77,-83.16,1
42.77,-83.16,1
42.77,-83.16,1
42.77,-83.16,1
42.77,-83.16,1
42.77,-83.16,1
42.77,-83.16,1
42.77,-83.16,1
42.77,-83.16,1
42.77,-83.16,1
42.77,-83.16,1
42.77,-83.16,1
42.77,-83.16,1
42.77,-83.16,1
42.77,-83.16,1
42.77,-83.16,1
42.77,-83.16,1
42.77,-83.16,1
42.77,-83.16,1
42.77,-83.16,1
42.77,-83.16,1
42.77,-83.16,1
42.77,-83.16,1
42.77,-83.16,1
42.77,-83.16,1
42.77,-83.16,1
42.77,-83.16,1
42.77,-83.16,1
42.77,-83.16,1
42.77,-83.16,1
42.77,-83.16,1
42.77,-83.16,1
42.77,-83.16,1
42.77,-83.16,1
42.77,-83.16,1
42.77,-83.16,1
42.77,-83.16,1
42.77,-83.16,1
42.77,-83.16,1
42.77,-83.16,1
42.77,-83.16,1
42.77,-83.16,1
42.77,-83.16,1
42.77,-83.16,1
42.77,-83.16,1
42.77,-83.16,1
42.77,-83.16,1
42.77,-83.16,1
42.77,-83.16,1
42.77,-83.16,1
42.77,-83.16,1
42.77,-83.16,1
42.77,-83.16,1
42.77,-83.16,1
42.77,-83.16,1
42.77,-83.16,1
42.77,-83.16,1
42.77,-83.16,1
42.77,-83.16,1
42.77,-83.16,1
42.77,-83.16,1
42.77,-83.16,1
42.77,-83.16,1
42.77,-83.16,1
42.77,-83.16,1
42.77,-83.16,1
42.77,-83.16,1
42.77,-83.16,1
42.77,-83.16,1
42.77,-83.16,1
42.77,-83.16,1
42.77,-83.16,1
42.77,-83.16,1
42.77,-83.16,1
42.77,-83.16,1
42.77,-83.16,1
42.77,-83.16,1
42.77,-83.16,1
42.77,-83.16,1
42.77,-83.16,1
42.77,-83.16,1
42.77,-83.16,1
42.77,-83.16,1
42.77,-83.16,1
42.77,-83.16,1
42.77,-83.16,1
42.77,-83.16,1
42.77,-83.16,1
42.77,-83.16,1
42.77,-83.16,1
42.77,-83.16,1
42.77,-83.16,1
42.77,-83.16,1
42.77,-83.16,1
42.77,-83.16,1
42.77,-83.16,1
42.77,-83.16,1
42.77,-83.16,1
42.77,-83.16,1
42.77,-83.16,1
42.77,-83.16,1
42.77,-83.16,1
42.77,-83.16,1
42.77,-83.16,1
42.77,-83.16,1
42.77,-83.16,1
42.77,-83.16,1
42.77,-83.16,1
42.77,-83.16,1
42.77,-83.16,1
42.77,-83.16,1
42.77,-83.16,1
42.77,-83.16,1
42.77,-83.16,1
42.77,-83.16,1
42.77,-83.16,1
42.77,-83.16,1
42.77,-83.16,1
42.77,-83.16,1
42.77,-83.16,1
42.77,-83.16,1
42.77,-83.16,1
42.77,-83.16,1
42.77,-83.16,1
42.77,-83.16,1
42.77,-83.16,1
42.77,-83.16,1
42.77,-83.16,1
42.77,-83.16,1
42.77,-83.16,1
42.77,-83.16,1
42.77,-83.16,1
42.77,-83.16,1
42.77,-83.16,1
42.77,-83.16,1
42.77,-83.16,1
42.77,-83.16,1
42.77,-83.16,1
42.77,-83.16,1
42.77,-83.16,1
42.77,-83.16,1
42.77,-83.16,1
42.77,-83.16,1
42.77,-83.16,1
42.77,-83.16,1
42.77,-83.16,1
42.77,-83.16,1
42.77,-83.16,1
42.77,-83.16,1
42.77,-83.16,1
42.77,-83.16,1
42.77,-83.16,1
42.77,-83.16,1
42.77,-83.16,1
42.77,-83.16,1
42.77,-83.16,1
42.77,-83.16,1
42.77,-83.16,1
42.77,-83.16,1
42.77,-83.16,1
42.77,-83.16,1
42.77,-83.16,1
42.77,-83.16,1
42.77,-83.16,1
42.77,-83.16,1
42.77,-83.16,1
42.77,-83.16,1
42.77,-83.16,1
42.77,-83.16,1
42.77,-83.16,1
42.77,-83.16,1
42.77,-83.16,1
42.77,-83.16,1
42.77,-83.16,1
42.77,-83.16,1
42.77,-83.16,1
42.77,-83.16,1
42.77,-83.16,1
42.77,-83.16,1
42.77,-83.16,1
42.77,-83.16,1
42.77,-83.16,1
42.77,-83.16,1
42.77,-83.16,1
42.77,-83.16,1
42.77,-83.16,1
42.77,-83.16,1
42.77,-83.16,1
42.77,-83.16,1
42.77,-83.16,1
42.77,-83.16,1
42.77,-83.16,1
42.77,-83.16,1
42.77,-83.16,1
42.77,-83.16,1
42.77,-83.16,1
42.77,-83.16,1
42.77,-83.16,1
42.77,-83.16,1
42.77,-83.16,1
42.77,-83.16,1
42.77,-83.16,1
42.77,-83.16,1
42.77,-83.16,1
42.77,-83.16,1
42.77,-83.16,1
42.77,-83.16,1
42.77,-83.16,1
42.77,-83.16,1
42.77,-83.16,1
42.77,-83.16,1
42.77,-83.16,1
42.77,-83.16,1
42.77,-83.16,1
42.77,-83.16,1
42.77,-83.16,1
42.77,-83.16,1
42.77,-83.16,1
42.77,-83.16,1
42.77,-83.16,1
42.77,-83.16,1
42.77,-83.16,1
42.77,-83.16,1
42.77,-83.16,1
42.77,-83.16,1
42.77,-83.16,1
42.77,-83.16,1
42.77,-83.16,1
42.77,-83.16,1
42.77,-83.16,1
42.77,-83.16,1
42.77,-83.16,1
42.77,-83.16,1
42.77,-83.16,1
42.77,-83.16,1
42.77,-83.16,1
42.77,-83.16,1
42.77,-83.16,1
42.77,-83.16,1
42.77,-83.16,1
42.77,-83.16,1
42.77,-83.16,1
42.77,-83.16,1
42.77,-83.16,1
42.77,-83.16,1
42.77,-83.16,1
42.77,-83.16,1
42.77,-83.16,1
42.77,-83.16,1
42.77,-83.16,1
42.77,-83.16,1
42.77,-83.16,1
42.77,-83.16,1
42.77,-83.16,1
42.77,-83.16,1
42.77,-83.16,1
42.77,-83.16,1
42.77,-83.16,1
42.77,-83.16,1
42.77,-83.16,1
42.77,-83.16,1
42.77,-83.16,1
42.77,-83.16,1
42.77,-83.16,1
42.77,-83.16,1
42.77,-83.16,1
42.77,-83.16,1
42.77,-83.16,1
42.77,-83.16,1
42.77,-83.16,1
42.77,-83.16,1
42.77,-83.16,1
42.77,-83.16,1
42.77,-83.16,1
42.77,-83.16,1
42.77,-83.16,1
42.77,-83.16,1
42.77,-83.16,1
42.77,-83.16,1
42.77,-83.16,1
42.77,-83.16,1
42.77,-83.16,1
42.77,-83.16,1
42.77,-83.16,1
42.77,-83.16,1
42.77,-83.16,1
42.77,-83.16,1
42.77,-83.16,1
42.77,-83.16,1
42.77,-83.16,1
42.77,-83.16,1
42.77,-83.16,1
42.77,-83.16,1
42.77,-83.16,1
42.77,-83.16,1
42.77,-83.16,1
42.77,-83.16,1
42.77,-83.16,1
42.77,-83.16,1
42.77,-83.16,1
42.77,-83.16,1
42.77,-83.16,1
42.77,-83.16,1
42.77,-83.16,1
42.77,-83.16,1
42.77,-83.16,1
42.77,-83.16,1
42.77,-83.16,1
42.77,-83.16,1
42.77,-83.16,1
42.77,-83.16,1
42.77,-83.16,1
42.77,-83.16,1
42.77,-83.16,1
42.77,-83.16,1
42.77,-83.16,1
42.77,-83.16,1
42.77,-83.16,1
42.77,-83.16,1
42.77,-83.16,1
42.77,-83.16,1
42.77,-83.16,1
42.77,-83.16,1
42.77,-83.16,1
42.77,-83.16,1
42.77,-83.16,1
42.77,-83.16,1
42.77,-83.16,1
42.77,-83.16,1
42.77,-83.16,1
42.77,-83.16,1
42.77,-83.16,1
42.77,-83.16,1
42.77,-83.16,1
42.77,-83.16,1
42.77,-83.16,1
42.77,-83.16,1
42.77,-83.16,1
42.77,-83.16,1
42.77,-83.16,1
42.77,-83.16,1
42.77,-83.16,1
42.77,-83.16,1
42.77,-83.16,1
42.77,-83.16,1
42.77,-83.16,1
42.77,-83.16,1
42.77,-83.16,1
42.77,-83.16,1
42.77,-83.16,1
42.77,-83.16,1
42.77,-83.16,1
42.77,-83.16,1
42.77,-83.16,1
42.77,-83.16,1
42.77,-83.16,1
42.77,-83.16,1
42.77,-83.16,1
42.77,-83.16,1
42.77,-83.16,1
42.77,-83.16,1
42.77,-83.16,1
42.77,-83.16,1
42.77,-83.16,1
42.77,-83.16,1
42.77,-83.16,1
42.77,-83.16,1
42.77,-83.16,1
42.77,-83.16,1
42.77,-83.16,1
42.77,-83.16,1
42.77,-83.16,1
42.77,-83.16,1
42.77,-83.16,1
42.77,-83.16,1
42.77,-83.16,1
42.77,-83.16,1
42.77,-83.16,1
42.77,-83.16,1
42.77,-83.16,1
42.77,-83.16,1
42.77,-83.16,1
42.77,-83.16,1
42.77,-83.16,1
42.77,-83.16,1
42.77,-83.16,1
42.77,-83.16,1
42.77,-83.16,1
42.77,-83.16,1
42.77,-83.16,1
42.77,-83.16,1
42.77,-83.16,1
42.77,-83.16,1
42.77,-83.16,1
42.77,-83.16,1
42.77,-83.16,1
42.77,-83.16,1
42.77,-83.16,1
42.77,-83.16,1
42.77,-83.16,1
42.77,-83.16,1
42.77,-83.16,1
42.77,-83.16,1
42.77,-83.16,1
42.77,-83.16,1
42.77,-83.16,1
42.77,-83.16,1
42.77,-83.16,1
42.77,-83.16,1
42.77,-83.16,1
42.77,-83.16,1
42.77,-83.16,1
42.77,-83.16,1
42.77,-83.16,1
42.77,-83.16,1
42.77,-83.16,1
42.77,-83.16,1
42.77,-83.16,1
42.77,-83.16,1
42.77,-83.16,1
42.77,-83.16,1
42.77,-83.16,1
42.77,-83.16,1
42.77,-83.16,1
42.77,-83.16,1
42.77,-83.16,1
42.77,-83.16,1
42.77,-83.16,1
42.77,-83.16,1
42.77,-83.16,1
42.77,-83.16,1
42.77,-83.16,1
42.77,-83.16,1
42.77,-83.16,1
42.77,-83.16,1
42.77,-83.16,1
42.77,-83.16,1
42.77,-83.16,1
42.77,-83.16,1
42.77,-83.16,1
42.77,-83.16,1
42.77,-83.16,1
42.77,-83.16,1
42.77,-83.16,1
42.77,-83.16,1
42.77,-83.16,1
42.77,-83.16,1
42.77,-83.16,1
42.77,-83.16,1
42.77,-83.16,1
42.77,-83.16,1
42.77,-83.16,1
42.77,-83.16,1
42.77,-83.16,1
42.77,-83.16,1
42.77,-83.16,1
42.77,-83.16,1
42.77,-83.16,1
42.77,-83.16,1
42.77,-83.16,1
42.77,-83.16,1
42.77,-83.16,1
42.77,-83.16,1
42.77,-83.16,1
42.77,-83.16,1
42.77,-83.16,1
42.77,-83.16,1
42.77,-83.16,1
42.77,-83.16,1
42.77,-83.16,1
42.77,-83.16,1
42.77,-83.16,1
42.77,-83.16,1
42.77,-83.16,1
42.77,-83.16,1
42.77,-83.16,1
42.77,-83.16,1
42.77,-83.16,1
42.77,-83.16,1
42.77,-83.16,1
42.77,-83.16,1
42.77,-83.16,1
42.77,-83.16,1
42.77,-83.16,1
42.77,-83.16,1
42.77,-83.16,1
42.77,-83.16,1
42.77,-83.16,1
42.77,-83.16,1
42.77,-83.16,1
42.77,-83.16,1
42.77,-83.16,1
42.77,-83.16,1
42.77,-83.16,1
42.77,-83.16,1
42.77,-83.16,1
42.77,-83.16,1
42.77,-83.16,1
42.77,-83.16,1
42.77,-83.16,1
42.77,-83.16,1
42.77,-83.16,1
42.77,-83.16,1
42.77,-83.16,1
42.77,-83.16,1
42.77,-83.16,1
42.77,-83.16,1
42.77,-83.16,1
42.77,-83.16,1
42.77,-83.16,1
42.77,-83.16,1
42.77,-83.16,1
42.77,-83.16,1
42.77,-83.16,1
42.77,-83.16,1
42.77,-83.16,1
42.77,-83.16,1
42.77,-83.16,1
42.77,-83.16,1
42.77,-83.16,1
42.77,-83.16,1
42.77,-83.16,1
42.77,-83.16,1
42.77,-83.16,1
42.77,-83.16,1
42.77,-83.16,1
42.77,-83.16,1
42.77,-83.16,1
42.77,-83.16,1
42.77,-83.16,1
42.77,-83.16,1
42.77,-83.16,1
42.77,-83.16,1
42.77,-83.16,1
42.77,-83.16,1
42.77,-83.16,1
42.77,-83.16,1
42.77,-83.16,1
42.77,-83.16,1
42.77,-83.16,1
42.77,-83.16,1
42.77,-83.16,1
42.77,-83.16,1
42.77,-83.16,1
42.77,-83.16,1
42.77,-83.16,1
42.77,-83.16,1
42.77,-83.16,1
42.77,-83.16,1
42.77,-83.16,1
42.77,-83.16,1
42.77,-83.16,1
42.77,-83.16,1
42.77,-83.16,1
42.77,-83.16,1
42.77,-83.16,1
42.77,-83.16,1
42.77,-83.16,1
42.77,-83.16,1
42.77,-83.16,1
42.77,-83.16,1
42.77,-83.16,1
42.77,-83.16,1
42.77,-83.16,1
42.77,-83.16,1
42.77,-83.16,1
42.77,-83.16,1
42.77,-83.16,1
42.77,-83.16,1
42.77,-83.16,1
42.77,-83.16,1
42.77,-83.16,1
42.77,-83.16,1
42.77,-83.16,1
42.77,-83.16,1
42.77,-83.16,1
42.77,-83.16,1
42.77,-83.16,1
42.77,-83.16,1
42.77,-83.16,1
42.77,-83.16,1
42.77,-83.16,1
42.77,-83.16,1
42.77,-83.16,1
42.77,-83.16,1
42.77,-83.16,1
42.77,-83.16,1
42.77,-83.16,1
42.77,-83.16,1
42.77,-83.16,1
42.77,-83.16,1
42.77,-83.16,1
42.77,-83.16,1
42.77,-83.16,1
42.77,-83.16,1
42.77,-83.16,1
42.77,-83.16,1
42.77,-83.16,1
42.77,-83.16,1
42.77,-83.16,1
42.77,-83.16,1
42.77,-83.16,1
42.77,-83.16,1
42.77,-83.16,1
42.77,-83.16,1
42.77,-83.16,1
42.77,-83.16,1
42.77,-83.16,1
42.77,-83.16,1
42.77,-83.16,1
42.77,-83.16,1
42.77,-83.16,1
42.77,-83.16,1
42.77,-83.16,1
42.77,-83.16,1
42.77,-83.16,1
42.77,-83.16,1
42.77,-83.16,1
42.77,-83.16,1
42.77,-83.16,1
42.77,-83.16,1
42.77,-83.16,1
42.77,-83.16,1
42.77,-83.16,1
42.77,-83.16,1
42.77,-83.16,1
42.77,-83.16,1
42.77,-83.16,1
42.77,-83.16,1
42.77,-83.16,1
42.77,-83.16,1
42.77,-83.16,1
42.77,-83.16,1
42.77,-83.16,1
42.77,-83.16,1
42.77,-83.16,1
42.77,-83.16,1
42.77,-83.16,1
42.77,-83.16,1
42.77,-83.16,1
42.77,-83.16,1
42.77,-83.16,1
42.77,-83.16,1
42.77,-83.16,1
42.77,-83.16,1
42.77,-83.16,1
42.77,-83.16,1
42.77,-83.16,1
42.77,-83.16,1
42.77,-83.16,1
42.77,-83.16,1
42.77,-83.16,1
42.77,-83.16,1
42.77,-83.16,1
42.77,-83.16,1
42.77,-83.16,1
42.77,-83.16,1
42.77,-83.16,1
42.77,-83.16,1
42.77,-83.16,1
42.77,-83.16,1
42.77,-83.16,1
42.77,-83.16,1
42.77,-83.16,1
42.77,-83.16,1
42.77,-83.16,1
42.77,-83.16,1
42.77,-83.16,1
42.77,-83.16,1
42.77,-83.16,1
42.77,-83.16,1
42.77,-83.16,1
42.77,-83.16,1
42.77,-83.16,1
42.77,-83.16,1
42.77,-83.16,1
42.77,-83.16,1
42.77,-83.16,1
42.77,-83.16,1
42.77,-83.16,1
42.77,-83.16,1
42.77,-83.16,1
42.77,-83.16,1
42.77,-83.16,1
42.77,-83.16,1
42.77,-83.16,1
42.77,-83.16,1
42.77,-83.16,1
42.77,-83.16,1
42.77,-83.16,1
42.77,-83.16,1
42.77,-83.16,1
42.77,-83.16,1
42.77,-83.16,1
42.77,-83.16,1
42.77,-83.16,1
42.77,-83.16,1
42.77,-83.16,1
42.77,-83.16,1
42.77,-83.16,1
42.77,-83.16,1
42.77,-83.16,1
42.77,-83.16,1
42.77,-83.16,1
42.77,-83.16,1
42.77,-83.16,1
42.77,-83.16,1
42.77,-83.16,1
42.77,-83.16,1
42.77,-83.16,1
42.77,-83.16,1
42.77,-83.16,1
42.77,-83.16,1
42.77,-83.16,1
42.77,-83.16,1
42.77,-83.16,1
42.77,-83.16,1
42.77,-83.16,1
42.77,-83.16,1
42.77,-83.16,1
42.77,-83.16,1
42.77,-83.16,1
42.77,-83.16,1
42.77,-83.16,1
42.77,-83.16,1
42.77,-83.16,1
42.77,-83.16,1
42.77,-83.16,1
42.77,-83.16,1
42.77,-83.16,1
42.77,-83.16,1
42.77,-83.16,1
42.77,-83.16,1
42.77,-83.16,1
42.77,-83.16,1
42.77,-83.16,1
42.77,-83.16,1
42.77,-83.16,1
42.77,-83.16,1
42.77,-83.16,1
42.77,-83.16,1
42.77,-83.16,1
42.77,-83.16,1
42.77,-83.16,1
42.77,-83.16,1
42.77,-83.16,1
42.77,-83.16,1
42.77,-83.16,1
42.77,-83.16,1
42.77,-83.16,1
42.77,-83.16,1
42.77,-83.16,1
42.77,-83.16,1
42.77,-83.16,1
42.77,-83.16,1
42.77,-83.16,1
42.77,-83.16,1
42.77,-83.16,1
42.77,-83.16,1
42.77,-83.16,1
42.77,-83.16,1
42.77,-83.16,1
42.77,-83.16,1
42.77,-83.16,1
42.77,-83.16,1
42.77,-83.16,1
42.77,-83.16,1
42.77,-83.16,1
42.77,-83.16,1
42.77,-83.16,1
42.77,-83.16,1
42.77,-83.16,1
42.77,-83.16,1
42.77,-83.16,1
42.77,-83.16,1
42.77,-83.16,1
42.77,-83.16,1
42.77,-83.16,1
42.77,-83.16,1
42.77,-83.16,1
42.77,-83.16,1
42.77,-83.16,1
42.77,-83.16,1
42.77,-83.16,1
42.77,-83.16,1
42.77,-83.16,1
42.77,-83.16,1
42.77,-83.16,1
42.77,-83.16,1
42.77,-83.16,1
42.77,-83.16,1
42.77,-83.16,1
42.77,-83.16,1
42.77,-83.16,1
42.77,-83.16,1
42.77,-83.16,1
42.77,-83.16,1
42.77,-83.16,1
42.77,-83.16,1
42.77,-83.16,1
42.77,-83.16,1
42.77,-83.16,1
42.77,-83.16,1
42.77,-83.16,1
42.77,-83.16,1
42.77,-83.16,1
42.77,-83.16,1
42.77,-83.16,1
42.77,-83.16,1
42.77,-83.16,1
42.77,-83.16,1
42.77,-83.16,1
42.77,-83.16,1
42.77,-83.16,1
42.77,-83.16,1
42.77,-83.16,1
42.77,-83.16,1
42.77,-83.16,1
42.77,-83.16,1
42.77,-83.16,1
42.77,-83.16,1
42.77,-83.16,1
42.77,-83.16,1
42.77,-83.16,1
42.77,-83.16,1
42.77,-83.16,1
42.77,-83.16,1
42.77,-83.16,1
42.77,-83.16,1
42.77,-83.16,1
42.77,-83.16,1
42.77,-83.16,1
42.77,-83.16,1
42.77,-83.16,1
42.77,-83.16,1
42.77,-83.16,1
42.77,-83.16,1
42.77,-83.16,1
42.77,-83.16,1
42.77,-83.16,1
42.77,-83.16,1
42.77,-83.16,1
42.77,-83.16,1
42.77,-83.16,1
42.77,-83.16,1
42.77,-83.16,1
42.77,-83.16,1
42.77,-83.16,1
42.77,-83.16,1
42.77,-83.16,1
42.77,-83.16,1
42.77,-83.16,1
42.77,-83.16,1
42.77,-83.16,1
42.77,-83.16,1
42.77,-83.16,1
42.77,-83.16,1
42.77,-83.16,1
42.77,-83.16,1
42.77,-83.16,1
42.77,-83.16,1
42.77,-83.16,1
42.77,-83.16,1
42.77,-83.16,1
42.77,-83.16,1
42.77,-83.16,1
42.77,-83.16,1
42.77,-83.16,1
42.77,-83.16,1
42.77,-83.16,1
42.77,-83.16,1
42.77,-83.16,1
42.77,-83.16,1
42.77,-83.16,1
42.77,-83.16,1
42.77,-83.16,1
42.77,-83.16,1
42.77,-83.16,1
42.77,-83.16,1
42.77,-83.16,1
42.77,-83.16,1
42.77,-83.16,1
42.77,-83.16,1
42.77,-83.16,1
42.77,-83.16,1
42.77,-83.16,1
42.77,-83.16,1
42.77,-83.16,1
42.77,-83.16,1
42.77,-83.16,1
42.77,-83.16,1
42.77,-83.16,1
42.77,-83.16,1
42.77,-83.16,1
42.77,-83.16,1
42.77,-83.16,1
42.77,-83.16,1
42.77,-83.16,1
42.77,-83.16,1
42.77,-83.16,1
42.77,-83.16,1
42.77,-83.16,1
42.77,-83.16,1
42.77,-83.16,1
42.77,-83.16,1
42.77,-83.16,1
42.77,-83.16,1
42.77,-83.16,1
42.77,-83.16,1
42.77,-83.16,1
42.77,-83.16,1
42.77,-83.16,1
42.77,-83.16,1
42.77,-83.16,1
42.77,-83.16,1
42.77,-83.16,1
42.77,-83.16,1
42.77,-83.16,1
42.77,-83.16,1
42.77,-83.16,1
42.77,-83.16,1
42.77,-83.16,1
42.77,-83.16,1
42.77,-83.16,1
42.77,-83.16,1
42.77,-83.16,1
42.77,-83.16,1
42.77,-83.16,1
42.77,-83.16,1
42.77,-83.16,1
42.77,-83.16,1
42.77,-83.16,1
42.77,-83.16,1
42.77,-83.16,1
42.77,-83.16,1
42.77,-83.16,1
42.77,-83.16,1
42.77,-83.16,1
42.77,-83.16,1
42.77,-83.16,1
42.77,-83.16,1
42.77,-83.16,1
42.77,-83.16,1
42.77,-83.16,1
42.77,-83.16,1
42.77,-83.16,1
42.77,-83.16,1
42.77,-83.16,1
42.77,-83.16,1
42.77,-83.16,1
42.77,-83.16,1
42.77,-83.16,1
42.77,-83.16,1
42.77,-83.16,1
42.77,-83.16,1
42.77,-83.16,1
42.77,-83.16,1
42.77,-83.16,1
42.77,-83.16,1
42.77,-83.16,1
42.77,-83.16,1
42.77,-83.16,1
42.77,-83.16,1
42.77,-83.16,1
42.77,-83.16,1
42.77,-83.16,1
42.77,-83.16,1
42.77,-83.16,1
42.77,-83.16,1
42.77,-83.16,1
42.77,-83.16,1
42.77,-83.16,1
42.77,-83.16,1
42.77,-83.16,1
42.77,-83.16,1
42.77,-83.16,1
42.77,-83.16,1
42.77,-83.16,1
42.77,-83.16,1
42.77,-83.16,1
42.77,-83.16,1
42.77,-83.16,1
42.77,-83.16,1
42.77,-83.16,1
42.77,-83.16,1
42.77,-83.16,1
42.77,-83.16,1
42.77,-83.16,1
42.77,-83.16,1
42.77,-83.16,1
42.77,-83.16,1
42.77,-83.16,1
42.77,-83.16,1
42.77,-83.16,1
42.77,-83.16,1
42.77,-83.16,1
42.77,-83.16,1
42.77,-83.16,1
42.77,-83.16,1
42.77,-83.16,1
42.77,-83.16,1
42.77,-83.16,1
42.77,-83.16,1
42.77,-83.16,1
42.77,-83.16,1
42.77,-83.16,1
42.77,-83.16,1
42.77,-83.16,1
42.77,-83.16,1
42.77,-83.16,1
42.77,-83.16,1
42.77,-83.16,1
42.77,-83.16,1
42.77,-83.16,1
42.77,-83.16,1
42.77,-83.16,1
42.77,-83.16,1
42.77,-83.16,1
42.77,-83.16,1
42.77,-83.16,1
42.77,-83.16,1
42.77,-83.16,1
42.77,-83.16,1
42.77,-83.16,1
42.77,-83.16,1
42.77,-83.16,1
42.77,-83.16,1
42.77,-83.16,1
42.77,-83.16,1
42.77,-83.16,1
42.77,-83.16,1
42.77,-83.16,1
42.77,-83.16,1
42.77,-83.16,1
42.77,-83.16,1
42.77,-83.16,1
42.77,-83.16,1
42.77,-83.16,1
42.77,-83.16,1
42.77,-83.16,1
42.77,-83.16,1
42.77,-83.16,1
42.77,-83.16,1
42.77,-83.16,1
42.77,-83.16,1
42.77,-83.16,1
42.77,-83.16,1
42.77,-83.16,1
42.77,-83.16,1
42.77,-83.16,1
42.77,-83.16,1
42.77,-83.16,1
42.77,-83.16,1
42.77,-83.16,1
42.77,-83.16,1
42.77,-83.16,1
42.77,-83.16,1
42.77,-83.16,1
42.77,-83.16,1
42.77,-83.16,1
42.77,-83.16,1
42.77,-83.16,1
42.77,-83.16,1
42.77,-83.16,1
42.77,-83.16,1
42.77,-83.16,1
42.77,-83.16,1
42.77,-83.16,1
42.77,-83.16,1
42.77,-83.16,1
42.77,-83.16,1
42.77,-83.16,1
42.77,-83.16,1
42.77,-83.16,1
42.77,-83.16,1
42.77,-83.16,1
42.77,-83.16,1
42.77,-83.16,1
42.77,-83.16,1
42.77,-83.16,1
42.77,-83.16,1
42.77,-83.16,1
42.77,-83.16,1
42.77,-83.16,1
42.77,-83.16,1
42.77,-83.16,1
42.77,-83.16,1
42.77,-83.16,1
42.77,-83.16,1
42.77,-83.16,1
42.77,-83.16,1
42.77,-83.16,1
42.77,-83.16,1
42.77,-83.16,1
42.77,-83.16,1
42.77,-83.16,1
42.77,-83.16,1
42.77,-83.16,1
42.77,-83.16,1
42.77,-83.16,1
42.77,-83.16,1
42.77,-83.16,1
42.77,-83.16,1
42.77,-83.16,1
42.77,-83.16,1
42.77,-83.16,1
42.77,-83.16,1
42.77,-83.16,1
42.77,-83.16,1
42.77,-83.16,1
42.77,-83.16,1
42.77,-83.16,1
42.77,-83.16,1
42.77,-83.16,1
42.77,-83.16,1
42.77,-83.16,1
42.77,-83.16,1
42.77,-83.16,1
42.77,-83.16,1
42.77,-83.16,1
42.77,-83.16,1
42.77,-83.16,1
42.77,-83.16,1
42.77,-83.16,1
42.77,-83.16,1
42.77,-83.16,1
42.77,-83.16,1
42.77,-83.16,1
42.77,-83.16,1
42.77,-83.16,1
42.77,-83.16,1
42.77,-83.16,1
42.77,-83.16,1
42.77,-83.16,1
42.77,-83.16,1
42.77,-83.16,1
42.77,-83.16,1
42.77,-83.16,1
42.77,-83.16,1
42.77,-83.16,1
42.77,-83.16,1
42.77,-83.16,1
42.77,-83.16,1
42.77,-83.16,1
42.77,-83.16,1
42.77,-83.16,1
42.77,-83.16,1
42.77,-83.16,1
42.77,-83.16,1
42.77,-83.16,1
42.77,-83.16,1
42.77,-83.16,1
42.77,-83.16,1
42.77,-83.16,1
42.77,-83.16,1
42.77,-83.16,1
42.77,-83.16,1
42.77,-83.16,1
42.77,-83.16,1
42.77,-83.16,1
42.77,-83.16,1
42.77,-83.16,1
42.77,-83.16,1
42.77,-83.16,1
42.77,-83.16,1
42.77,-83.16,1
42.77,-83.16,1
42.77,-83.16,1
42.77,-83.16,1
42.77,-83.16,1
42.77,-83.16,1
42.77,-83.16,1
42.77,-83.16,1
42.77,-83.16,1
42.77,-83.16,1
42.77,-83.16,1
42.77,-83.16,1
42.77,-83.16,1
42.77,-83.16,1
42.77,-83.16,1
42.77,-83.16,1
42.77,-83.16,1
42.77,-83.16,1
42.77,-83.16,1
42.77,-83.16,1
42.77,-83.16,1
42.77,-83.16,1
42.77,-83.16,1
42.77,-83.16,1
42.77,-83.16,1
42.77,-83.16,1
42.77,-83.16,1
42.77,-83.16,1
42.77,-83.16,1
42.77,-83.16,1
42.77,-83.16,1
42.77,-83.16,1
42.77,-83.16,1
42.77,-83.16,1
42.77,-83.16,1
42.77,-83.16,1
42.77,-83.16,1
42.77,-83.16,1
42.77,-83.16,1
42.77,-83.16,1
42.77,-83.16,1
42.77,-83.16,1
42.77,-83.16,1
42.77,-83.16,1
42.77,-83.16,1
42.77,-83.16,1
42.77,-83.16,1
42.77,-83.16,1
42.77,-83.16,1
42.77,-83.16,1
42.77,-83.16,1
42.77,-83.16,1
42.77,-83.16,1
42.77,-83.16,1
42.77,-83.16,1
42.77,-83.16,1
42.77,-83.16,1
42.77,-83.16,1
42.77,-83.16,1
42.77,-83.16,1
42.77,-83.16,1
42.77,-83.16,1
42.77,-83.16,1
42.77,-83.16,1
42.77,-83.16,1
42.77,-83.16,1
42.77,-83.16,1
42.77,-83.16,1
42.77,-83.16,1
42.77,-83.16,1
42.77,-83.16,1
42.77,-83.16,1
42.77,-83.16,1
42.77,-83.16,1
42.77,-83.16,1
42.77,-83.16,1
42.77,-83.16,1
42.77,-83.16,1
42.77,-83.16,1
42.77,-83.16,1
42.77,-83.16,1
42.77,-83.16,1
42.77,-83.16,1
42.77,-83.16,1
42.77,-83.16,1
42.77,-83.16,1
42.77,-83.16,1
42.77,-83.16,1
42.77,-83.16,1
42.77,-83.16,1
42.77,-83.16,1
42.77,-83.16,1
42.77,-83.16,1
42.77,-83.16,1
42.77,-83.16,1
42.77,-83.16,1
42.77,-83.16,1
42.77,-83.16,1
42.77,-83.16,1
42.77,-83.16,1
42.77,-83.16,1
42.77,-83.16,1
42.77,-83.16,1
42.77,-83.16,1
42.77,-83.16,1
42.77,-83.16,1
42.77,-83.16,1
42.77,-83.16,1
42.77,-83.16,1
42.77,-83.16,1
42.77,-83.16,1
42.77,-83.16,1
42.77,-83.16,1
42.77,-83.16,1
42.77,-83.16,1
42.77,-83.16,1
42.77,-83.16,1
42.77,-83.16,1
42.77,-83.16,1
42.77,-83.16,1
42.77,-83.16,1
42.77,-83.16,1
42.77,-83.16,1
42.77,-83.16,1
42.77,-83.16,1
42.77,-83.16,1
42.77,-83.16,1
42.77,-83.16,1
42.77,-83.16,1
42.77,-83.16,1
42.77,-83.16,1
42.77,-83.16,1
42.77,-83.16,1
42.77,-83.16,1
42.77,-83.16,1
42.77,-83.16,1
42.77,-83.16,1
42.77,-83.16,1
42.77,-83.16,1
42.77,-83.16,1
42.77,-83.16,1
42.77,-83.16,1
42.77,-83.16,1
42.77,-83.16,1
42.77,-83.16,1
42.77,-83.16,1
42.77,-83.16,1
42.77,-83.16,1
42.77,-83.16,1
42.77,-83.16,1
42.77,-83.16,1
42.77,-83.16,1
42.77,-83.16,1
42.77,-83.16,1
42.77,-83.16,1
42.77,-83.16,1
42.77,-83.16,1
42.77,-83.16,1
42.77,-83.16,1
42.77,-83.16,1
42.77,-83.16,1
42.77,-83.16,1
42.77,-83.16,1
42.77,-83.16,1
42.77,-83.16,1
42.77,-83.16,1
42.77,-83.16,1
42.77,-83.16,1
42.77,-83.16,1
42.77,-83.16,1
42.77,-83.16,1
42.77,-83.16,1
42.77,-83.16,1
42.77,-83.16,1
42.77,-83.16,1
42.77,-83.16,1
42.77,-83.16,1
42.77,-83.16,1
42.77,-83.16,1
42.77,-83.16,1
42.77,-83.16,1
42.77,-83.16,1
42.77,-83.16,1
42.77,-83.16,1
42.77,-83.16,1
42.77,-83.16,1
42.77,-83.16,1
42.77,-83.16,1
42.77,-83.16,1
42.77,-83.16,1
42.77,-83.16,1
42.77,-83.16,1
42.77,-83.16,1
42.77,-83.16,1
42.77,-83.16,1
42.77,-83.16,1
42.77,-83.16,1
42.77,-83.16,1
42.77,-83.16,1
42.77,-83.16,1
42.77,-83.16,1
42.77,-83.16,1
42.77,-83.16,1
42.77,-83.16,1
42.77,-83.16,1
42.77,-83.16,1
42.77,-83.16,1
42.77,-83.16,1
42.77,-83.16,1
42.77,-83.16,1
42.77,-83.16,1
42.77,-83.16,1
42.77,-83.16,1
42.77,-83.16,1
42.77,-83.16,1
42.77,-83.16,1
42.77,-83.16,1
42.77,-83.16,1
42.77,-83.16,1
42.77,-83.16,1
42.77,-83.16,1
42.77,-83.16,1
42.77,-83.16,1
42.77,-83.16,1
42.77,-83.16,1
42.77,-83.16,1
42.77,-83.16,1
42.77,-83.16,1
42.77,-83.16,1
42.77,-83.16,1
42.77,-83.16,1
42.77,-83.16,1
42.77,-83.16,1
42.77,-83.16,1
42.77,-83.16,1
42.77,-83.16,1
42.77,-83.16,1
42.77,-83.16,1
42.77,-83.16,1
42.77,-83.16,1
42.77,-83.16,1
42.77,-83.16,1
42.77,-83.16,1
42.77,-83.16,1
42.77,-83.16,1
42.77,-83.16,1
42.77,-83.16,1
42.77,-83.16,1
42.77,-83.16,1
42.77,-83.16,1
42.77,-83.16,1
42.77,-83.16,1
42.77,-83.16,1
42.77,-83.16,1
42.77,-83.16,1
42.77,-83.16,1
42.77,-83.16,1
42.77,-83.16,1
42.77,-83.16,1
42.77,-83.16,1
42.77,-83.16,1
42.77,-83.16,1
42.77,-83.16,1
42.77,-83.16,1
42.77,-83.16,1
42.77,-83.16,1
42.77,-83.16,1
42.77,-83.16,1
42.77,-83.16,1
42.77,-83.16,1
42.77,-83.16,1
42.77,-83.16,1
42.77,-83.16,1
42.77,-83.16,1
42.77,-83.16,1
42.77,-83.16,1
42.77,-83.16,1
42.77,-83.16,1
42.77,-83.16,1
42.77,-83.16,1
42.77,-83.16,1
42.77,-83.16,1
42.77,-83.16,1
42.77,-83.16,1
42.77,-83.16,1
42.77,-83.16,1
42.77,-83.16,1
42.77,-83.16,1
42.77,-83.16,1
42.77,-83.16,1
42.77,-83.16,1
42.77,-83.16,1
42.77,-83.16,1
42.77,-83.16,1
42.77,-83.16,1
42.77,-83.16,1
42.77,-83.16,1
42.77,-83.16,1
42.77,-83.16,1
42.77,-83.16,1
42.77,-83.16,1
42.77,-83.16,1
42.77,-83.16,1
42.77,-83.16,1
42.77,-83.16,1
42.77,-83.16,1
42.77,-83.16,1
42.77,-83.16,1
42.77,-83.16,1
42.77,-83.16,1
42.77,-83.16,1
42.77,-83.16,1
42.77,-83.16,1
42.77,-83.16,1
42.77,-83.16,1
42.77,-83.16,1
42.77,-83.16,1
42.77,-83.16,1
42.77,-83.16,1
42.77,-83.16,1
42.77,-83.16,1
42.77,-83.16,1
42.77,-83.16,1
42.77,-83.16,1
42.77,-83.16,1
42.77,-83.16,1
42.77,-83.16,1
42.77,-83.16,1
42.77,-83.16,1
42.77,-83.16,1
42.77,-83.16,1
42.77,-83.16,1
42.77,-83.16,1
42.77,-83.16,1
42.77,-83.16,1
42.77,-83.16,1
42.77,-83.16,1
42.77,-83.16,1
42.77,-83.16,1
42.77,-83.16,1
42.77,-83.16,1
42.77,-83.16,1
42.77,-83.16,1
42.77,-83.16,1
42.77,-83.16,1
42.77,-83.16,1
42.77,-83.16,1
42.77,-83.16,1
42.77,-83.16,1
42.77,-83.16,1
42.77,-83.16,1
42.77,-83.16,1
42.77,-83.16,1
42.77,-83.16,1
42.77,-83.16,1
42.77,-83.16,1
42.77,-83.16,1
42.77,-83.16,1
42.77,-83.16,1
42.77,-83.16,1
42.77,-83.16,1
42.77,-83.16,1
42.77,-83.16,1
42.77,-83.16,1
42.77,-83.16,1
42.77,-83.16,1
42.77,-83.16,1
42.77,-83.16,1
42.77,-83.16,1
42.77,-83.16,1
42.77,-83.16,1
42.77,-83.16,1
42.77,-83.16,1
42.77,-83.16,1
42.77,-83.16,1
42.77,-83.16,1
42.77,-83.16,1
42.77,-83.16,1
42.77,-83.16,1
42.77,-83.16,1
42.77,-83.16,1
42.77,-83.16,1
42.77,-83.16,1
42.77,-83.16,1
42.77,-83.16,1
42.77,-83.16,1
42.77,-83.16,1
42.77,-83.16,1
42.77,-83.16,1
42.77,-83.16,1
42.77,-83.16,1
42.77,-83.16,1
42.77,-83.16,1
42.77,-83.16,1
42.77,-83.16,1
42.77,-83.16,1
42.77,-83.16,1
42.77,-83.16,1
42.77,-83.16,1
42.77,-83.16,1
42.77,-83.16,1
42.77,-83.16,1
42.77,-83.16,1
42.77,-83.16,1
42.77,-83.16,1
42.77,-83.16,1
42.77,-83.16,1
42.77,-83.16,1
42.77,-83.16,1
42.77,-83.16,1
42.77,-83.16,1
42.77,-83.16,1
42.77,-83.16,1
42.77,-83.16,1
42.77,-83.16,1
42.77,-83.16,1
42.77,-83.16,1
42.77,-83.16,1
42.77,-83.16,1
42.77,-83.16,1
42.77,-83.16,1
42.77,-83.16,1
42.77,-83.16,1
42.77,-83.16,1
42.77,-83.16,1
42.77,-83.16,1
42.77,-83.16,1
42.77,-83.16,1
42.77,-83.16,1
42.77,-83.16,1
42.77,-83.16,1
42.77,-83.16,1
42.77,-83.16,1
42.77,-83.16,1
42.77,-83.16,1
42.77,-83.16,1
42.77,-83.16,1
42.77,-83.16,1
42.77,-83.16,1
42.77,-83.16,1
42.77,-83.16,1
42.77,-83.16,1
42.77,-83.16,1
42.77,-83.16,1
42.77,-83.16,1
42.77,-83.16,1
42.77,-83.16,1
42.77,-83.16,1
42.77,-83.16,1
42.77,-83.16,1
42.77,-83.16,1
42.77,-83.16,1
42.77,-83.16,1
42.77,-83.16,1
42.77,-83.16,1
42.77,-83.16,1
42.77,-83.16,1
42.77,-83.16,1
42.77,-83.16,1
42.77,-83.16,1
42.77,-83.16,1
42.77,-83.16,1
42.77,-83.16,1
42.77,-83.16,1
42.77,-83.16,1
42.77,-83.16,1
42.77,-83.16,1
42.77,-83.16,1
42.77,-83.16,1
42.77,-83.16,1
42.77,-83.16,1
42.77,-83.16,1
42.77,-83.16,1
42.77,-83.16,1
42.77,-83.16,1
42.77,-83.16,1
42.77,-83.16,1
42.77,-83.16,1
42.77,-83.16,1
42.77,-83.16,1
42.77,-83.16,1
42.77,-83.16,1
42.77,-83.16,1
42.77,-83.16,1
42.77,-83.16,1
42.77,-83.16,1
42.77,-83.16,1
42.77,-83.16,1
42.77,-83.16,1
42.77,-83.16,1
42.77,-83.16,1
42.77,-83.16,1
42.77,-83.16,1
42.77,-83.16,1
42.77,-83.16,1
42.77,-83.16,1
42.77,-83.16,1
42.77,-83.16,1
42.77,-83.16,1
42.77,-83.16,1
42.77,-83.16,1
42.77,-83.16,1
42.77,-83.16,1
42.77,-83.16,1
42.77,-83.16,1
42.77,-83.16,1
42.77,-83.16,1
42.77,-83.16,1
42.77,-83.16,1
42.77,-83.16,1
42.77,-83.16,1
42.77,-83.16,1
42.77,-83.16,1
42.77,-83.16,1
42.77,-83.16,1
42.77,-83.16,1
42.77,-83.16,1
42.77,-83.16,1
42.77,-83.16,1
42.77,-83.16,1
42.77,-83.16,1
42.77,-83.16,1
42.77,-83.16,1
42.77,-83.16,1
42.77,-83.16,1
42.77,-83.16,1
42.77,-83.16,1
42.77,-83.16,1
42.77,-83.16,1
42.77,-83.16,1
42.77,-83.16,1
42.77,-83.16,1
42.77,-83.16,1
42.77,-83.16,1
42.77,-83.16,1
42.77,-83.16,1
42.77,-83.16,1
42.77,-83.16,1
42.77,-83.16,1
42.77,-83.16,1
42.77,-83.16,1
42.77,-83.16,1
42.77,-83.16,1
42.77,-83.16,1
42.77,-83.16,1
42.77,-83.16,1
42.77,-83.16,1
42.77,-83.16,1
42.77,-83.16,1
42.77,-83.16,1
42.77,-83.16,1
42.77,-83.16,1
42.77,-83.16,1
42.77,-83.16,1
42.77,-83.16,1
42.77,-83.16,1
42.77,-83.16,1
42.77,-83.16,1
42.77,-83.16,1
42.77,-83.16,1
42.77,-83.16,1
42.77,-83.16,1
42.77,-83.16,1
42.77,-83.16,1
42.77,-83.16,1
42.77,-83.16,1
42.77,-83.16,1
42.77,-83.16,1
42.77,-83.16,1
42.77,-83.16,1
42.77,-83.16,1
42.77,-83.16,1
42.77,-83.16,1
42.77,-83.16,1
42.77,-83.16,1
42.77,-83.16,1
42.77,-83.16,1
42.77,-83.16,1
42.77,-83.16,1
42.77,-83.16,1
42.77,-83.16,1
42.77,-83.16,1
42.77,-83.16,1
42.77,-83.16,1
42.77,-83.16,1
42.77,-83.16,1
42.77,-83.16,1
42.77,-83.16,1
42.77,-83.16,1
42.77,-83.16,1
42.77,-83.16,1
42.77,-83.16,1
42.77,-83.16,1
42.77,-83.16,1
42.77,-83.16,1
42.77,-83.16,1
42.77,-83.16,1
42.77,-83.16,1
42.77,-83.16,1
42.77,-83.16,1
42.77,-83.16,1
42.77,-83.16,1
42.77,-83.16,1
42.77,-83.16,1
42.77,-83.16,1
42.77,-83.16,1
42.77,-83.16,1
42.77,-83.16,1
42.77,-83.16,1
42.77,-83.16,1
42.77,-83.16,1
42.77,-83.16,1
42.77,-83.16,1
42.77,-83.16,1
42.77,-83.16,1
42.77,-83.16,1
42.77,-83.16,1
42.77,-83.16,1
42.77,-83.16,1
42.77,-83.16,1
42.77,-83.16,1
42.77,-83.16,1
42.77,-83.16,1
42.77,-83.16,1
42.77,-83.16,1
42.77,-83.16,1
42.77,-83.16,1
42.77,-83.16,1
42.77,-83.16,1
42.77,-83.16,1
42.77,-83.16,1
42.77,-83.16,1
42.77,-83.16,1
42.77,-83.16,1
42.77,-83.16,1
42.77,-83.16,1
42.77,-83.16,1
42.77,-83.16,1
42.77,-83.16,1
42.77,-83.16,1
42.77,-83.16,1
42.77,-83.16,1
42.77,-83.16,1
42.77,-83.16,1
42.77,-83.16,1
42.77,-83.16,1
42.77,-83.16,1
42.77,-83.16,1
42.77,-83.16,1
42.77,-83.16,1
42.77,-83.16,1
42.77,-83.16,1
42.77,-83.16,1
42.77,-83.16,1
42.77,-83.16,1
42.77,-83.16,1
42.77,-83.16,1
42.77,-83.16,1
42.77,-83.16,1
42.77,-83.16,1
42.77,-83.16,1
42.77,-83.16,1
42.77,-83.16,1
42.77,-83.16,1
42.77,-83.16,1
42.77,-83.16,1
42.77,-83.16,1
42.77,-83.16,1
42.77,-83.16,1
42.77,-83.16,1
42.77,-83.16,1
42.77,-83.16,1
42.77,-83.16,1
42.77,-83.16,1
42.77,-83.16,1
42.77,-83.16,1
42.77,-83.16,1
42.77,-83.16,1
42.77,-83.16,1
42.77,-83.16,1
42.77,-83.16,1
42.77,-83.16,1
42.77,-83.16,1
42.77,-83.16,1
42.77,-83.16,1
42.77,-83.16,1
42.77,-83.16,1
42.77,-83.16,1
42.77,-83.16,1
42.77,-83.16,1
42.77,-83.16,1
42.77,-83.16,1
42.77,-83.16,1
42.77,-83.16,1
42.77,-83.16,1
42.77,-83.16,1
42.77,-83.16,1
42.77,-83.16,1
42.77,-83.16,1
42.77,-83.16,1
42.77,-83.16,1
42.77,-83.16,1
42.77,-83.16,1
42.77,-83.16,1
42.77,-83.16,1
42.77,-83.16,1
42.77,-83.16,1
42.77,-83.16,1
42.77,-83.16,1
42.77,-83.16,1
42.77,-83.16,1
42.77,-83.16,1
42.77,-83.16,1
42.77,-83.16,1
42.77,-83.16,1
42.77,-83.16,1
42.77,-83.16,1
42.77,-83.16,1
42.77,-83.16,1
42.77,-83.16,1
42.77,-83.16,1
42.77,-83.16,1
42.77,-83.16,1
42.77,-83.16,1
42.77,-83.16,1
42.77,-83.16,1
42.77,-83.16,1
42.77,-83.16,1
42.77,-83.16,1
42.77,-83.16,1
42.77,-83.16,1
42.77,-83.16,1
42.77,-83.16,1
42.77,-83.16,1
42.77,-83.16,1
42.77,-83.16,1
42.77,-83.16,1
42.77,-83.16,1
42.77,-83.16,1
42.77,-83.16,1
42.77,-83.16,1
42.77,-83.16,1
42.77,-83.16,1
42.77,-83.16,1
42.77,-83.16,1
42.77,-83.16,1
42.77,-83.16,1
42.77,-83.16,1
42.77,-83.16,1
42.77,-83.16,1
42.77,-83.16,1
42.77,-83.16,1
42.77,-83.16,1
42.77,-83.16,1
42.77,-83.16,1
42.77,-83.16,1
42.77,-83.16,1
42.77,-83.16,1
42.77,-83.16,1
42.77,-83.16,1
42.77,-83.16,1
42.77,-83.16,1
42.77,-83.16,1
42.77,-83.16,1
42.77,-83.16,1
42.77,-83.16,1
42.77,-83.16,1
42.77,-83.16,1
42.77,-83.16,1
42.77,-83.16,1
42.77,-83.16,1
42.77,-83.16,1
42.77,-83.16,1
42.77,-83.16,1
42.77,-83.16,1
42.77,-83.16,1
42.77,-83.16,1
42.77,-83.16,1
42.77,-83.16,1
42.77,-83.16,1
42.77,-83.16,1
42.77,-83.16,1
42.77,-83.16,1
42.77,-83.16,1
42.77,-83.16,1
42.77,-83.16,1
42.77,-83.16,1
42.77,-83.16,1
42.77,-83.16,1
42.77,-83.16,1
42.77,-83.16,1
42.77,-83.16,1
42.77,-83.16,1
42.77,-83.16,1
42.77,-83.16,1
42.77,-83.16,1
42.77,-83.16,1
42.77,-83.16,1
42.77,-83.16,1
42.77,-83.16,1
42.77,-83.16,1
42.77,-83.16,1
42.77,-83.16,1
42.77,-83.16,1
42.77,-83.16,1
42.77,-83.16,1
42.77,-83.16,1
42.77,-83.16,1
42.77,-83.16,1
42.77,-83.16,1
42.77,-83.16,1
42.77,-83.16,1
42.77,-83.16,1
42.77,-83.16,1
42.77,-83.16,1
42.77,-83.16,1
42.77,-83.16,1
42.77,-83.16,1
42.77,-83.16,1
42.77,-83.16,1
42.77,-83.16,1
42.77,-83.16,1
42.77,-83.16,1
42.77,-83.16,1
42.77,-83.16,1
42.77,-83.16,1
42.77,-83.16,1
42.77,-83.16,1
42.77,-83.16,1
42.77,-83.16,1
42.77,-83.16,1
42.77,-83.16,1
42.77,-83.16,1
42.77,-83.16,1
42.77,-83.16,1
42.77,-83.16,1
42.77,-83.16,1
42.77,-83.16,1
42.77,-83.16,1
42.77,-83.16,1
42.77,-83.16,1
42.77,-83.16,1
42.77,-83.16,1
42.77,-83.16,1
42.77,-83.16,1
42.77,-83.16,1
42.77,-83.16,1
42.77,-83.16,1
42.77,-83.16,1
42.77,-83.16,1
42.77,-83.16,1
42.77,-83.16,1
42.77,-83.16,1
42.77,-83.16,1
42.77,-83.16,1
42.77,-83.16,1
42.77,-83.16,1
42.77,-83.16,1
42.77,-83.16,1
42.77,-83.16,1
42.77,-83.16,1
42.77,-83.16,1
42.77,-83.16,1
42.77,-83.16,1
42.77,-83.16,1
42.77,-83.16,1
42.77,-83.16,1
42.77,-83.16,1
42.77,-83.16,1
42.77,-83.16,1
42.77,-83.16,1
42.77,-83.16,1
42.77,-83.16,1
42.77,-83.16,1
42.77,-83.16,1
42.77,-83.16,1
42.77,-83.16,1
42.77,-83.16,1
42.77,-83.16,1
42.77,-83.16,1
42.77,-83.16,1
42.77,-83.16,1
42.77,-83.16,1
42.77,-83.16,1
42.77,-83.16,1
42.77,-83.16,1
42.77,-83.16,1
42.77,-83.16,1
42.77,-83.16,1
42.77,-83.16,1
42.77,-83.16,1
42.77,-83.16,1
42.77,-83.16,1
42.77,-83.16,1
42.77,-83.16,1
42.77,-83.16,1
42.77,-83.16,1
42.77,-83.16,1
42.77,-83.16,1
42.77,-83.16,1
42.77,-83.16,1
42.77,-83.16,1
42.77,-83.16,1
42.77,-83.16,1
42.77,-83.16,1
42.77,-83.16,1
42.77,-83.16,1
42.77,-83.16,1
42.77,-83.16,1
42.77,-83.16,1
42.77,-83.16,1
42.77,-83.16,1
42.77,-83.16,1
42.77,-83.16,1
42.77,-83.16,1
42.77,-83.16,1
42.77,-83.16,1
42.77,-83.16,1
42.77,-83.16,1
42.77,-83.16,1
42.77,-83.16,1
42.77,-83.16,1
42.77,-83.16,1
42.77,-83.16,1
42.77,-83.16,1
42.77,-83.16,1
42.77,-83.16,1
42.77,-83.16,1
42.77,-83.16,1
42.77,-83.16,1
42.77,-83.16,1
42.77,-83.16,1
42.77,-83.16,1
42.77,-83.16,1
42.77,-83.16,1
42.77,-83.16,1
42.77,-83.16,1
42.77,-83.16,1
42.77,-83.16,1
42.77,-83.16,1
42.77,-83.16,1
42.77,-83.16,1
42.77,-83.16,1
42.77,-83.16,1
42.77,-83.16,1
42.77,-83.16,1
42.77,-83.16,1
42.77,-83.16,1
42.77,-83.16,1
42.77,-83.16,1
42.77,-83.16,1
42.77,-83.16,1
42.77,-83.16,1
42.77,-83.16,1
42.77,-83.16,1
42.77,-83.16,1
42.77,-83.16,1
42.77,-83.16,1
42.77,-83.16,1
42.77,-83.16,1
42.77,-83.16,1
42.77,-83.16,1
42.77,-83.16,1
42.77,-83.16,1
42.77,-83.16,1
42.77,-83.16,1
42.77,-83.16,1
42.77,-83.16,1
42.77,-83.16,1
42.77,-83.16,1
42.77,-83.16,1
42.77,-83.16,1
42.77,-83.16,1
42.77,-83.16,1
42.77,-83.16,1
42.77,-83.16,1
42.77,-83.16,1
42.77,-83.16,1
42.77,-83.16,1
42.77,-83.16,1
42.77,-83.16,1
42.77,-83.16,1
42.77,-83.16,1
42.77,-83.16,1
42.77,-83.16,1
42.77,-83.16,1
42.77,-83.16,1
42.77,-83.16,1
42.77,-83.16,1
42.77,-83.16,1
42.77,-83.16,1
42.77,-83.16,1
42.77,-83.16,1
42.77,-83.16,1
42.77,-83.16,1
42.77,-83.16,1
42.77,-83.16,1
42.77,-83.16,1
42.77,-83.16,1
42.77,-83.16,1
42.77,-83.16,1
42.77,-83.16,1
42.77,-83.16,1
42.77,-83.16,1
42.77,-83.16,1
42.77,-83.16,1
42.77,-83.16,1
42.77,-83.16,1
42.77,-83.16,1
42.77,-83.16,1
42.77,-83.16,1
42.77,-83.16,1
42.77,-83.16,1
42.77,-83.16,1
42.77,-83.16,1
42.77,-83.16,1
42.77,-83.16,1
42.77,-83.16,1
42.77,-83.16,1
42.77,-83.16,1
42.77,-83.16,1
42.77,-83.16,1
42.77,-83.16,1
42.77,-83.16,1
42.77,-83.16,1
42.77,-83.16,1
42.77,-83.16,1
42.77,-83.16,1
42.77,-83.16,1
42.77,-83.16,1
42.77,-83.16,1
42.77,-83.16,1
42.77,-83.16,1
42.77,-83.16,1
42.77,-83.16,1
42.77,-83.16,1
42.77,-83.16,1
42.77,-83.16,1
42.77,-83.16,1
42.77,-83.16,1
42.77,-83.16,1
42.77,-83.16,1
42.77,-83.16,1
42.77,-83.16,1
42.77,-83.16,1
42.77,-83.16,1
42.77,-83.16,1
42.77,-83.16,1
42.77,-83.16,1
42.77,-83.16,1
42.77,-83.16,1
42.77,-83.16,1
42.77,-83.16,1
42.77,-83.16,1
42.77,-83.16,1
42.77,-83.16,1
42.77,-83.16,1
42.77,-83.16,1
42.77,-83.16,1
42.77,-83.16,1
42.77,-83.16,1
42.77,-83.16,1
42.77,-83.16,1
42.77,-83.16,1
42.77,-83.16,1
42.77,-83.16,1
42.77,-83.16,1
42.77,-83.16,1
42.77,-83.16,1
42.77,-83.16,1
42.77,-83.16,1
42.77,-83.16,1
42.77,-83.16,1
42.77,-83.16,1
42.77,-83.16,1
42.77,-83.16,1
42.77,-83.16,1
42.77,-83.16,1
42.77,-83.16,1
42.77,-83.16,1
42.77,-83.16,1
42.77,-83.16,1
42.77,-83.16,1
42.77,-83.16,1
42.77,-83.16,1
42.77,-83.16,1
42.77,-83.16,1
42.77,-83.16,1
42.77,-83.16,1
42.77,-83.16,1
42.77,-83.16,1
42.77,-83.16,1
42.77,-83.16,1
42.77,-83.16,1
42.77,-83.16,1
42.77,-83.16,1
42.77,-83.16,1
42.77,-83.16,1
42.77,-83.16,1
42.77,-83.16,1
42.77,-83.16,1
42.77,-83.16,1
42.77,-83.16,1
42.77,-83.16,1
42.77,-83.16,1
42.77,-83.16,1
42.77,-83.16,1
42.77,-83.16,1
42.77,-83.16,1
42.77,-83.16,1
42.77,-83.16,1
42.77,-83.16,1
42.77,-83.16,1
42.77,-83.16,1
42.77,-83.16,1
42.77,-83.16,1
42.77,-83.16,1
42.77,-83.16,1
42.77,-83.16,1
42.77,-83.16,1
42.77,-83.16,1
42.77,-83.16,1
42.77,-83.16,1
42.77,-83.16,1
42.77,-83.16,1
42.77,-83.16,1
42.77,-83.16,1
42.77,-83.16,1
42.77,-83.16,1
42.77,-83.16,1
42.77,-83.16,1
42.77,-83.16,1
42.77,-83.16,1
42.77,-83.16,1
42.77,-83.16,1
42.77,-83.16,1
42.77,-83.16,1
42.77,-83.16,1
42.77,-83.16,1
42.77,-83.16,1
42.77,-83.16,1
42.77,-83.16,1
42.77,-83.16,1
42.77,-83.16,1
42.77,-83.16,1
42.77,-83.16,1
42.77,-83.16,1
42.77,-83.16,1
42.77,-83.16,1
42.77,-83.16,1
42.77,-83.16,1
42.77,-83.16,1
42.77,-83.16,1
42.77,-83.16,1
42.77,-83.16,1
42.77,-83.16,1
42.77,-83.16,1
42.77,-83.16,1
42.77,-83.16,1
42.77,-83.16,1
42.77,-83.16,1
42.77,-83.16,1
42.77,-83.16,1
42.77,-83.16,1
42.77,-83.16,1
42.77,-83.16,1
42.77,-83.16,1
42.77,-83.16,1
42.77,-83.16,1
42.77,-83.16,1
42.77,-83.16,1
42.77,-83.16,1
42.77,-83.16,1
42.77,-83.16,1
42.77,-83.16,1
42.77,-83.16,1
42.77,-83.16,1
42.77,-83.16,1
42.77,-83.16,1
42.77,-83.16,1
42.77,-83.16,1
42.77,-83.16,1
42.77,-83.16,1
42.77,-83.16,1
42.77,-83.16,1
42.77,-83.16,1
42.77,-83.16,1
42.77,-83.16,1
42.77,-83.16,1
42.77,-83.16,1
42.77,-83.16,1
42.77,-83.16,1
42.77,-83.16,1
42.77,-83.16,1
42.77,-83.16,1
42.77,-83.16,1
42.77,-83.16,1
42.77,-83.16,1
42.77,-83.16,1
42.77,-83.16,1
42.77,-83.16,1
42.77,-83.16,1
42.77,-83.16,1
42.77,-83.16,1
42.77,-83.16,1
42.77,-83.16,1
42.77,-83.16,1
42.77,-83.16,1
42.77,-83.16,1
42.77,-83.16,1
42.77,-83.16,1
42.77,-83.16,1
42.77,-83.16,1
42.77,-83.16,1
42.77,-83.16,1
42.77,-83.16,1
42.77,-83.16,1
42.77,-83.16,1
42.77,-83.16,1
42.77,-83.16,1
42.77,-83.16,1
42.77,-83.16,1
42.77,-83.16,1
42.77,-83.16,1
42.77,-83.16,1
42.77,-83.16,1
42.77,-83.16,1
42.77,-83.16,1
42.77,-83.16,1
42.77,-83.16,1
42.77,-83.16,1
42.77,-83.16,1
42.77,-83.16,1
42.77,-83.16,1
42.77,-83.16,1
42.77,-83.16,1
42.77,-83.16,1
42.77,-83.16,1
42.77,-83.16,1
42.77,-83.16,1
42.77,-83.16,1
42.77,-83.16,1
42.77,-83.16,1
42.77,-83.16,1
42.77,-83.16,1
42.77,-83.16,1
42.77,-83.16,1
42.77,-83.16,1
42.77,-83.16,1
42.77,-83.16,1
42.77,-83.16,1
42.77,-83.16,1
42.77,-83.16,1
42.77,-83.16,1
42.77,-83.16,1
42.77,-83.16,1
42.77,-83.16,1
42.77,-83.16,1
42.77,-83.16,1
42.77,-83.16,1
42.77,-83.16,1
42.77,-83.16,1
42.77,-83.16,1
42.77,-83.16,1
42.77,-83.16,1
42.77,-83.16,1
42.77,-83.16,1
42.77,-83.16,1
42.77,-83.16,1
42.77,-83.16,1
42.77,-83.16,1
42.77,-83.16,1
42.77,-83.16,1
42.77,-83.16,1
42.77,-83.16,1
42.77,-83.16,1
42.77,-83.16,1
42.77,-83.16,1
42.77,-83.16,1
42.77,-83.16,1
42.77,-83.16,1
42.77,-83.16,1
42.77,-83.16,1
42.77,-83.16,1
42.77,-83.16,1
42.77,-83.16,1
42.77,-83.16,1
42.77,-83.16,1
42.77,-83.16,1
42.77,-83.16,1
42.77,-83.16,1
42.77,-83.16,1
42.77,-83.16,1
42.77,-83.16,1
42.77,-83.16,1
42.77,-83.16,1
42.77,-83.16,1
42.77,-83.16,1
42.77,-83.16,1
42.77,-83.16,1
42.77,-83.16,1
42.77,-83.16,1
42.77,-83.16,1
42.77,-83.16,1
42.77,-83.16,1
42.77,-83.16,1
42.77,-83.16,1
42.77,-83.16,1
42.77,-83.16,1
42.77,-83.16,1
42.77,-83.16,1
42.77,-83.16,1
42.77,-83.16,1
42.77,-83.16,1
42.77,-83.16,1
42.77,-83.16,1
42.77,-83.16,1
42.77,-83.16,1
42.77,-83.16,1
42.77,-83.16,1
42.77,-83.16,1
42.77,-83.16,1
42.77,-83.16,1
42.77,-83.16,1
42.77,-83.16,1
42.77,-83.16,1
42.77,-83.16,1
42.77,-83.16,1
42.77,-83.16,1
42.77,-83.16,1
42.77,-83.16,1
42.77,-83.16,1
42.77,-83.16,1
42.77,-83.16,1
42.77,-83.16,1
42.77,-83.16,1
42.77,-83.16,1
42.77,-83.16,1
42.77,-83.16,1
42.77,-83.16,1
42.77,-83.16,1
42.77,-83.16,1
42.77,-83.16,1
42.77,-83.16,1
42.77,-83.16,1
42.77,-83.16,1
42.77,-83.16,1
42.77,-83.16,1
42.77,-83.16,1
42.77,-83.16,1
42.77,-83.16,1
42.77,-83.16,1
42.77,-83.16,1
42.77,-83.16,1
42.77,-83.16,1
42.77,-83.16,1
42.77,-83.16,1
42.77,-83.16,1
42.77,-83.16,1
42.77,-83.16,1
42.77,-83.16,1
42.77,-83.16,1
42.77,-83.16,1
42.77,-83.16,1
42.77,-83.16,1
42.77,-83.16,1
42.77,-83.16,1
42.77,-83.16,1
42.77,-83.16,1
42.77,-83.16,1
42.77,-83.16,1
42.77,-83.16,1
42.77,-83.16,1
42.77,-83.16,1
42.77,-83.16,1
42.77,-83.16,1
42.77,-83.16,1
42.77,-83.16,1
42.77,-83.16,1
42.77,-83.16,1
42.77,-83.16,1
42.77,-83.16,1
42.77,-83.16,1
42.77,-83.16,1
42.77,-83.16,1
42.77,-83.16,1
42.77,-83.16,1
42.77,-83.16,1
42.77,-83.16,1
42.77,-83.16,1
42.77,-83.16,1
42.77,-83.16,1
42.77,-83.16,1
42.77,-83.16,1
42.77,-83.16,1
42.77,-83.16,1
42.77,-83.16,1
42.77,-83.16,1
42.77,-83.16,1
42.77,-83.16,1
42.77,-83.16,1
42.77,-83.16,1
42.77,-83.16,1
42.77,-83.16,1
42.77,-83.16,1
42.77,-83.16,1
42.77,-83.16,1
42.77,-83.16,1
42.77,-83.16,1
42.77,-83.16,1
42.77,-83.16,1
42.77,-83.16,1
42.77,-83.16,1
42.77,-83.16,1
42.77,-83.16,1
42.77,-83.16,1
42.77,-83.16,1
42.77,-83.16,1
42.77,-83.16,1
42.77,-83.16,1
42.77,-83.16,1
42.77,-83.16,1
42.77,-83.16,1
42.77,-83.16,1
42.77,-83.16,1
42.77,-83.16,1
42.77,-83.16,1
42.77,-83.16,1
42.77,-83.16,1
42.77,-83.16,1
42.77,-83.16,1
42.77,-83.16,1
42.77,-83.16,1
42.77,-83.16,1
42.77,-83.16,1
42.77,-83.16,1
42.77,-83.16,1
42.77,-83.16,1
42.77,-83.16,1
42.77,-83.16,1
42.77,-83.16,1
42.77,-83.16,1
42.77,-83.16,1
42.77,-83.16,1
42.77,-83.16,1
42.77,-83.16,1
42.77,-83.16,1
42.77,-83.16,1
42.77,-83.16,1
42.77,-83.16,1
42.77,-83.16,1
42.77,-83.16,1
42.77,-83.16,1
42.77,-83.16,1
42.77,-83.16,1
42.77,-83.16,1
42.77,-83.16,1
42.77,-83.16,1
42.77,-83.16,1
42.77,-83.16,1
42.77,-83.16,1
42.77,-83.16,1
42.77,-83.16,1
42.77,-83.16,1
42.77,-83.16,1
42.77,-83.16,1
42.77,-83.16,1
42.77,-83.16,1
42.77,-83.16,1
42.77,-83.16,1
42.77,-83.16,1
42.77,-83.16,1
42.77,-83.16,1
42.77,-83.16,1
42.77,-83.16,1
42.77,-83.16,1
42.77,-83.16,1
42.77,-83.16,1
42.77,-83.16,1
42.77,-83.16,1
42.77,-83.16,1
42.77,-83.16,1
42.77,-83.16,1
42.77,-83.16,1
42.77,-83.16,1
42.77,-83.16,1
42.77,-83.16,1
42.77,-83.16,1
42.77,-83.16,1
42.77,-83.16,1
42.77,-83.16,1
42.77,-83.16,1
42.77,-83.16,1
42.77,-83.16,1
42.77,-83.16,1
42.77,-83.16,1
42.77,-83.16,1
42.77,-83.16,1
42.77,-83.16,1
42.77,-83.16,1
42.77,-83.16,1
42.77,-83.16,1
42.77,-83.16,1
42.77,-83.16,1
42.77,-83.16,1
42.77,-83.16,1
42.77,-83.16,1
42.77,-83.16,1
42.77,-83.16,1
42.77,-83.16,1
42.77,-83.16,1
42.77,-83.16,1
42.77,-83.16,1
42.77,-83.16,1
42.77,-83.16,1
42.77,-83.16,1
42.77,-83.16,1
42.77,-83.16,1
42.77,-83.16,1
42.77,-83.16,1
42.77,-83.16,1
42.77,-83.16,1
42.77,-83.16,1
42.77,-83.16,1
42.77,-83.16,1
42.77,-83.16,1
42.77,-83.16,1
42.77,-83.16,1
42.77,-83.16,1
42.77,-83.16,1
42.77,-83.16,1
42.77,-83.16,1
42.77,-83.16,1
42.77,-83.16,1
42.77,-83.16,1
42.77,-83.16,1
42.77,-83.16,1
42.77,-83.16,1
42.77,-83.16,1
42.77,-83.16,1
42.77,-83.16,1
42.77,-83.16,1
42.77,-83.16,1
42.77,-83.16,1
42.77,-83.16,1
42.77,-83.16,1
42.77,-83.16,1
42.77,-83.16,1
42.77,-83.16,1
42.77,-83.16,1
42.77,-83.16,1
42.77,-83.16,1
42.77,-83.16,1
42.77,-83.16,1
42.77,-83.16,1
42.77,-83.16,1
42.77,-83.16,1
42.77,-83.16,1
42.77,-83.16,1
42.77,-83.16,1
42.77,-83.16,1
42.77,-83.16,1
42.77,-83.16,1
42.77,-83.16,1
42.77,-83.16,1
42.77,-83.16,1
42.77,-83.16,1
42.77,-83.16,1
42.77,-83.16,1
42.77,-83.16,1
42.77,-83.16,1
42.77,-83.16,1
42.77,-83.16,1
42.77,-83.16,1
42.77,-83.16,1
42.77,-83.16,1
42.77,-83.16,1
42.77,-83.16,1
42.77,-83.16,1
42.77,-83.16,1
42.77,-83.16,1
42.77,-83.16,1
42.77,-83.16,1
42.77,-83.16,1
42.77,-83.16,1
42.77,-83.16,1
42.77,-83.16,1
42.77,-83.16,1
42.77,-83.16,1
42.77,-83.16,1
42.77,-83.16,1
42.77,-83.16,1
42.77,-83.16,1
42.77,-83.16,1
42.77,-83.16,1
42.77,-83.16,1
42.77,-83.16,1
42.77,-83.16,1
42.77,-83.16,1
42.77,-83.16,1
42.77,-83.16,1
42.77,-83.16,1
42.77,-83.16,1
42.77,-83.16,1
42.77,-83.16,1
42.77,-83.16,1
42.77,-83.16,1
42.77,-83.16,1
42.77,-83.16,1
42.77,-83.16,1
42.77,-83.16,1
42.77,-83.16,1
42.77,-83.16,1
42.77,-83.16,1
42.77,-83.16,1
42.77,-83.16,1
42.77,-83.16,1
42.77,-83.16,1
42.77,-83.16,1
42.77,-83.16,1
42.77,-83.16,1
42.77,-83.16,1
42.77,-83.16,1
42.77,-83.16,1
42.77,-83.16,1
42.77,-83.16,1
42.77,-83.16,1
42.77,-83.16,1
42.77,-83.16,1
42.77,-83.16,1
42.77,-83.16,1
42.77,-83.16,1
42.77,-83.16,1
42.77,-83.16,1
42.77,-83.16,1
42.77,-83.16,1
42.77,-83.16,1
42.77,-83.16,1
42.77,-83.16,1
42.77,-83.16,1
42.77,-83.16,1
42.77,-83.16,1
42.77,-83.16,1
42.77,-83.16,1
42.77,-83.16,1
42.77,-83.16,1
42.77,-83.16,1
42.77,-83.16,1
42.77,-83.16,1
42.77,-83.16,1
42.77,-83.16,1
42.77,-83.16,1
42.77,-83.16,1
42.77,-83.16,1
42.77,-83.16,1
42.77,-83.16,1
42.77,-83.16,1
42.77,-83.16,1
42.77,-83.16,1
42.77,-83.16,1
42.77,-83.16,1
42.77,-83.16,1
42.77,-83.16,1
42.77,-83.16,1
42.77,-83.16,1
42.77,-83.16,1
42.77,-83.16,1
42.77,-83.16,1
42.77,-83.16,1
42.77,-83.16,1
42.77,-83.16,1
42.77,-83.16,1
42.77,-83.16,1
42.77,-83.16,1
42.77,-83.16,1
42.77,-83.16,1
42.77,-83.16,1
42.77,-83.16,1
42.77,-83.16,1
42.77,-83.16,1
42.77,-83.16,1
42.77,-83.16,1
42.77,-83.16,1
42.77,-83.16,1
42.77,-83.16,1
42.77,-83.16,1
42.77,-83.16,1
42.77,-83.16,1
42.77,-83.16,1
42.77,-83.16,1
42.77,-83.16,1
42.77,-83.16,1
42.77,-83.16,1
42.77,-83.16,1
42.77,-83.16,1
42.77,-83.16,1
42.77,-83.16,1
42.77,-83.16,1
42.77,-83.16,1
42.77,-83.16,1
42.77,-83.16,1
42.77,-83.16,1
42.77,-83.16,1
42.77,-83.16,1
42.77,-83.16,1
42.77,-83.16,1
42.77,-83.16,1
42.77,-83.16,1
42.77,-83.16,1
42.77,-83.16,1
42.77,-83.16,1
42.77,-83.16,1
42.77,-83.16,1
42.77,-83.16,1
42.77,-83.16,1
42.77,-83.16,1
42.77,-83.16,1
42.77,-83.16,1
42.77,-83.16,1
42.77,-83.16,1
42.77,-83.16,1
42.77,-83.16,1
42.77,-83.16,1
42.77,-83.16,1
42.77,-83.16,1
42.77,-83.16,1
42.77,-83.16,1
42.77,-83.16,1
42.77,-83.16,1
42.77,-83.16,1
42.77,-83.16,1
42.77,-83.16,1
42.77,-83.16,1
42.77,-83.16,1
42.77,-83.16,1
42.77,-83.16,1
42.77,-83.16,1
42.77,-83.16,1
42.77,-83.16,1
42.77,-83.16,1
42.77,-83.16,1
42.77,-83.16,1
42.77,-83.16,1
42.77,-83.16,1
42.77,-83.16,1
42.77,-83.16,1
42.77,-83.16,1
42.77,-83.16,1
42.77,-83.16,1
42.77,-83.16,1
42.77,-83.16,1
42.77,-83.16,1
42.77,-83.16,1
42.77,-83.16,1
42.77,-83.16,1
42.77,-83.16,1
42.77,-83.16,1
42.77,-83.16,1
42.77,-83.16,1
42.77,-83.16,1
42.77,-83.16,1
42.77,-83.16,1
42.77,-83.16,1
42.77,-83.16,1
42.77,-83.16,1
42.77,-83.16,1
42.77,-83.16,1
42.77,-83.16,1
42.77,-83.16,1
42.77,-83.16,1
42.77,-83.16,1
42.77,-83.16,1
42.77,-83.16,1
42.77,-83.16,1
42.77,-83.16,1
42.77,-83.16,1
42.77,-83.16,1
42.77,-83.16,1
42.77,-83.16,1
42.77,-83.16,1
42.77,-83.16,1
42.77,-83.16,1
42.77,-83.16,1
42.77,-83.16,1
42.77,-83.16,1
42.77,-83.16,1
42.77,-83.16,1
42.77,-83.16,1
42.77,-83.16,1
42.77,-83.16,1
42.77,-83.16,1
42.77,-83.16,1
42.77,-83.16,1
42.77,-83.16,1
42.77,-83.16,1
42.77,-83.16,1
42.77,-83.16,1
42.77,-83.16,1
42.77,-83.16,1
42.77,-83.16,1
42.77,-83.16,1
42.77,-83.16,1
42.77,-83.16,1
42.77,-83.16,1
42.77,-83.16,1
42.77,-83.16,1
42.77,-83.16,1
42.77,-83.16,1
42.77,-83.16,1
42.77,-83.16,1
42.77,-83.16,1
42.77,-83.16,1
42.77,-83.16,1
42.77,-83.16,1
42.77,-83.16,1
42.77,-83.16,1
42.77,-83.16,1
42.77,-83.16,1
42.77,-83.16,1
42.77,-83.16,1
42.77,-83.16,1
42.77,-83.16,1
42.77,-83.16,1
42.77,-83.16,1
42.77,-83.16,1
42.77,-83.16,1
42.77,-83.16,1
42.77,-83.16,1
42.77,-83.16,1
42.77,-83.16,1
42.77,-83.16,1
42.77,-83.16,1
42.77,-83.16,1
42.77,-83.16,1
42.77,-83.16,1
42.77,-83.16,1
42.77,-83.16,1
42.77,-83.16,1
42.77,-83.16,1
42.77,-83.16,1
42.77,-83.16,1
42.77,-83.16,1
42.77,-83.16,1
42.77,-83.16,1
42.77,-83.16,1
42.77,-83.16,1
42.77,-83.16,1
42.77,-83.16,1
42.77,-83.16,1
42.77,-83.16,1
42.77,-83.16,1
42.77,-83.16,1
42.77,-83.16,1
42.77,-83.16,1
42.77,-83.16,1
42.77,-83.16,1
42.77,-83.16,1
42.77,-83.16,1
42.77,-83.16,1
42.77,-83.16,1
42.77,-83.16,1
42.77,-83.16,1
42.77,-83.16,1
42.77,-83.16,1
42.77,-83.16,1
42.77,-83.16,1
42.77,-83.16,1
42.77,-83.16,1
42.77,-83.16,1
42.77,-83.16,1
42.77,-83.16,1
42.77,-83.16,1
42.77,-83.16,1
42.77,-83.16,1
42.77,-83.16,1
42.77,-83.16,1
42.77,-83.16,1
42.77,-83.16,1
42.77,-83.16,1
42.77,-83.16,1
42.77,-83.16,1
42.77,-83.16,1
42.77,-83.16,1
42.77,-83.16,1
42.77,-83.16,1
42.77,-83.16,1
42.77,-83.16,1
42.77,-83.16,1
42.77,-83.16,1
42.77,-83.16,1
42.77,-83.16,1
42.77,-83.16,1
42.77,-83.16,1
42.77,-83.16,1
42.77,-83.16,1
42.77,-83.16,1
42.77,-83.16,1
42.77,-83.16,1
42.77,-83.16,1
42.77,-83.16,1
42.77,-83.16,1
42.77,-83.16,1
42.77,-83.16,1
42.77,-83.16,1
42.77,-83.16,1
42.77,-83.16,1
42.77,-83.16,1
42.77,-83.16,1
42.77,-83.16,1
42.77,-83.16,1
42.77,-83.16,1
42.77,-83.16,1
42.77,-83.16,1
42.77,-83.16,1
42.77,-83.16,1
42.77,-83.16,1
42.77,-83.16,1
42.77,-83.16,1
42.77,-83.16,1
42.77,-83.16,1
42.77,-83.16,1
42.77,-83.16,1
42.77,-83.16,1
42.77,-83.16,1
42.77,-83.16,1
42.77,-83.16,1
42.77,-83.16,1
42.77,-83.16,1
42.77,-83.16,1
42.77,-83.16,1
42.77,-83.16,1
42.77,-83.16,1
42.77,-83.16,1
42.77,-83.16,1
42.77,-83.16,1
42.77,-83.16,1
42.77,-83.16,1
42.77,-83.16,1
42.77,-83.16,1
42.77,-83.16,1
42.77,-83.16,1
42.77,-83.16,1
42.77,-83.16,1
42.77,-83.16,1
42.77,-83.16,1
42.77,-83.16,1
42.77,-83.16,1
42.77,-83.16,1
42.77,-83.16,1
42.77,-83.16,1
42.77,-83.16,1
42.77,-83.16,1
42.77,-83.16,1
42.77,-83.16,1
42.77,-83.16,1
42.77,-83.16,1
42.77,-83.16,1
42.77,-83.16,1
42.77,-83.16,1
42.77,-83.16,1
42.77,-83.16,1
42.77,-83.16,1
42.77,-83.16,1
42.77,-83.16,1
42.77,-83.16,1
42.77,-83.16,1
42.77,-83.16,1
42.77,-83.16,1
42.77,-83.16,1
42.77,-83.16,1
42.77,-83.16,1
42.77,-83.16,1
42.77,-83.16,1
42.77,-83.16,1
42.77,-83.16,1
42.77,-83.16,1
42.77,-83.16,1
42.77,-83.16,1
42.77,-83.16,1
42.77,-83.16,1
42.77,-83.16,1
42.77,-83.16,1
42.77,-83.16,1
42.77,-83.16,1
42.77,-83.16,1
42.77,-83.16,1
42.77,-83.16,1
42.77,-83.16,1
42.77,-83.16,1
42.77,-83.16,1
42.77,-83.16,1
42.77,-83.16,1
42.77,-83.16,1
42.77,-83.16,1
42.77,-83.16,1
42.77,-83.16,1
42.77,-83.16,1
42.77,-83.16,1
42.77,-83.16,1
42.77,-83.16,1
42.77,-83.16,1
42.77,-83.16,1
42.77,-83.16,1
42.77,-83.16,1
42.77,-83.16,1
42.77,-83.16,1
42.77,-83.16,1
42.77,-83.16,1
42.77,-83.16,1
42.77,-83.16,1
42.77,-83.16,1
42.77,-83.16,1
42.77,-83.16,1
42.77,-83.16,1
42.77,-83.16,1
42.77,-83.16,1
42.77,-83.16,1
42.77,-83.16,1
42.77,-83.16,1
42.77,-83.16,1
42.77,-83.16,1
42.77,-83.16,1
42.77,-83.16,1
42.77,-83.16,1
42.77,-83.16,1
42.77,-83.16,1
42.77,-83.16,1
42.77,-83.16,1
42.77,-83.16,1
42.77,-83.16,1
42.77,-83.16,1
42.77,-83.16,1
42.77,-83.16,1
42.77,-83.16,1
42.77,-83.16,1
42.77,-83.16,1
42.77,-83.16,1
42.77,-83.16,1
42.77,-83.16,1
42.77,-83.16,1
42.77,-83.16,1
42.77,-83.16,1
42.77,-83.16,1
42.77,-83.16,1
42.77,-83.16,1
42.77,-83.16,1
42.77,-83.16,1
42.77,-83.16,1
42.77,-83.16,1
42.77,-83.16,1
42.77,-83.16,1
42.77,-83.16,1
42.77,-83.16,1
42.77,-83.16,1
42.77,-83.16,1
42.77,-83.16,1
42.77,-83.16,1
42.77,-83.16,1
42.77,-83.16,1
42.77,-83.16,1
42.77,-83.16,1
42.77,-83.16,1
42.77,-83.16,1
42.77,-83.16,1
42.77,-83.16,1
42.77,-83.16,1
42.77,-83.16,1
42.77,-83.16,1
42.77,-83.16,1
42.77,-83.16,1
42.77,-83.16,1
42.77,-83.16,1
42.77,-83.16,1
42.77,-83.16,1
42.77,-83.16,1
42.77,-83.16,1
42.77,-83.16,1
42.77,-83.16,1
42.77,-83.16,1
42.77,-83.16,1
42.77,-83.16,1
42.77,-83.16,1
42.77,-83.16,1
42.77,-83.16,1
42.77,-83.16,1
42.77,-83.16,1
42.77,-83.16,1
42.77,-83.16,1
42.77,-83.16,1
42.77,-83.16,1
42.77,-83.16,1
42.77,-83.16,1
42.77,-83.16,1
42.77,-83.16,1
42.77,-83.16,1
42.77,-83.16,1
42.77,-83.16,1
42.77,-83.16,1
42.77,-83.16,1
42.77,-83.16,1
42.77,-83.16,1
42.77,-83.16,1
42.77,-83.16,1
42.77,-83.16,1
42.77,-83.16,1
42.77,-83.16,1
42.77,-83.16,1
42.77,-83.16,1
42.77,-83.16,1
42.77,-83.16,1
42.77,-83.16,1
42.77,-83.16,1
42.77,-83.16,1
42.77,-83.16,1
42.77,-83.16,1
42.77,-83.16,1
42.77,-83.16,1
42.77,-83.16,1
42.77,-83.16,1
42.77,-83.16,1
42.77,-83.16,1
42.77,-83.16,1
42.77,-83.16,1
42.77,-83.16,1
42.77,-83.16,1
42.77,-83.16,1
42.77,-83.16,1
42.77,-83.16,1
42.77,-83.16,1
42.77,-83.16,1
42.77,-83.16,1
42.77,-83.16,1
42.77,-83.16,1
42.77,-83.16,1
42.77,-83.16,1
42.77,-83.16,1
42.77,-83.16,1
42.77,-83.16,1
42.77,-83.16,1
42.77,-83.16,1
42.77,-83.16,1
42.77,-83.16,1
42.77,-83.16,1
42.77,-83.16,1
42.77,-83.16,1
42.77,-83.16,1
42.77,-83.16,1
42.77,-83.16,1
42.77,-83.16,1
42.77,-83.16,1
42.77,-83.16,1
42.77,-83.16,1
42.77,-83.16,1
42.77,-83.16,1
42.77,-83.16,1
42.77,-83.16,1
42.77,-83.16,1
42.77,-83.16,1
42.77,-83.16,1
42.77,-83.16,1
42.77,-83.16,1
42.77,-83.16,1
42.77,-83.16,1
42.77,-83.16,1
42.77,-83.16,1
42.77,-83.16,1
42.77,-83.16,1
42.77,-83.16,1
42.77,-83.16,1
42.77,-83.16,1
42.77,-83.16,1
42.77,-83.16,1
42.77,-83.16,1
42.77,-83.16,1
42.77,-83.16,1
42.77,-83.16,1
42.77,-83.16,1
42.77,-83.16,1
42.77,-83.16,1
42.77,-83.16,1
42.77,-83.16,1
42.77,-83.16,1
42.77,-83.16,1
42.77,-83.16,1
42.77,-83.16,1
42.77,-83.16,1
42.77,-83.16,1
42.77,-83.16,1
42.77,-83.16,1
42.77,-83.16,1
42.77,-83.16,1
42.77,-83.16,1
42.77,-83.16,1
42.77,-83.16,1
42.77,-83.16,1
42.77,-83.16,1
42.77,-83.16,1
42.77,-83.16,1
42.77,-83.16,1
42.77,-83.16,1
42.77,-83.16,1
42.77,-83.16,1
42.77,-83.16,1
42.77,-83.16,1
42.77,-83.16,1
42.77,-83.16,1
42.77,-83.16,1
42.77,-83.16,1
42.77,-83.16,1
42.77,-83.16,1
42.77,-83.16,1
42.77,-83.16,1
42.77,-83.16,1
42.77,-83.16,1
42.77,-83.16,1
42.77,-83.16,1
42.77,-83.16,1
42.77,-83.16,1
42.77,-83.16,1
42.77,-83.16,1
42.77,-83.16,1
42.77,-83.16,1
42.77,-83.16,1
42.77,-83.16,1
42.77,-83.16,1
42.77,-83.16,1
42.77,-83.16,1
42.77,-83.16,1
42.77,-83.16,1
42.77,-83.16,1
42.77,-83.16,1
42.77,-83.16,1
42.77,-83.16,1
42.77,-83.16,1
42.77,-83.16,1
42.77,-83.16,1
42.77,-83.16,1
42.77,-83.16,1
42.77,-83.16,1
42.77,-83.16,1
42.77,-83.16,1
42.77,-83.16,1
42.77,-83.16,1
42.77,-83.16,1
42.77,-83.16,1
42.77,-83.16,1
42.77,-83.16,1
42.77,-83.16,1
42.77,-83.16,1
42.77,-83.16,1
42.77,-83.16,1
42.77,-83.16,1
42.77,-83.16,1
42.77,-83.16,1
42.77,-83.16,1
42.77,-83.16,1
42.77,-83.16,1
42.77,-83.16,1
42.77,-83.16,1
42.77,-83.16,1
42.77,-83.16,1
42.77,-83.16,1
42.77,-83.16,1
42.77,-83.16,1
42.77,-83.16,1
42.77,-83.16,1
42.77,-83.16,1
42.77,-83.16,1
42.77,-83.16,1
42.77,-83.16,1
42.77,-83.16,1
42.77,-83.16,1
42.77,-83.16,1
42.77,-83.16,1
42.77,-83.16,1
42.77,-83.16,1
42.77,-83.16,1
42.77,-83.16,1
42.77,-83.16,1
42.77,-83.16,1
42.77,-83.16,1
42.77,-83.16,1
42.77,-83.16,1
42.77,-83.16,1
42.77,-83.16,1
42.77,-83.16,1
42.77,-83.16,1
42.77,-83.16,1
42.77,-83.16,1
42.77,-83.16,1
42.77,-83.16,1
42.77,-83.16,1
42.77,-83.16,1
42.77,-83.16,1
42.77,-83.16,1
42.77,-83.16,1
42.77,-83.16,1
42.77,-83.16,1
42.77,-83.16,1
42.77,-83.16,1
42.77,-83.16,1
42.77,-83.16,1
42.77,-83.16,1
42.77,-83.16,1
42.77,-83.16,1
42.77,-83.16,1
42.77,-83.16,1
42.77,-83.16,1
42.77,-83.16,1
42.77,-83.16,1
42.77,-83.16,1
42.77,-83.16,1
42.77,-83.16,1
42.77,-83.16,1
42.77,-83.16,1
42.77,-83.16,1
42.77,-83.16,1
42.77,-83.16,1
42.77,-83.16,1
42.77,-83.16,1
42.77,-83.16,1
42.77,-83.16,1
42.77,-83.16,1
42.77,-83.16,1
42.77,-83.16,1
42.77,-83.16,1
42.77,-83.16,1
42.77,-83.16,1
42.77,-83.16,1
42.77,-83.16,1
42.77,-83.16,1
42.77,-83.16,1
42.77,-83.16,1
42.77,-83.16,1
42.77,-83.16,1
42.77,-83.16,1
42.77,-83.16,1
42.77,-83.16,1
42.77,-83.16,1
42.77,-83.16,1
42.77,-83.16,1
42.77,-83.16,1
42.77,-83.16,1
42.77,-83.16,1
42.77,-83.16,1
42.77,-83.16,1
42.77,-83.16,1
42.77,-83.16,1
42.77,-83.16,1
42.77,-83.16,1
42.77,-83.16,1
42.77,-83.16,1
42.77,-83.16,1
42.77,-83.16,1
42.77,-83.16,1
42.77,-83.16,1
42.77,-83.16,1
42.77,-83.16,1
42.77,-83.16,1
42.77,-83.16,1
42.77,-83.16,1
42.77,-83.16,1
42.77,-83.16,1
42.77,-83.16,1
42.77,-83.16,1
42.77,-83.16,1
42.77,-83.16,1
42.77,-83.16,1
42.77,-83.16,1
42.77,-83.16,1
42.77,-83.16,1
42.77,-83.16,1
42.77,-83.16,1
42.77,-83.16,1
42.77,-83.16,1
42.77,-83.16,1
42.77,-83.16,1
42.77,-83.16,1
42.77,-83.16,1
42.77,-83.16,1
42.77,-83.16,1
42.77,-83.16,1
42.77,-83.16,1
42.77,-83.16,1
42.77,-83.16,1
42.77,-83.16,1
42.77,-83.16,1
42.77,-83.16,1
42.77,-83.16,1
42.77,-83.16,1
42.77,-83.16,1
42.77,-83.16,1
42.77,-83.16,1
42.77,-83.16,1
42.77,-83.16,1
42.77,-83.16,1
42.77,-83.16,1
42.77,-83.16,1
42.77,-83.16,1
42.77,-83.16,1
42.77,-83.16,1
42.77,-83.16,1
42.77,-83.16,1
42.77,-83.16,1
42.77,-83.16,1
42.77,-83.16,1
42.77,-83.16,1
42.77,-83.16,1
42.77,-83.16,1
42.77,-83.16,1
42.77,-83.16,1
42.77,-83.16,1
42.77,-83.16,1
42.77,-83.16,1
42.77,-83.16,1
42.77,-83.16,1
42.77,-83.16,1
42.77,-83.16,1
42.77,-83.16,1
42.77,-83.16,1
42.77,-83.16,1
42.77,-83.16,1
42.77,-83.16,1
42.77,-83.16,1
42.77,-83.16,1
42.77,-83.16,1
42.77,-83.16,1
42.77,-83.16,1
42.77,-83.16,1
42.77,-83.16,1
42.77,-83.16,1
42.77,-83.16,1
42.77,-83.16,1
42.77,-83.16,1
42.77,-83.16,1
42.77,-83.16,1
42.77,-83.16,1
42.77,-83.16,1
42.77,-83.16,1
42.77,-83.16,1
42.77,-83.16,1
42.77,-83.16,1
42.77,-83.16,1
42.77,-83.16,1
42.77,-83.16,1
42.77,-83.16,1
42.77,-83.16,1
42.77,-83.16,1
42.77,-83.16,1
42.77,-83.16,1
42.77,-83.16,1
42.77,-83.16,1
42.77,-83.16,1
42.77,-83.16,1
42.77,-83.16,1
42.77,-83.16,1
42.77,-83.16,1
42.77,-83.16,1
42.77,-83.16,1
42.77,-83.16,1
42.77,-83.16,1
42.77,-83.16,1
42.77,-83.16,1
42.77,-83.16,1
42.77,-83.16,1
42.77,-83.16,1
42.77,-83.16,1
42.77,-83.16,1
42.77,-83.16,1
42.77,-83.16,1
42.77,-83.16,1
42.77,-83.16,1
42.77,-83.16,1
42.77,-83.16,1
42.77,-83.16,1
42.77,-83.16,1
42.77,-83.16,1
42.77,-83.16,1
42.77,-83.16,1
42.77,-83.16,1
42.77,-83.16,1
42.77,-83.16,1
42.77,-83.16,1
42.77,-83.16,1
42.77,-83.16,1
42.77,-83.16,1
42.77,-83.16,1
42.77,-83.16,1
42.77,-83.16,1
42.77,-83.16,1
42.77,-83.16,1
42.77,-83.16,1
42.77,-83.16,1
42.77,-83.16,1
42.77,-83.16,1
42.77,-83.16,1
42.77,-83.16,1
42.77,-83.16,1
42.77,-83.16,1
42.77,-83.16,1
42.77,-83.16,1
42.77,-83.16,1
42.77,-83.16,1
42.77,-83.16,1
42.77,-83.16,1
42.77,-83.16,1
42.77,-83.16,1
42.77,-83.16,1
42.77,-83.16,1
42.77,-83.16,1
42.77,-83.16,1
42.77,-83.16,1
42.77,-83.16,1
42.77,-83.16,1
42.77,-83.16,1
42.77,-83.16,1
42.77,-83.16,1
42.77,-83.16,1
42.77,-83.16,1
42.77,-83.16,1
42.77,-83.16,1
42.77,-83.16,1
42.77,-83.16,1
42.77,-83.16,1
42.77,-83.16,1
42.77,-83.16,1
42.77,-83.16,1
42.77,-83.16,1
42.77,-83.16,1
42.77,-83.16,1
42.77,-83.16,1
42.77,-83.16,1
42.77,-83.16,1
42.77,-83.16,1
42.77,-83.16,1
42.77,-83.16,1
42.77,-83.16,1
42.77,-83.16,1
42.77,-83.16,1
42.77,-83.16,1
42.77,-83.16,1
42.77,-83.16,1
42.77,-83.16,1
42.77,-83.16,1
42.77,-83.16,1
42.77,-83.16,1
42.77,-83.16,1
42.77,-83.16,1
42.77,-83.16,1
42.77,-83.16,1
42.77,-83.16,1
42.77,-83.16,1
42.77,-83.16,1
42.77,-83.16,1
42.77,-83.16,1
42.77,-83.16,1
42.77,-83.16,1
42.77,-83.16,1
42.77,-83.16,1
42.77,-83.16,1
42.77,-83.16,1
42.77,-83.16,1
42.77,-83.16,1
42.77,-83.16,1
42.77,-83.16,1
42.77,-83.16,1
42.77,-83.16,1
42.77,-83.16,1
42.77,-83.16,1
42.77,-83.16,1
42.77,-83.16,1
42.77,-83.16,1
42.77,-83.16,1
42.77,-83.16,1
42.77,-83.16,1
42.77,-83.16,1
42.77,-83.16,1
42.77,-83.16,1
42.77,-83.16,1
42.77,-83.16,1
42.77,-83.16,1
42.77,-83.16,1
42.77,-83.16,1
42.77,-83.16,1
42.77,-83.16,1
42.77,-83.16,1
42.77,-83.16,1
42.77,-83.16,1
42.77,-83.16,1
42.77,-83.16,1
42.77,-83.16,1
42.77,-83.16,1
42.77,-83.16,1
42.77,-83.16,1
42.77,-83.16,1
42.77,-83.16,1
42.77,-83.16,1
42.77,-83.16,1
42.77,-83.16,1
42.77,-83.16,1
42.77,-83.16,1
42.77,-83.16,1
42.77,-83.16,1
42.77,-83.16,1
42.77,-83.16,1
42.77,-83.16,1
42.77,-83.16,1
42.77,-83.16,1
42.77,-83.16,1
42.77,-83.16,1
42.77,-83.16,1
42.77,-83.16,1
42.77,-83.16,1
42.77,-83.16,1
42.77,-83.16,1
42.77,-83.16,1
42.77,-83.16,1
42.77,-83.16,1
42.77,-83.16,1
42.77,-83.16,1
42.77,-83.16,1
42.77,-83.16,1
42.77,-83.16,1
42.77,-83.16,1
42.77,-83.16,1
42.77,-83.16,1
42.77,-83.16,1
42.77,-83.16,1
42.77,-83.16,1
42.77,-83.16,1
42.77,-83.16,1
42.77,-83.16,1
42.77,-83.16,1
42.77,-83.16,1
42.77,-83.16,1
42.77,-83.16,1
42.77,-83.16,1
42.77,-83.16,1
42.77,-83.16,1
42.77,-83.16,1
42.77,-83.16,1
42.77,-83.16,1
42.77,-83.16,1
42.77,-83.16,1
42.77,-83.16,1
42.77,-83.16,1
42.77,-83.16,1
42.77,-83.16,1
42.77,-83.16,1
42.77,-83.16,1
42.77,-83.16,1
42.77,-83.16,1
42.77,-83.16,1
42.77,-83.16,1
42.77,-83.16,1
42.77,-83.16,1
42.77,-83.16,1
42.77,-83.16,1
42.77,-83.16,1
42.77,-83.16,1
42.77,-83.16,1
42.77,-83.16,1
42.77,-83.16,1
42.77,-83.16,1
42.77,-83.16,1
42.77,-83.16,1
42.77,-83.16,1
42.77,-83.16,1
42.77,-83.16,1
42.77,-83.16,1
42.77,-83.16,1
42.77,-83.16,1
42.77,-83.16,1
42.77,-83.16,1
42.77,-83.16,1
42.77,-83.16,1
42.77,-83.16,1
42.77,-83.16,1
42.77,-83.16,1
42.77,-83.16,1
42.77,-83.16,1
42.77,-83.16,1
42.77,-83.16,1
42.77,-83.16,1
42.77,-83.16,1
42.77,-83.16,1
42.77,-83.16,1
42.77,-83.16,1
42.77,-83.16,1
42.77,-83.16,1
42.77,-83.16,1
42.77,-83.16,1
42.77,-83.16,1
42.77,-83.16,1
42.77,-83.16,1
42.77,-83.16,1
42.77,-83.16,1
42.77,-83.16,1
42.77,-83.16,1
42.77,-83.16,1
42.77,-83.16,1
42.77,-83.16,1
42.77,-83.16,1
42.77,-83.16,1
42.77,-83.16,1
42.77,-83.16,1
42.77,-83.16,1
42.77,-83.16,1
42.77,-83.16,1
42.77,-83.16,1
42.77,-83.16,1
42.77,-83.16,1
42.77,-83.16,1
42.77,-83.16,1
42.77,-83.16,1
42.77,-83.16,1
42.77,-83.16,1
42.77,-83.16,1
42.77,-83.16,1
42.77,-83.16,1
42.77,-83.16,1
42.77,-83.16,1
42.77,-83.16,1
42.77,-83.16,1
42.77,-83.16,1
42.77,-83.16,1
42.77,-83.16,1
42.77,-83.16,1
42.77,-83.16,1
42.77,-83.16,1
42.77,-83.16,1
42.77,-83.16,1
42.77,-83.16,1
42.77,-83.16,1
42.77,-83.16,1
42.77,-83.16,1
42.77,-83.16,1
42.77,-83.16,1
42.77,-83.16,1
42.77,-83.16,1
42.77,-83.16,1
42.77,-83.16,1
42.77,-83.16,1
42.77,-83.16,1
42.77,-83.16,1
42.77,-83.16,1
42.77,-83.16,1
42.77,-83.16,1
42.77,-83.16,1
42.77,-83.16,1
42.77,-83.16,1
42.77,-83.16,1
42.77,-83.16,1
42.77,-83.16,1
42.77,-83.16,1
42.77,-83.16,1
42.77,-83.16,1
42.77,-83.16,1
42.77,-83.16,1
42.77,-83.16,1
42.77,-83.16,1
42.77,-83.16,1
42.77,-83.16,1
42.77,-83.16,1
42.77,-83.16,1
42.77,-83.16,1
42.77,-83.16,1
42.77,-83.16,1
42.77,-83.16,1
42.77,-83.16,1
42.77,-83.16,1
42.77,-83.16,1
42.77,-83.16,1
42.77,-83.16,1
42.77,-83.16,1
42.77,-83.16,1
42.77,-83.16,1
42.77,-83.16,1
42.77,-83.16,1
42.77,-83.16,1
42.77,-83.16,1
42.77,-83.16,1
42.77,-83.16,1
42.77,-83.16,1
42.77,-83.16,1
42.77,-83.16,1
42.77,-83.16,1
42.77,-83.16,1
42.77,-83.16,1
42.77,-83.16,1
42.77,-83.16,1
42.77,-83.16,1
42.77,-83.16,1
42.77,-83.16,1
42.77,-83.16,1
42.77,-83.16,1
42.77,-83.16,1
42.77,-83.16,1
42.77,-83.16,1
42.77,-83.16,1
42.77,-83.16,1
42.77,-83.16,1
42.77,-83.16,1
42.77,-83.16,1
42.77,-83.16,1
42.77,-83.16,1
42.77,-83.16,1
42.77,-83.16,1
42.77,-83.16,1
42.77,-83.16,1
42.77,-83.16,1
42.77,-83.16,1
42.77,-83.16,1
42.77,-83.16,1
42.77,-83.16,1
42.77,-83.16,1
42.77,-83.16,1
42.77,-83.16,1
42.77,-83.16,1
42.77,-83.16,1
42.77,-83.16,1
42.77,-83.16,1
42.77,-83.16,1
42.77,-83.16,1
42.77,-83.16,1
42.77,-83.16,1
42.77,-83.16,1
42.77,-83.16,1
42.77,-83.16,1
42.77,-83.16,1
42.77,-83.16,1
42.77,-83.16,1
42.77,-83.16,1
42.77,-83.16,1
42.77,-83.16,1
42.77,-83.16,1
42.77,-83.16,1
42.77,-83.16,1
42.77,-83.16,1
42.77,-83.16,1
42.77,-83.16,1
42.77,-83.16,1
42.77,-83.16,1
42.77,-83.16,1
42.77,-83.16,1
42.77,-83.16,1
42.77,-83.16,1
42.77,-83.16,1
42.77,-83.16,1
42.77,-83.16,1
42.77,-83.16,1
42.77,-83.16,1
42.77,-83.16,1
42.77,-83.16,1
42.77,-83.16,1
42.77,-83.16,1
42.77,-83.16,1
42.77,-83.16,1
42.77,-83.16,1
42.77,-83.16,1
42.77,-83.16,1
42.77,-83.16,1
42.77,-83.16,1
42.77,-83.16,1
42.77,-83.16,1
42.77,-83.16,1
42.77,-83.16,1
42.77,-83.16,1
42.77,-83.16,1
42.77,-83.16,1
42.77,-83.16,1
42.77,-83.16,1
42.77,-83.16,1
42.77,-83.16,1
42.77,-83.16,1
42.77,-83.16,1
42.77,-83.16,1
42.77,-83.16,1
42.77,-83.16,1
42.77,-83.16,1
42.77,-83.16,1
42.77,-83.16,1
42.77,-83.16,1
42.77,-83.16,1
42.77,-83.16,1
42.77,-83.16,1
42.77,-83.16,1
42.77,-83.16,1
42.77,-83.16,1
42.77,-83.16,1
42.77,-83.16,1
42.77,-83.16,1
42.77,-83.16,1
42.77,-83.16,1
42.77,-83.16,1
42.77,-83.16,1
42.77,-83.16,1
42.77,-83.16,1
42.77,-83.16,1
42.77,-83.16,1
42.77,-83.16,1
42.77,-83.16,1
42.77,-83.16,1
42.77,-83.16,1
42.77,-83.16,1
42.77,-83.16,1
42.77,-83.16,1
42.77,-83.16,1
42.77,-83.16,1
42.77,-83.16,1
42.77,-83.16,1
42.77,-83.16,1
42.77,-83.16,1
42.77,-83.16,1
42.77,-83.16,1
42.77,-83.16,1
42.77,-83.16,1
42.77,-83.16,1
42.77,-83.16,1
42.77,-83.16,1
42.77,-83.16,1
42.77,-83.16,1
42.77,-83.16,1
42.77,-83.16,1
42.77,-83.16,1
42.77,-83.16,1
42.77,-83.16,1
42.77,-83.16,1
42.77,-83.16,1
42.77,-83.16,1
42.77,-83.16,1
42.77,-83.16,1
42.77,-83.16,1
42.77,-83.16,1
42.77,-83.16,1
42.77,-83.16,1
42.77,-83.16,1
42.77,-83.16,1
42.77,-83.16,1
42.77,-83.16,1
42.77,-83.16,1
42.77,-83.16,1
42.77,-83.16,1
42.77,-83.16,1
42.77,-83.16,1
42.77,-83.16,1
42.77,-83.16,1
42.77,-83.16,1
42.77,-83.16,1
42.77,-83.16,1
42.77,-83.16,1
42.77,-83.16,1
42.77,-83.16,1
42.77,-83.16,1
42.77,-83.16,1
42.77,-83.16,1
42.77,-83.16,1
42.77,-83.16,1
42.77,-83.16,1
42.77,-83.16,1
42.77,-83.16,1
42.77,-83.16,1
42.77,-83.16,1
42.77,-83.16,1
42.77,-83.16,1
42.77,-83.16,1
42.77,-83.16,1
42.77,-83.16,1
42.77,-83.16,1
42.77,-83.16,1
42.77,-83.16,1
42.77,-83.16,1
42.77,-83.16,1
42.77,-83.16,1
42.77,-83.16,1
42.77,-83.16,1
42.77,-83.16,1
42.77,-83.16,1
42.77,-83.16,1
42.77,-83.16,1
42.77,-83.16,1
42.77,-83.16,1
42.77,-83.16,1
42.77,-83.16,1
42.77,-83.16,1
42.77,-83.16,1
42.77,-83.16,1
42.77,-83.16,1
42.77,-83.16,1
42.77,-83.16,1
42.77,-83.16,1
42.77,-83.16,1
42.77,-83.16,1
42.77,-83.16,1
42.77,-83.16,1
42.77,-83.16,1
42.77,-83.16,1
42.77,-83.16,1
42.77,-83.16,1
42.77,-83.16,1
42.77,-83.16,1
42.77,-83.16,1
42.77,-83.16,1
42.77,-83.16,1
42.77,-83.16,1
42.77,-83.16,1
42.77,-83.16,1
42.77,-83.16,1
42.77,-83.16,1
42.77,-83.16,1
42.77,-83.16,1
42.77,-83.16,1
42.77,-83.16,1
42.77,-83.16,1
42.77,-83.16,1
42.77,-83.16,1
42.77,-83.16,1
42.77,-83.16,1
42.77,-83.16,1
42.77,-83.16,1
42.77,-83.16,1
42.77,-83.16,1
42.77,-83.16,1
42.77,-83.16,1
42.77,-83.16,1
42.77,-83.16,1
42.77,-83.16,1
42.77,-83.16,1
42.77,-83.16,1
42.77,-83.16,1
42.77,-83.16,1
42.77,-83.16,1
42.77,-83.16,1
42.77,-83.16,1
42.77,-83.16,1
42.77,-83.16,1
42.77,-83.16,1
42.77,-83.16,1
42.77,-83.16,1
42.77,-83.16,1
42.77,-83.16,1
42.77,-83.16,1
42.77,-83.16,1
42.77,-83.16,1
42.77,-83.16,1
42.77,-83.16,1
42.77,-83.16,1
42.77,-83.16,1
42.77,-83.16,1
42.77,-83.16,1
42.77,-83.16,1
42.77,-83.16,1
42.77,-83.16,1
42.77,-83.16,1
42.77,-83.16,1
42.77,-83.16,1
42.77,-83.16,1
42.77,-83.16,1
42.77,-83.16,1
42.77,-83.16,1
42.77,-83.16,1
42.77,-83.16,1
42.77,-83.16,1
42.77,-83.16,1
42.77,-83.16,1
42.77,-83.16,1
42.77,-83.16,1
42.77,-83.16,1
42.77,-83.16,1
42.77,-83.16,1
42.77,-83.16,1
42.77,-83.16,1
42.77,-83.16,1
42.77,-83.16,1
42.77,-83.16,1
42.77,-83.16,1
42.77,-83.16,1
42.77,-83.16,1
42.77,-83.16,1
42.77,-83.16,1
42.77,-83.16,1
42.77,-83.16,1
42.77,-83.16,1
42.77,-83.16,1
42.77,-83.16,1
42.77,-83.16,1
42.77,-83.16,1
42.77,-83.16,1
42.77,-83.16,1
42.77,-83.16,1
42.77,-83.16,1
42.77,-83.16,1
42.77,-83.16,1
42.77,-83.16,1
42.77,-83.16,1
42.77,-83.16,1
42.77,-83.16,1
42.77,-83.16,1
42.77,-83.16,1
42.77,-83.16,1
42.77,-83.16,1
42.77,-83.16,1
42.77,-83.16,1
42.77,-83.16,1
42.77,-83.16,1
42.77,-83.16,1
42.77,-83.16,1
42.77,-83.16,1
42.77,-83.16,1
42.77,-83.16,1
42.77,-83.16,1
42.77,-83.16,1
42.77,-83.16,1
42.77,-83.16,1
42.77,-83.16,1
42.77,-83.16,1
42.77,-83.16,1
42.77,-83.16,1
42.77,-83.16,1
42.77,-83.16,1
42.77,-83.16,1
42.77,-83.16,1
42.77,-83.16,1
42.77,-83.16,1
42.77,-83.16,1
42.77,-83.16,1
42.77,-83.16,1
42.77,-83.16,1
42.77,-83.16,1
42.77,-83.16,1
42.77,-83.16,1
42.77,-83.16,1
42.77,-83.16,1
42.77,-83.16,1
42.77,-83.16,1
42.77,-83.16,1
42.77,-83.16,1
42.77,-83.16,1
42.77,-83.16,1
42.77,-83.16,1
42.77,-83.16,1
42.77,-83.16,1
42.77,-83.16,1
42.77,-83.16,1
42.77,-83.16,1
42.77,-83.16,1
42.77,-83.16,1
42.77,-83.16,1
42.77,-83.16,1
42.77,-83.16,1
42.77,-83.16,1
42.77,-83.16,1
42.77,-83.16,1
42.77,-83.16,1
42.77,-83.16,1
42.77,-83.16,1
42.77,-83.16,1
42.77,-83.16,1
42.77,-83.16,1
42.77,-83.16,1
42.77,-83.16,1
42.77,-83.16,1
42.77,-83.16,1
42.77,-83.16,1
42.77,-83.16,1
42.77,-83.16,1
42.77,-83.16,1
42.77,-83.16,1
42.77,-83.16,1
42.77,-83.16,1
42.77,-83.16,1
42.77,-83.16,1
42.77,-83.16,1
42.77,-83.16,1
42.77,-83.16,1
42.77,-83.16,1
42.77,-83.16,1
42.77,-83.16,1
42.77,-83.16,1
42.77,-83.16,1
42.77,-83.16,1
42.77,-83.16,1
42.77,-83.16,1
42.77,-83.16,1
42.77,-83.16,1
42.77,-83.16,1
42.77,-83.16,1
42.77,-83.16,1
42.77,-83.16,1
42.77,-83.16,1
42.77,-83.16,1
42.77,-83.16,1
42.77,-83.16,1
42.77,-83.16,1
42.77,-83.16,1
42.77,-83.16,1
42.77,-83.16,1
42.77,-83.16,1
42.77,-83.16,1
42.77,-83.16,1
42.77,-83.16,1
42.77,-83.16,1
42.77,-83.16,1
42.77,-83.16,1
42.77,-83.16,1
42.77,-83.16,1
42.77,-83.16,1
42.77,-83.16,1
42.77,-83.16,1
42.77,-83.16,1
42.77,-83.16,1
42.77,-83.16,1
42.77,-83.16,1
42.77,-83.16,1
42.77,-83.16,1
42.77,-83.16,1
42.77,-83.16,1
42.77,-83.16,1
42.77,-83.16,1
42.77,-83.16,1
42.77,-83.16,1
42.77,-83.16,1
42.77,-83.16,1
42.77,-83.16,1
42.77,-83.16,1
42.77,-83.16,1
42.77,-83.16,1
42.77,-83.16,1
42.77,-83.16,1
42.77,-83.16,1
42.77,-83.16,1
42.77,-83.16,1
42.77,-83.16,1
42.77,-83.16,1
42.77,-83.16,1
42.77,-83.16,1
42.77,-83.16,1
42.77,-83.16,1
42.77,-83.16,1
42.77,-83.16,1
42.77,-83.16,1
42.77,-83.16,1
42.77,-83.16,1
42.77,-83.16,1
42.77,-83.16,1
42.77,-83.16,1
42.77,-83.16,1
42.77,-83.16,1
42.77,-83.16,1
42.77,-83.16,1
42.77,-83.16,1
42.77,-83.16,1
42.77,-83.16,1
42.77,-83.16,1
42.77,-83.16,1
42.77,-83.16,1
42.77,-83.16,1
42.77,-83.16,1
42.77,-83.16,1
42.77,-83.16,1
42.77,-83.16,1
42.77,-83.16,1
42.77,-83.16,1
42.77,-83.16,1
42.77,-83.16,1
42.77,-83.16,1
42.77,-83.16,1
42.77,-83.16,1
42.77,-83.16,1
42.77,-83.16,1
42.77,-83.16,1
42.77,-83.16,1
42.77,-83.16,1
42.77,-83.16,1
42.77,-83.16,1
42.77,-83.16,1
42.77,-83.16,1
42.77,-83.16,1
42.77,-83.16,1
42.77,-83.16,1
42.77,-83.16,1
42.77,-83.16,1
42.77,-83.16,1
42.77,-83.16,1
42.77,-83.16,1
42.77,-83.16,1
42.77,-83.16,1
42.77,-83.16,1
42.77,-83.16,1
42.77,-83.16,1
42.77,-83.16,1
42.77,-83.16,1
42.77,-83.16,1
42.77,-83.16,1
42.77,-83.16,1
42.77,-83.16,1
42.77,-83.16,1
42.77,-83.16,1
42.77,-83.16,1
42.77,-83.16,1
42.77,-83.16,1
42.77,-83.16,1
42.77,-83.16,1
42.77,-83.16,1
42.77,-83.16,1
42.77,-83.16,1
42.77,-83.16,1
42.77,-83.16,1
42.77,-83.16,1
42.77,-83.16,1
42.77,-83.16,1
42.77,-83.16,1
42.77,-83.16,1
42.77,-83.16,1
42.77,-83.16,1
42.77,-83.16,1
42.77,-83.16,1
42.77,-83.16,1
42.77,-83.16,1
42.77,-83.16,1
42.77,-83.16,1
42.77,-83.16,1
42.77,-83.16,1
42.77,-83.16,1
42.77,-83.16,1
42.77,-83.16,1
42.77,-83.16,1
42.77,-83.16,1
42.77,-83.16,1
42.77,-83.16,1
42.77,-83.16,1
42.77,-83.16,1
42.77,-83.16,1
42.77,-83.16,1
42.77,-83.16,1
42.77,-83.16,1
42.77,-83.16,1
42.77,-83.16,1
42.77,-83.16,1
42.77,-83.16,1
42.77,-83.16,1
42.77,-83.16,1
42.77,-83.16,1
42.77,-83.16,1
42.77,-83.16,1
42.77,-83.16,1
42.77,-83.16,1
42.77,-83.16,1
42.77,-83.16,1
42.77,-83.16,1
42.77,-83.16,1
42.77,-83.16,1
42.77,-83.16,1
42.77,-83.16,1
42.77,-83.16,1
42.77,-83.16,1
42.77,-83.16,1
42.77,-83.16,1
42.77,-83.16,1
42.77,-83.16,1
42.77,-83.16,1
42.77,-83.16,1
42.77,-83.16,1
42.77,-83.16,1
42.77,-83.16,1
42.77,-83.16,1
42.77,-83.16,1
42.77,-83.16,1
42.77,-83.16,1
42.77,-83.16,1
42.77,-83.16,1
42.77,-83.16,1
42.77,-83.16,1
42.77,-83.16,1
42.77,-83.16,1
42.77,-83.16,1
42.77,-83.16,1
42.77,-83.16,1
42.77,-83.16,1
42.77,-83.16,1
42.77,-83.16,1
42.77,-83.16,1
42.77,-83.16,1
42.77,-83.16,1
42.77,-83.16,1
42.77,-83.16,1
42.77,-83.16,1
42.77,-83.16,1
42.77,-83.16,1
42.77,-83.16,1
42.77,-83.16,1
42.77,-83.16,1
42.77,-83.16,1
42.77,-83.16,1
42.77,-83.16,1
42.77,-83.16,1
42.77,-83.16,1
42.77,-83.16,1
42.77,-83.16,1
42.77,-83.16,1
42.77,-83.16,1
42.77,-83.16,1
42.77,-83.16,1
42.77,-83.16,1
42.77,-83.16,1
42.77,-83.16,1
42.77,-83.16,1
42.77,-83.16,1
42.77,-83.16,1
42.77,-83.16,1
42.77,-83.16,1
42.77,-83.16,1
42.77,-83.16,1
42.77,-83.16,1
42.77,-83.16,1
42.77,-83.16,1
42.77,-83.16,1
42.77,-83.16,1
42.77,-83.16,1
42.77,-83.16,1
42.77,-83.16,1
42.77,-83.16,1
42.77,-83.16,1
42.77,-83.16,1
42.77,-83.16,1
42.77,-83.16,1
42.77,-83.16,1
42.77,-83.16,1
42.77,-83.16,1
42.77,-83.16,1
42.77,-83.16,1
42.77,-83.16,1
42.77,-83.16,1
42.77,-83.16,1
42.77,-83.16,1
42.77,-83.16,1
42.77,-83.16,1
42.77,-83.16,1
42.77,-83.16,1
42.77,-83.16,1
42.77,-83.16,1
42.77,-83.16,1
42.77,-83.16,1
42.77,-83.16,1
42.77,-83.16,1
42.77,-83.16,1
42.77,-83.16,1
42.77,-83.16,1
42.77,-83.16,1
42.77,-83.16,1
42.77,-83.16,1
42.77,-83.16,1
42.77,-83.16,1
42.77,-83.16,1
42.77,-83.16,1
42.77,-83.16,1
42.77,-83.16,1
42.77,-83.16,1
42.77,-83.16,1
42.77,-83.16,1
42.77,-83.16,1
42.77,-83.16,1
42.77,-83.16,1
42.77,-83.16,1
42.77,-83.16,1
42.77,-83.16,1
42.77,-83.16,1
42.77,-83.16,1
42.77,-83.16,1
42.77,-83.16,1
42.77,-83.16,1
42.77,-83.16,1
42.77,-83.16,1
42.77,-83.16,1
42.77,-83.16,1
42.77,-83.16,1
42.77,-83.16,1
42.77,-83.16,1
42.77,-83.16,1
42.77,-83.16,1
42.77,-83.16,1
42.77,-83.16,1
42.77,-83.16,1
42.77,-83.16,1
42.77,-83.16,1
42.77,-83.16,1
42.77,-83.16,1
42.77,-83.16,1
42.77,-83.16,1
42.77,-83.16,1
42.77,-83.16,1
42.77,-83.16,1
42.77,-83.16,1
42.77,-83.16,1
42.77,-83.16,1
42.77,-83.16,1
42.77,-83.16,1
42.77,-83.16,1
42.77,-83.16,1
42.77,-83.16,1
42.77,-83.16,1
42.77,-83.16,1
42.77,-83.16,1
42.77,-83.16,1
42.77,-83.16,1
42.77,-83.16,1
42.77,-83.16,1
42.77,-83.16,1
42.77,-83.16,1
42.77,-83.16,1
42.77,-83.16,1
42.77,-83.16,1
42.77,-83.16,1
42.77,-83.16,1
42.77,-83.16,1
42.77,-83.16,1
42.77,-83.16,1
42.77,-83.16,1
42.77,-83.16,1
42.77,-83.16,1
42.77,-83.16,1
42.77,-83.16,1
42.77,-83.16,1
42.77,-83.16,1
42.77,-83.16,1
42.77,-83.16,1
42.77,-83.16,1
42.77,-83.16,1
42.77,-83.16,1
42.77,-83.16,1
42.77,-83.16,1
42.77,-83.16,1
42.77,-83.16,1
42.77,-83.16,1
42.77,-83.16,1
42.77,-83.16,1
42.77,-83.16,1
42.77,-83.16,1
42.77,-83.16,1
42.77,-83.16,1
42.77,-83.16,1
42.77,-83.16,1
42.77,-83.16,1
42.77,-83.16,1
42.77,-83.16,1
42.77,-83.16,1
42.77,-83.16,1
42.77,-83.16,1
42.77,-83.16,1
42.77,-83.16,1
42.77,-83.16,1
42.77,-83.16,1
42.77,-83.16,1
42.77,-83.16,1
42.77,-83.16,1
42.77,-83.16,1
42.77,-83.16,1
42.77,-83.16,1
42.77,-83.16,1
42.77,-83.16,1
42.77,-83.16,1
42.77,-83.16,1
42.77,-83.16,1
42.77,-83.16,1
42.77,-83.16,1
42.77,-83.16,1
42.77,-83.16,1
42.77,-83.16,1
42.77,-83.16,1
42.77,-83.16,1
42.77,-83.16,1
42.77,-83.16,1
42.77,-83.16,1
42.77,-83.16,1
42.77,-83.16,1
42.77,-83.16,1
42.77,-83.16,1
42.77,-83.16,1
42.77,-83.16,1
42.77,-83.16,1
42.77,-83.16,1
42.77,-83.16,1
42.77,-83.16,1
42.77,-83.16,1
42.77,-83.16,1
42.77,-83.16,1
42.77,-83.16,1
42.77,-83.16,1
42.77,-83.16,1
42.77,-83.16,1
42.77,-83.16,1
42.77,-83.16,1
42.77,-83.16,1
42.77,-83.16,1
42.77,-83.16,1
42.77,-83.16,1
42.77,-83.16,1
42.77,-83.16,1
42.77,-83.16,1
42.77,-83.16,1
42.77,-83.16,1
42.77,-83.16,1
42.77,-83.16,1
42.77,-83.16,1
42.77,-83.16,1
42.77,-83.16,1
42.77,-83.16,1
42.77,-83.16,1
42.77,-83.16,1
42.77,-83.16,1
42.77,-83.16,1
42.77,-83.16,1
42.77,-83.16,1
42.77,-83.16,1
42.77,-83.16,1
42.77,-83.16,1
42.77,-83.16,1
42.77,-83.16,1
42.77,-83.16,1
42.77,-83.16,1
42.77,-83.16,1
42.77,-83.16,1
42.77,-83.16,1
42.77,-83.16,1
42.77,-83.16,1
42.77,-83.16,1
42.77,-83.16,1
42.77,-83.16,1
42.77,-83.16,1
42.77,-83.16,1
42.77,-83.16,1
42.77,-83.16,1
42.77,-83.16,1
42.77,-83.16,1
42.77,-83.16,1
42.77,-83.16,1
42.77,-83.16,1
42.77,-83.16,1
42.77,-83.16,1
42.77,-83.16,1
42.77,-83.16,1
42.77,-83.16,1
42.77,-83.16,1
42.77,-83.16,1
42.77,-83.16,1
42.77,-83.16,1
42.77,-83.16,1
42.77,-83.16,1
42.77,-83.16,1
42.77,-83.16,1
42.77,-83.16,1
42.77,-83.16,1
42.77,-83.16,1
42.77,-83.16,1
42.77,-83.16,1
42.77,-83.16,1
42.77,-83.16,1
42.77,-83.16,1
42.77,-83.16,1
42.77,-83.16,1
42.77,-83.16,1
42.77,-83.16,1
42.77,-83.16,1
42.77,-83.16,1
42.77,-83.16,1
42.77,-83.16,1
42.77,-83.16,1
42.77,-83.16,1
42.77,-83.16,1
42.77,-83.16,1
42.77,-83.16,1
42.77,-83.16,1
42.77,-83.16,1
42.77,-83.16,1
42.77,-83.16,1
42.77,-83.16,1
42.77,-83.16,1
42.77,-83.16,1
42.77,-83.16,1
42.77,-83.16,1
42.77,-83.16,1
42.77,-83.16,1
42.77,-83.16,1
42.77,-83.16,1
42.77,-83.16,1
42.77,-83.16,1
42.77,-83.16,1
42.77,-83.16,1
42.77,-83.16,1
42.77,-83.16,1
42.77,-83.16,1
42.77,-83.16,1
42.77,-83.16,1
42.77,-83.16,1
42.77,-83.16,1
42.77,-83.16,1
42.77,-83.16,1
42.77,-83.16,1
42.77,-83.16,1
42.77,-83.16,1
42.77,-83.16,1
42.77,-83.16,1
42.77,-83.16,1
42.77,-83.16,1
42.77,-83.16,1
42.77,-83.16,1
42.77,-83.16,1
42.77,-83.16,1
42.77,-83.16,1
42.77,-83.16,1
42.77,-83.16,1
42.77,-83.16,1
42.77,-83.16,1
42.77,-83.16,1
42.77,-83.16,1
42.77,-83.16,1
42.77,-83.16,1
42.77,-83.16,1
42.77,-83.16,1
42.77,-83.16,1
42.77,-83.16,1
42.77,-83.16,1
42.77,-83.16,1
42.77,-83.16,1
42.77,-83.16,1
42.77,-83.16,1
42.77,-83.16,1
42.77,-83.16,1
42.77,-83.16,1
42.77,-83.16,1
42.77,-83.16,1
42.77,-83.16,1
42.77,-83.16,1
42.77,-83.16,1
42.77,-83.16,1
42.77,-83.16,1
42.77,-83.16,1
42.77,-83.16,1
42.77,-83.16,1
42.77,-83.16,1
42.77,-83.16,1
42.77,-83.16,1
42.77,-83.16,1
42.77,-83.16,1
42.77,-83.16,1
42.77,-83.16,1
42.77,-83.16,1
42.77,-83.16,1
42.77,-83.16,1
42.77,-83.16,1
42.77,-83.16,1
42.77,-83.16,1
42.77,-83.16,1
42.77,-83.16,1
42.77,-83.16,1
42.77,-83.16,1
42.77,-83.16,1
42.77,-83.16,1
42.77,-83.16,1
42.77,-83.16,1
42.77,-83.16,1
42.77,-83.16,1
42.77,-83.16,1
42.77,-83.16,1
42.77,-83.16,1
42.77,-83.16,1
42.77,-83.16,1
42.77,-83.16,1
42.77,-83.16,1
42.77,-83.16,1
42.77,-83.16,1
42.77,-83.16,1
42.77,-83.16,1
42.77,-83.16,1
42.77,-83.16,1
42.77,-83.16,1
42.77,-83.16,1
42.77,-83.16,1
42.77,-83.16,1
42.77,-83.16,1
42.77,-83.16,1
42.77,-83.16,1
42.77,-83.16,1
42.77,-83.16,1
42.77,-83.16,1
42.77,-83.16,1
42.77,-83.16,1
42.77,-83.16,1
42.77,-83.16,1
42.77,-83.16,1
42.77,-83.16,1
42.77,-83.16,1
42.77,-83.16,1
42.77,-83.16,1
42.77,-83.16,1
42.77,-83.16,1
42.77,-83.16,1
42.77,-83.16,1
42.77,-83.16,1
42.77,-83.16,1
42.77,-83.16,1
42.77,-83.16,1
42.77,-83.16,1
42.77,-83.16,1
42.77,-83.16,1
42.77,-83.16,1
42.77,-83.16,1
42.77,-83.16,1
42.77,-83.16,1
42.77,-83.16,1
42.77,-83.16,1
42.77,-83.16,1
42.77,-83.16,1
42.77,-83.16,1
42.77,-83.16,1
42.77,-83.16,1
42.77,-83.16,1
42.77,-83.16,1
42.77,-83.16,1
42.77,-83.16,1
42.77,-83.16,1
42.77,-83.16,1
42.77,-83.16,1
42.77,-83.16,1
42.77,-83.16,1
42.77,-83.16,1
42.77,-83.16,1
42.77,-83.16,1
42.77,-83.16,1
42.77,-83.16,1
42.77,-83.16,1
42.77,-83.16,1
42.77,-83.16,1
42.77,-83.16,1
42.77,-83.16,1
42.77,-83.16,1
42.77,-83.16,1
42.77,-83.16,1
42.77,-83.16,1
42.77,-83.16,1
42.77,-83.16,1
42.77,-83.16,1
42.77,-83.16,1
42.77,-83.16,1
42.77,-83.16,1
42.77,-83.16,1
42.77,-83.16,1
42.77,-83.16,1
42.77,-83.16,1
42.77,-83.16,1
42.77,-83.16,1
42.77,-83.16,1
42.77,-83.16,1
42.77,-83.16,1
42.77,-83.16,1
42.77,-83.16,1
42.77,-83.16,1
42.77,-83.16,1
42.77,-83.16,1
42.77,-83.16,1
42.77,-83.16,1
42.77,-83.16,1
42.77,-83.16,1
42.77,-83.16,1
42.77,-83.16,1
42.77,-83.16,1
42.77,-83.16,1
42.77,-83.16,1
42.77,-83.16,1
42.77,-83.16,1
42.77,-83.16,1
42.77,-83.16,1
42.77,-83.16,1
42.77,-83.16,1
42.77,-83.16,1
42.77,-83.16,1
42.77,-83.16,1
42.77,-83.16,1
42.77,-83.16,1
42.77,-83.16,1
42.77,-83.16,1
42.77,-83.16,1
42.77,-83.16,1
42.77,-83.16,1
42.77,-83.16,1
42.77,-83.16,1
42.77,-83.16,1
42.77,-83.16,1
42.77,-83.16,1
42.77,-83.16,1
42.77,-83.16,1
42.77,-83.16,1
42.77,-83.16,1
42.77,-83.16,1
42.77,-83.16,1
42.77,-83.16,1
42.77,-83.16,1
42.77,-83.16,1
42.77,-83.16,1
42.77,-83.16,1
42.77,-83.16,1
42.77,-83.16,1
42.77,-83.16,1
42.77,-83.16,1
42.77,-83.16,1
42.77,-83.16,1
42.77,-83.16,1
42.77,-83.16,1
42.77,-83.16,1
42.77,-83.16,1
42.77,-83.16,1
42.77,-83.16,1
42.77,-83.16,1
42.77,-83.16,1
42.77,-83.16,1
42.77,-83.16,1
42.77,-83.16,1
42.77,-83.16,1
42.77,-83.16,1
42.77,-83.16,1
42.77,-83.16,1
42.77,-83.16,1
42.77,-83.16,1
42.77,-83.16,1
42.77,-83.16,1
42.77,-83.16,1
42.77,-83.16,1
42.77,-83.16,1
42.77,-83.16,1
42.77,-83.16,1
42.77,-83.16,1
42.77,-83.16,1
42.77,-83.16,1
42.77,-83.16,1
42.77,-83.16,1
42.77,-83.16,1
42.77,-83.16,1
42.77,-83.16,1
42.77,-83.16,1
42.77,-83.16,1
42.77,-83.16,1
42.77,-83.16,1
42.77,-83.16,1
42.77,-83.16,1
42.77,-83.16,1
42.77,-83.16,1
42.77,-83.16,1
42.77,-83.16,1
42.77,-83.16,1
42.77,-83.16,1
42.77,-83.16,1
42.77,-83.16,1
42.77,-83.16,1
42.77,-83.16,1
42.77,-83.16,1
42.77,-83.16,1
42.77,-83.16,1
42.77,-83.16,1
42.77,-83.16,1
42.77,-83.16,1
42.77,-83.16,1
42.77,-83.16,1
42.77,-83.16,1
42.77,-83.16,1
42.77,-83.16,1
42.77,-83.16,1
42.77,-83.16,1
42.77,-83.16,1
42.77,-83.16,1
42.77,-83.16,1
42.77,-83.16,1
42.77,-83.16,1
42.77,-83.16,1
42.77,-83.16,1
42.77,-83.16,1
42.77,-83.16,1
42.77,-83.16,1
42.77,-83.16,1
42.77,-83.16,1
42.77,-83.16,1
42.77,-83.16,1
42.77,-83.16,1
42.77,-83.16,1
42.77,-83.16,1
42.77,-83.16,1
42.77,-83.16,1
42.77,-83.16,1
42.77,-83.16,1
42.77,-83.16,1
42.77,-83.16,1
42.77,-83.16,1
42.77,-83.16,1
42.77,-83.16,1
42.77,-83.16,1
42.77,-83.16,1
42.77,-83.16,1
42.77,-83.16,1
42.77,-83.16,1
42.77,-83.16,1
42.77,-83.16,1
42.77,-83.16,1
42.77,-83.16,1
42.77,-83.16,1
42.77,-83.16,1
42.77,-83.16,1
42.77,-83.16,1
42.77,-83.16,1
42.77,-83.16,1
42.77,-83.16,1
42.77,-83.16,1
42.77,-83.16,1
42.77,-83.16,1
42.77,-83.16,1
42.77,-83.16,1
42.77,-83.16,1
42.77,-83.16,1
42.77,-83.16,1
42.77,-83.16,1
42.77,-83.16,1
42.77,-83.16,1
42.77,-83.16,1
42.77,-83.16,1
42.77,-83.16,1
42.77,-83.16,1
42.77,-83.16,1
42.77,-83.16,1
42.77,-83.16,1
42.77,-83.16,1
42.77,-83.16,1
42.77,-83.16,1
42.77,-83.16,1
42.77,-83.16,1
42.77,-83.16,1
42.77,-83.16,1
42.77,-83.16,1
42.77,-83.16,1
42.77,-83.16,1
42.77,-83.16,1
42.77,-83.16,1
42.77,-83.16,1
42.77,-83.16,1
42.77,-83.16,1
42.77,-83.16,1
42.77,-83.16,1
42.77,-83.16,1
42.77,-83.16,1
42.77,-83.16,1
42.77,-83.16,1
42.77,-83.16,1
42.77,-83.16,1
42.77,-83.16,1
42.77,-83.16,1
42.77,-83.16,1
42.77,-83.16,1
42.77,-83.16,1
42.77,-83.16,1
42.77,-83.16,1
42.77,-83.16,1
42.77,-83.16,1
42.77,-83.16,1
42.77,-83.16,1
42.77,-83.16,1
42.77,-83.16,1
42.77,-83.16,1
42.77,-83.16,1
42.77,-83.16,1
42.77,-83.16,1
42.77,-83.16,1
42.77,-83.16,1
42.77,-83.16,1
42.77,-83.16,1
42.77,-83.16,1
42.77,-83.16,1
42.77,-83.16,1
42.77,-83.16,1
42.77,-83.16,1
42.77,-83.16,1
42.77,-83.16,1
42.77,-83.16,1
42.77,-83.16,1
42.77,-83.16,1
42.77,-83.16,1
42.77,-83.16,1
42.77,-83.16,1
42.77,-83.16,1
42.77,-83.16,1
42.77,-83.16,1
42.77,-83.16,1
42.77,-83.16,1
42.77,-83.16,1
42.77,-83.16,1
42.77,-83.16,1
42.77,-83.16,1
42.77,-83.16,1
42.77,-83.16,1
42.77,-83.16,1
42.77,-83.16,1
42.77,-83.16,1
42.77,-83.16,1
42.77,-83.16,1
42.77,-83.16,1
42.77,-83.16,1
42.77,-83.16,1
42.77,-83.16,1
42.77,-83.16,1
42.77,-83.16,1
42.77,-83.16,1
42.77,-83.16,1
42.77,-83.16,1
42.77,-83.16,1
42.77,-83.16,1
42.77,-83.16,1
42.77,-83.16,1
42.77,-83.16,1
42.77,-83.16,1
42.77,-83.16,1
42.77,-83.16,1
42.77,-83.16,1
42.77,-83.16,1
42.77,-83.16,1
42.77,-83.16,1
42.77,-83.16,1
42.77,-83.16,1
42.77,-83.16,1
42.77,-83.16,1
42.77,-83.16,1
42.77,-83.16,1
42.77,-83.16,1
42.77,-83.16,1
42.77,-83.16,1
42.77,-83.16,1
42.77,-83.16,1
42.77,-83.16,1
42.77,-83.16,1
42.77,-83.16,1
42.77,-83.16,1
42.77,-83.16,1
42.77,-83.16,1
42.77,-83.16,1
42.77,-83.16,1
42.77,-83.16,1
42.77,-83.16,1
42.77,-83.16,1
42.77,-83.16,1
42.77,-83.16,1
42.77,-83.16,1
42.77,-83.16,1
42.77,-83.16,1
42.77,-83.16,1
42.77,-83.16,1
42.77,-83.16,1
42.77,-83.16,1
42.77,-83.16,1
42.77,-83.16,1
42.77,-83.16,1
42.77,-83.16,1
42.77,-83.16,1
42.77,-83.16,1
42.77,-83.16,1
42.77,-83.16,1
42.77,-83.16,1
42.77,-83.16,1
42.77,-83.16,1
42.77,-83.16,1
42.77,-83.16,1
42.77,-83.16,1
42.77,-83.16,1
42.77,-83.16,1
42.77,-83.16,1
42.77,-83.16,1
42.77,-83.16,1
42.77,-83.16,1
42.77,-83.16,1
42.77,-83.16,1
42.77,-83.16,1
42.77,-83.16,1
42.77,-83.16,1
42.77,-83.16,1
42.77,-83.16,1
42.77,-83.16,1
42.77,-83.16,1
42.77,-83.16,1
42.77,-83.16,1
42.77,-83.16,1
42.77,-83.16,1
42.77,-83.16,1
42.77,-83.16,1
42.77,-83.16,1
42.77,-83.16,1
42.77,-83.16,1
42.77,-83.16,1
42.77,-83.16,1
42.77,-83.16,1
42.77,-83.16,1
42.77,-83.16,1
42.77,-83.16,1
42.77,-83.16,1
42.77,-83.16,1
42.77,-83.16,1
42.77,-83.16,1
42.77,-83.16,1
42.77,-83.16,1
42.77,-83.16,1
42.77,-83.16,1
42.77,-83.16,1
42.77,-83.16,1
42.77,-83.16,1
42.77,-83.16,1
42.77,-83.16,1
42.77,-83.16,1
42.77,-83.16,1
42.77,-83.16,1
42.77,-83.16,1
42.77,-83.16,1
42.77,-83.16,1
42.77,-83.16,1
42.77,-83.16,1
42.77,-83.16,1
42.77,-83.16,1
42.77,-83.16,1
42.77,-83.16,1
42.77,-83.16,1
42.77,-83.16,1
42.77,-83.16,1
42.77,-83.16,1
42.77,-83.16,1
42.77,-83.16,1
42.77,-83.16,1
42.77,-83.16,1
42.77,-83.16,1
42.77,-83.16,1
42.77,-83.16,1
42.77,-83.16,1
42.77,-83.16,1
42.77,-83.16,1
42.77,-83.16,1
42.77,-83.16,1
42.77,-83.16,1
42.77,-83.16,1
42.77,-83.16,1
42.77,-83.16,1
42.77,-83.16,1
42.77,-83.16,1
42.77,-83.16,1
42.77,-83.16,1
42.77,-83.16,1
42.77,-83.16,1
42.77,-83.16,1
42.77,-83.16,1
42.77,-83.16,1
42.77,-83.16,1
42.77,-83.16,1
42.77,-83.16,1
42.77,-83.16,1
42.77,-83.16,1
42.77,-83.16,1
42.77,-83.16,1
42.77,-83.16,1
42.77,-83.16,1
42.77,-83.16,1
42.77,-83.16,1
42.77,-83.16,1
42.77,-83.16,1
42.77,-83.16,1
42.77,-83.16,1
42.77,-83.16,1
42.77,-83.16,1
42.77,-83.16,1
42.77,-83.16,1
42.77,-83.16,1
42.77,-83.16,1
42.77,-83.16,1
42.77,-83.16,1
42.77,-83.16,1
42.77,-83.16,1
42.77,-83.16,1
42.77,-83.16,1
42.77,-83.16,1
42.77,-83.16,1
42.77,-83.16,1
42.77,-83.16,1
42.77,-83.16,1
42.77,-83.16,1
42.77,-83.16,1
42.77,-83.16,1
42.77,-83.16,1
42.77,-83.16,1
42.77,-83.16,1
42.77,-83.16,1
42.77,-83.16,1
42.77,-83.16,1
42.77,-83.16,1
42.77,-83.16,1
42.77,-83.16,1
42.77,-83.16,1
42.77,-83.16,1
42.77,-83.16,1
42.77,-83.16,1
42.77,-83.16,1
42.77,-83.16,1
42.77,-83.16,1
42.77,-83.16,1
42.77,-83.16,1
42.77,-83.16,1
42.77,-83.16,1
42.77,-83.16,1
42.77,-83.16,1
42.77,-83.16,1
42.77,-83.16,1
42.77,-83.16,1
42.77,-83.16,1
42.77,-83.16,1
42.77,-83.16,1
42.77,-83.16,1
42.77,-83.16,1
42.77,-83.16,1
42.77,-83.16,1
42.77,-83.16,1
42.77,-83.16,1
42.77,-83.16,1
42.77,-83.16,1
42.77,-83.16,1
42.77,-83.16,1
42.77,-83.16,1
42.77,-83.16,1
42.77,-83.16,1
42.77,-83.16,1
42.77,-83.16,1
42.77,-83.16,1
42.77,-83.16,1
42.77,-83.16,1
42.77,-83.16,1
42.77,-83.16,1
42.77,-83.16,1
42.77,-83.16,1
42.77,-83.16,1
42.77,-83.16,1
42.77,-83.16,1
42.77,-83.16,1
42.77,-83.16,1
42.77,-83.16,1
42.77,-83.16,1
42.77,-83.16,1
42.77,-83.16,1
42.77,-83.16,1
42.77,-83.16,1
42.77,-83.16,1
42.77,-83.16,1
42.77,-83.16,1
42.77,-83.16,1
42.77,-83.16,1
42.77,-83.16,1
42.77,-83.16,1
42.77,-83.16,1
42.77,-83.16,1
42.77,-83.16,1
42.77,-83.16,1
42.77,-83.16,1
42.77,-83.16,1
42.77,-83.16,1
42.77,-83.16,1
42.77,-83.16,1
42.77,-83.16,1
42.77,-83.16,1
42.77,-83.16,1
42.77,-83.16,1
42.77,-83.16,1
42.77,-83.16,1
42.77,-83.16,1
42.77,-83.16,1
42.77,-83.16,1
42.77,-83.16,1
42.77,-83.16,1
42.77,-83.16,1
42.77,-83.16,1
42.77,-83.16,1
42.77,-83.16,1
42.77,-83.16,1
42.77,-83.16,1
42.77,-83.16,1
42.77,-83.16,1
42.77,-83.16,1
42.77,-83.16,1
42.77,-83.16,1
42.77,-83.16,1
42.77,-83.16,1
42.77,-83.16,1
42.77,-83.16,1
42.77,-83.16,1
42.77,-83.16,1
42.77,-83.16,1
42.77,-83.16,1
42.77,-83.16,1
42.77,-83.16,1
42.77,-83.16,1
42.77,-83.16,1
42.77,-83.16,1
42.77,-83.16,1
42.77,-83.16,1
42.77,-83.16,1
42.77,-83.16,1
42.77,-83.16,1
42.77,-83.16,1
42.77,-83.16,1
42.77,-83.16,1
42.77,-83.16,1
42.77,-83.16,1
42.77,-83.16,1
42.77,-83.16,1
42.77,-83.16,1
42.77,-83.16,1
42.77,-83.16,1
42.77,-83.16,1
42.77,-83.16,1
42.77,-83.16,1
42.77,-83.16,1
42.77,-83.16,1
42.77,-83.16,1
42.77,-83.16,1
42.77,-83.16,1
42.77,-83.16,1
42.77,-83.16,1
42.77,-83.16,1
42.77,-83.16,1
42.77,-83.16,1
42.77,-83.16,1
42.77,-83.16,1
42.77,-83.16,1
42.77,-83.16,1
42.77,-83.16,1
42.77,-83.16,1
42.77,-83.16,1
42.77,-83.16,1
42.77,-83.16,1
42.77,-83.16,1
42.77,-83.16,1
42.77,-83.16,1
42.77,-83.16,1
42.77,-83.16,1
42.77,-83.16,1
42.77,-83.16,1
42.77,-83.16,1
42.77,-83.16,1
42.77,-83.16,1
42.77,-83.16,1
42.77,-83.16,1
42.77,-83.16,1
42.77,-83.16,1
42.77,-83.16,1
42.77,-83.16,1
42.77,-83.16,1
42.77,-83.16,1
42.77,-83.16,1
42.77,-83.16,1
42.77,-83.16,1
42.77,-83.16,1
42.77,-83.16,1
42.77,-83.16,1
42.77,-83.16,1
42.77,-83.16,1
42.77,-83.16,1
42.77,-83.16,1
42.77,-83.16,1
42.77,-83.16,1
42.77,-83.16,1
42.77,-83.16,1
42.77,-83.16,1
42.77,-83.16,1
42.77,-83.16,1
42.77,-83.16,1
42.77,-83.16,1
42.77,-83.16,1
42.77,-83.16,1
42.77,-83.16,1
42.77,-83.16,1
42.77,-83.16,1
42.77,-83.16,1
42.77,-83.16,1
42.77,-83.16,1
42.77,-83.16,1
42.77,-83.16,1
42.77,-83.16,1
42.77,-83.16,1
42.77,-83.16,1
42.77,-83.16,1
42.77,-83.16,1
42.77,-83.16,1
42.77,-83.16,1
42.77,-83.16,1
42.77,-83.16,1
42.77,-83.16,1
42.77,-83.16,1
42.77,-83.16,1
42.77,-83.16,1
42.77,-83.16,1
42.77,-83.16,1
42.77,-83.16,1
42.77,-83.16,1
42.77,-83.16,1
42.77,-83.16,1
42.77,-83.16,1
42.77,-83.16,1
42.77,-83.16,1
42.77,-83.16,1
42.77,-83.16,1
42.77,-83.16,1
42.77,-83.16,1
42.77,-83.16,1
42.77,-83.16,1
42.77,-83.16,1
42.77,-83.16,1
42.77,-83.16,1
42.77,-83.16,1
42.77,-83.16,1
42.77,-83.16,1
42.77,-83.16,1
42.77,-83.16,1
42.77,-83.16,1
42.77,-83.16,1
42.77,-83.16,1
42.77,-83.16,1
42.77,-83.16,1
42.77,-83.16,1
42.77,-83.16,1
42.77,-83.16,1
42.77,-83.16,1
42.77,-83.16,1
42.77,-83.16,1
42.77,-83.16,1
42.77,-83.16,1
42.77,-83.16,1
42.77,-83.16,1
42.77,-83.16,1
42.77,-83.16,1
42.77,-83.16,1
42.77,-83.16,1
42.77,-83.16,1
42.77,-83.16,1
42.77,-83.16,1
42.77,-83.16,1
42.77,-83.16,1
42.77,-83.16,1
42.77,-83.16,1
42.77,-83.16,1
42.77,-83.16,1
42.77,-83.16,1
42.77,-83.16,1
42.77,-83.16,1
42.77,-83.16,1
42.77,-83.16,1
42.77,-83.16,1
42.77,-83.16,1
42.77,-83.16,1
42.77,-83.16,1
42.77,-83.16,1
42.77,-83.16,1
42.77,-83.16,1
42.77,-83.16,1
42.77,-83.16,1
42.77,-83.16,1
42.77,-83.16,1
42.77,-83.16,1
42.77,-83.16,1
42.77,-83.16,1
42.77,-83.16,1
42.77,-83.16,1
42.77,-83.16,1
42.77,-83.16,1
42.77,-83.16,1
42.77,-83.16,1
42.77,-83.16,1
42.77,-83.16,1
42.77,-83.16,1
42.77,-83.16,1
42.77,-83.16,1
42.77,-83.16,1
42.77,-83.16,1
42.77,-83.16,1
42.77,-83.16,1
42.77,-83.16,1
42.77,-83.16,1
42.77,-83.16,1
42.77,-83.16,1
42.77,-83.16,1
42.77,-83.16,1
42.77,-83.16,1
42.77,-83.16,1
42.77,-83.16,1
42.77,-83.16,1
42.77,-83.16,1
42.77,-83.16,1
42.77,-83.16,1
42.77,-83.16,1
42.77,-83.16,1
42.77,-83.16,1
42.77,-83.16,1
42.77,-83.16,1
42.77,-83.16,1
42.77,-83.16,1
42.77,-83.16,1
42.77,-83.16,1
42.77,-83.16,1
42.77,-83.16,1
42.77,-83.16,1
42.77,-83.16,1
42.77,-83.16,1
42.77,-83.16,1
42.77,-83.16,1
42.77,-83.16,1
42.77,-83.16,1
42.77,-83.16,1
42.77,-83.16,1
42.77,-83.16,1
42.77,-83.16,1
42.77,-83.16,1
42.77,-83.16,1
42.77,-83.16,1
42.77,-83.16,1
42.77,-83.16,1
42.77,-83.16,1
42.77,-83.16,1
42.77,-83.16,1
42.77,-83.16,1
42.77,-83.16,1
42.77,-83.16,1
42.77,-83.16,1
42.77,-83.16,1
42.77,-83.16,1
42.77,-83.16,1
42.77,-83.16,1
42.77,-83.16,1
42.77,-83.16,1
42.77,-83.16,1
42.77,-83.16,1
42.77,-83.16,1
42.77,-83.16,1
42.77,-83.16,1
42.77,-83.16,1
42.77,-83.16,1
42.77,-83.16,1
42.77,-83.16,1
42.77,-83.16,1
42.77,-83.16,1
42.77,-83.16,1
42.77,-83.16,1
42.77,-83.16,1
42.77,-83.16,1
42.77,-83.16,1
42.77,-83.16,1
42.77,-83.16,1
42.77,-83.16,1
42.77,-83.16,1
42.77,-83.16,1
42.77,-83.16,1
42.77,-83.16,1
42.77,-83.16,1
42.77,-83.16,1
42.77,-83.16,1
42.77,-83.16,1
42.77,-83.16,1
42.77,-83.16,1
42.77,-83.16,1
42.77,-83.16,1
42.77,-83.16,1
42.77,-83.16,1
42.77,-83.16,1
42.77,-83.16,1
42.77,-83.16,1
42.77,-83.16,1
42.77,-83.16,1
42.77,-83.16,1
42.77,-83.16,1
42.77,-83.16,1
42.77,-83.16,1
42.77,-83.16,1
42.77,-83.16,1
42.77,-83.16,1
42.77,-83.16,1
42.77,-83.16,1
42.77,-83.16,1
42.77,-83.16,1
42.77,-83.16,1
42.77,-83.16,1
42.77,-83.16,1
42.77,-83.16,1
42.77,-83.16,1
42.77,-83.16,1
42.77,-83.16,1
42.77,-83.16,1
42.77,-83.16,1
42.77,-83.16,1
42.77,-83.16,1
42.77,-83.16,1
42.77,-83.16,1
42.77,-83.16,1
42.77,-83.16,1
42.77,-83.16,1
42.77,-83.16,1
42.77,-83.16,1
42.77,-83.16,1
42.77,-83.16,1
42.77,-83.16,1
42.77,-83.16,1
42.77,-83.16,1
42.77,-83.16,1
42.77,-83.16,1
42.77,-83.16,1
42.77,-83.16,1
42.77,-83.16,1
42.77,-83.16,1
42.77,-83.16,1
42.77,-83.16,1
42.77,-83.16,1
42.77,-83.16,1
42.77,-83.16,1
42.77,-83.16,1
42.77,-83.16,1
42.77,-83.16,1
42.77,-83.16,1
42.77,-83.16,1
42.77,-83.16,1
42.77,-83.16,1
42.77,-83.16,1
42.77,-83.16,1
42.77,-83.16,1
42.77,-83.16,1
42.77,-83.16,1
42.77,-83.16,1
42.77,-83.16,1
42.77,-83.16,1
42.77,-83.16,1
42.77,-83.16,1
42.77,-83.16,1
42.77,-83.16,1
42.77,-83.16,1
42.77,-83.16,1
42.77,-83.16,1
42.77,-83.16,1
42.77,-83.16,1
42.77,-83.16,1
42.77,-83.16,1
42.77,-83.16,1
42.77,-83.16,1
42.77,-83.16,1
42.77,-83.16,1
42.77,-83.16,1
42.77,-83.16,1
42.77,-83.16,1
42.77,-83.16,1
42.77,-83.16,1
42.77,-83.16,1
42.77,-83.16,1
42.77,-83.16,1
42.77,-83.16,1
42.77,-83.16,1
42.77,-83.16,1
42.77,-83.16,1
42.77,-83.16,1
42.77,-83.16,1
42.77,-83.16,1
42.77,-83.16,1
42.77,-83.16,1
42.77,-83.16,1
42.77,-83.16,1
42.77,-83.16,1
42.77,-83.16,1
42.77,-83.16,1
42.77,-83.16,1
42.77,-83.16,1
42.77,-83.16,1
42.77,-83.16,1
42.77,-83.16,1
42.77,-83.16,1
42.77,-83.16,1
42.77,-83.16,1
42.77,-83.16,1
42.77,-83.16,1
42.77,-83.16,1
42.77,-83.16,1
42.77,-83.16,1
42.77,-83.16,1
42.77,-83.16,1
42.77,-83.16,1
42.77,-83.16,1
42.77,-83.16,1
42.77,-83.16,1
42.77,-83.16,1
42.77,-83.16,1
42.77,-83.16,1
42.77,-83.16,1
42.77,-83.16,1
42.77,-83.16,1
42.77,-83.16,1
42.77,-83.16,1
42.77,-83.16,1
42.77,-83.16,1
42.77,-83.16,1
42.77,-83.16,1
42.77,-83.16,1
42.77,-83.16,1
42.77,-83.16,1
42.77,-83.16,1
42.77,-83.16,1
42.77,-83.16,1
42.77,-83.16,1
42.77,-83.16,1
42.77,-83.16,1
42.77,-83.16,1
42.77,-83.16,1
42.77,-83.16,1
42.77,-83.16,1
42.77,-83.16,1
42.77,-83.16,1
42.77,-83.16,1
42.77,-83.16,1
42.77,-83.16,1
42.77,-83.16,1
42.77,-83.16,1
42.77,-83.16,1
42.77,-83.16,1
42.77,-83.16,1
42.77,-83.16,1
42.77,-83.16,1
42.77,-83.16,1
42.77,-83.16,1
42.77,-83.16,1
42.77,-83.16,1
42.77,-83.16,1
42.77,-83.16,1
42.77,-83.16,1
42.77,-83.16,1
42.77,-83.16,1
42.77,-83.16,1
42.77,-83.16,1
42.77,-83.16,1
42.77,-83.16,1
42.77,-83.16,1
42.77,-83.16,1
42.77,-83.16,1
42.77,-83.16,1
42.77,-83.16,1
42.77,-83.16,1
42.77,-83.16,1
42.77,-83.16,1
42.77,-83.16,1
42.77,-83.16,1
42.77,-83.16,1
42.77,-83.16,1
42.77,-83.16,1
42.77,-83.16,1
42.77,-83.16,1
42.77,-83.16,1
42.77,-83.16,1
42.77,-83.16,1
42.77,-83.16,1
42.77,-83.16,1
42.77,-83.16,1
42.77,-83.16,1
42.77,-83.16,1
42.77,-83.16,1
42.77,-83.16,1
42.77,-83.16,1
42.77,-83.16,1
42.77,-83.16,1
42.77,-83.16,1
42.77,-83.16,1
42.77,-83.16,1
42.77,-83.16,1
42.77,-83.16,1
42.77,-83.16,1
42.77,-83.16,1
42.77,-83.16,1
42.77,-83.16,1
42.77,-83.16,1
42.77,-83.16,1
42.77,-83.16,1
42.77,-83.16,1
42.77,-83.16,1
42.77,-83.16,1
42.77,-83.16,1
42.77,-83.16,1
42.77,-83.16,1
42.77,-83.16,1
42.77,-83.16,1
42.77,-83.16,1
42.77,-83.16,1
42.77,-83.16,1
42.77,-83.16,1
42.77,-83.16,1
42.77,-83.16,1
42.77,-83.16,1
42.77,-83.16,1
42.77,-83.16,1
42.77,-83.16,1
42.77,-83.16,1
42.77,-83.16,1
42.77,-83.16,1
42.77,-83.16,1
42.77,-83.16,1
42.77,-83.16,1
42.77,-83.16,1
42.77,-83.16,1
42.77,-83.16,1
42.77,-83.16,1
42.77,-83.16,1
42.77,-83.16,1
42.77,-83.16,1
42.77,-83.16,1
42.77,-83.16,1
42.77,-83.16,1
42.77,-83.16,1
42.77,-83.16,1
42.77,-83.16,1
42.77,-83.16,1
42.77,-83.16,1
42.77,-83.16,1
42.77,-83.16,1
42.77,-83.16,1
42.77,-83.16,1
42.77,-83.16,1
42.77,-83.16,1
42.77,-83.16,1
42.77,-83.16,1
42.77,-83.16,1
42.77,-83.16,1
42.77,-83.16,1
42.77,-83.16,1
42.77,-83.16,1
42.77,-83.16,1
42.77,-83.16,1
42.77,-83.16,1
42.77,-83.16,1
42.77,-83.16,1
42.77,-83.16,1
42.77,-83.16,1
42.77,-83.16,1
42.77,-83.16,1
42.77,-83.16,1
42.77,-83.16,1
42.77,-83.16,1
42.77,-83.16,1
42.77,-83.16,1
42.77,-83.16,1
42.77,-83.16,1
42.77,-83.16,1
42.77,-83.16,1
42.77,-83.16,1
42.77,-83.16,1
42.77,-83.16,1
42.77,-83.16,1
42.77,-83.16,1
42.77,-83.16,1
42.77,-83.16,1
42.77,-83.16,1
42.77,-83.16,1
42.77,-83.16,1
42.77,-83.16,1
42.77,-83.16,1
42.77,-83.16,1
42.77,-83.16,1
42.77,-83.16,1
42.77,-83.16,1
42.77,-83.16,1
42.77,-83.16,1
42.77,-83.16,1
42.77,-83.16,1
42.77,-83.16,1
42.77,-83.16,1
42.77,-83.16,1
42.77,-83.16,1
42.77,-83.16,1
42.77,-83.16,1
42.77,-83.16,1
42.77,-83.16,1
42.77,-83.16,1
42.77,-83.16,1
42.77,-83.16,1
42.77,-83.16,1
42.77,-83.16,1
42.77,-83.16,1
42.77,-83.16,1
42.77,-83.16,1
42.77,-83.16,1
42.77,-83.16,1
42.77,-83.16,1
42.77,-83.16,1
42.77,-83.16,1
42.77,-83.16,1
42.77,-83.16,1
42.77,-83.16,1
42.77,-83.16,1
42.77,-83.16,1
42.77,-83.16,1
42.77,-83.16,1
42.77,-83.16,1
42.77,-83.16,1
42.77,-83.16,1
42.77,-83.16,1
42.77,-83.16,1
42.77,-83.16,1
42.77,-83.16,1
42.77,-83.16,1
42.77,-83.16,1
42.77,-83.16,1
42.77,-83.16,1
42.77,-83.16,1
42.77,-83.16,1
42.77,-83.16,1
42.77,-83.16,1
42.77,-83.16,1
42.77,-83.16,1
42.77,-83.16,1
42.77,-83.16,1
42.77,-83.16,1
42.77,-83.16,1
42.77,-83.16,1
42.77,-83.16,1
42.77,-83.16,1
42.77,-83.16,1
42.77,-83.16,1
42.77,-83.16,1
42.77,-83.16,1
42.77,-83.16,1
42.77,-83.16,1
42.77,-83.16,1
42.77,-83.16,1
42.77,-83.16,1
42.77,-83.16,1
42.77,-83.16,1
42.77,-83.16,1
42.77,-83.16,1
42.77,-83.16,1
42.77,-83.16,1
42.77,-83.16,1
42.77,-83.16,1
42.77,-83.16,1
42.77,-83.16,1
42.77,-83.16,1
42.77,-83.16,1
42.77,-83.16,1
42.77,-83.16,1
42.77,-83.16,1
42.77,-83.16,1
42.77,-83.16,1
42.77,-83.16,1
42.77,-83.16,1
42.77,-83.16,1
42.77,-83.16,1
42.77,-83.16,1
42.77,-83.16,1
42.77,-83.16,1
42.77,-83.16,1
42.77,-83.16,1
42.77,-83.16,1
42.77,-83.16,1
42.77,-83.16,1
42.77,-83.16,1
42.77,-83.16,1
42.77,-83.16,1
42.77,-83.16,1
42.77,-83.16,1
42.77,-83.16,1
42.77,-83.16,1
42.77,-83.16,1
42.77,-83.16,1
42.77,-83.16,1
42.77,-83.16,1
42.77,-83.16,1
42.77,-83.16,1
42.77,-83.16,1
42.77,-83.16,1
42.77,-83.16,1
42.77,-83.16,1
42.77,-83.16,1
42.77,-83.16,1
42.77,-83.16,1
42.77,-83.16,1
42.77,-83.16,1
42.77,-83.16,1
42.77,-83.16,1
42.77,-83.16,1
42.77,-83.16,1
42.77,-83.16,1
42.77,-83.16,1
42.77,-83.16,1
42.77,-83.16,1
42.77,-83.16,1
42.77,-83.16,1
42.77,-83.16,1
42.77,-83.16,1
42.77,-83.16,1
42.77,-83.16,1
42.77,-83.16,1
42.77,-83.16,1
42.77,-83.16,1
42.77,-83.16,1
42.77,-83.16,1
42.77,-83.16,1
42.77,-83.16,1
42.77,-83.16,1
42.77,-83.16,1
42.77,-83.16,1
42.77,-83.16,1
42.77,-83.16,1
42.77,-83.16,1
42.77,-83.16,1
42.77,-83.16,1
42.77,-83.16,1
42.77,-83.16,1
42.77,-83.16,1
42.77,-83.16,1
42.77,-83.16,1
42.77,-83.16,1
42.77,-83.16,1
42.77,-83.16,1
42.77,-83.16,1
42.77,-83.16,1
42.77,-83.16,1
42.77,-83.16,1
42.77,-83.16,1
42.77,-83.16,1
42.77,-83.16,1
42.77,-83.16,1
42.77,-83.16,1
42.77,-83.16,1
42.77,-83.16,1
42.77,-83.16,1
42.77,-83.16,1
42.77,-83.16,1
42.77,-83.16,1
42.77,-83.16,1
42.77,-83.16,1
42.77,-83.16,1
42.77,-83.16,1
42.77,-83.16,1
42.77,-83.16,1
42.77,-83.16,1
42.77,-83.16,1
42.77,-83.16,1
42.77,-83.16,1
42.77,-83.16,1
42.77,-83.16,1
42.77,-83.16,1
42.77,-83.16,1
42.77,-83.16,1
42.77,-83.16,1
42.77,-83.16,1
42.77,-83.16,1
42.77,-83.16,1
42.77,-83.16,1
42.77,-83.16,1
42.77,-83.16,1
42.77,-83.16,1
42.77,-83.16,1
42.77,-83.16,1
42.77,-83.16,1
42.77,-83.16,1
42.77,-83.16,1
42.77,-83.16,1
42.77,-83.16,1
42.77,-83.16,1
42.77,-83.16,1
42.77,-83.16,1
42.77,-83.16,1
42.77,-83.16,1
42.77,-83.16,1
42.77,-83.16,1
42.77,-83.16,1
42.77,-83.16,1
42.77,-83.16,1
42.77,-83.16,1
42.77,-83.16,1
42.77,-83.16,1
42.77,-83.16,1
42.77,-83.16,1
42.77,-83.16,1
42.77,-83.16,1
42.77,-83.16,1
42.77,-83.16,1
42.77,-83.16,1
42.77,-83.16,1
42.77,-83.16,1
42.77,-83.16,1
42.77,-83.16,1
42.77,-83.16,1
42.77,-83.16,1
42.77,-83.16,1
42.77,-83.16,1
42.77,-83.16,1
42.77,-83.16,1
42.77,-83.16,1
42.77,-83.16,1
42.77,-83.16,1
42.77,-83.16,1
42.77,-83.16,1
42.77,-83.16,1
42.77,-83.16,1
42.77,-83.16,1
42.77,-83.16,1
42.77,-83.16,1
42.77,-83.16,1
42.77,-83.16,1
42.77,-83.16,1
42.77,-83.16,1
42.77,-83.16,1
42.77,-83.16,1
42.77,-83.16,1
42.77,-83.16,1
42.77,-83.16,1
42.77,-83.16,1
42.77,-83.16,1
42.77,-83.16,1
42.77,-83.16,1
42.77,-83.16,1
42.77,-83.16,1
42.77,-83.16,1
42.77,-83.16,1
42.77,-83.16,1
42.77,-83.16,1
42.77,-83.16,1
42.77,-83.16,1
42.77,-83.16,1
42.77,-83.16,1
42.77,-83.16,1
42.77,-83.16,1
42.77,-83.16,1
42.77,-83.16,1
42.77,-83.16,1
42.77,-83.16,1
42.77,-83.16,1
42.77,-83.16,1
42.77,-83.16,1
42.77,-83.16,1
42.77,-83.16,1
42.77,-83.16,1
42.77,-83.16,1
42.77,-83.16,1
42.77,-83.16,1
42.77,-83.16,1
42.77,-83.16,1
42.77,-83.16,1
42.77,-83.16,1
42.77,-83.16,1
42.77,-83.16,1
42.77,-83.16,1
42.77,-83.16,1
42.77,-83.16,1
42.77,-83.16,1
42.77,-83.16,1
42.77,-83.16,1
42.77,-83.16,1
42.77,-83.16,1
42.77,-83.16,1
42.77,-83.16,1
42.77,-83.16,1
42.77,-83.16,1
42.77,-83.16,1
42.77,-83.16,1
42.77,-83.16,1
42.77,-83.16,1
42.77,-83.16,1
42.77,-83.16,1
42.77,-83.16,1
42.77,-83.16,1
42.77,-83.16,1
42.77,-83.16,1
42.77,-83.16,1
42.77,-83.16,1
42.77,-83.16,1
42.77,-83.16,1
42.77,-83.16,1
42.77,-83.16,1
42.77,-83.16,1
42.77,-83.16,1
42.77,-83.16,1
42.77,-83.16,1
42.77,-83.16,1
42.77,-83.16,1
42.77,-83.16,1
42.77,-83.16,1
42.77,-83.16,1
42.77,-83.16,1
42.77,-83.16,1
42.77,-83.16,1
42.77,-83.16,1
42.77,-83.16,1
42.77,-83.16,1
42.77,-83.16,1
42.77,-83.16,1
42.77,-83.16,1
42.77,-83.16,1
42.77,-83.16,1
42.77,-83.16,1
42.77,-83.16,1
42.77,-83.16,1
42.77,-83.16,1
42.77,-83.16,1
42.77,-83.16,1
42.77,-83.16,1
42.77,-83.16,1
42.77,-83.16,1
42.77,-83.16,1
42.77,-83.16,1
42.77,-83.16,1
42.77,-83.16,1
42.77,-83.16,1
42.77,-83.16,1
42.77,-83.16,1
42.77,-83.16,1
42.77,-83.16,1
42.77,-83.16,1
42.77,-83.16,1
42.77,-83.16,1
42.77,-83.16,1
42.77,-83.16,1
42.77,-83.16,1
42.77,-83.16,1
42.77,-83.16,1
42.77,-83.16,1
42.77,-83.16,1
42.77,-83.16,1
42.77,-83.16,1
42.77,-83.16,1
42.77,-83.16,1
42.77,-83.16,1
42.77,-83.16,1
42.77,-83.16,1
42.77,-83.16,1
42.77,-83.16,1
42.77,-83.16,1
42.77,-83.16,1
42.77,-83.16,1
42.77,-83.16,1
42.77,-83.16,1
42.77,-83.16,1
42.77,-83.16,1
42.77,-83.16,1
42.77,-83.16,1
42.77,-83.16,1
42.77,-83.16,1
42.77,-83.16,1
42.77,-83.16,1
42.77,-83.16,1
42.77,-83.16,1
42.77,-83.16,1
42.77,-83.16,1
42.77,-83.16,1
42.77,-83.16,1
42.77,-83.16,1
42.77,-83.16,1
42.77,-83.16,1
42.77,-83.16,1
42.77,-83.16,1
42.77,-83.16,1
42.77,-83.16,1
42.77,-83.16,1
42.77,-83.16,1
42.77,-83.16,1
42.77,-83.16,1
42.77,-83.16,1
42.77,-83.16,1
42.77,-83.16,1
42.77,-83.16,1
42.77,-83.16,1
42.77,-83.16,1
42.77,-83.16,1
42.77,-83.16,1
42.77,-83.16,1
42.77,-83.16,1
42.77,-83.16,1
42.77,-83.16,1
42.77,-83.16,1
42.77,-83.16,1
42.77,-83.16,1
42.77,-83.16,1
42.77,-83.16,1
42.77,-83.16,1
42.77,-83.16,1
42.77,-83.16,1
42.77,-83.16,1
42.77,-83.16,1
42.77,-83.16,1
42.77,-83.16,1
42.77,-83.16,1
42.77,-83.16,1
42.77,-83.16,1
42.77,-83.16,1
42.77,-83.16,1
42.77,-83.16,1
42.77,-83.16,1
42.77,-83.16,1
42.77,-83.16,1
42.77,-83.16,1
42.77,-83.16,1
42.77,-83.16,1
42.77,-83.16,1
42.77,-83.16,1
42.77,-83.16,1
42.77,-83.16,1
42.77,-83.16,1
42.77,-83.16,1
42.77,-83.16,1
42.77,-83.16,1
42.77,-83.16,1
42.77,-83.16,1
42.77,-83.16,1
42.77,-83.16,1
42.77,-83.16,1
42.77,-83.16,1
42.77,-83.16,1
42.77,-83.16,1
42.77,-83.16,1
42.77,-83.16,1
42.77,-83.16,1
42.77,-83.16,1
42.77,-83.16,1
42.77,-83.16,1
42.77,-83.16,1
42.77,-83.16,1
42.77,-83.16,1
42.77,-83.16,1
42.77,-83.16,1
42.77,-83.16,1
42.77,-83.16,1
42.77,-83.16,1
42.77,-83.16,1
42.77,-83.16,1
42.77,-83.16,1
42.77,-83.16,1
42.77,-83.16,1
42.77,-83.16,1
42.77,-83.16,1
42.77,-83.16,1
42.77,-83.16,1
42.77,-83.16,1
42.77,-83.16,1
42.77,-83.16,1
42.77,-83.16,1
42.77,-83.16,1
42.77,-83.16,1
42.77,-83.16,1
42.77,-83.16,1
42.77,-83.16,1
42.77,-83.16,1
42.77,-83.16,1
42.77,-83.16,1
42.77,-83.16,1
42.77,-83.16,1
42.77,-83.16,1
42.77,-83.16,1
42.77,-83.16,1
42.77,-83.16,1
42.77,-83.16,1
42.77,-83.16,1
42.77,-83.16,1
42.77,-83.16,1
42.77,-83.16,1
42.77,-83.16,1
42.77,-83.16,1
42.77,-83.16,1
42.77,-83.16,1
42.77,-83.16,1
42.77,-83.16,1
42.77,-83.16,1
42.77,-83.16,1
42.77,-83.16,1
42.77,-83.16,1
42.77,-83.16,1
42.77,-83.16,1
42.77,-83.16,1
42.77,-83.16,1
42.77,-83.16,1
42.77,-83.16,1
42.77,-83.16,1
42.77,-83.16,1
42.77,-83.16,1
42.77,-83.16,1
42.77,-83.16,1
42.77,-83.16,1
42.77,-83.16,1
42.77,-83.16,1
42.77,-83.16,1
42.77,-83.16,1
42.77,-83.16,1
42.77,-83.16,1
42.77,-83.16,1
42.77,-83.16,1
42.77,-83.16,1
42.77,-83.16,1
42.77,-83.16,1
42.77,-83.16,1
42.77,-83.16,1
42.77,-83.16,1
42.77,-83.16,1
42.77,-83.16,1
42.77,-83.16,1
42.77,-83.16,1
42.77,-83.16,1
42.77,-83.16,1
42.77,-83.16,1
42.77,-83.16,1
42.77,-83.16,1
42.77,-83.16,1
42.77,-83.16,1
42.77,-83.16,1
42.77,-83.16,1
42.77,-83.16,1
42.77,-83.16,1
42.77,-83.16,1
42.77,-83.16,1
42.77,-83.16,1
42.77,-83.16,1
42.77,-83.16,1
42.77,-83.16,1
42.77,-83.16,1
42.77,-83.16,1
42.77,-83.16,1
42.77,-83.16,1
42.77,-83.16,1
42.77,-83.16,1
42.77,-83.16,1
42.77,-83.16,1
42.77,-83.16,1
42.77,-83.16,1
42.77,-83.16,1
42.77,-83.16,1
42.77,-83.16,1
42.77,-83.16,1
42.77,-83.16,1
42.77,-83.16,1
42.77,-83.16,1
42.77,-83.16,1
42.77,-83.16,1
42.77,-83.16,1
42.77,-83.16,1
42.77,-83.16,1
42.77,-83.16,1
42.77,-83.16,1
42.77,-83.16,1
42.77,-83.16,1
42.77,-83.16,1
42.77,-83.16,1
42.77,-83.16,1
42.77,-83.16,1
42.77,-83.16,1
42.77,-83.16,1
42.77,-83.16,1
42.77,-83.16,1
42.77,-83.16,1
42.77,-83.16,1
42.77,-83.16,1
42.77,-83.16,1
42.77,-83.16,1
42.77,-83.16,1
42.77,-83.16,1
42.77,-83.16,1
42.77,-83.16,1
42.77,-83.16,1
42.77,-83.16,1
42.77,-83.16,1
42.77,-83.16,1
42.77,-83.16,1
42.77,-83.16,1
42.77,-83.16,1
42.77,-83.16,1
42.77,-83.16,1
42.77,-83.16,1
42.77,-83.16,1
42.77,-83.16,1
42.77,-83.16,1
42.77,-83.16,1
42.77,-83.16,1
42.77,-83.16,1
42.77,-83.16,1
42.77,-83.16,1
42.77,-83.16,1
42.77,-83.16,1
42.77,-83.16,1
42.77,-83.16,1
42.77,-83.16,1
42.77,-83.16,1
42.77,-83.16,1
42.77,-83.16,1
42.77,-83.16,1
42.77,-83.16,1
42.77,-83.16,1
42.77,-83.16,1
42.77,-83.16,1
42.77,-83.16,1
42.77,-83.16,1
42.77,-83.16,1
42.77,-83.16,1
42.77,-83.16,1
42.77,-83.16,1
42.77,-83.16,1
42.77,-83.16,1
42.77,-83.16,1
42.77,-83.16,1
42.77,-83.16,1
42.77,-83.16,1
42.77,-83.16,1
42.77,-83.16,1
42.77,-83.16,1
42.77,-83.16,1
42.77,-83.16,1
42.77,-83.16,1
42.77,-83.16,1
42.77,-83.16,1
42.77,-83.16,1
42.77,-83.16,1
42.77,-83.16,1
42.77,-83.16,1
42.77,-83.16,1
42.77,-83.16,1
42.77,-83.16,1
42.77,-83.16,1
42.77,-83.16,1
42.77,-83.16,1
42.77,-83.16,1
42.77,-83.16,1
42.77,-83.16,1
42.77,-83.16,1
42.77,-83.16,1
42.77,-83.16,1
42.77,-83.16,1
42.77,-83.16,1
42.77,-83.16,1
42.77,-83.16,1
42.77,-83.16,1
42.77,-83.16,1
42.77,-83.16,1
42.77,-83.16,1
42.77,-83.16,1
42.77,-83.16,1
42.77,-83.16,1
42.77,-83.16,1
42.77,-83.16,1
42.77,-83.16,1
42.77,-83.16,1
42.77,-83.16,1
42.77,-83.16,1
42.77,-83.16,1
42.77,-83.16,1
42.77,-83.16,1
42.77,-83.16,1
42.77,-83.16,1
42.77,-83.16,1
42.77,-83.16,1
42.77,-83.16,1
42.77,-83.16,1
42.77,-83.16,1
42.77,-83.16,1
42.77,-83.16,1
42.77,-83.16,1
42.77,-83.16,1
42.77,-83.16,1
42.77,-83.16,1
42.77,-83.16,1
42.77,-83.16,1
42.77,-83.16,1
42.77,-83.16,1
42.77,-83.16,1
42.77,-83.16,1
42.77,-83.16,1
42.77,-83.16,1
42.77,-83.16,1
42.77,-83.16,1
42.77,-83.16,1
42.77,-83.16,1
42.77,-83.16,1
42.77,-83.16,1
42.77,-83.16,1
42.77,-83.16,1
42.77,-83.16,1
42.77,-83.16,1
42.77,-83.16,1
42.77,-83.16,1
42.77,-83.16,1
42.77,-83.16,1
42.77,-83.16,1
42.77,-83.16,1
42.77,-83.16,1
42.77,-83.16,1
42.77,-83.16,1
42.77,-83.16,1
42.77,-83.16,1
42.77,-83.16,1
42.77,-83.16,1
42.77,-83.16,1
42.77,-83.16,1
42.77,-83.16,1
42.77,-83.16,1
42.77,-83.16,1
42.77,-83.16,1
42.77,-83.16,1
42.77,-83.16,1
42.77,-83.16,1
42.77,-83.16,1
42.77,-83.16,1
42.77,-83.16,1
42.77,-83.16,1
42.77,-83.16,1
42.77,-83.16,1
42.77,-83.16,1
42.77,-83.16,1
44.4,-83.5,1
44.4,-83.5,1
44.4,-83.5,1
44.4,-83.5,1
44.4,-83.5,1
44.4,-83.5,1
44.4,-83.5,1
44.4,-83.5,1
44.4,-83.5,1
44.4,-83.5,1
44.4,-83.5,1
44.4,-83.5,1
44.4,-83.5,1
44.4,-83.5,1
44.4,-83.5,1
44.4,-83.5,1
42.5,-85.7,1
42.5,-85.7,1
42.5,-85.7,1
42.5,-85.7,1
42.5,-85.7,1
42.5,-85.7,1
42.5,-85.7,1
42.5,-85.7,1
42.5,-85.7,1
42.5,-85.7,1
42.5,-85.7,1
42.5,-85.7,1
42.5,-85.7,1
42.5,-85.7,1
42.5,-85.7,1
42.5,-85.7,1
42.5,-85.7,1
42.5,-85.7,1
42.5,-85.7,1
42.5,-85.7,1
42.5,-85.7,1
42.5,-85.7,1
42.5,-85.7,1
42.5,-85.7,1
42.5,-85.7,1
42.5,-85.7,1
42.5,-85.7,1
42.5,-85.7,1
42.5,-85.7,1
42.5,-85.7,1
42.5,-85.7,1
42.5,-85.7,1
42.5,-85.7,1
42.5,-85.7,1
42.5,-85.7,1
42.5,-85.7,1
42.5,-85.7,1
42.5,-85.7,1
42.5,-85.7,1
42.5,-85.7,1
42.5,-85.7,1
42.5,-85.7,1
42.5,-85.7,1
42.5,-85.7,1
42.5,-85.7,1
42.5,-85.7,1
42.5,-85.7,1
42.5,-85.7,1
42.5,-85.7,1
42.5,-85.7,1
42.5,-85.7,1
42.5,-85.7,1
42.5,-85.7,1
42.5,-85.7,1
42.5,-85.7,1
42.5,-85.7,1
42.5,-85.7,1
42.5,-85.7,1
42.5,-85.7,1
42.5,-85.7,1
42.5,-85.7,1
42.5,-85.7,1
42.5,-85.7,1
42.5,-85.7,1
42.5,-85.7,1
42.5,-85.7,1
42.5,-85.7,1
42.5,-85.7,1
42.5,-85.7,1
42.5,-85.7,1
42.5,-85.7,1
42.5,-85.7,1
42.5,-85.7,1
42.5,-85.7,1
42.5,-85.7,1
42.5,-85.7,1
42.5,-85.7,1
42.5,-85.7,1
42.5,-85.7,1
42.5,-85.7,1
42.5,-85.7,1
42.5,-85.7,1
42.5,-85.7,1
42.5,-85.7,1
42.5,-85.7,1
42.5,-85.7,1
42.5,-85.7,1
42.5,-85.7,1
42.5,-85.7,1
42.5,-85.7,1
42.5,-85.7,1
42.5,-85.7,1
42.5,-85.7,1
42.5,-85.7,1
42.5,-85.7,1
42.5,-85.7,1
42.5,-85.7,1
42.5,-85.7,1
42.5,-85.7,1
45.3,-83.6,1
45.3,-83.6,1
45.3,-83.6,1
45.3,-83.6,1
45.3,-83.6,1
45.3,-83.6,1
45.3,-83.6,1
45.3,-83.6,1
45.3,-83.6,1
45.3,-83.6,1
45.3,-83.6,1
44.5,-84.6,1
44.5,-84.6,1
44.5,-84.6,1
44.5,-84.6,1
44.5,-84.6,1
44.5,-84.6,1
44.5,-84.6,1
44.5,-84.6,1
44.5,-84.6,1
44.5,-84.6,1
44.5,-84.6,1
44.5,-84.6,1
44.5,-84.6,1
44.5,-84.6,1
44.5,-84.6,1
44.5,-84.6,1
44.5,-84.6,1
44.5,-84.6,1
44.5,-84.6,1
44.5,-84.6,1
44.5,-84.6,1
43.4,-83.9,1
43.4,-83.9,1
43.4,-83.9,1
43.4,-83.9,1
43.4,-83.9,1
43.4,-83.9,1
43.4,-83.9,1
43.4,-83.9,1
43.4,-83.9,1
43.4,-83.9,1
43.4,-83.9,1
43.4,-83.9,1
43.4,-83.9,1
43.4,-83.9,1
43.4,-83.9,1
43.4,-83.9,1
43.4,-83.9,1
43.4,-83.9,1
43.4,-83.9,1
43.4,-83.9,1
43.4,-83.9,1
43.4,-83.9,1
43.4,-83.9,1
43.4,-83.9,1
43.4,-83.9,1
43.4,-83.9,1
43.4,-83.9,1
43.4,-83.9,1
43.4,-83.9,1
43.4,-83.9,1
43.4,-83.9,1
43.4,-83.9,1
43.4,-83.9,1
43.4,-83.9,1
43.4,-83.9,1
43.4,-83.9,1
43.4,-83.9,1
43.4,-83.9,1
43.4,-83.9,1
43.4,-83.9,1
43.4,-83.9,1
43.4,-83.9,1
43.4,-83.9,1
43.4,-83.9,1
43.4,-83.9,1
43.4,-83.9,1
43.4,-83.9,1
43.4,-83.9,1
43.4,-83.9,1
43.4,-83.9,1
43.4,-83.9,1
43.4,-83.9,1
43.4,-83.9,1
43.4,-83.9,1
43.4,-83.9,1
43.4,-83.9,1
43.4,-83.9,1
43.4,-83.9,1
43.4,-83.9,1
43.4,-83.9,1
43.4,-83.9,1
43.4,-83.9,1
43.4,-83.9,1
43.4,-83.9,1
43.4,-83.9,1
43.4,-83.9,1
43.4,-83.9,1
43.4,-83.9,1
43.4,-83.9,1
43.4,-83.9,1
43.4,-83.9,1
43.4,-83.9,1
43.4,-83.9,1
43.4,-83.9,1
43.4,-83.9,1
43.4,-83.9,1
43.4,-83.9,1
43.4,-83.9,1
43.4,-83.9,1
43.4,-83.9,1
43.4,-83.9,1
43.4,-83.9,1
43.4,-83.9,1
43.4,-83.9,1
43.4,-83.9,1
43.4,-83.9,1
43.4,-83.9,1
43.4,-83.9,1
43.4,-83.9,1
43.4,-83.9,1
43.4,-83.9,1
43.4,-83.9,1
43.4,-83.9,1
43.4,-83.9,1
43.4,-83.9,1
43.4,-83.9,1
43.4,-83.9,1
43.4,-83.9,1
43.4,-83.9,1
43.4,-83.9,1
43.4,-83.9,1
43.4,-83.9,1
43.4,-83.9,1
43.4,-83.9,1
43.4,-83.9,1
43.4,-83.9,1
43.4,-83.9,1
43.4,-83.9,1
43.4,-83.9,1
43.4,-83.9,1
43.4,-83.9,1
43.4,-83.9,1
43.4,-83.9,1
43.4,-83.9,1
43.4,-83.9,1
43.4,-83.9,1
43.4,-83.9,1
43.4,-83.9,1
43.4,-83.9,1
43.4,-83.9,1
43.4,-83.9,1
43.4,-83.9,1
43.4,-83.9,1
43.4,-83.9,1
43.4,-83.9,1
43.4,-83.9,1
43.4,-83.9,1
43.4,-83.9,1
43.4,-83.9,1
43.4,-83.9,1
43.4,-83.9,1
43.4,-83.9,1
43.4,-83.9,1
43.4,-83.9,1
43.4,-83.9,1
43.4,-83.9,1
43.4,-83.9,1
43.4,-83.9,1
43.4,-83.9,1
43.4,-83.9,1
43.4,-83.9,1
43.4,-83.9,1
43.4,-83.9,1
43.4,-83.9,1
43.4,-83.9,1
43.4,-83.9,1
43.4,-83.9,1
43.4,-83.9,1
43.4,-83.9,1
43.4,-83.9,1
43.4,-83.9,1
43.4,-83.9,1
43.4,-83.9,1
43.4,-83.9,1
43.4,-83.9,1
43.4,-83.9,1
43.4,-83.9,1
43.4,-83.9,1
43.4,-83.9,1
43.4,-83.9,1
43.4,-83.9,1
43.4,-83.9,1
43.4,-83.9,1
43.4,-83.9,1
43.4,-83.9,1
43.4,-83.9,1
43.4,-83.9,1
43.4,-83.9,1
43.4,-83.9,1
43.4,-83.9,1
43.4,-83.9,1
43.4,-83.9,1
43.4,-83.9,1
43.4,-83.9,1
43.4,-83.9,1
43.4,-83.9,1
43.4,-83.9,1
43.4,-83.9,1
43.4,-83.9,1
43.4,-83.9,1
43.4,-83.9,1
43.4,-83.9,1
43.4,-83.9,1
43.4,-83.9,1
43.4,-83.9,1
43.4,-83.9,1
43.4,-83.9,1
43.4,-83.9,1
43.4,-83.9,1
43.4,-83.9,1
43.4,-83.9,1
43.4,-83.9,1
43.4,-83.9,1
43.4,-83.9,1
43.4,-83.9,1
43.4,-83.9,1
43.4,-83.9,1
43.4,-83.9,1
43.4,-83.9,1
43.4,-83.9,1
43.4,-83.9,1
43.4,-83.9,1
43.4,-83.9,1
43.4,-83.9,1
43.4,-83.9,1
43.4,-83.9,1
43.4,-83.9,1
43.4,-83.9,1
43.4,-83.9,1
43.4,-83.9,1
43.4,-83.9,1
43.4,-83.9,1
43.4,-83.9,1
43.4,-83.9,1
43.4,-83.9,1
43.4,-83.9,1
43.4,-83.9,1
43.4,-83.9,1
43.4,-83.9,1
43.4,-83.9,1
43.4,-83.9,1
43.4,-83.9,1
43.4,-83.9,1
43.4,-83.9,1
43.4,-83.9,1
43.4,-83.9,1
43.4,-83.9,1
43.4,-83.9,1
43.4,-83.9,1
43.4,-83.9,1
43.4,-83.9,1
43.4,-83.9,1
43.4,-83.9,1
43.4,-83.9,1
43.4,-83.9,1
43.4,-83.9,1
43.4,-83.9,1
43.4,-83.9,1
43.4,-83.9,1
43.4,-83.9,1
43.4,-83.9,1
43.4,-83.9,1
43.4,-83.9,1
43.4,-83.9,1
43.4,-83.9,1
43.4,-83.9,1
43.4,-83.9,1
43.4,-83.9,1
43.4,-83.9,1
43.4,-83.9,1
43.4,-83.9,1
43.4,-83.9,1
43.4,-83.9,1
43.4,-83.9,1
43.4,-83.9,1
43.4,-83.9,1
43.4,-83.9,1
43.4,-83.9,1
43.4,-83.9,1
43.4,-83.9,1
43.4,-83.9,1
43.4,-83.9,1
43.4,-83.9,1
43.4,-83.9,1
43.4,-83.9,1
43.4,-83.9,1
43.4,-83.9,1
43.4,-83.9,1
43.4,-83.9,1
43.4,-83.9,1
43.4,-83.9,1
43.4,-83.9,1
43.4,-83.9,1
43.4,-83.9,1
43.4,-83.9,1
43.4,-83.9,1
43.4,-83.9,1
43.4,-83.9,1
43.4,-83.9,1
43.4,-83.9,1
43.4,-83.9,1
43.4,-83.9,1
43.4,-83.9,1
43.4,-83.9,1
43.4,-83.9,1
43.4,-83.9,1
43.4,-83.9,1
43.4,-83.9,1
43.4,-83.9,1
43.4,-83.9,1
43.4,-83.9,1
43.4,-83.9,1
43.4,-83.9,1
43.4,-83.9,1
43.4,-83.9,1
43.4,-83.9,1
43.4,-83.9,1
43.4,-83.9,1
43.4,-83.9,1
43.4,-83.9,1
43.4,-83.9,1
43.4,-83.9,1
43.4,-83.9,1
43.4,-83.9,1
43.4,-83.9,1
43.4,-83.9,1
43.4,-83.9,1
43.4,-83.9,1
43.4,-83.9,1
43.4,-83.9,1
43.4,-83.9,1
43.4,-83.9,1
43.4,-83.9,1
43.4,-83.9,1
43.4,-83.9,1
43.4,-83.9,1
43.4,-83.9,1
43.4,-83.9,1
43.4,-83.9,1
43.4,-83.9,1
43.4,-83.9,1
43.4,-83.9,1
43.4,-83.9,1
43.4,-83.9,1
43.4,-83.9,1
43.4,-83.9,1
43.4,-83.9,1
43.4,-83.9,1
43.4,-83.9,1
43.4,-83.9,1
43.4,-83.9,1
43.4,-83.9,1
43.4,-83.9,1
43.4,-83.9,1
43.4,-83.9,1
43.4,-83.9,1
43.4,-83.9,1
43.4,-83.9,1
43.4,-83.9,1
43.4,-83.9,1
43.4,-83.9,1
43.4,-83.9,1
43.4,-83.9,1
43.4,-83.9,1
43.4,-83.9,1
43.4,-83.9,1
43.4,-83.9,1
43.4,-83.9,1
43.4,-83.9,1
43.4,-83.9,1
43.4,-83.9,1
43.4,-83.9,1
43.4,-83.9,1
43.4,-83.9,1
43.4,-83.9,1
43.4,-83.9,1
43.4,-83.9,1
43.4,-83.9,1
43.4,-83.9,1
43.4,-83.9,1
43.4,-83.9,1
43.4,-83.9,1
43.4,-83.9,1
43.4,-83.9,1
43.4,-83.9,1
43.4,-83.9,1
43.4,-83.9,1
43.4,-83.9,1
43.4,-83.9,1
43.4,-83.9,1
43.4,-83.9,1
43.4,-83.9,1
43.4,-83.9,1
43.4,-83.9,1
43.4,-83.9,1
43.4,-83.9,1
43.4,-83.9,1
43.4,-83.9,1
43.4,-83.9,1
43.4,-83.9,1
43.4,-83.9,1
43.4,-83.9,1
43.4,-83.9,1
43.4,-83.9,1
43.4,-83.9,1
43.4,-83.9,1
43.4,-83.9,1
43.4,-83.9,1
43.4,-83.9,1
43.4,-83.9,1
43.4,-83.9,1
43.4,-83.9,1
43.4,-83.9,1
43.4,-83.9,1
43.4,-83.9,1
43.4,-83.9,1
43.4,-83.9,1
43.4,-83.9,1
43.4,-83.9,1
43.4,-83.9,1
43.4,-83.9,1
43.4,-83.9,1
43.4,-83.9,1
43.4,-83.9,1
43.4,-83.9,1
43.4,-83.9,1
43.4,-83.9,1
43.4,-83.9,1
43.4,-83.9,1
43.4,-83.9,1
43.4,-83.9,1
43.4,-83.9,1
43.4,-83.9,1
43.4,-83.9,1
43.4,-83.9,1
43.4,-83.9,1
43.4,-83.9,1
43.4,-83.9,1
43.4,-83.9,1
43.4,-83.9,1
43.4,-83.9,1
43.4,-83.9,1
43.4,-83.9,1
43.4,-83.9,1
43.4,-83.9,1
43.4,-83.9,1
43.4,-83.9,1
43.4,-83.9,1
43.4,-83.9,1
43.4,-83.9,1
43.4,-83.9,1
43.4,-83.9,1
43.4,-83.9,1
43.4,-83.9,1
43.4,-83.9,1
43.4,-83.9,1
43.4,-83.9,1
43.4,-83.9,1
43.4,-83.9,1
43.4,-83.9,1
43.4,-83.9,1
43.4,-83.9,1
43.4,-83.9,1
43.4,-83.9,1
43.4,-83.9,1
43.4,-83.9,1
43.4,-83.9,1
43.4,-83.9,1
43.4,-83.9,1
43.4,-83.9,1
43.4,-83.9,1
43.4,-83.9,1
43.4,-83.9,1
43.4,-83.9,1
43.4,-83.9,1
43.4,-83.9,1
43.4,-83.9,1
43.4,-83.9,1
43.4,-83.9,1
43.4,-83.9,1
43.4,-83.9,1
43.4,-83.9,1
43.4,-83.9,1
43.4,-83.9,1
43.4,-83.9,1
43.4,-83.9,1
43.4,-83.9,1
43.4,-83.9,1
43.4,-83.9,1
43.4,-83.9,1
43.4,-83.9,1
43.4,-83.9,1
43.4,-83.9,1
43.4,-83.9,1
43.4,-83.9,1
43.4,-83.9,1
43.4,-83.9,1
43.4,-83.9,1
43.4,-83.9,1
43.4,-83.9,1
43.4,-83.9,1
43.4,-83.9,1
43.4,-83.9,1
43.4,-83.9,1
43.4,-83.9,1
43.4,-83.9,1
43.4,-83.9,1
43.4,-83.9,1
43.4,-83.9,1
43.4,-83.9,1
43.4,-83.9,1
43.4,-83.9,1
43.4,-83.9,1
43.4,-83.9,1
43.4,-83.9,1
43.4,-83.9,1
43.4,-83.9,1
43.4,-83.9,1
43.4,-83.9,1
43.4,-83.9,1
43.4,-83.9,1
43.4,-83.9,1
43.4,-83.9,1
43.4,-83.9,1
43.4,-83.9,1
43.4,-83.9,1
43.4,-83.9,1
43.4,-83.9,1
43.4,-83.9,1
43.4,-83.9,1
43.4,-83.9,1
43.4,-83.9,1
43.4,-83.9,1
43.4,-83.9,1
43.4,-83.9,1
43.4,-83.9,1
43.4,-83.9,1
43.4,-83.9,1
43.4,-83.9,1
43.4,-83.9,1
43.4,-83.9,1
43.4,-83.9,1
43.4,-83.9,1
43.4,-83.9,1
43.4,-83.9,1
43.4,-83.9,1
43.4,-83.9,1
43.4,-83.9,1
43.4,-83.9,1
43.4,-83.9,1
43.4,-83.9,1
43.4,-83.9,1
43.4,-83.9,1
43.4,-83.9,1
43.4,-83.9,1
43.4,-83.9,1
43.4,-83.9,1
43.4,-83.9,1
43.4,-83.9,1
43.4,-83.9,1
43.4,-83.9,1
43.4,-83.9,1
43.4,-83.9,1
43.4,-83.9,1
43.4,-83.9,1
43.4,-83.9,1
43.4,-83.9,1
43.4,-83.9,1
43.4,-83.9,1
43.4,-83.9,1
43.4,-83.9,1
43.4,-83.9,1
43.4,-83.9,1
43.4,-83.9,1
43.4,-83.9,1
43.4,-83.9,1
43.4,-83.9,1
43.4,-83.9,1
43.4,-83.9,1
43.4,-83.9,1
43.4,-83.9,1
43.4,-83.9,1
43.4,-83.9,1
43.4,-83.9,1
43.4,-83.9,1
43.4,-83.9,1
43.4,-83.9,1
43.4,-83.9,1
43.4,-83.9,1
43.4,-83.9,1
43.4,-83.9,1
43.4,-83.9,1
43.4,-83.9,1
43.4,-83.9,1
43.4,-83.9,1
43.4,-83.9,1
43.4,-83.9,1
43.4,-83.9,1
43.4,-83.9,1
43.4,-83.9,1
43.4,-83.9,1
43.4,-83.9,1
43.4,-83.9,1
43.4,-83.9,1
43.4,-83.9,1
43.4,-83.9,1
43.4,-83.9,1
43.4,-83.9,1
43.4,-83.9,1
43.4,-83.9,1
43.4,-83.9,1
43.4,-83.9,1
43.4,-83.9,1
43.4,-83.9,1
43.4,-83.9,1
43.4,-83.9,1
43.4,-83.9,1
43.4,-83.9,1
43.4,-83.9,1
43.4,-83.9,1
43.4,-83.9,1
43.4,-83.9,1
43.4,-83.9,1
43.4,-83.9,1
43.4,-83.9,1
43.4,-83.9,1
43.4,-83.9,1
43.4,-83.9,1
43.4,-83.9,1
43.4,-83.9,1
43.4,-83.9,1
43.4,-83.9,1
43.4,-83.9,1
43.4,-83.9,1
43.4,-83.9,1
43.4,-83.9,1
43.4,-83.9,1
43.4,-83.9,1
43.4,-83.9,1
43.4,-83.9,1
43.4,-83.9,1
43.4,-83.9,1
43.4,-83.9,1
43.4,-83.9,1
43.4,-83.9,1
43.4,-83.9,1
43.4,-83.9,1
43.4,-83.9,1
43.4,-83.9,1
43.4,-83.9,1
43.4,-83.9,1
43.4,-83.9,1
43.4,-83.9,1
43.4,-83.9,1
43.4,-83.9,1
43.4,-83.9,1
43.4,-83.9,1
43.4,-83.9,1
43.4,-83.9,1
43.4,-83.9,1
43.4,-83.9,1
43.4,-83.9,1
43.4,-83.9,1
43.4,-83.9,1
43.4,-83.9,1
43.4,-83.9,1
43.4,-83.9,1
43.4,-83.9,1
43.4,-83.9,1
43.4,-83.9,1
43.4,-83.9,1
43.4,-83.9,1
43.4,-83.9,1
43.4,-83.9,1
43.4,-83.9,1
43.4,-83.9,1
43.4,-83.9,1
43.4,-83.9,1
43.4,-83.9,1
43.4,-83.9,1
43.4,-83.9,1
43.4,-83.9,1
43.4,-83.9,1
43.4,-83.9,1
43.4,-83.9,1
43.4,-83.9,1
43.4,-83.9,1
43.4,-83.9,1
43.4,-83.9,1
43.4,-83.9,1
43.4,-83.9,1
43.4,-83.9,1
43.4,-83.9,1
43.4,-83.9,1
43.4,-83.9,1
43.4,-83.9,1
43.4,-83.9,1
43.4,-83.9,1
43.4,-83.9,1
43.4,-83.9,1
43.4,-83.9,1
43.4,-83.9,1
43.4,-83.9,1
43.4,-83.9,1
43.4,-83.9,1
43.4,-83.9,1
43.4,-83.9,1
43.4,-83.9,1
43.4,-83.9,1
43.4,-83.9,1
43.4,-83.9,1
43.4,-83.9,1
43.4,-83.9,1
43.4,-83.9,1
43.4,-83.9,1
43.4,-83.9,1
43.4,-83.9,1
43.4,-83.9,1
43.4,-83.9,1
43.4,-83.9,1
43.4,-83.9,1
43.4,-83.9,1
43.4,-83.9,1
43.4,-83.9,1
43.4,-83.9,1
43.4,-83.9,1
43.4,-83.9,1
43.4,-83.9,1
43.4,-83.9,1
43.4,-83.9,1
43.4,-83.9,1
43.4,-83.9,1
43.4,-83.9,1
43.4,-83.9,1
43.4,-83.9,1
43.4,-83.9,1
43.4,-83.9,1
43.4,-83.9,1
43.4,-83.9,1
43.4,-83.9,1
43.4,-83.9,1
43.4,-83.9,1
43.4,-83.9,1
43.4,-83.9,1
43.4,-83.9,1
43.4,-83.9,1
43.4,-83.9,1
43.4,-83.9,1
43.4,-83.9,1
43.4,-83.9,1
43.4,-83.9,1
43.4,-83.9,1
43.4,-83.9,1
43.4,-83.9,1
43.4,-83.9,1
43.4,-83.9,1
43.4,-83.9,1
43.4,-83.9,1
43.4,-83.9,1
43.4,-83.9,1
43.4,-83.9,1
43.4,-83.9,1
43.4,-83.9,1
43.4,-83.9,1
43.4,-83.9,1
43.4,-83.9,1
43.4,-83.9,1
43.4,-83.9,1
43.4,-83.9,1
43.4,-83.9,1
43.4,-83.9,1
43.4,-83.9,1
43.4,-83.9,1
43.4,-83.9,1
43.4,-83.9,1
43.4,-83.9,1
43.4,-83.9,1
43.4,-83.9,1
43.4,-83.9,1
43.4,-83.9,1
43.4,-83.9,1
43.4,-83.9,1
43.4,-83.9,1
43.4,-83.9,1
43.4,-83.9,1
43.4,-83.9,1
43.4,-83.9,1
43.4,-83.9,1
43.4,-83.9,1
43.4,-83.9,1
43.4,-83.9,1
43.4,-83.9,1
43.4,-83.9,1
43.4,-83.9,1
43.4,-83.9,1
43.4,-83.9,1
43.4,-83.9,1
43.4,-83.9,1
43.4,-83.9,1
43.4,-83.9,1
43.4,-83.9,1
43.4,-83.9,1
43.4,-83.9,1
43.4,-83.9,1
43.4,-83.9,1
43.4,-83.9,1
43.4,-83.9,1
43.4,-83.9,1
43.4,-83.9,1
43.4,-83.9,1
43.4,-83.9,1
43.4,-83.9,1
43.4,-83.9,1
43.4,-83.9,1
43.4,-83.9,1
43.4,-83.9,1
43.4,-83.9,1
43.4,-83.9,1
43.4,-83.9,1
43.4,-83.9,1
43.4,-83.9,1
43.4,-83.9,1
43.4,-83.9,1
43.4,-83.9,1
43.4,-83.9,1
43.4,-83.9,1
43.4,-83.9,1
43.4,-83.9,1
43.4,-83.9,1
43.4,-83.9,1
43.4,-83.9,1
43.4,-83.9,1
43.4,-83.9,1
43.4,-83.9,1
43.4,-83.9,1
43.4,-83.9,1
43.4,-83.9,1
43.4,-83.9,1
43.4,-83.9,1
43.4,-83.9,1
43.4,-83.9,1
43.4,-83.9,1
43.4,-83.9,1
43.4,-83.9,1
43.4,-83.9,1
43.4,-83.9,1
43.4,-83.9,1
43.4,-83.9,1
43.4,-83.9,1
43.4,-83.9,1
43.4,-83.9,1
43.4,-83.9,1
43.4,-83.9,1
43.4,-83.9,1
43.4,-83.9,1
43.4,-83.9,1
43.4,-83.9,1
43.4,-83.9,1
43.4,-83.9,1
43.4,-83.9,1
43.4,-83.9,1
43.4,-83.9,1
43.4,-83.9,1
43.4,-83.9,1
43.4,-83.9,1
43.4,-83.9,1
43.4,-83.9,1
43.4,-83.9,1
43.4,-83.9,1
43.4,-83.9,1
43.4,-83.9,1
43.4,-83.9,1
43.4,-83.9,1
43.4,-83.9,1
43.4,-83.9,1
43.4,-83.9,1
43.4,-83.9,1
43.4,-83.9,1
43.4,-83.9,1
43.4,-83.9,1
43.4,-83.9,1
43.4,-83.9,1
43.4,-83.9,1
43.4,-83.9,1
43.4,-83.9,1
43.4,-83.9,1
43.4,-83.9,1
43.4,-83.9,1
43.4,-83.9,1
43.4,-83.9,1
43.4,-83.9,1
43.4,-83.9,1
43.4,-83.9,1
43.4,-83.9,1
43.4,-83.9,1
43.4,-83.9,1
43.4,-83.9,1
43.4,-83.9,1
43.4,-83.9,1
43.4,-83.9,1
43.4,-83.9,1
43.4,-83.9,1
43.4,-83.9,1
43.4,-83.9,1
43.4,-83.9,1
43.4,-83.9,1
43.4,-83.9,1
43.4,-83.9,1
43.4,-83.9,1
43.4,-83.9,1
43.4,-83.9,1
43.4,-83.9,1
43.4,-83.9,1
43.4,-83.9,1
43.4,-83.9,1
43.4,-83.9,1
43.4,-83.9,1
43.4,-83.9,1
43.4,-83.9,1
43.4,-83.9,1
43.4,-83.9,1
43.4,-83.9,1
43.4,-83.9,1
43.4,-83.9,1
43.4,-83.9,1
43.4,-83.9,1
43.4,-83.9,1
43.4,-83.9,1
43.4,-83.9,1
43.4,-83.9,1
43.4,-83.9,1
43.4,-83.9,1
43.4,-83.9,1
43.4,-83.9,1
43.4,-83.9,1
43.4,-83.9,1
43.4,-83.9,1
43.4,-83.9,1
43.4,-83.9,1
43.4,-83.9,1
43.4,-83.9,1
43.4,-83.9,1
43.4,-83.9,1
43.4,-83.9,1
43.4,-83.9,1
43.4,-83.9,1
43.4,-83.9,1
43.4,-83.9,1
43.4,-83.9,1
43.4,-83.9,1
43.4,-83.9,1
43.4,-83.9,1
43.4,-83.9,1
43.4,-83.9,1
43.4,-83.9,1
43.4,-83.9,1
43.4,-83.9,1
43.4,-83.9,1
43.4,-83.9,1
43.4,-83.9,1
43.4,-83.9,1
43.4,-83.9,1
43.4,-83.9,1
43.4,-83.9,1
43.4,-83.9,1
43.4,-83.9,1
43.4,-83.9,1
43.4,-83.9,1
43.4,-83.9,1
43.4,-83.9,1
43.4,-83.9,1
43.4,-83.9,1
43.4,-83.9,1
43.4,-83.9,1
43.4,-83.9,1
43.4,-83.9,1
43.4,-83.9,1
43.45,-82.56,1
43.45,-82.56,1
43.45,-82.56,1
43.45,-82.56,1
43.45,-82.56,1
43.45,-82.56,1
43.45,-82.56,1
43.45,-82.56,1
43.45,-82.56,1
43.45,-82.56,1
43.45,-82.56,1
43.45,-82.56,1
43.45,-82.56,1
43.45,-82.56,1
43.45,-82.56,1
43.45,-82.56,1
43.45,-82.56,1
43.45,-82.56,1
43.45,-82.56,1
43.45,-82.56,1
43.45,-82.56,1
43.45,-82.56,1
43.45,-82.56,1
43.45,-82.56,1
43.45,-82.56,1
43.45,-82.56,1
43.45,-82.56,1
43.45,-82.56,1
43.45,-82.56,1
43.45,-82.56,1
43.45,-82.56,1
43.45,-82.56,1
43.45,-82.56,1
43.45,-82.56,1
43.45,-82.56,1
43.45,-82.56,1
43.45,-82.56,1
43.45,-82.56,1
43.45,-82.56,1
42.12,-85.69,1
42.12,-85.69,1
42.12,-85.69,1
42.12,-85.69,1
42.47,-82.9,1
42.47,-82.9,1
42.47,-82.9,1
42.47,-82.9,1
42.47,-82.9,1
42.47,-82.9,1
42.47,-82.9,1
42.47,-82.9,1
42.47,-82.9,1
42.47,-82.9,1
42.47,-82.9,1
42.47,-82.9,1
42.47,-82.9,1
42.47,-82.9,1
42.47,-82.9,1
42.47,-82.9,1
42.47,-82.9,1
42.47,-82.9,1
42.47,-82.9,1
42.47,-82.9,1
42.47,-82.9,1
42.47,-82.9,1
42.47,-82.9,1
42.47,-82.9,1
42.47,-82.9,1
42.47,-82.9,1
42.47,-82.9,1
42.47,-82.9,1
42.47,-82.9,1
42.47,-82.9,1
42.47,-82.9,1
42.47,-82.9,1
42.47,-82.9,1
42.47,-82.9,1
42.47,-82.9,1
42.47,-82.9,1
42.47,-82.9,1
42.47,-82.9,1
42.47,-82.9,1
42.47,-82.9,1
42.47,-82.9,1
42.47,-82.9,1
42.47,-82.9,1
42.47,-82.9,1
42.47,-82.9,1
42.47,-82.9,1
42.47,-82.9,1
42.47,-82.9,1
42.47,-82.9,1
42.47,-82.9,1
42.47,-82.9,1
42.47,-82.9,1
42.47,-82.9,1
42.47,-82.9,1
42.47,-82.9,1
42.47,-82.9,1
42.47,-82.9,1
42.47,-82.9,1
42.47,-82.9,1
42.47,-82.9,1
42.47,-82.9,1
42.47,-82.9,1
42.47,-82.9,1
42.47,-82.9,1
42.47,-82.9,1
42.47,-82.9,1
42.47,-82.9,1
42.47,-82.9,1
42.47,-82.9,1
42.47,-82.9,1
42.47,-82.9,1
42.47,-82.9,1
42.47,-82.9,1
42.47,-82.9,1
42.47,-82.9,1
42.47,-82.9,1
42.47,-82.9,1
42.47,-82.9,1
42.47,-82.9,1
42.47,-82.9,1
42.47,-82.9,1
42.47,-82.9,1
42.47,-82.9,1
42.47,-82.9,1
42.47,-82.9,1
42.47,-82.9,1
42.47,-82.9,1
42.47,-82.9,1
42.47,-82.9,1
42.47,-82.9,1
42.47,-82.9,1
42.47,-82.9,1
42.47,-82.9,1
42.47,-82.9,1
42.47,-82.9,1
42.47,-82.9,1
42.47,-82.9,1
42.47,-82.9,1
42.47,-82.9,1
42.47,-82.9,1
42.47,-82.9,1
42.47,-82.9,1
42.47,-82.9,1
42.47,-82.9,1
42.47,-82.9,1
42.47,-82.9,1
42.47,-82.9,1
42.47,-82.9,1
42.47,-82.9,1
42.47,-82.9,1
42.47,-82.9,1
42.47,-82.9,1
42.47,-82.9,1
42.47,-82.9,1
42.47,-82.9,1
42.47,-82.9,1
42.47,-82.9,1
42.47,-82.9,1
42.47,-82.9,1
42.47,-82.9,1
42.47,-82.9,1
42.47,-82.9,1
42.47,-82.9,1
42.47,-82.9,1
42.47,-82.9,1
42.47,-82.9,1
42.47,-82.9,1
42.47,-82.9,1
42.47,-82.9,1
42.47,-82.9,1
42.47,-82.9,1
42.47,-82.9,1
42.47,-82.9,1
42.47,-82.9,1
42.47,-82.9,1
42.47,-82.9,1
42.47,-82.9,1
42.47,-82.9,1
42.47,-82.9,1
42.47,-82.9,1
42.47,-82.9,1
42.47,-82.9,1
42.47,-82.9,1
42.47,-82.9,1
42.47,-82.9,1
42.47,-82.9,1
42.47,-82.9,1
42.47,-82.9,1
42.47,-82.9,1
42.47,-82.9,1
42.47,-82.9,1
42.47,-82.9,1
42.47,-82.9,1
42.47,-82.9,1
42.47,-82.9,1
42.47,-82.9,1
42.47,-82.9,1
42.47,-82.9,1
42.47,-82.9,1
42.47,-82.9,1
42.47,-82.9,1
42.47,-82.9,1
42.47,-82.9,1
42.47,-82.9,1
42.47,-82.9,1
42.47,-82.9,1
42.47,-82.9,1
42.47,-82.9,1
42.47,-82.9,1
42.47,-82.9,1
42.47,-82.9,1
42.47,-82.9,1
42.47,-82.9,1
42.47,-82.9,1
42.47,-82.9,1
42.47,-82.9,1
42.47,-82.9,1
42.47,-82.9,1
42.47,-82.9,1
42.47,-82.9,1
42.47,-82.9,1
42.47,-82.9,1
42.47,-82.9,1
42.47,-82.9,1
42.47,-82.9,1
42.47,-82.9,1
42.47,-82.9,1
42.47,-82.9,1
42.47,-82.9,1
42.47,-82.9,1
42.47,-82.9,1
42.47,-82.9,1
42.47,-82.9,1
42.47,-82.9,1
42.47,-82.9,1
42.47,-82.9,1
42.47,-82.9,1
42.47,-82.9,1
42.47,-82.9,1
42.47,-82.9,1
42.47,-82.9,1
42.47,-82.9,1
42.47,-82.9,1
42.47,-82.9,1
42.47,-82.9,1
42.47,-82.9,1
42.47,-82.9,1
42.47,-82.9,1
42.47,-82.9,1
42.47,-82.9,1
42.47,-82.9,1
42.47,-82.9,1
42.47,-82.9,1
42.47,-82.9,1
42.47,-82.9,1
42.47,-82.9,1
42.47,-82.9,1
42.47,-82.9,1
42.47,-82.9,1
42.47,-82.9,1
42.47,-82.9,1
42.47,-82.9,1
42.47,-82.9,1
42.47,-82.9,1
42.47,-82.9,1
42.47,-82.9,1
42.47,-82.9,1
42.47,-82.9,1
42.47,-82.9,1
42.47,-82.9,1
42.47,-82.9,1
42.47,-82.9,1
42.47,-82.9,1
42.47,-82.9,1
42.47,-82.9,1
42.47,-82.9,1
42.47,-82.9,1
42.47,-82.9,1
42.47,-82.9,1
42.47,-82.9,1
42.47,-82.9,1
42.47,-82.9,1
42.47,-82.9,1
42.47,-82.9,1
42.47,-82.9,1
42.47,-82.9,1
42.47,-82.9,1
42.47,-82.9,1
42.47,-82.9,1
42.47,-82.9,1
42.47,-82.9,1
42.47,-82.9,1
42.47,-82.9,1
42.47,-82.9,1
42.47,-82.9,1
42.47,-82.9,1
42.47,-82.9,1
42.47,-82.9,1
42.47,-82.9,1
42.47,-82.9,1
42.47,-82.9,1
42.47,-82.9,1
42.47,-82.9,1
42.47,-82.9,1
42.47,-82.9,1
42.47,-82.9,1
42.47,-82.9,1
42.47,-82.9,1
42.47,-82.9,1
42.47,-82.9,1
42.47,-82.9,1
42.47,-82.9,1
42.47,-82.9,1
42.47,-82.9,1
42.47,-82.9,1
42.47,-82.9,1
42.47,-82.9,1
42.47,-82.9,1
42.47,-82.9,1
42.47,-82.9,1
42.47,-82.9,1
42.47,-82.9,1
42.47,-82.9,1
42.47,-82.9,1
42.47,-82.9,1
42.47,-82.9,1
42.47,-82.9,1
42.47,-82.9,1
42.47,-82.9,1
42.47,-82.9,1
42.47,-82.9,1
42.47,-82.9,1
42.47,-82.9,1
42.47,-82.9,1
42.47,-82.9,1
42.47,-82.9,1
42.47,-82.9,1
42.47,-82.9,1
42.47,-82.9,1
42.47,-82.9,1
42.47,-82.9,1
42.47,-82.9,1
42.47,-82.9,1
42.47,-82.9,1
42.47,-82.9,1
42.47,-82.9,1
42.47,-82.9,1
42.47,-82.9,1
42.47,-82.9,1
42.47,-82.9,1
42.47,-82.9,1
42.47,-82.9,1
42.47,-82.9,1
42.47,-82.9,1
42.47,-82.9,1
42.47,-82.9,1
42.47,-82.9,1
42.47,-82.9,1
42.47,-82.9,1
42.47,-82.9,1
42.47,-82.9,1
42.47,-82.9,1
42.47,-82.9,1
42.47,-82.9,1
42.47,-82.9,1
42.47,-82.9,1
42.47,-82.9,1
42.47,-82.9,1
42.47,-82.9,1
42.47,-82.9,1
42.47,-82.9,1
42.47,-82.9,1
42.47,-82.9,1
42.47,-82.9,1
42.47,-82.9,1
42.47,-82.9,1
42.47,-82.9,1
42.47,-82.9,1
42.47,-82.9,1
42.47,-82.9,1
42.47,-82.9,1
42.47,-82.9,1
42.47,-82.9,1
42.47,-82.9,1
42.47,-82.9,1
42.47,-82.9,1
42.47,-82.9,1
42.47,-82.9,1
42.47,-82.9,1
42.47,-82.9,1
42.47,-82.9,1
42.47,-82.9,1
42.47,-82.9,1
42.47,-82.9,1
42.47,-82.9,1
42.47,-82.9,1
42.47,-82.9,1
42.47,-82.9,1
42.47,-82.9,1
42.47,-82.9,1
42.47,-82.9,1
42.47,-82.9,1
42.47,-82.9,1
42.47,-82.9,1
42.47,-82.9,1
42.47,-82.9,1
42.47,-82.9,1
42.47,-82.9,1
42.47,-82.9,1
42.47,-82.9,1
42.47,-82.9,1
42.47,-82.9,1
42.47,-82.9,1
42.47,-82.9,1
42.47,-82.9,1
42.47,-82.9,1
42.47,-82.9,1
42.47,-82.9,1
42.47,-82.9,1
42.47,-82.9,1
42.47,-82.9,1
42.47,-82.9,1
42.47,-82.9,1
42.47,-82.9,1
42.47,-82.9,1
42.47,-82.9,1
42.47,-82.9,1
42.47,-82.9,1
42.47,-82.9,1
42.47,-82.9,1
42.47,-82.9,1
42.47,-82.9,1
42.47,-82.9,1
42.47,-82.9,1
42.47,-82.9,1
42.47,-82.9,1
42.47,-82.9,1
42.47,-82.9,1
42.47,-82.9,1
42.47,-82.9,1
42.47,-82.9,1
42.47,-82.9,1
42.47,-82.9,1
42.47,-82.9,1
42.47,-82.9,1
42.47,-82.9,1
42.47,-82.9,1
42.47,-82.9,1
42.47,-82.9,1
42.47,-82.9,1
42.47,-82.9,1
42.47,-82.9,1
42.47,-82.9,1
42.47,-82.9,1
42.47,-82.9,1
42.47,-82.9,1
42.47,-82.9,1
42.47,-82.9,1
42.47,-82.9,1
42.06,-86.45,1
42.06,-86.45,1
42.06,-86.45,1
42.06,-86.45,1
42.06,-86.45,1
42.06,-86.45,1
42.06,-86.45,1
42.06,-86.45,1
42.06,-86.45,1
42.06,-86.45,1
42.06,-86.45,1
42.06,-86.45,1
42.06,-86.45,1
42.06,-86.45,1
42.06,-86.45,1
42.06,-86.45,1
42.06,-86.45,1
42.06,-86.45,1
42.06,-86.45,1
42.06,-86.45,1
42.06,-86.45,1
42.06,-86.45,1
42.06,-86.45,1
42.06,-86.45,1
42.06,-86.45,1
42.06,-86.45,1
42.06,-86.45,1
42.06,-86.45,1
42.06,-86.45,1
42.06,-86.45,1
42.06,-86.45,1
42.06,-86.45,1
42.06,-86.45,1
42.06,-86.45,1
42.06,-86.45,1
42.06,-86.45,1
42.06,-86.45,1
42.06,-86.45,1
42.06,-86.45,1
42.06,-86.45,1
42.06,-86.45,1
42.06,-86.45,1
42.06,-86.45,1
42.06,-86.45,1
42.06,-86.45,1
42.06,-86.45,1
42.06,-86.45,1
42.06,-86.45,1
42.06,-86.45,1
42.06,-86.45,1
42.06,-86.45,1
42.06,-86.45,1
42.06,-86.45,1
42.06,-86.45,1
42.06,-86.45,1
42.06,-86.45,1
42.06,-86.45,1
42.06,-86.45,1
42.06,-86.45,1
42.06,-86.45,1
42.06,-86.45,1
42.06,-86.45,1
42.06,-86.45,1
42.06,-86.45,1
42.06,-86.45,1
42.06,-86.45,1
42.06,-86.45,1
42.06,-86.45,1
42.06,-86.45,1
42.06,-86.45,1
42.06,-86.45,1
42.06,-86.45,1
42.06,-86.45,1
42.06,-86.45,1
42.06,-86.45,1
42.06,-86.45,1
42.06,-86.45,1
42.06,-86.45,1
42.06,-86.45,1
42.06,-86.45,1
42.06,-86.45,1
42.06,-86.45,1
42.06,-86.45,1
42.06,-86.45,1
42.06,-86.45,1
42.06,-86.45,1
42.06,-86.45,1
42.06,-86.45,1
42.06,-86.45,1
42.06,-86.45,1
42.06,-86.45,1
42.06,-86.45,1
42.28,-83.39,1
42.28,-83.39,1
42.28,-83.39,1
42.28,-83.39,1
42.28,-83.39,1
42.28,-83.39,1
42.28,-83.39,1
42.28,-83.39,1
42.28,-83.39,1
42.28,-83.39,1
42.28,-83.39,1
42.28,-83.39,1
42.28,-83.39,1
42.28,-83.39,1
42.28,-83.39,1
42.28,-83.39,1
42.28,-83.39,1
42.28,-83.39,1
42.28,-83.39,1
42.28,-83.39,1
42.28,-83.39,1
42.28,-83.39,1
42.28,-83.39,1
42.28,-83.39,1
42.28,-83.39,1
42.28,-83.39,1
42.28,-83.39,1
42.28,-83.39,1
42.28,-83.39,1
42.28,-83.39,1
42.28,-83.39,1
42.28,-83.39,1
42.28,-83.39,1
42.28,-83.39,1
42.28,-83.39,1
42.28,-83.39,1
42.28,-83.39,1
42.28,-83.39,1
42.28,-83.39,1
42.28,-83.39,1
42.28,-83.39,1
42.28,-83.39,1
42.28,-83.39,1
42.28,-83.39,1
42.28,-83.39,1
42.28,-83.39,1
42.28,-83.39,1
42.28,-83.39,1
42.28,-83.39,1
42.28,-83.39,1
42.28,-83.39,1
42.28,-83.39,1
42.28,-83.39,1
42.28,-83.39,1
42.28,-83.39,1
42.28,-83.39,1
42.28,-83.39,1
42.28,-83.39,1
42.28,-83.39,1
42.28,-83.39,1
42.28,-83.39,1
42.28,-83.39,1
42.28,-83.39,1
42.28,-83.39,1
42.28,-83.39,1
42.28,-83.39,1
42.28,-83.39,1
42.28,-83.39,1
42.28,-83.39,1
42.28,-83.39,1
42.28,-83.39,1
42.28,-83.39,1
42.28,-83.39,1
42.28,-83.39,1
42.28,-83.39,1
42.28,-83.39,1
42.28,-83.39,1
42.28,-83.39,1
42.28,-83.39,1
42.28,-83.39,1
42.28,-83.39,1
42.28,-83.39,1
42.28,-83.39,1
42.28,-83.39,1
42.28,-83.39,1
42.28,-83.39,1
42.28,-83.39,1
42.28,-83.39,1
42.28,-83.39,1
42.28,-83.39,1
42.28,-83.39,1
42.28,-83.39,1
42.28,-83.39,1
42.28,-83.39,1
42.28,-83.39,1
42.28,-83.39,1
42.28,-83.39,1
42.28,-83.39,1
42.28,-83.39,1
42.28,-83.39,1
42.28,-83.39,1
42.28,-83.39,1
42.28,-83.39,1
42.28,-83.39,1
42.28,-83.39,1
42.28,-83.39,1
42.28,-83.39,1
42.28,-83.39,1
42.28,-83.39,1
42.28,-83.39,1
42.28,-83.39,1
42.28,-83.39,1
42.28,-83.39,1
42.28,-83.39,1
42.28,-83.39,1
42.28,-83.39,1
42.28,-83.39,1
42.28,-83.39,1
42.28,-83.39,1
42.28,-83.39,1
42.28,-83.39,1
42.28,-83.39,1
42.28,-83.39,1
42.28,-83.39,1
42.28,-83.39,1
42.28,-83.39,1
42.28,-83.39,1
42.28,-83.39,1
42.28,-83.39,1
42.28,-83.39,1
42.28,-83.39,1
42.28,-83.39,1
42.28,-83.39,1
42.28,-83.39,1
42.28,-83.39,1
42.28,-83.39,1
42.28,-83.39,1
42.28,-83.39,1
42.28,-83.39,1
42.28,-83.39,1
42.28,-83.39,1
42.28,-83.39,1
42.28,-83.39,1
42.28,-83.39,1
42.28,-83.39,1
42.28,-83.39,1
42.28,-83.39,1
42.28,-83.39,1
42.28,-83.39,1
42.28,-83.39,1
42.28,-83.39,1
42.28,-83.39,1
42.28,-83.39,1
42.28,-83.39,1
42.28,-83.39,1
42.28,-83.39,1
42.28,-83.39,1
42.28,-83.39,1
42.28,-83.39,1
42.28,-83.39,1
42.28,-83.39,1
42.28,-83.39,1
42.28,-83.39,1
42.28,-83.39,1
42.28,-83.39,1
42.28,-83.39,1
42.28,-83.39,1
42.28,-83.39,1
42.28,-83.39,1
42.28,-83.39,1
42.28,-83.39,1
42.28,-83.39,1
42.28,-83.39,1
42.28,-83.39,1
42.28,-83.39,1
42.28,-83.39,1
42.28,-83.39,1
42.28,-83.39,1
42.28,-83.39,1
42.28,-83.39,1
42.28,-83.39,1
42.28,-83.39,1
42.28,-83.39,1
42.28,-83.39,1
42.28,-83.39,1
42.28,-83.39,1
42.28,-83.39,1
42.28,-83.39,1
42.28,-83.39,1
42.28,-83.39,1
42.28,-83.39,1
42.28,-83.39,1
42.28,-83.39,1
42.28,-83.39,1
42.28,-83.39,1
42.28,-83.39,1
42.28,-83.39,1
42.28,-83.39,1
42.28,-83.39,1
42.28,-83.39,1
42.28,-83.39,1
42.28,-83.39,1
42.28,-83.39,1
42.28,-83.39,1
42.28,-83.39,1
42.28,-83.39,1
42.28,-83.39,1
42.28,-83.39,1
42.28,-83.39,1
42.28,-83.39,1
42.28,-83.39,1
42.28,-83.39,1
42.28,-83.39,1
42.28,-83.39,1
42.28,-83.39,1
42.28,-83.39,1
42.28,-83.39,1
42.28,-83.39,1
42.28,-83.39,1
42.28,-83.39,1
42.28,-83.39,1
42.28,-83.39,1
42.28,-83.39,1
42.28,-83.39,1
42.28,-83.39,1
42.28,-83.39,1
42.28,-83.39,1
42.28,-83.39,1
42.28,-83.39,1
42.28,-83.39,1
42.28,-83.39,1
42.28,-83.39,1
42.28,-83.39,1
42.28,-83.39,1
42.28,-83.39,1
42.28,-83.39,1
42.28,-83.39,1
42.28,-83.39,1
42.28,-83.39,1
42.28,-83.39,1
42.28,-83.39,1
42.28,-83.39,1
42.28,-83.39,1
42.28,-83.39,1
42.28,-83.39,1
42.28,-83.39,1
42.28,-83.39,1
42.28,-83.39,1
42.28,-83.39,1
42.28,-83.39,1
42.28,-83.39,1
42.28,-83.39,1
42.28,-83.39,1
42.28,-83.39,1
42.28,-83.39,1
42.28,-83.39,1
42.28,-83.39,1
42.28,-83.39,1
42.28,-83.39,1
42.28,-83.39,1
42.28,-83.39,1
42.28,-83.39,1
42.28,-83.39,1
42.28,-83.39,1
42.28,-83.39,1
42.28,-83.39,1
42.28,-83.39,1
42.28,-83.39,1
42.28,-83.39,1
42.28,-83.39,1
42.28,-83.39,1
42.28,-83.39,1
42.28,-83.39,1
42.28,-83.39,1
42.28,-83.39,1
42.28,-83.39,1
42.28,-83.39,1
42.28,-83.39,1
42.28,-83.39,1
42.28,-83.39,1
42.28,-83.39,1
42.28,-83.39,1
42.28,-83.39,1
42.28,-83.39,1
42.28,-83.39,1
42.28,-83.39,1
42.28,-83.39,1
42.28,-83.39,1
42.28,-83.39,1
42.28,-83.39,1
42.28,-83.39,1
42.28,-83.39,1
42.28,-83.39,1
42.28,-83.39,1
42.28,-83.39,1
42.28,-83.39,1
42.28,-83.39,1
42.28,-83.39,1
42.28,-83.39,1
42.28,-83.39,1
42.28,-83.39,1
42.28,-83.39,1
42.28,-83.39,1
42.28,-83.39,1
42.28,-83.39,1
42.28,-83.39,1
42.28,-83.39,1
42.28,-83.39,1
42.28,-83.39,1
42.28,-83.39,1
42.28,-83.39,1
42.28,-83.39,1
42.28,-83.39,1
42.28,-83.39,1
42.28,-83.39,1
42.28,-83.39,1
42.28,-83.39,1
42.28,-83.39,1
42.28,-83.39,1
42.28,-83.39,1
42.28,-83.39,1
42.28,-83.39,1
42.28,-83.39,1
42.28,-83.39,1
42.28,-83.39,1
42.28,-83.39,1
42.28,-83.39,1
42.28,-83.39,1
42.28,-83.39,1
42.28,-83.39,1
42.28,-83.39,1
42.28,-83.39,1
42.28,-83.39,1
42.28,-83.39,1
42.28,-83.39,1
42.28,-83.39,1
42.28,-83.39,1
42.28,-83.39,1
42.28,-83.39,1
42.28,-83.39,1
42.28,-83.39,1
42.28,-83.39,1
42.28,-83.39,1
42.28,-83.39,1
42.28,-83.39,1
42.28,-83.39,1
42.28,-83.39,1
42.28,-83.39,1
42.28,-83.39,1
42.28,-83.39,1
42.28,-83.39,1
42.28,-83.39,1
42.28,-83.39,1
42.28,-83.39,1
42.28,-83.39,1
42.28,-83.39,1
42.28,-83.39,1
42.28,-83.39,1
42.28,-83.39,1
42.28,-83.39,1
42.28,-83.39,1
42.28,-83.39,1
42.28,-83.39,1
42.28,-83.39,1
42.28,-83.39,1
42.28,-83.39,1
42.28,-83.39,1
42.28,-83.39,1
42.28,-83.39,1
42.28,-83.39,1
42.28,-83.39,1
42.28,-83.39,1
42.28,-83.39,1
42.28,-83.39,1
42.28,-83.39,1
42.28,-83.39,1
42.28,-83.39,1
42.28,-83.39,1
42.28,-83.39,1
42.28,-83.39,1
42.28,-83.39,1
42.28,-83.39,1
42.28,-83.39,1
42.28,-83.39,1
42.28,-83.39,1
42.28,-83.39,1
42.28,-83.39,1
42.28,-83.39,1
42.28,-83.39,1
42.28,-83.39,1
42.28,-83.39,1
42.28,-83.39,1
42.28,-83.39,1
42.28,-83.39,1
42.28,-83.39,1
42.28,-83.39,1
42.28,-83.39,1
42.28,-83.39,1
42.28,-83.39,1
42.28,-83.39,1
42.28,-83.39,1
42.28,-83.39,1
42.28,-83.39,1
42.28,-83.39,1
42.28,-83.39,1
42.28,-83.39,1
42.28,-83.39,1
42.28,-83.39,1
42.28,-83.39,1
42.28,-83.39,1
42.28,-83.39,1
42.28,-83.39,1
42.28,-83.39,1
42.28,-83.39,1
42.28,-83.39,1
42.28,-83.39,1
42.28,-83.39,1
42.28,-83.39,1
42.28,-83.39,1
42.28,-83.39,1
42.28,-83.39,1
42.28,-83.39,1
42.28,-83.39,1
42.28,-83.39,1
42.28,-83.39,1
42.28,-83.39,1
42.28,-83.39,1
42.28,-83.39,1
42.28,-83.39,1
42.28,-83.39,1
42.28,-83.39,1
42.28,-83.39,1
42.28,-83.39,1
42.28,-83.39,1
42.28,-83.39,1
42.28,-83.39,1
42.28,-83.39,1
42.28,-83.39,1
42.28,-83.39,1
42.28,-83.39,1
42.28,-83.39,1
42.28,-83.39,1
42.28,-83.39,1
42.28,-83.39,1
42.28,-83.39,1
42.28,-83.39,1
42.28,-83.39,1
42.28,-83.39,1
42.28,-83.39,1
42.28,-83.39,1
42.28,-83.39,1
42.28,-83.39,1
42.28,-83.39,1
42.28,-83.39,1
42.28,-83.39,1
42.28,-83.39,1
42.28,-83.39,1
42.28,-83.39,1
42.28,-83.39,1
42.28,-83.39,1
42.28,-83.39,1
42.28,-83.39,1
42.28,-83.39,1
42.28,-83.39,1
42.28,-83.39,1
42.28,-83.39,1
42.28,-83.39,1
42.28,-83.39,1
42.28,-83.39,1
42.28,-83.39,1
42.28,-83.39,1
42.28,-83.39,1
42.28,-83.39,1
42.28,-83.39,1
42.28,-83.39,1
42.28,-83.39,1
42.28,-83.39,1
42.28,-83.39,1
42.28,-83.39,1
42.28,-83.39,1
42.28,-83.39,1
42.28,-83.39,1
42.28,-83.39,1
42.28,-83.39,1
42.28,-83.39,1
42.28,-83.39,1
42.28,-83.39,1
42.28,-83.39,1
42.28,-83.39,1
42.28,-83.39,1
42.28,-83.39,1
42.28,-83.39,1
42.28,-83.39,1
42.28,-83.39,1
42.28,-83.39,1
42.28,-83.39,1
42.28,-83.39,1
42.28,-83.39,1
42.28,-83.39,1
42.28,-83.39,1
42.28,-83.39,1
42.28,-83.39,1
42.28,-83.39,1
42.28,-83.39,1
42.28,-83.39,1
42.28,-83.39,1
42.28,-83.39,1
42.28,-83.39,1
42.28,-83.39,1
42.28,-83.39,1
42.28,-83.39,1
42.28,-83.39,1
42.28,-83.39,1
42.28,-83.39,1
42.28,-83.39,1
42.28,-83.39,1
42.28,-83.39,1
42.28,-83.39,1
42.28,-83.39,1
42.28,-83.39,1
42.28,-83.39,1
42.28,-83.39,1
42.28,-83.39,1
42.28,-83.39,1
42.28,-83.39,1
42.28,-83.39,1
42.28,-83.39,1
42.28,-83.39,1
42.28,-83.39,1
42.28,-83.39,1
42.28,-83.39,1
42.28,-83.39,1
42.28,-83.39,1
42.28,-83.39,1
42.28,-83.39,1
42.28,-83.39,1
42.28,-83.39,1
42.28,-83.39,1
42.28,-83.39,1
42.28,-83.39,1
42.28,-83.39,1
42.28,-83.39,1
42.28,-83.39,1
42.28,-83.39,1
42.28,-83.39,1
42.28,-83.39,1
42.28,-83.39,1
42.28,-83.39,1
42.28,-83.39,1
42.28,-83.39,1
42.28,-83.39,1
42.28,-83.39,1
42.28,-83.39,1
42.28,-83.39,1
42.28,-83.39,1
42.28,-83.39,1
42.28,-83.39,1
42.28,-83.39,1
42.28,-83.39,1
42.28,-83.39,1
42.28,-83.39,1
42.28,-83.39,1
42.28,-83.39,1
42.28,-83.39,1
42.28,-83.39,1
42.28,-83.39,1
42.28,-83.39,1
42.28,-83.39,1
42.28,-83.39,1
42.28,-83.39,1
42.28,-83.39,1
42.28,-83.39,1
42.28,-83.39,1
42.28,-83.39,1
42.28,-83.39,1
42.28,-83.39,1
42.28,-83.39,1
42.28,-83.39,1
42.28,-83.39,1
42.28,-83.39,1
42.28,-83.39,1
42.28,-83.39,1
42.28,-83.39,1
42.28,-83.39,1
42.28,-83.39,1
42.28,-83.39,1
42.28,-83.39,1
42.28,-83.39,1
42.28,-83.39,1
42.28,-83.39,1
42.28,-83.39,1
42.28,-83.39,1
42.28,-83.39,1
42.28,-83.39,1
42.28,-83.39,1
42.28,-83.39,1
42.28,-83.39,1
42.28,-83.39,1
42.28,-83.39,1
42.28,-83.39,1
42.28,-83.39,1
42.28,-83.39,1
42.28,-83.39,1
42.28,-83.39,1
42.28,-83.39,1
42.28,-83.39,1
42.28,-83.39,1
42.28,-83.39,1
42.28,-83.39,1
42.28,-83.39,1
42.28,-83.39,1
42.28,-83.39,1
42.28,-83.39,1
42.28,-83.39,1
42.28,-83.39,1
42.28,-83.39,1
42.28,-83.39,1
42.28,-83.39,1
42.28,-83.39,1
42.28,-83.39,1
42.28,-83.39,1
42.28,-83.39,1
42.28,-83.39,1
42.28,-83.39,1
42.28,-83.39,1
42.28,-83.39,1
42.28,-83.39,1
42.28,-83.39,1
42.28,-83.39,1
42.28,-83.39,1
42.28,-83.39,1
42.28,-83.39,1
42.28,-83.39,1
42.28,-83.39,1
42.28,-83.39,1
42.28,-83.39,1
42.28,-83.39,1
42.28,-83.39,1
42.28,-83.39,1
42.28,-83.39,1
42.28,-83.39,1
42.28,-83.39,1
42.28,-83.39,1
42.28,-83.39,1
42.28,-83.39,1
42.28,-83.39,1
42.28,-83.39,1
42.28,-83.39,1
42.28,-83.39,1
42.28,-83.39,1
42.28,-83.39,1
42.28,-83.39,1
42.28,-83.39,1
42.28,-83.39,1
42.28,-83.39,1
42.28,-83.39,1
42.28,-83.39,1
42.28,-83.39,1
42.28,-83.39,1
42.28,-83.39,1
42.28,-83.39,1
42.28,-83.39,1
42.28,-83.39,1
42.28,-83.39,1
42.28,-83.39,1
42.28,-83.39,1
42.28,-83.39,1
42.28,-83.39,1
42.28,-83.39,1
42.28,-83.39,1
42.28,-83.39,1
42.28,-83.39,1
42.28,-83.39,1
42.28,-83.39,1
42.28,-83.39,1
42.28,-83.39,1
42.28,-83.39,1
42.28,-83.39,1
42.28,-83.39,1
42.28,-83.39,1
42.28,-83.39,1
42.28,-83.39,1
42.28,-83.39,1
42.28,-83.39,1
42.28,-83.39,1
42.28,-83.39,1
42.28,-83.39,1
42.28,-83.39,1
42.28,-83.39,1
42.28,-83.39,1
42.28,-83.39,1
42.28,-83.39,1
42.28,-83.39,1
42.28,-83.39,1
42.28,-83.39,1
42.28,-83.39,1
42.28,-83.39,1
42.28,-83.39,1
42.28,-83.39,1
42.28,-83.39,1
42.28,-83.39,1
42.28,-83.39,1
42.28,-83.39,1
42.28,-83.39,1
42.28,-83.39,1
42.28,-83.39,1
42.28,-83.39,1
42.28,-83.39,1
42.28,-83.39,1
42.28,-83.39,1
42.28,-83.39,1
42.28,-83.39,1
42.28,-83.39,1
42.28,-83.39,1
42.28,-83.39,1
42.28,-83.39,1
42.28,-83.39,1
42.28,-83.39,1
42.28,-83.39,1
42.28,-83.39,1
42.28,-83.39,1
42.28,-83.39,1
42.28,-83.39,1
42.28,-83.39,1
42.28,-83.39,1
42.28,-83.39,1
42.28,-83.39,1
42.28,-83.39,1
42.28,-83.39,1
42.28,-83.39,1
42.28,-83.39,1
42.28,-83.39,1
42.28,-83.39,1
42.28,-83.39,1
42.28,-83.39,1
42.28,-83.39,1
42.28,-83.39,1
42.28,-83.39,1
42.28,-83.39,1
42.28,-83.39,1
42.28,-83.39,1
42.28,-83.39,1
42.28,-83.39,1
42.28,-83.39,1
42.28,-83.39,1
42.28,-83.39,1
42.28,-83.39,1
42.28,-83.39,1
42.28,-83.39,1
42.28,-83.39,1
42.28,-83.39,1
42.28,-83.39,1
42.28,-83.39,1
42.28,-83.39,1
42.28,-83.39,1
42.28,-83.39,1
42.28,-83.39,1
42.28,-83.39,1
42.28,-83.39,1
42.28,-83.39,1
42.28,-83.39,1
42.28,-83.39,1
42.28,-83.39,1
42.28,-83.39,1
42.28,-83.39,1
42.28,-83.39,1
42.28,-83.39,1
42.28,-83.39,1
42.28,-83.39,1
42.28,-83.39,1
42.28,-83.39,1
42.28,-83.39,1
42.28,-83.39,1
42.28,-83.39,1
42.28,-83.39,1
42.28,-83.39,1
42.28,-83.39,1
42.28,-83.39,1
42.28,-83.39,1
42.28,-83.39,1
42.28,-83.39,1
42.28,-83.39,1
42.28,-83.39,1
42.28,-83.39,1
42.28,-83.39,1
42.28,-83.39,1
42.28,-83.39,1
42.28,-83.39,1
42.28,-83.39,1
42.28,-83.39,1
42.28,-83.39,1
42.28,-83.39,1
42.28,-83.39,1
42.28,-83.39,1
42.28,-83.39,1
42.28,-83.39,1
42.28,-83.39,1
42.28,-83.39,1
42.28,-83.39,1
42.28,-83.39,1
42.28,-83.39,1
42.28,-83.39,1
42.28,-83.39,1
42.28,-83.39,1
42.28,-83.39,1
42.28,-83.39,1
42.28,-83.39,1
42.28,-83.39,1
42.28,-83.39,1
42.28,-83.39,1
42.28,-83.39,1
42.28,-83.39,1
42.28,-83.39,1
42.28,-83.39,1
42.28,-83.39,1
42.28,-83.39,1
42.28,-83.39,1
42.28,-83.39,1
42.28,-83.39,1
42.28,-83.39,1
42.28,-83.39,1
42.28,-83.39,1
42.28,-83.39,1
42.28,-83.39,1
42.28,-83.39,1
42.28,-83.39,1
42.28,-83.39,1
42.28,-83.39,1
42.28,-83.39,1
42.28,-83.39,1
42.28,-83.39,1
42.28,-83.39,1
42.28,-83.39,1
42.28,-83.39,1
42.28,-83.39,1
42.28,-83.39,1
42.28,-83.39,1
42.28,-83.39,1
42.28,-83.39,1
42.28,-83.39,1
42.28,-83.39,1
42.28,-83.39,1
42.28,-83.39,1
42.28,-83.39,1
42.28,-83.39,1
42.28,-83.39,1
42.28,-83.39,1
42.28,-83.39,1
42.28,-83.39,1
42.28,-83.39,1
42.28,-83.39,1
42.28,-83.39,1
42.28,-83.39,1
42.28,-83.39,1
42.28,-83.39,1
42.28,-83.39,1
42.28,-83.39,1
42.28,-83.39,1
42.28,-83.39,1
42.28,-83.39,1
42.28,-83.39,1
42.28,-83.39,1
42.28,-83.39,1
42.28,-83.39,1
42.28,-83.39,1
42.28,-83.39,1
42.28,-83.39,1
42.28,-83.39,1
42.28,-83.39,1
42.28,-83.39,1
42.28,-83.39,1
42.28,-83.39,1
42.28,-83.39,1
42.28,-83.39,1
42.28,-83.39,1
42.28,-83.39,1
42.28,-83.39,1
42.28,-83.39,1
42.28,-83.39,1
42.28,-83.39,1
42.28,-83.39,1
42.28,-83.39,1
42.28,-83.39,1
42.28,-83.39,1
42.28,-83.39,1
42.28,-83.39,1
42.28,-83.39,1
42.28,-83.39,1
42.28,-83.39,1
42.28,-83.39,1
42.28,-83.39,1
42.28,-83.39,1
42.28,-83.39,1
42.28,-83.39,1
42.28,-83.39,1
42.28,-83.39,1
42.28,-83.39,1
42.28,-83.39,1
42.28,-83.39,1
42.28,-83.39,1
42.28,-83.39,1
42.28,-83.39,1
42.28,-83.39,1
42.28,-83.39,1
42.28,-83.39,1
42.28,-83.39,1
42.28,-83.39,1
42.28,-83.39,1
42.28,-83.39,1
42.28,-83.39,1
42.28,-83.39,1
42.28,-83.39,1
42.28,-83.39,1
42.28,-83.39,1
42.28,-83.39,1
42.28,-83.39,1
42.28,-83.39,1
42.28,-83.39,1
42.28,-83.39,1
42.28,-83.39,1
42.28,-83.39,1
42.28,-83.39,1
42.28,-83.39,1
42.28,-83.39,1
42.28,-83.39,1
42.28,-83.39,1
42.28,-83.39,1
42.28,-83.39,1
42.28,-83.39,1
42.28,-83.39,1
42.28,-83.39,1
42.28,-83.39,1
42.28,-83.39,1
42.28,-83.39,1
42.28,-83.39,1
42.28,-83.39,1
42.28,-83.39,1
42.28,-83.39,1
42.28,-83.39,1
42.28,-83.39,1
42.28,-83.39,1
42.28,-83.39,1
42.28,-83.39,1
42.28,-83.39,1
42.28,-83.39,1
42.28,-83.39,1
42.28,-83.39,1
42.28,-83.39,1
42.28,-83.39,1
42.28,-83.39,1
42.28,-83.39,1
42.28,-83.39,1
42.28,-83.39,1
42.28,-83.39,1
42.28,-83.39,1
42.28,-83.39,1
42.28,-83.39,1
42.28,-83.39,1
42.28,-83.39,1
42.28,-83.39,1
42.28,-83.39,1
42.28,-83.39,1
42.28,-83.39,1
42.28,-83.39,1
42.28,-83.39,1
42.28,-83.39,1
42.28,-83.39,1
42.28,-83.39,1
42.28,-83.39,1
42.28,-83.39,1
42.28,-83.39,1
42.28,-83.39,1
42.28,-83.39,1
42.28,-83.39,1
42.28,-83.39,1
42.28,-83.39,1
42.28,-83.39,1
42.28,-83.39,1
42.28,-83.39,1
42.28,-83.39,1
42.28,-83.39,1
42.28,-83.39,1
42.28,-83.39,1
42.28,-83.39,1
42.28,-83.39,1
42.28,-83.39,1
42.28,-83.39,1
42.28,-83.39,1
42.28,-83.39,1
42.28,-83.39,1
42.28,-83.39,1
42.28,-83.39,1
42.28,-83.39,1
42.28,-83.39,1
42.28,-83.39,1
42.28,-83.39,1
42.28,-83.39,1
42.28,-83.39,1
42.28,-83.39,1
42.28,-83.39,1
42.28,-83.39,1
42.28,-83.39,1
42.28,-83.39,1
42.28,-83.39,1
42.28,-83.39,1
42.28,-83.39,1
42.28,-83.39,1
42.28,-83.39,1
42.28,-83.39,1
42.28,-83.39,1
42.28,-83.39,1
42.28,-83.39,1
42.28,-83.39,1
42.28,-83.39,1
42.28,-83.39,1
42.28,-83.39,1
42.28,-83.39,1
42.28,-83.39,1
42.28,-83.39,1
42.28,-83.39,1
42.28,-83.39,1
42.28,-83.39,1
42.28,-83.39,1
42.28,-83.39,1
42.28,-83.39,1
42.28,-83.39,1
42.28,-83.39,1
42.28,-83.39,1
42.28,-83.39,1
42.28,-83.39,1
42.28,-83.39,1
42.28,-83.39,1
42.28,-83.39,1
42.28,-83.39,1
42.28,-83.39,1
42.28,-83.39,1
42.28,-83.39,1
42.28,-83.39,1
42.28,-83.39,1
42.28,-83.39,1
42.28,-83.39,1
42.28,-83.39,1
42.28,-83.39,1
42.28,-83.39,1
42.28,-83.39,1
42.28,-83.39,1
42.28,-83.39,1
42.28,-83.39,1
42.28,-83.39,1
42.28,-83.39,1
42.28,-83.39,1
42.28,-83.39,1
42.28,-83.39,1
42.28,-83.39,1
42.28,-83.39,1
42.28,-83.39,1
42.28,-83.39,1
42.28,-83.39,1
42.28,-83.39,1
42.28,-83.39,1
42.28,-83.39,1
42.28,-83.39,1
42.28,-83.39,1
42.28,-83.39,1
42.28,-83.39,1
42.28,-83.39,1
42.28,-83.39,1
42.28,-83.39,1
42.28,-83.39,1
42.28,-83.39,1
42.28,-83.39,1
42.28,-83.39,1
42.28,-83.39,1
42.28,-83.39,1
42.28,-83.39,1
42.28,-83.39,1
42.28,-83.39,1
42.28,-83.39,1
42.28,-83.39,1
42.28,-83.39,1
42.28,-83.39,1
42.28,-83.39,1
42.28,-83.39,1
42.28,-83.39,1
42.28,-83.39,1
42.28,-83.39,1
42.28,-83.39,1
42.28,-83.39,1
42.28,-83.39,1
42.28,-83.39,1
42.28,-83.39,1
42.28,-83.39,1
42.28,-83.39,1
42.28,-83.39,1
42.28,-83.39,1
42.28,-83.39,1
42.28,-83.39,1
42.28,-83.39,1
42.28,-83.39,1
42.28,-83.39,1
42.28,-83.39,1
42.28,-83.39,1
42.28,-83.39,1
42.28,-83.39,1
42.28,-83.39,1
42.28,-83.39,1
42.28,-83.39,1
42.28,-83.39,1
42.28,-83.39,1
42.28,-83.39,1
42.28,-83.39,1
42.28,-83.39,1
42.28,-83.39,1
42.28,-83.39,1
42.28,-83.39,1
42.28,-83.39,1
42.28,-83.39,1
42.28,-83.39,1
42.28,-83.39,1
42.28,-83.39,1
42.28,-83.39,1
42.28,-83.39,1
42.28,-83.39,1
42.28,-83.39,1
42.28,-83.39,1
42.28,-83.39,1
42.28,-83.39,1
42.28,-83.39,1
42.28,-83.39,1
42.28,-83.39,1
42.28,-83.39,1
42.28,-83.39,1
42.28,-83.39,1
42.28,-83.39,1
42.28,-83.39,1
42.28,-83.39,1
42.28,-83.39,1
42.28,-83.39,1
42.28,-83.39,1
42.28,-83.39,1
42.28,-83.39,1
42.28,-83.39,1
42.28,-83.39,1
42.28,-83.39,1
42.28,-83.39,1
42.28,-83.39,1
42.28,-83.39,1
42.28,-83.39,1
42.28,-83.39,1
42.28,-83.39,1
42.28,-83.39,1
42.28,-83.39,1
42.28,-83.39,1
42.28,-83.39,1
42.28,-83.39,1
42.28,-83.39,1
42.28,-83.39,1
42.28,-83.39,1
42.28,-83.39,1
42.28,-83.39,1
42.28,-83.39,1
42.28,-83.39,1
42.28,-83.39,1
42.28,-83.39,1
42.28,-83.39,1
42.28,-83.39,1
42.28,-83.39,1
42.28,-83.39,1
42.28,-83.39,1
42.28,-83.39,1
42.28,-83.39,1
42.28,-83.39,1
42.28,-83.39,1
42.28,-83.39,1
42.28,-83.39,1
42.28,-83.39,1
42.28,-83.39,1
42.28,-83.39,1
42.28,-83.39,1
42.28,-83.39,1
42.28,-83.39,1
42.28,-83.39,1
42.28,-83.39,1
42.28,-83.39,1
42.28,-83.39,1
42.28,-83.39,1
42.28,-83.39,1
42.28,-83.39,1
42.28,-83.39,1
42.28,-83.39,1
42.28,-83.39,1
42.28,-83.39,1
42.28,-83.39,1
42.28,-83.39,1
42.28,-83.39,1
42.28,-83.39,1
42.28,-83.39,1
42.28,-83.39,1
42.28,-83.39,1
42.28,-83.39,1
42.28,-83.39,1
42.28,-83.39,1
42.28,-83.39,1
42.28,-83.39,1
42.28,-83.39,1
42.28,-83.39,1
42.28,-83.39,1
42.28,-83.39,1
42.28,-83.39,1
42.28,-83.39,1
42.28,-83.39,1
42.28,-83.39,1
42.28,-83.39,1
42.28,-83.39,1
42.28,-83.39,1
42.28,-83.39,1
42.28,-83.39,1
42.28,-83.39,1
42.28,-83.39,1
42.28,-83.39,1
42.28,-83.39,1
42.28,-83.39,1
42.28,-83.39,1
42.28,-83.39,1
42.28,-83.39,1
42.28,-83.39,1
42.28,-83.39,1
42.28,-83.39,1
42.28,-83.39,1
42.28,-83.39,1
42.28,-83.39,1
42.28,-83.39,1
42.28,-83.39,1
42.28,-83.39,1
42.28,-83.39,1
42.28,-83.39,1
42.28,-83.39,1
42.28,-83.39,1
42.28,-83.39,1
42.28,-83.39,1
42.28,-83.39,1
42.28,-83.39,1
42.28,-83.39,1
42.28,-83.39,1
42.28,-83.39,1
42.28,-83.39,1
42.28,-83.39,1
42.28,-83.39,1
42.28,-83.39,1
42.28,-83.39,1
42.28,-83.39,1
42.28,-83.39,1
42.28,-83.39,1
42.28,-83.39,1
42.28,-83.39,1
42.28,-83.39,1
42.28,-83.39,1
42.28,-83.39,1
42.28,-83.39,1
42.28,-83.39,1
42.28,-83.39,1
42.28,-83.39,1
42.28,-83.39,1
42.28,-83.39,1
42.28,-83.39,1
42.28,-83.39,1
42.28,-83.39,1
42.28,-83.39,1
42.28,-83.39,1
42.28,-83.39,1
42.28,-83.39,1
42.28,-83.39,1
42.28,-83.39,1
42.28,-83.39,1
42.28,-83.39,1
42.28,-83.39,1
42.28,-83.39,1
42.28,-83.39,1
42.28,-83.39,1
42.28,-83.39,1
42.28,-83.39,1
42.28,-83.39,1
42.28,-83.39,1
42.28,-83.39,1
42.28,-83.39,1
42.28,-83.39,1
42.28,-83.39,1
42.28,-83.39,1
42.28,-83.39,1
42.28,-83.39,1
42.28,-83.39,1
42.28,-83.39,1
42.28,-83.39,1
42.28,-83.39,1
42.28,-83.39,1
42.28,-83.39,1
42.28,-83.39,1
42.28,-83.39,1
42.28,-83.39,1
42.28,-83.39,1
42.28,-83.39,1
42.28,-83.39,1
42.28,-83.39,1
42.28,-83.39,1
42.28,-83.39,1
42.28,-83.39,1
42.28,-83.39,1
42.28,-83.39,1
42.28,-83.39,1
42.28,-83.39,1
42.28,-83.39,1
42.28,-83.39,1
42.28,-83.39,1
42.28,-83.39,1
42.28,-83.39,1
42.28,-83.39,1
42.28,-83.39,1
42.28,-83.39,1
42.28,-83.39,1
42.28,-83.39,1
42.28,-83.39,1
42.28,-83.39,1
42.28,-83.39,1
42.28,-83.39,1
42.28,-83.39,1
42.28,-83.39,1
42.28,-83.39,1
42.28,-83.39,1
42.28,-83.39,1
42.28,-83.39,1
42.28,-83.39,1
42.28,-83.39,1
42.28,-83.39,1
42.28,-83.39,1
42.28,-83.39,1
42.28,-83.39,1
42.28,-83.39,1
42.28,-83.39,1
42.28,-83.39,1
42.28,-83.39,1
42.28,-83.39,1
42.28,-83.39,1
42.28,-83.39,1
42.28,-83.39,1
42.28,-83.39,1
42.28,-83.39,1
42.28,-83.39,1
42.28,-83.39,1
42.28,-83.39,1
42.28,-83.39,1
42.28,-83.39,1
42.28,-83.39,1
42.28,-83.39,1
42.28,-83.39,1
42.28,-83.39,1
42.28,-83.39,1
42.28,-83.39,1
42.28,-83.39,1
42.28,-83.39,1
42.28,-83.39,1
42.28,-83.39,1
42.28,-83.39,1
42.28,-83.39,1
42.28,-83.39,1
42.28,-83.39,1
42.28,-83.39,1
42.28,-83.39,1
42.28,-83.39,1
42.28,-83.39,1
42.28,-83.39,1
42.28,-83.39,1
42.28,-83.39,1
42.28,-83.39,1
42.28,-83.39,1
42.28,-83.39,1
42.28,-83.39,1
42.28,-83.39,1
42.28,-83.39,1
42.28,-83.39,1
42.28,-83.39,1
42.28,-83.39,1
42.28,-83.39,1
42.28,-83.39,1
42.28,-83.39,1
42.28,-83.39,1
42.28,-83.39,1
42.28,-83.39,1
42.28,-83.39,1
42.28,-83.39,1
42.28,-83.39,1
42.28,-83.39,1
42.28,-83.39,1
42.28,-83.39,1
42.28,-83.39,1
42.28,-83.39,1
42.28,-83.39,1
42.28,-83.39,1
42.28,-83.39,1
42.28,-83.39,1
42.28,-83.39,1
42.28,-83.39,1
42.28,-83.39,1
42.28,-83.39,1
42.28,-83.39,1
42.28,-83.39,1
42.28,-83.39,1
42.28,-83.39,1
42.28,-83.39,1
42.28,-83.39,1
42.28,-83.39,1
42.28,-83.39,1
42.28,-83.39,1
42.28,-83.39,1
42.28,-83.39,1
42.28,-83.39,1
42.28,-83.39,1
42.28,-83.39,1
42.28,-83.39,1
42.28,-83.39,1
42.28,-83.39,1
42.28,-83.39,1
42.28,-83.39,1
42.28,-83.39,1
42.28,-83.39,1
42.28,-83.39,1
42.28,-83.39,1
42.28,-83.39,1
42.28,-83.39,1
42.28,-83.39,1
42.28,-83.39,1
42.28,-83.39,1
42.28,-83.39,1
42.28,-83.39,1
42.28,-83.39,1
42.28,-83.39,1
42.28,-83.39,1
42.28,-83.39,1
42.28,-83.39,1
42.28,-83.39,1
42.28,-83.39,1
42.28,-83.39,1
42.28,-83.39,1
42.28,-83.39,1
42.28,-83.39,1
42.28,-83.39,1
42.28,-83.39,1
42.28,-83.39,1
42.28,-83.39,1
42.28,-83.39,1
42.28,-83.39,1
42.28,-83.39,1
42.28,-83.39,1
42.28,-83.39,1
42.28,-83.39,1
42.28,-83.39,1
42.28,-83.39,1
42.28,-83.39,1
42.28,-83.39,1
42.28,-83.39,1
42.28,-83.39,1
42.28,-83.39,1
42.28,-83.39,1
42.28,-83.39,1
42.28,-83.39,1
42.28,-83.39,1
42.28,-83.39,1
42.28,-83.39,1
42.28,-83.39,1
42.28,-83.39,1
42.28,-83.39,1
42.28,-83.39,1
42.28,-83.39,1
42.28,-83.39,1
42.28,-83.39,1
42.28,-83.39,1
42.28,-83.39,1
42.28,-83.39,1
42.28,-83.39,1
42.28,-83.39,1
42.28,-83.39,1
42.28,-83.39,1
42.28,-83.39,1
42.28,-83.39,1
42.28,-83.39,1
42.28,-83.39,1
42.28,-83.39,1
42.28,-83.39,1
42.28,-83.39,1
42.28,-83.39,1
42.28,-83.39,1
42.28,-83.39,1
42.28,-83.39,1
42.28,-83.39,1
42.28,-83.39,1
42.28,-83.39,1
42.28,-83.39,1
42.28,-83.39,1
42.28,-83.39,1
42.28,-83.39,1
42.28,-83.39,1
42.28,-83.39,1
42.28,-83.39,1
42.28,-83.39,1
42.28,-83.39,1
42.28,-83.39,1
42.28,-83.39,1
42.28,-83.39,1
42.28,-83.39,1
42.28,-83.39,1
42.28,-83.39,1
42.28,-83.39,1
42.28,-83.39,1
42.28,-83.39,1
42.28,-83.39,1
42.28,-83.39,1
42.28,-83.39,1
42.28,-83.39,1
42.28,-83.39,1
42.28,-83.39,1
42.28,-83.39,1
42.28,-83.39,1
42.28,-83.39,1
42.28,-83.39,1
42.28,-83.39,1
42.28,-83.39,1
42.28,-83.39,1
42.28,-83.39,1
42.28,-83.39,1
42.28,-83.39,1
42.28,-83.39,1
42.28,-83.39,1
42.28,-83.39,1
42.28,-83.39,1
42.28,-83.39,1
42.28,-83.39,1
42.28,-83.39,1
42.28,-83.39,1
42.28,-83.39,1
42.28,-83.39,1
42.28,-83.39,1
42.28,-83.39,1
42.28,-83.39,1
42.28,-83.39,1
42.28,-83.39,1
42.28,-83.39,1
42.28,-83.39,1
42.28,-83.39,1
42.28,-83.39,1
42.28,-83.39,1
42.28,-83.39,1
42.28,-83.39,1
42.28,-83.39,1
42.28,-83.39,1
42.28,-83.39,1
42.28,-83.39,1
42.28,-83.39,1
42.28,-83.39,1
42.28,-83.39,1
42.28,-83.39,1
42.28,-83.39,1
42.28,-83.39,1
42.28,-83.39,1
42.28,-83.39,1
42.28,-83.39,1
42.28,-83.39,1
42.28,-83.39,1
42.28,-83.39,1
42.28,-83.39,1
42.28,-83.39,1
42.28,-83.39,1
42.28,-83.39,1
42.28,-83.39,1
42.28,-83.39,1
42.28,-83.39,1
42.28,-83.39,1
42.28,-83.39,1
42.28,-83.39,1
42.28,-83.39,1
42.28,-83.39,1
42.28,-83.39,1
42.28,-83.39,1
42.28,-83.39,1
42.28,-83.39,1
42.28,-83.39,1
42.28,-83.39,1
42.28,-83.39,1
42.28,-83.39,1
42.28,-83.39,1
42.28,-83.39,1
42.28,-83.39,1
42.28,-83.39,1
42.28,-83.39,1
42.28,-83.39,1
42.28,-83.39,1
42.28,-83.39,1
42.28,-83.39,1
42.28,-83.39,1
42.28,-83.39,1
42.28,-83.39,1
42.28,-83.39,1
42.28,-83.39,1
42.28,-83.39,1
42.28,-83.39,1
42.28,-83.39,1
42.28,-83.39,1
42.28,-83.39,1
42.28,-83.39,1
42.28,-83.39,1
42.28,-83.39,1
42.28,-83.39,1
42.28,-83.39,1
42.28,-83.39,1
42.28,-83.39,1
42.28,-83.39,1
42.28,-83.39,1
42.28,-83.39,1
42.28,-83.39,1
42.28,-83.39,1
42.28,-83.39,1
42.28,-83.39,1
42.28,-83.39,1
42.28,-83.39,1
42.28,-83.39,1
42.28,-83.39,1
42.28,-83.39,1
42.28,-83.39,1
42.28,-83.39,1
42.28,-83.39,1
42.28,-83.39,1
42.28,-83.39,1
42.28,-83.39,1
42.28,-83.39,1
42.28,-83.39,1
42.28,-83.39,1
42.28,-83.39,1
42.28,-83.39,1
42.28,-83.39,1
42.28,-83.39,1
42.28,-83.39,1
42.28,-83.39,1
42.28,-83.39,1
42.28,-83.39,1
42.28,-83.39,1
42.28,-83.39,1
42.28,-83.39,1
42.28,-83.39,1
42.28,-83.39,1
42.28,-83.39,1
42.28,-83.39,1
42.28,-83.39,1
42.28,-83.39,1
42.28,-83.39,1
42.28,-83.39,1
42.28,-83.39,1
42.28,-83.39,1
42.28,-83.39,1
42.28,-83.39,1
42.28,-83.39,1
42.28,-83.39,1
42.28,-83.39,1
42.28,-83.39,1
42.28,-83.39,1
42.28,-83.39,1
42.28,-83.39,1
42.28,-83.39,1
42.28,-83.39,1
42.28,-83.39,1
42.28,-83.39,1
42.28,-83.39,1
42.28,-83.39,1
42.28,-83.39,1
42.28,-83.39,1
42.28,-83.39,1
42.28,-83.39,1
42.28,-83.39,1
42.28,-83.39,1
42.28,-83.39,1
42.28,-83.39,1
42.28,-83.39,1
42.28,-83.39,1
42.28,-83.39,1
42.28,-83.39,1
42.28,-83.39,1
42.28,-83.39,1
42.28,-83.39,1
42.28,-83.39,1
42.28,-83.39,1
42.28,-83.39,1
42.28,-83.39,1
42.28,-83.39,1
42.28,-83.39,1
42.28,-83.39,1
42.28,-83.39,1
42.28,-83.39,1
42.28,-83.39,1
42.28,-83.39,1
42.28,-83.39,1
42.28,-83.39,1
42.28,-83.39,1
42.28,-83.39,1
42.28,-83.39,1
42.28,-83.39,1
42.28,-83.39,1
42.28,-83.39,1
42.28,-83.39,1
42.28,-83.39,1
42.28,-83.39,1
42.28,-83.39,1
42.28,-83.39,1
42.28,-83.39,1
42.28,-83.39,1
42.28,-83.39,1
42.28,-83.39,1
42.28,-83.39,1
42.28,-83.39,1
42.28,-83.39,1
42.28,-83.39,1
42.28,-83.39,1
42.28,-83.39,1
42.28,-83.39,1
42.28,-83.39,1
42.28,-83.39,1
42.28,-83.39,1
42.28,-83.39,1
42.28,-83.39,1
42.28,-83.39,1
42.28,-83.39,1
42.28,-83.39,1
42.28,-83.39,1
42.28,-83.39,1
42.28,-83.39,1
42.28,-83.39,1
42.28,-83.39,1
42.28,-83.39,1
42.28,-83.39,1
42.28,-83.39,1
42.28,-83.39,1
42.28,-83.39,1
42.28,-83.39,1
42.28,-83.39,1
42.28,-83.39,1
42.28,-83.39,1
42.28,-83.39,1
42.28,-83.39,1
42.28,-83.39,1
42.28,-83.39,1
42.28,-83.39,1
42.28,-83.39,1
42.28,-83.39,1
42.28,-83.39,1
42.28,-83.39,1
42.28,-83.39,1
42.28,-83.39,1
42.28,-83.39,1
42.28,-83.39,1
42.28,-83.39,1
42.28,-83.39,1
42.28,-83.39,1
42.28,-83.39,1
42.28,-83.39,1
42.28,-83.39,1
42.28,-83.39,1
42.28,-83.39,1
42.28,-83.39,1
42.28,-83.39,1
42.28,-83.39,1
42.28,-83.39,1
42.28,-83.39,1
42.28,-83.39,1
42.28,-83.39,1
42.28,-83.39,1
42.28,-83.39,1
42.28,-83.39,1
42.28,-83.39,1
42.28,-83.39,1
42.28,-83.39,1
42.28,-83.39,1
42.28,-83.39,1
42.28,-83.39,1
42.28,-83.39,1
42.28,-83.39,1
42.28,-83.39,1
42.28,-83.39,1
42.28,-83.39,1
42.28,-83.39,1
42.28,-83.39,1
42.28,-83.39,1
42.28,-83.39,1
42.28,-83.39,1
42.28,-83.39,1
42.28,-83.39,1
42.28,-83.39,1
42.28,-83.39,1
42.28,-83.39,1
42.28,-83.39,1
42.28,-83.39,1
42.28,-83.39,1
42.28,-83.39,1
42.28,-83.39,1
42.28,-83.39,1
42.28,-83.39,1
42.28,-83.39,1
42.28,-83.39,1
42.28,-83.39,1
42.28,-83.39,1
42.28,-83.39,1
42.28,-83.39,1
42.28,-83.39,1
42.28,-83.39,1
42.28,-83.39,1
42.28,-83.39,1
42.28,-83.39,1
42.28,-83.39,1
42.28,-83.39,1
42.28,-83.39,1
42.28,-83.39,1
42.28,-83.39,1
42.28,-83.39,1
42.28,-83.39,1
42.28,-83.39,1
42.28,-83.39,1
42.28,-83.39,1
42.28,-83.39,1
42.28,-83.39,1
42.28,-83.39,1
42.28,-83.39,1
42.28,-83.39,1
42.28,-83.39,1
42.28,-83.39,1
42.28,-83.39,1
42.28,-83.39,1
42.28,-83.39,1
42.28,-83.39,1
42.28,-83.39,1
42.28,-83.39,1
42.28,-83.39,1
42.28,-83.39,1
42.28,-83.39,1
42.28,-83.39,1
42.28,-83.39,1
42.28,-83.39,1
42.28,-83.39,1
42.28,-83.39,1
42.28,-83.39,1
42.28,-83.39,1
42.28,-83.39,1
42.28,-83.39,1
42.28,-83.39,1
42.28,-83.39,1
42.28,-83.39,1
42.28,-83.39,1
42.28,-83.39,1
42.28,-83.39,1
42.28,-83.39,1
42.28,-83.39,1
42.28,-83.39,1
42.28,-83.39,1
42.28,-83.39,1
42.28,-83.39,1
42.28,-83.39,1
42.28,-83.39,1
42.28,-83.39,1
42.28,-83.39,1
42.28,-83.39,1
42.28,-83.39,1
42.28,-83.39,1
42.28,-83.39,1
42.28,-83.39,1
42.28,-83.39,1
42.28,-83.39,1
42.28,-83.39,1
42.28,-83.39,1
42.28,-83.39,1
42.28,-83.39,1
42.28,-83.39,1
42.28,-83.39,1
42.28,-83.39,1
42.28,-83.39,1
42.28,-83.39,1
42.28,-83.39,1
42.28,-83.39,1
42.28,-83.39,1
42.28,-83.39,1
42.28,-83.39,1
42.28,-83.39,1
42.28,-83.39,1
42.28,-83.39,1
42.28,-83.39,1
42.28,-83.39,1
42.28,-83.39,1
42.28,-83.39,1
42.28,-83.39,1
42.28,-83.39,1
42.28,-83.39,1
42.28,-83.39,1
42.28,-83.39,1
42.28,-83.39,1
42.28,-83.39,1
42.28,-83.39,1
42.28,-83.39,1
42.28,-83.39,1
42.28,-83.39,1
42.28,-83.39,1
42.28,-83.39,1
42.28,-83.39,1
42.28,-83.39,1
42.28,-83.39,1
42.28,-83.39,1
42.28,-83.39,1
42.28,-83.39,1
42.28,-83.39,1
42.28,-83.39,1
42.28,-83.39,1
42.28,-83.39,1
42.28,-83.39,1
42.28,-83.39,1
42.28,-83.39,1
42.28,-83.39,1
42.28,-83.39,1
42.28,-83.39,1
42.28,-83.39,1
42.28,-83.39,1
42.28,-83.39,1
42.28,-83.39,1
42.28,-83.39,1
42.28,-83.39,1
42.28,-83.39,1
42.28,-83.39,1
42.28,-83.39,1
42.28,-83.39,1
42.28,-83.39,1
42.28,-83.39,1
42.28,-83.39,1
42.28,-83.39,1
42.28,-83.39,1
42.28,-83.39,1
42.28,-83.39,1
42.28,-83.39,1
42.28,-83.39,1
42.28,-83.39,1
42.28,-83.39,1
42.28,-83.39,1
42.28,-83.39,1
42.28,-83.39,1
42.28,-83.39,1
42.28,-83.39,1
42.28,-83.39,1
42.28,-83.39,1
42.28,-83.39,1
42.28,-83.39,1
42.28,-83.39,1
42.28,-83.39,1
42.28,-83.39,1
42.28,-83.39,1
42.28,-83.39,1
42.28,-83.39,1
42.28,-83.39,1
42.28,-83.39,1
42.28,-83.39,1
42.28,-83.39,1
42.28,-83.39,1
42.28,-83.39,1
42.28,-83.39,1
42.28,-83.39,1
42.28,-83.39,1
42.28,-83.39,1
42.28,-83.39,1
42.28,-83.39,1
42.28,-83.39,1
42.28,-83.39,1
42.28,-83.39,1
42.28,-83.39,1
42.28,-83.39,1
42.28,-83.39,1
42.28,-83.39,1
42.28,-83.39,1
42.28,-83.39,1
42.28,-83.39,1
42.28,-83.39,1
42.28,-83.39,1
42.28,-83.39,1
42.28,-83.39,1
42.28,-83.39,1
42.28,-83.39,1
42.28,-83.39,1
42.28,-83.39,1
42.28,-83.39,1
42.28,-83.39,1
42.28,-83.39,1
42.28,-83.39,1
42.28,-83.39,1
42.28,-83.39,1
42.28,-83.39,1
42.28,-83.39,1
42.28,-83.39,1
42.28,-83.39,1
42.28,-83.39,1
42.28,-83.39,1
42.28,-83.39,1
42.28,-83.39,1
42.28,-83.39,1
42.28,-83.39,1
42.28,-83.39,1
42.28,-83.39,1
42.28,-83.39,1
42.28,-83.39,1
42.28,-83.39,1
42.28,-83.39,1
42.28,-83.39,1
42.28,-83.39,1
42.28,-83.39,1
42.28,-83.39,1
42.28,-83.39,1
42.28,-83.39,1
42.28,-83.39,1
42.28,-83.39,1
42.28,-83.39,1
42.28,-83.39,1
42.28,-83.39,1
42.28,-83.39,1
42.28,-83.39,1
42.28,-83.39,1
42.28,-83.39,1
42.28,-83.39,1
42.28,-83.39,1
42.28,-83.39,1
42.28,-83.39,1
42.28,-83.39,1
42.28,-83.39,1
42.28,-83.39,1
42.28,-83.39,1
42.28,-83.39,1
42.28,-83.39,1
42.28,-83.39,1
42.28,-83.39,1
42.28,-83.39,1
42.28,-83.39,1
42.28,-83.39,1
42.28,-83.39,1
42.28,-83.39,1
42.28,-83.39,1
42.28,-83.39,1
42.28,-83.39,1
42.28,-83.39,1
42.28,-83.39,1
42.28,-83.39,1
42.28,-83.39,1
42.28,-83.39,1
42.28,-83.39,1
42.28,-83.39,1
42.28,-83.39,1
42.28,-83.39,1
42.28,-83.39,1
42.28,-83.39,1
42.28,-83.39,1
42.28,-83.39,1
42.28,-83.39,1
42.28,-83.39,1
42.28,-83.39,1
42.28,-83.39,1
42.28,-83.39,1
42.28,-83.39,1
42.28,-83.39,1
42.28,-83.39,1
42.28,-83.39,1
42.28,-83.39,1
42.28,-83.39,1
42.28,-83.39,1
42.28,-83.39,1
42.28,-83.39,1
42.28,-83.39,1
42.28,-83.39,1
42.28,-83.39,1
42.28,-83.39,1
42.28,-83.39,1
42.28,-83.39,1
42.28,-83.39,1
42.28,-83.39,1
42.28,-83.39,1
42.28,-83.39,1
42.28,-83.39,1
42.28,-83.39,1
42.28,-83.39,1
42.28,-83.39,1
42.28,-83.39,1
42.28,-83.39,1
42.28,-83.39,1
42.28,-83.39,1
42.28,-83.39,1
42.28,-83.39,1
42.28,-83.39,1
42.28,-83.39,1
42.28,-83.39,1
42.28,-83.39,1
42.28,-83.39,1
42.28,-83.39,1
42.28,-83.39,1
42.28,-83.39,1
42.28,-83.39,1
42.28,-83.39,1
42.28,-83.39,1
42.28,-83.39,1
42.28,-83.39,1
42.28,-83.39,1
42.28,-83.39,1
42.28,-83.39,1
42.28,-83.39,1
42.28,-83.39,1
42.28,-83.39,1
42.28,-83.39,1
42.28,-83.39,1
42.28,-83.39,1
42.28,-83.39,1
42.28,-83.39,1
42.28,-83.39,1
42.28,-83.39,1
42.28,-83.39,1
42.28,-83.39,1
42.28,-83.39,1
42.28,-83.39,1
42.28,-83.39,1
42.28,-83.39,1
42.28,-83.39,1
42.28,-83.39,1
42.28,-83.39,1
42.28,-83.39,1
42.28,-83.39,1
42.28,-83.39,1
42.28,-83.39,1
42.28,-83.39,1
42.28,-83.39,1
42.28,-83.39,1
42.28,-83.39,1
42.28,-83.39,1
42.28,-83.39,1
42.28,-83.39,1
42.28,-83.39,1
42.28,-83.39,1
42.28,-83.39,1
42.28,-83.39,1
42.28,-83.39,1
42.28,-83.39,1
42.28,-83.39,1
42.28,-83.39,1
42.28,-83.39,1
42.28,-83.39,1
42.28,-83.39,1
42.28,-83.39,1
42.28,-83.39,1
42.28,-83.39,1
42.28,-83.39,1
42.28,-83.39,1
42.28,-83.39,1
42.28,-83.39,1
42.28,-83.39,1
42.28,-83.39,1
42.28,-83.39,1
42.28,-83.39,1
42.28,-83.39,1
42.28,-83.39,1
42.28,-83.39,1
42.28,-83.39,1
42.28,-83.39,1
42.28,-83.39,1
42.28,-83.39,1
42.28,-83.39,1
42.28,-83.39,1
42.28,-83.39,1
42.28,-83.39,1
42.28,-83.39,1
42.28,-83.39,1
42.28,-83.39,1
42.28,-83.39,1
42.28,-83.39,1
42.28,-83.39,1
42.28,-83.39,1
42.28,-83.39,1
42.28,-83.39,1
42.28,-83.39,1
42.28,-83.39,1
42.28,-83.39,1
42.28,-83.39,1
42.28,-83.39,1
42.28,-83.39,1
42.28,-83.39,1
42.28,-83.39,1
42.28,-83.39,1
42.28,-83.39,1
42.28,-83.39,1
42.28,-83.39,1
42.28,-83.39,1
42.28,-83.39,1
42.28,-83.39,1
42.28,-83.39,1
42.28,-83.39,1
42.28,-83.39,1
42.28,-83.39,1
42.28,-83.39,1
42.28,-83.39,1
42.28,-83.39,1
42.28,-83.39,1
42.28,-83.39,1
42.28,-83.39,1
42.28,-83.39,1
42.28,-83.39,1
42.28,-83.39,1
42.28,-83.39,1
42.28,-83.39,1
42.28,-83.39,1
42.28,-83.39,1
42.28,-83.39,1
42.28,-83.39,1
42.28,-83.39,1
42.28,-83.39,1
42.28,-83.39,1
42.28,-83.39,1
42.28,-83.39,1
42.28,-83.39,1
42.28,-83.39,1
42.28,-83.39,1
42.28,-83.39,1
42.28,-83.39,1
42.28,-83.39,1
42.28,-83.39,1
42.28,-83.39,1
42.28,-83.39,1
42.28,-83.39,1
42.28,-83.39,1
42.28,-83.39,1
42.28,-83.39,1
42.28,-83.39,1
42.28,-83.39,1
42.28,-83.39,1
42.28,-83.39,1
42.28,-83.39,1
42.28,-83.39,1
42.28,-83.39,1
42.28,-83.39,1
42.28,-83.39,1
42.28,-83.39,1
42.28,-83.39,1
42.28,-83.39,1
42.28,-83.39,1
42.28,-83.39,1
42.28,-83.39,1
42.28,-83.39,1
42.28,-83.39,1
42.28,-83.39,1
42.28,-83.39,1
42.28,-83.39,1
42.28,-83.39,1
42.28,-83.39,1
42.28,-83.39,1
42.28,-83.39,1
42.28,-83.39,1
42.28,-83.39,1
42.28,-83.39,1
42.28,-83.39,1
42.28,-83.39,1
42.28,-83.39,1
42.28,-83.39,1
42.28,-83.39,1
42.28,-83.39,1
42.28,-83.39,1
42.28,-83.39,1
42.28,-83.39,1
42.28,-83.39,1
42.28,-83.39,1
42.28,-83.39,1
42.28,-83.39,1
42.28,-83.39,1
42.28,-83.39,1
42.28,-83.39,1
42.28,-83.39,1
42.28,-83.39,1
42.28,-83.39,1
42.28,-83.39,1
42.28,-83.39,1
42.28,-83.39,1
42.28,-83.39,1
42.28,-83.39,1
42.28,-83.39,1
42.28,-83.39,1
42.28,-83.39,1
42.28,-83.39,1
42.28,-83.39,1
42.28,-83.39,1
42.28,-83.39,1
42.28,-83.39,1
42.28,-83.39,1
42.28,-83.39,1
42.28,-83.39,1
42.28,-83.39,1
42.28,-83.39,1
42.28,-83.39,1
42.28,-83.39,1
42.28,-83.39,1
42.28,-83.39,1
42.28,-83.39,1
42.28,-83.39,1
42.28,-83.39,1
42.28,-83.39,1
42.28,-83.39,1
42.28,-83.39,1
42.28,-83.39,1
42.28,-83.39,1
42.28,-83.39,1
42.28,-83.39,1
42.28,-83.39,1
42.28,-83.39,1
42.28,-83.39,1
42.28,-83.39,1
42.28,-83.39,1
42.28,-83.39,1
42.28,-83.39,1
42.28,-83.39,1
42.28,-83.39,1
42.28,-83.39,1
42.28,-83.39,1
42.28,-83.39,1
42.28,-83.39,1
42.28,-83.39,1
42.28,-83.39,1
42.28,-83.39,1
42.28,-83.39,1
42.28,-83.39,1
42.28,-83.39,1
42.28,-83.39,1
42.28,-83.39,1
42.28,-83.39,1
42.28,-83.39,1
42.28,-83.39,1
42.28,-83.39,1
42.28,-83.39,1
42.28,-83.39,1
42.28,-83.39,1
42.28,-83.39,1
42.28,-83.39,1
42.28,-83.39,1
42.28,-83.39,1
42.28,-83.39,1
42.28,-83.39,1
42.28,-83.39,1
42.28,-83.39,1
42.28,-83.39,1
42.28,-83.39,1
42.28,-83.39,1
42.28,-83.39,1
42.28,-83.39,1
42.28,-83.39,1
42.28,-83.39,1
42.28,-83.39,1
42.28,-83.39,1
42.28,-83.39,1
42.28,-83.39,1
42.28,-83.39,1
42.28,-83.39,1
42.28,-83.39,1
42.28,-83.39,1
42.28,-83.39,1
42.28,-83.39,1
42.28,-83.39,1
42.28,-83.39,1
42.28,-83.39,1
42.28,-83.39,1
42.28,-83.39,1
42.28,-83.39,1
42.28,-83.39,1
42.28,-83.39,1
42.28,-83.39,1
42.28,-83.39,1
42.28,-83.39,1
42.28,-83.39,1
42.28,-83.39,1
42.28,-83.39,1
42.28,-83.39,1
42.28,-83.39,1
42.28,-83.39,1
42.28,-83.39,1
42.28,-83.39,1
42.28,-83.39,1
42.28,-83.39,1
42.28,-83.39,1
42.28,-83.39,1
42.28,-83.39,1
42.28,-83.39,1
42.28,-83.39,1
42.28,-83.39,1
42.28,-83.39,1
42.28,-83.39,1
42.28,-83.39,1
42.28,-83.39,1
42.28,-83.39,1
42.28,-83.39,1
42.28,-83.39,1
42.28,-83.39,1
42.28,-83.39,1
42.28,-83.39,1
42.28,-83.39,1
42.28,-83.39,1
42.28,-83.39,1
42.28,-83.39,1
42.28,-83.39,1
42.28,-83.39,1
42.28,-83.39,1
42.28,-83.39,1
42.28,-83.39,1
42.28,-83.39,1
42.28,-83.39,1
42.28,-83.39,1
42.28,-83.39,1
42.28,-83.39,1
42.28,-83.39,1
42.28,-83.39,1
42.28,-83.39,1
42.28,-83.39,1
42.28,-83.39,1
42.28,-83.39,1
42.28,-83.39,1
42.28,-83.39,1
42.28,-83.39,1
42.28,-83.39,1
42.28,-83.39,1
42.28,-83.39,1
42.28,-83.39,1
42.28,-83.39,1
42.28,-83.39,1
42.28,-83.39,1
42.28,-83.39,1
42.28,-83.39,1
42.28,-83.39,1
42.28,-83.39,1
42.28,-83.39,1
42.28,-83.39,1
42.28,-83.39,1
42.28,-83.39,1
42.28,-83.39,1
42.28,-83.39,1
42.28,-83.39,1
42.28,-83.39,1
42.28,-83.39,1
42.28,-83.39,1
42.28,-83.39,1
42.28,-83.39,1
42.28,-83.39,1
42.28,-83.39,1
42.28,-83.39,1
42.28,-83.39,1
42.28,-83.39,1
42.28,-83.39,1
42.28,-83.39,1
42.28,-83.39,1
42.28,-83.39,1
42.28,-83.39,1
42.28,-83.39,1
42.28,-83.39,1
42.28,-83.39,1
42.28,-83.39,1
42.28,-83.39,1
42.28,-83.39,1
42.28,-83.39,1
42.28,-83.39,1
42.28,-83.39,1
42.28,-83.39,1
42.28,-83.39,1
42.28,-83.39,1
42.28,-83.39,1
42.28,-83.39,1
42.28,-83.39,1
42.28,-83.39,1
42.28,-83.39,1
42.28,-83.39,1
42.28,-83.39,1
42.28,-83.39,1
42.28,-83.39,1
42.28,-83.39,1
42.28,-83.39,1
42.28,-83.39,1
42.28,-83.39,1
42.28,-83.39,1
42.28,-83.39,1
42.28,-83.39,1
42.28,-83.39,1
42.28,-83.39,1
42.28,-83.39,1
42.28,-83.39,1
42.28,-83.39,1
42.28,-83.39,1
42.28,-83.39,1
42.28,-83.39,1
42.28,-83.39,1
42.28,-83.39,1
42.28,-83.39,1
42.28,-83.39,1
42.28,-83.39,1
42.28,-83.39,1
42.28,-83.39,1
42.28,-83.39,1
42.28,-83.39,1
42.28,-83.39,1
42.28,-83.39,1
42.28,-83.39,1
42.28,-83.39,1
42.28,-83.39,1
42.28,-83.39,1
42.28,-83.39,1
42.28,-83.39,1
42.28,-83.39,1
42.28,-83.39,1
42.28,-83.39,1
42.28,-83.39,1
42.28,-83.39,1
42.28,-83.39,1
42.28,-83.39,1
42.28,-83.39,1
42.28,-83.39,1
42.28,-83.39,1
42.28,-83.39,1
42.28,-83.39,1
42.28,-83.39,1
42.28,-83.39,1
42.28,-83.39,1
42.28,-83.39,1
42.28,-83.39,1
42.28,-83.39,1
42.28,-83.39,1
42.28,-83.39,1
42.28,-83.39,1
42.28,-83.39,1
42.28,-83.39,1
42.28,-83.39,1
42.28,-83.39,1
42.28,-83.39,1
42.28,-83.39,1
42.28,-83.39,1
42.28,-83.39,1
42.28,-83.39,1
42.28,-83.39,1
42.28,-83.39,1
42.28,-83.39,1
42.28,-83.39,1
42.28,-83.39,1
42.28,-83.39,1
42.28,-83.39,1
42.28,-83.39,1
42.28,-83.39,1
42.28,-83.39,1
42.28,-83.39,1
42.28,-83.39,1
42.28,-83.39,1
42.28,-83.39,1
42.28,-83.39,1
42.28,-83.39,1
42.28,-83.39,1
42.28,-83.39,1
42.28,-83.39,1
42.28,-83.39,1
42.28,-83.39,1
42.28,-83.39,1
42.28,-83.39,1
42.28,-83.39,1
42.28,-83.39,1
42.28,-83.39,1
42.28,-83.39,1
42.28,-83.39,1
42.28,-83.39,1
42.28,-83.39,1
42.28,-83.39,1
42.28,-83.39,1
42.28,-83.39,1
42.28,-83.39,1
42.28,-83.39,1
42.28,-83.39,1
42.28,-83.39,1
42.28,-83.39,1
42.28,-83.39,1
42.28,-83.39,1
42.28,-83.39,1
42.28,-83.39,1
42.28,-83.39,1
42.28,-83.39,1
42.28,-83.39,1
42.28,-83.39,1
42.28,-83.39,1
42.28,-83.39,1
42.28,-83.39,1
42.28,-83.39,1
42.28,-83.39,1
42.28,-83.39,1
42.28,-83.39,1
42.28,-83.39,1
42.28,-83.39,1
42.28,-83.39,1
42.28,-83.39,1
42.28,-83.39,1
42.28,-83.39,1
42.28,-83.39,1
42.28,-83.39,1
42.28,-83.39,1
42.28,-83.39,1
42.28,-83.39,1
42.28,-83.39,1
42.28,-83.39,1
42.28,-83.39,1
42.28,-83.39,1
42.28,-83.39,1
42.28,-83.39,1
42.28,-83.39,1
42.28,-83.39,1
42.28,-83.39,1
42.28,-83.39,1
42.28,-83.39,1
42.28,-83.39,1
42.28,-83.39,1
42.28,-83.39,1
42.28,-83.39,1
42.28,-83.39,1
42.28,-83.39,1
42.28,-83.39,1
42.28,-83.39,1
42.28,-83.39,1
42.28,-83.39,1
42.28,-83.39,1
42.28,-83.39,1
42.28,-83.39,1
42.28,-83.39,1
42.28,-83.39,1
42.28,-83.39,1
42.28,-83.39,1
42.28,-83.39,1
42.28,-83.39,1
42.28,-83.39,1
42.28,-83.39,1
42.28,-83.39,1
42.28,-83.39,1
42.28,-83.39,1
42.28,-83.39,1
42.28,-83.39,1
42.28,-83.39,1
42.28,-83.39,1
42.28,-83.39,1
42.28,-83.39,1
42.28,-83.39,1
42.28,-83.39,1
42.28,-83.39,1
42.28,-83.39,1
42.28,-83.39,1
42.28,-83.39,1
42.28,-83.39,1
42.28,-83.39,1
42.28,-83.39,1
42.28,-83.39,1
42.28,-83.39,1
42.28,-83.39,1
42.28,-83.39,1
42.28,-83.39,1
42.28,-83.39,1
42.28,-83.39,1
42.28,-83.39,1
42.28,-83.39,1
42.28,-83.39,1
42.28,-83.39,1
42.28,-83.39,1
42.28,-83.39,1
42.28,-83.39,1
42.28,-83.39,1
42.28,-83.39,1
42.28,-83.39,1
42.28,-83.39,1
42.28,-83.39,1
42.28,-83.39,1
42.28,-83.39,1
42.28,-83.39,1
42.28,-83.39,1
42.28,-83.39,1
42.28,-83.39,1
42.28,-83.39,1
42.28,-83.39,1
42.28,-83.39,1
42.28,-83.39,1
42.28,-83.39,1
42.28,-83.39,1
42.28,-83.39,1
42.28,-83.39,1
42.28,-83.39,1
42.28,-83.39,1
42.28,-83.39,1
42.28,-83.39,1
42.28,-83.39,1
42.28,-83.39,1
42.28,-83.39,1
42.28,-83.39,1
42.28,-83.39,1
42.28,-83.39,1
42.28,-83.39,1
42.28,-83.39,1
42.28,-83.39,1
42.28,-83.39,1
42.28,-83.39,1
42.28,-83.39,1
42.28,-83.39,1
42.28,-83.39,1
42.28,-83.39,1
42.28,-83.39,1
42.28,-83.39,1
42.28,-83.39,1
42.28,-83.39,1
42.28,-83.39,1
42.28,-83.39,1
42.28,-83.39,1
42.28,-83.39,1
42.28,-83.39,1
42.28,-83.39,1
42.28,-83.39,1
42.28,-83.39,1
42.28,-83.39,1
42.28,-83.39,1
42.28,-83.39,1
42.28,-83.39,1
42.28,-83.39,1
42.28,-83.39,1
42.28,-83.39,1
42.28,-83.39,1
42.28,-83.39,1
42.28,-83.39,1
42.28,-83.39,1
42.28,-83.39,1
42.28,-83.39,1
42.28,-83.39,1
42.28,-83.39,1
42.28,-83.39,1
42.28,-83.39,1
42.28,-83.39,1
42.28,-83.39,1
42.28,-83.39,1
42.28,-83.39,1
42.28,-83.39,1
42.28,-83.39,1
42.28,-83.39,1
42.28,-83.39,1
42.28,-83.39,1
42.28,-83.39,1
42.28,-83.39,1
42.28,-83.39,1
42.28,-83.39,1
42.28,-83.39,1
42.28,-83.39,1
42.28,-83.39,1
42.28,-83.39,1
42.28,-83.39,1
42.28,-83.39,1
42.28,-83.39,1
42.28,-83.39,1
42.28,-83.39,1
42.28,-83.39,1
42.28,-83.39,1
42.28,-83.39,1
42.28,-83.39,1
42.28,-83.39,1
42.28,-83.39,1
42.28,-83.39,1
42.28,-83.39,1
42.28,-83.39,1
42.28,-83.39,1
42.28,-83.39,1
42.28,-83.39,1
42.28,-83.39,1
42.28,-83.39,1
42.28,-83.39,1
42.28,-83.39,1
42.28,-83.39,1
42.28,-83.39,1
42.28,-83.39,1
42.28,-83.39,1
42.28,-83.39,1
42.28,-83.39,1
42.28,-83.39,1
42.28,-83.39,1
42.28,-83.39,1
42.28,-83.39,1
42.28,-83.39,1
42.28,-83.39,1
42.28,-83.39,1
42.28,-83.39,1
42.28,-83.39,1
42.28,-83.39,1
42.28,-83.39,1
42.28,-83.39,1
42.28,-83.39,1
42.28,-83.39,1
42.28,-83.39,1
42.28,-83.39,1
42.28,-83.39,1
42.28,-83.39,1
42.28,-83.39,1
42.28,-83.39,1
42.28,-83.39,1
42.28,-83.39,1
42.28,-83.39,1
42.28,-83.39,1
42.28,-83.39,1
42.28,-83.39,1
42.28,-83.39,1
42.28,-83.39,1
42.28,-83.39,1
42.28,-83.39,1
42.28,-83.39,1
42.28,-83.39,1
42.28,-83.39,1
42.28,-83.39,1
42.28,-83.39,1
42.28,-83.39,1
42.28,-83.39,1
42.28,-83.39,1
42.28,-83.39,1
42.28,-83.39,1
42.28,-83.39,1
42.28,-83.39,1
42.28,-83.39,1
42.28,-83.39,1
42.28,-83.39,1
42.28,-83.39,1
42.28,-83.39,1
42.28,-83.39,1
42.28,-83.39,1
42.28,-83.39,1
42.28,-83.39,1
42.28,-83.39,1
42.28,-83.39,1
42.28,-83.39,1
42.28,-83.39,1
42.28,-83.39,1
42.28,-83.39,1
42.28,-83.39,1
42.28,-83.39,1
42.28,-83.39,1
42.28,-83.39,1
42.28,-83.39,1
42.28,-83.39,1
42.28,-83.39,1
42.28,-83.39,1
42.28,-83.39,1
42.28,-83.39,1
42.28,-83.39,1
42.28,-83.39,1
42.28,-83.39,1
42.28,-83.39,1
42.28,-83.39,1
42.28,-83.39,1
42.28,-83.39,1
42.28,-83.39,1
42.28,-83.39,1
42.28,-83.39,1
42.28,-83.39,1
42.28,-83.39,1
42.28,-83.39,1
42.28,-83.39,1
42.28,-83.39,1
42.28,-83.39,1
42.28,-83.39,1
42.28,-83.39,1
42.28,-83.39,1
42.28,-83.39,1
42.28,-83.39,1
42.28,-83.39,1
42.28,-83.39,1
42.28,-83.39,1
42.28,-83.39,1
42.28,-83.39,1
42.28,-83.39,1
42.28,-83.39,1
42.28,-83.39,1
42.28,-83.39,1
42.28,-83.39,1
42.28,-83.39,1
42.28,-83.39,1
42.28,-83.39,1
42.28,-83.39,1
42.28,-83.39,1
42.28,-83.39,1
42.28,-83.39,1
42.28,-83.39,1
42.28,-83.39,1
42.28,-83.39,1
42.28,-83.39,1
42.28,-83.39,1
42.28,-83.39,1
42.28,-83.39,1
42.28,-83.39,1
42.28,-83.39,1
42.28,-83.39,1
42.28,-83.39,1
42.28,-83.39,1
42.28,-83.39,1
42.28,-83.39,1
42.28,-83.39,1
42.28,-83.39,1
42.28,-83.39,1
42.28,-83.39,1
42.28,-83.39,1
42.28,-83.39,1
42.28,-83.39,1
42.28,-83.39,1
42.28,-83.39,1
42.28,-83.39,1
42.28,-83.39,1
42.28,-83.39,1
42.28,-83.39,1
42.28,-83.39,1
42.28,-83.39,1
42.28,-83.39,1
42.28,-83.39,1
42.28,-83.39,1
42.28,-83.39,1
42.28,-83.39,1
42.28,-83.39,1
42.28,-83.39,1
42.28,-83.39,1
42.28,-83.39,1
42.28,-83.39,1
42.28,-83.39,1
42.28,-83.39,1
42.28,-83.39,1
42.28,-83.39,1
42.28,-83.39,1
42.28,-83.39,1
42.28,-83.39,1
42.28,-83.39,1
42.28,-83.39,1
42.28,-83.39,1
42.28,-83.39,1
42.28,-83.39,1
42.28,-83.39,1
42.28,-83.39,1
42.28,-83.39,1
42.28,-83.39,1
42.28,-83.39,1
42.28,-83.39,1
42.28,-83.39,1
42.28,-83.39,1
42.28,-83.39,1
42.28,-83.39,1
42.28,-83.39,1
42.28,-83.39,1
42.28,-83.39,1
42.28,-83.39,1
42.28,-83.39,1
42.28,-83.39,1
42.28,-83.39,1
42.28,-83.39,1
42.28,-83.39,1
42.28,-83.39,1
42.28,-83.39,1
42.28,-83.39,1
42.28,-83.39,1
42.28,-83.39,1
42.28,-83.39,1
42.28,-83.39,1
42.28,-83.39,1
42.28,-83.39,1
42.28,-83.39,1
42.28,-83.39,1
42.28,-83.39,1
42.28,-83.39,1
42.28,-83.39,1
42.28,-83.39,1
42.28,-83.39,1
42.28,-83.39,1
42.28,-83.39,1
42.28,-83.39,1
42.28,-83.39,1
42.28,-83.39,1
42.28,-83.39,1
42.28,-83.39,1
42.28,-83.39,1
42.28,-83.39,1
42.28,-83.39,1
42.28,-83.39,1
42.28,-83.39,1
42.28,-83.39,1
42.28,-83.39,1
42.28,-83.39,1
42.28,-83.39,1
42.28,-83.39,1
42.28,-83.39,1
42.28,-83.39,1
42.28,-83.39,1
42.28,-83.39,1
42.28,-83.39,1
42.28,-83.39,1
42.28,-83.39,1
42.28,-83.39,1
42.28,-83.39,1
42.28,-83.39,1
42.28,-83.39,1
42.28,-83.39,1
42.28,-83.39,1
42.28,-83.39,1
42.28,-83.39,1
42.28,-83.39,1
42.28,-83.39,1
42.28,-83.39,1
42.28,-83.39,1
42.28,-83.39,1
42.28,-83.39,1
42.28,-83.39,1
42.28,-83.39,1
42.28,-83.39,1
42.28,-83.39,1
42.28,-83.39,1
42.28,-83.39,1
42.28,-83.39,1
42.28,-83.39,1
42.28,-83.39,1
42.28,-83.39,1
42.28,-83.39,1
42.28,-83.39,1
42.28,-83.39,1
42.28,-83.39,1
42.28,-83.39,1
42.28,-83.39,1
42.28,-83.39,1
42.28,-83.39,1
42.28,-83.39,1
42.28,-83.39,1
42.28,-83.39,1
42.28,-83.39,1
42.28,-83.39,1
42.28,-83.39,1
42.28,-83.39,1
42.28,-83.39,1
42.28,-83.39,1
42.28,-83.39,1
42.28,-83.39,1
42.28,-83.39,1
42.28,-83.39,1
42.28,-83.39,1
42.28,-83.39,1
42.28,-83.39,1
42.28,-83.39,1
42.28,-83.39,1
42.28,-83.39,1
42.28,-83.39,1
42.28,-83.39,1
42.28,-83.39,1
42.28,-83.39,1
42.28,-83.39,1
42.28,-83.39,1
42.28,-83.39,1
42.28,-83.39,1
42.28,-83.39,1
42.28,-83.39,1
42.28,-83.39,1
42.28,-83.39,1
42.28,-83.39,1
42.28,-83.39,1
42.28,-83.39,1
42.28,-83.39,1
42.28,-83.39,1
42.28,-83.39,1
42.28,-83.39,1
42.28,-83.39,1
42.28,-83.39,1
42.28,-83.39,1
42.28,-83.39,1
42.28,-83.39,1
42.28,-83.39,1
42.28,-83.39,1
42.28,-83.39,1
42.28,-83.39,1
42.28,-83.39,1
42.28,-83.39,1
42.28,-83.39,1
42.28,-83.39,1
42.28,-83.39,1
42.28,-83.39,1
42.28,-83.39,1
42.28,-83.39,1
42.28,-83.39,1
42.28,-83.39,1
42.28,-83.39,1
42.28,-83.39,1
42.28,-83.39,1
42.28,-83.39,1
42.28,-83.39,1
42.28,-83.39,1
42.28,-83.39,1
42.28,-83.39,1
42.28,-83.39,1
42.28,-83.39,1
42.28,-83.39,1
42.28,-83.39,1
42.28,-83.39,1
42.28,-83.39,1
42.28,-83.39,1
42.28,-83.39,1
42.28,-83.39,1
42.28,-83.39,1
42.28,-83.39,1
42.28,-83.39,1
42.28,-83.39,1
42.28,-83.39,1
42.28,-83.39,1
42.28,-83.39,1
42.28,-83.39,1
42.28,-83.39,1
42.28,-83.39,1
42.28,-83.39,1
42.28,-83.39,1
42.28,-83.39,1
42.28,-83.39,1
42.28,-83.39,1
42.28,-83.39,1
42.28,-83.39,1
42.28,-83.39,1
42.28,-83.39,1
42.28,-83.39,1
42.28,-83.39,1
42.28,-83.39,1
42.28,-83.39,1
42.28,-83.39,1
42.28,-83.39,1
42.28,-83.39,1
42.28,-83.39,1
42.28,-83.39,1
42.28,-83.39,1
42.28,-83.39,1
42.28,-83.39,1
42.28,-83.39,1
42.28,-83.39,1
42.28,-83.39,1
42.28,-83.39,1
42.28,-83.39,1
42.28,-83.39,1
42.28,-83.39,1
42.28,-83.39,1
42.28,-83.39,1
42.28,-83.39,1
42.28,-83.39,1
42.28,-83.39,1
42.28,-83.39,1
42.28,-83.39,1
42.28,-83.39,1
42.28,-83.39,1
42.28,-83.39,1
42.28,-83.39,1
42.28,-83.39,1
42.28,-83.39,1
42.28,-83.39,1
42.28,-83.39,1
42.28,-83.39,1
42.28,-83.39,1
42.28,-83.39,1
42.28,-83.39,1
42.28,-83.39,1
42.28,-83.39,1
42.28,-83.39,1
42.28,-83.39,1
42.28,-83.39,1
42.28,-83.39,1
42.28,-83.39,1
42.28,-83.39,1
42.28,-83.39,1
42.28,-83.39,1
42.28,-83.39,1
42.28,-83.39,1
42.28,-83.39,1
42.28,-83.39,1
42.28,-83.39,1
42.28,-83.39,1
42.28,-83.39,1
42.28,-83.39,1
42.28,-83.39,1
42.28,-83.39,1
42.28,-83.39,1
42.28,-83.39,1
42.28,-83.39,1
42.28,-83.39,1
42.28,-83.39,1
42.28,-83.39,1
42.28,-83.39,1
42.28,-83.39,1
42.28,-83.39,1
42.28,-83.39,1
42.28,-83.39,1
42.28,-83.39,1
42.28,-83.39,1
42.28,-83.39,1
42.28,-83.39,1
42.28,-83.39,1
42.28,-83.39,1
42.28,-83.39,1
42.28,-83.39,1
42.28,-83.39,1
42.28,-83.39,1
42.28,-83.39,1
42.28,-83.39,1
42.28,-83.39,1
42.28,-83.39,1
42.28,-83.39,1
42.28,-83.39,1
42.28,-83.39,1
42.28,-83.39,1
42.28,-83.39,1
42.28,-83.39,1
42.28,-83.39,1
42.28,-83.39,1
42.28,-83.39,1
42.28,-83.39,1
42.28,-83.39,1
42.28,-83.39,1
42.28,-83.39,1
42.28,-83.39,1
42.28,-83.39,1
42.28,-83.39,1
42.28,-83.39,1
42.28,-83.39,1
42.28,-83.39,1
42.28,-83.39,1
42.28,-83.39,1
42.28,-83.39,1
42.28,-83.39,1
42.28,-83.39,1
42.28,-83.39,1
42.28,-83.39,1
42.28,-83.39,1
42.28,-83.39,1
42.28,-83.39,1
42.28,-83.39,1
42.28,-83.39,1
42.28,-83.39,1
42.28,-83.39,1
42.28,-83.39,1
42.28,-83.39,1
42.28,-83.39,1
42.28,-83.39,1
42.28,-83.39,1
42.28,-83.39,1
42.28,-83.39,1
42.28,-83.39,1
42.28,-83.39,1
42.28,-83.39,1
42.28,-83.39,1
42.28,-83.39,1
42.28,-83.39,1
42.28,-83.39,1
42.28,-83.39,1
42.28,-83.39,1
42.28,-83.39,1
42.28,-83.39,1
42.28,-83.39,1
42.28,-83.39,1
42.28,-83.39,1
42.28,-83.39,1
42.28,-83.39,1
42.28,-83.39,1
42.28,-83.39,1
42.28,-83.39,1
42.28,-83.39,1
42.28,-83.39,1
42.28,-83.39,1
42.28,-83.39,1
42.28,-83.39,1
42.28,-83.39,1
42.28,-83.39,1
42.28,-83.39,1
42.28,-83.39,1
42.28,-83.39,1
42.28,-83.39,1
42.28,-83.39,1
42.28,-83.39,1
42.28,-83.39,1
42.28,-83.39,1
42.28,-83.39,1
42.28,-83.39,1
42.28,-83.39,1
42.28,-83.39,1
42.28,-83.39,1
42.28,-83.39,1
42.28,-83.39,1
42.28,-83.39,1
42.28,-83.39,1
42.28,-83.39,1
42.28,-83.39,1
42.28,-83.39,1
42.28,-83.39,1
42.28,-83.39,1
42.28,-83.39,1
42.28,-83.39,1
42.28,-83.39,1
42.28,-83.39,1
42.28,-83.39,1
42.28,-83.39,1
42.28,-83.39,1
42.28,-83.39,1
42.28,-83.39,1
42.28,-83.39,1
42.28,-83.39,1
42.28,-83.39,1
42.28,-83.39,1
42.28,-83.39,1
42.28,-83.39,1
42.28,-83.39,1
42.28,-83.39,1
42.28,-83.39,1
42.28,-83.39,1
42.28,-83.39,1
42.28,-83.39,1
42.28,-83.39,1
42.28,-83.39,1
42.28,-83.39,1
42.28,-83.39,1
42.28,-83.39,1
42.28,-83.39,1
42.28,-83.39,1
42.28,-83.39,1
42.28,-83.39,1
42.28,-83.39,1
42.28,-83.39,1
42.28,-83.39,1
42.28,-83.39,1
42.28,-83.39,1
42.28,-83.39,1
42.28,-83.39,1
42.28,-83.39,1
42.28,-83.39,1
42.28,-83.39,1
42.28,-83.39,1
42.28,-83.39,1
42.28,-83.39,1
42.28,-83.39,1
42.28,-83.39,1
42.28,-83.39,1
42.28,-83.39,1
42.28,-83.39,1
42.28,-83.39,1
42.28,-83.39,1
42.28,-83.39,1
42.28,-83.39,1
42.28,-83.39,1
42.28,-83.39,1
42.28,-83.39,1
42.28,-83.39,1
42.28,-83.39,1
42.28,-83.39,1
42.28,-83.39,1
42.28,-83.39,1
42.28,-83.39,1
42.28,-83.39,1
42.28,-83.39,1
42.28,-83.39,1
42.28,-83.39,1
42.28,-83.39,1
42.28,-83.39,1
42.28,-83.39,1
42.28,-83.39,1
42.28,-83.39,1
42.28,-83.39,1
42.28,-83.39,1
42.28,-83.39,1
42.28,-83.39,1
42.28,-83.39,1
42.28,-83.39,1
42.28,-83.39,1
42.28,-83.39,1
42.28,-83.39,1
42.28,-83.39,1
42.28,-83.39,1
42.28,-83.39,1
42.28,-83.39,1
42.28,-83.39,1
42.28,-83.39,1
42.28,-83.39,1
42.28,-83.39,1
42.28,-83.39,1
42.28,-83.39,1
42.28,-83.39,1
42.28,-83.39,1
42.28,-83.39,1
42.28,-83.39,1
42.28,-83.39,1
42.28,-83.39,1
42.28,-83.39,1
42.28,-83.39,1
42.28,-83.39,1
42.28,-83.39,1
42.28,-83.39,1
42.28,-83.39,1
42.28,-83.39,1
42.28,-83.39,1
42.28,-83.39,1
42.28,-83.39,1
42.28,-83.39,1
42.28,-83.39,1
42.28,-83.39,1
42.28,-83.39,1
42.28,-83.39,1
42.28,-83.39,1
42.28,-83.39,1
42.28,-83.39,1
42.28,-83.39,1
42.28,-83.39,1
42.28,-83.39,1
42.28,-83.39,1
42.28,-83.39,1
42.28,-83.39,1
42.28,-83.39,1
42.28,-83.39,1
42.28,-83.39,1
42.28,-83.39,1
42.28,-83.39,1
42.28,-83.39,1
42.28,-83.39,1
42.28,-83.39,1
42.28,-83.39,1
42.28,-83.39,1
42.28,-83.39,1
42.28,-83.39,1
42.28,-83.39,1
42.28,-83.39,1
42.28,-83.39,1
42.28,-83.39,1
42.28,-83.39,1
42.28,-83.39,1
42.28,-83.39,1
42.28,-83.39,1
42.28,-83.39,1
42.28,-83.39,1
42.28,-83.39,1
42.28,-83.39,1
42.28,-83.39,1
42.28,-83.39,1
42.28,-83.39,1
42.28,-83.39,1
42.28,-83.39,1
42.28,-83.39,1
42.28,-83.39,1
42.28,-83.39,1
42.28,-83.39,1
42.28,-83.39,1
42.28,-83.39,1
42.28,-83.39,1
42.28,-83.39,1
42.28,-83.39,1
42.28,-83.39,1
42.28,-83.39,1
42.28,-83.39,1
42.28,-83.39,1
42.28,-83.39,1
42.28,-83.39,1
42.28,-83.39,1
42.28,-83.39,1
42.28,-83.39,1
42.28,-83.39,1
42.28,-83.39,1
42.28,-83.39,1
42.28,-83.39,1
42.28,-83.39,1
42.28,-83.39,1
42.28,-83.39,1
42.28,-83.39,1
42.28,-83.39,1
42.28,-83.39,1
42.28,-83.39,1
42.28,-83.39,1
42.28,-83.39,1
42.28,-83.39,1
42.28,-83.39,1
42.28,-83.39,1
42.28,-83.39,1
42.28,-83.39,1
42.28,-83.39,1
42.28,-83.39,1
42.28,-83.39,1
42.28,-83.39,1
42.28,-83.39,1
42.28,-83.39,1
42.28,-83.39,1
42.28,-83.39,1
42.28,-83.39,1
42.28,-83.39,1
42.28,-83.39,1
42.28,-83.39,1
42.28,-83.39,1
42.28,-83.39,1
42.28,-83.39,1
42.28,-83.39,1
42.28,-83.39,1
42.28,-83.39,1
42.28,-83.39,1
42.28,-83.39,1
42.28,-83.39,1
42.28,-83.39,1
42.28,-83.39,1
42.28,-83.39,1
42.28,-83.39,1
42.28,-83.39,1
42.28,-83.39,1
42.28,-83.39,1
42.28,-83.39,1
42.28,-83.39,1
42.28,-83.39,1
42.28,-83.39,1
42.28,-83.39,1
42.28,-83.39,1
42.28,-83.39,1
42.28,-83.39,1
42.28,-83.39,1
42.28,-83.39,1
42.28,-83.39,1
42.28,-83.39,1
42.28,-83.39,1
42.28,-83.39,1
42.28,-83.39,1
42.28,-83.39,1
42.28,-83.39,1
42.28,-83.39,1
42.28,-83.39,1
42.28,-83.39,1
42.28,-83.39,1
42.28,-83.39,1
42.28,-83.39,1
42.28,-83.39,1
42.28,-83.39,1
42.28,-83.39,1
42.28,-83.39,1
42.28,-83.39,1
42.28,-83.39,1
42.28,-83.39,1
42.28,-83.39,1
42.28,-83.39,1
42.28,-83.39,1
42.28,-83.39,1
42.28,-83.39,1
42.28,-83.39,1
42.28,-83.39,1
42.28,-83.39,1
42.28,-83.39,1
42.28,-83.39,1
42.28,-83.39,1
42.28,-83.39,1
42.28,-83.39,1
42.28,-83.39,1
42.28,-83.39,1
42.28,-83.39,1
42.28,-83.39,1
42.28,-83.39,1
42.28,-83.39,1
42.28,-83.39,1
42.28,-83.39,1
42.28,-83.39,1
42.28,-83.39,1
42.28,-83.39,1
42.28,-83.39,1
42.28,-83.39,1
42.28,-83.39,1
42.28,-83.39,1
42.28,-83.39,1
42.28,-83.39,1
42.28,-83.39,1
42.28,-83.39,1
42.28,-83.39,1
42.28,-83.39,1
42.28,-83.39,1
42.28,-83.39,1
42.28,-83.39,1
42.28,-83.39,1
42.28,-83.39,1
42.28,-83.39,1
42.28,-83.39,1
42.28,-83.39,1
42.28,-83.39,1
42.28,-83.39,1
42.28,-83.39,1
42.28,-83.39,1
42.28,-83.39,1
42.28,-83.39,1
42.28,-83.39,1
42.28,-83.39,1
42.28,-83.39,1
42.28,-83.39,1
42.28,-83.39,1
42.28,-83.39,1
42.28,-83.39,1
42.28,-83.39,1
42.28,-83.39,1
42.28,-83.39,1
42.28,-83.39,1
42.28,-83.39,1
42.28,-83.39,1
42.28,-83.39,1
42.28,-83.39,1
42.28,-83.39,1
42.28,-83.39,1
42.28,-83.39,1
42.28,-83.39,1
42.28,-83.39,1
42.28,-83.39,1
42.28,-83.39,1
42.28,-83.39,1
42.28,-83.39,1
42.28,-83.39,1
42.28,-83.39,1
42.28,-83.39,1
42.28,-83.39,1
42.28,-83.39,1
42.28,-83.39,1
42.28,-83.39,1
42.28,-83.39,1
42.28,-83.39,1
42.28,-83.39,1
42.28,-83.39,1
42.28,-83.39,1
42.28,-83.39,1
42.28,-83.39,1
42.28,-83.39,1
42.28,-83.39,1
42.28,-83.39,1
42.28,-83.39,1
42.28,-83.39,1
42.28,-83.39,1
42.28,-83.39,1
42.28,-83.39,1
42.28,-83.39,1
42.28,-83.39,1
42.28,-83.39,1
42.28,-83.39,1
42.28,-83.39,1
42.28,-83.39,1
42.28,-83.39,1
42.28,-83.39,1
42.28,-83.39,1
42.28,-83.39,1
42.28,-83.39,1
42.28,-83.39,1
42.28,-83.39,1
42.28,-83.39,1
42.28,-83.39,1
42.28,-83.39,1
42.28,-83.39,1
42.28,-83.39,1
42.28,-83.39,1
42.28,-83.39,1
42.28,-83.39,1
42.28,-83.39,1
42.28,-83.39,1
42.28,-83.39,1
42.28,-83.39,1
42.28,-83.39,1
42.28,-83.39,1
42.28,-83.39,1
42.28,-83.39,1
42.28,-83.39,1
42.28,-83.39,1
42.28,-83.39,1
42.28,-83.39,1
42.28,-83.39,1
42.28,-83.39,1
42.28,-83.39,1
42.28,-83.39,1
42.28,-83.39,1
42.28,-83.39,1
42.28,-83.39,1
42.28,-83.39,1
42.28,-83.39,1
42.28,-83.39,1
42.28,-83.39,1
42.28,-83.39,1
42.28,-83.39,1
42.28,-83.39,1
42.28,-83.39,1
42.28,-83.39,1
42.28,-83.39,1
42.28,-83.39,1
42.28,-83.39,1
42.28,-83.39,1
42.28,-83.39,1
42.28,-83.39,1
42.28,-83.39,1
42.28,-83.39,1
42.28,-83.39,1
42.28,-83.39,1
42.28,-83.39,1
42.28,-83.39,1
42.28,-83.39,1
42.28,-83.39,1
42.28,-83.39,1
42.28,-83.39,1
42.28,-83.39,1
42.28,-83.39,1
42.28,-83.39,1
42.28,-83.39,1
42.28,-83.39,1
42.28,-83.39,1
42.28,-83.39,1
42.28,-83.39,1
42.28,-83.39,1
42.28,-83.39,1
42.28,-83.39,1
42.28,-83.39,1
42.28,-83.39,1
42.28,-83.39,1
42.28,-83.39,1
42.28,-83.39,1
42.28,-83.39,1
42.28,-83.39,1
42.28,-83.39,1
42.28,-83.39,1
42.28,-83.39,1
42.28,-83.39,1
42.28,-83.39,1
42.28,-83.39,1
42.28,-83.39,1
42.28,-83.39,1
42.28,-83.39,1
42.28,-83.39,1
42.28,-83.39,1
42.28,-83.39,1
42.28,-83.39,1
42.28,-83.39,1
42.28,-83.39,1
42.28,-83.39,1
42.28,-83.39,1
42.28,-83.39,1
42.28,-83.39,1
42.28,-83.39,1
42.28,-83.39,1
42.28,-83.39,1
42.28,-83.39,1
42.28,-83.39,1
42.28,-83.39,1
42.28,-83.39,1
42.28,-83.39,1
42.28,-83.39,1
42.28,-83.39,1
42.28,-83.39,1
42.28,-83.39,1
42.28,-83.39,1
42.28,-83.39,1
42.28,-83.39,1
42.28,-83.39,1
42.28,-83.39,1
42.28,-83.39,1
42.28,-83.39,1
42.28,-83.39,1
42.28,-83.39,1
42.28,-83.39,1
42.28,-83.39,1
42.28,-83.39,1
42.28,-83.39,1
42.28,-83.39,1
42.28,-83.39,1
42.28,-83.39,1
42.28,-83.39,1
42.28,-83.39,1
42.28,-83.39,1
42.28,-83.39,1
42.28,-83.39,1
42.28,-83.39,1
42.28,-83.39,1
42.28,-83.39,1
42.28,-83.39,1
42.28,-83.39,1
42.28,-83.39,1
42.28,-83.39,1
42.28,-83.39,1
42.28,-83.39,1
42.28,-83.39,1
42.28,-83.39,1
42.28,-83.39,1
42.28,-83.39,1
42.28,-83.39,1
42.28,-83.39,1
42.28,-83.39,1
42.28,-83.39,1
42.28,-83.39,1
42.28,-83.39,1
42.28,-83.39,1
42.28,-83.39,1
42.28,-83.39,1
42.28,-83.39,1
42.28,-83.39,1
42.28,-83.39,1
42.28,-83.39,1
42.28,-83.39,1
42.28,-83.39,1
42.28,-83.39,1
42.28,-83.39,1
42.28,-83.39,1
42.28,-83.39,1
42.28,-83.39,1
42.28,-83.39,1
42.28,-83.39,1
42.28,-83.39,1
42.28,-83.39,1
42.28,-83.39,1
42.28,-83.39,1
42.28,-83.39,1
42.28,-83.39,1
42.28,-83.39,1
42.28,-83.39,1
42.28,-83.39,1
42.28,-83.39,1
42.28,-83.39,1
42.28,-83.39,1
42.28,-83.39,1
42.28,-83.39,1
42.28,-83.39,1
42.28,-83.39,1
42.28,-83.39,1
42.28,-83.39,1
42.28,-83.39,1
42.28,-83.39,1
42.28,-83.39,1
42.28,-83.39,1
42.28,-83.39,1
42.28,-83.39,1
42.28,-83.39,1
42.28,-83.39,1
42.28,-83.39,1
42.28,-83.39,1
42.28,-83.39,1
42.28,-83.39,1
42.28,-83.39,1
42.28,-83.39,1
42.28,-83.39,1
42.28,-83.39,1
42.28,-83.39,1
42.28,-83.39,1
42.28,-83.39,1
42.28,-83.39,1
42.28,-83.39,1
42.28,-83.39,1
42.28,-83.39,1
42.28,-83.39,1
42.28,-83.39,1
42.28,-83.39,1
42.28,-83.39,1
42.28,-83.39,1
42.28,-83.39,1
42.28,-83.39,1
42.28,-83.39,1
42.28,-83.39,1
42.28,-83.39,1
42.28,-83.39,1
42.28,-83.39,1
42.28,-83.39,1
42.28,-83.39,1
42.28,-83.39,1
42.28,-83.39,1
42.28,-83.39,1
42.28,-83.39,1
42.28,-83.39,1
42.28,-83.39,1
42.28,-83.39,1
42.28,-83.39,1
42.28,-83.39,1
42.28,-83.39,1
42.28,-83.39,1
42.28,-83.39,1
42.28,-83.39,1
42.28,-83.39,1
42.28,-83.39,1
42.28,-83.39,1
42.28,-83.39,1
42.28,-83.39,1
42.28,-83.39,1
42.28,-83.39,1
42.28,-83.39,1
42.28,-83.39,1
42.28,-83.39,1
42.28,-83.39,1
42.28,-83.39,1
42.28,-83.39,1
42.28,-83.39,1
42.28,-83.39,1
42.28,-83.39,1
42.28,-83.39,1
42.28,-83.39,1
42.28,-83.39,1
42.28,-83.39,1
42.28,-83.39,1
42.28,-83.39,1
42.28,-83.39,1
42.28,-83.39,1
42.28,-83.39,1
42.28,-83.39,1
42.28,-83.39,1
42.28,-83.39,1
42.28,-83.39,1
42.28,-83.39,1
42.28,-83.39,1
42.28,-83.39,1
42.28,-83.39,1
42.28,-83.39,1
42.28,-83.39,1
42.28,-83.39,1
42.28,-83.39,1
42.28,-83.39,1
42.28,-83.39,1
42.28,-83.39,1
42.28,-83.39,1
42.28,-83.39,1
42.28,-83.39,1
42.28,-83.39,1
42.28,-83.39,1
42.28,-83.39,1
42.28,-83.39,1
42.28,-83.39,1
42.28,-83.39,1
42.28,-83.39,1
42.28,-83.39,1
42.28,-83.39,1
42.28,-83.39,1
42.28,-83.39,1
42.28,-83.39,1
42.28,-83.39,1
42.28,-83.39,1
42.28,-83.39,1
42.28,-83.39,1
42.28,-83.39,1
42.28,-83.39,1
42.28,-83.39,1
42.28,-83.39,1
42.28,-83.39,1
42.28,-83.39,1
42.28,-83.39,1
42.28,-83.39,1
42.28,-83.39,1
42.28,-83.39,1
42.28,-83.39,1
42.28,-83.39,1
42.28,-83.39,1
42.28,-83.39,1
42.28,-83.39,1
42.28,-83.39,1
42.28,-83.39,1
42.28,-83.39,1
42.28,-83.39,1
42.28,-83.39,1
42.28,-83.39,1
42.28,-83.39,1
42.28,-83.39,1
42.28,-83.39,1
42.28,-83.39,1
42.28,-83.39,1
42.28,-83.39,1
42.28,-83.39,1
42.28,-83.39,1
42.28,-83.39,1
42.28,-83.39,1
42.28,-83.39,1
42.28,-83.39,1
42.28,-83.39,1
42.28,-83.39,1
42.28,-83.39,1
42.28,-83.39,1
42.28,-83.39,1
42.28,-83.39,1
42.28,-83.39,1
42.28,-83.39,1
42.28,-83.39,1
42.28,-83.39,1
42.28,-83.39,1
42.28,-83.39,1
42.28,-83.39,1
42.28,-83.39,1
42.28,-83.39,1
42.28,-83.39,1
42.28,-83.39,1
42.28,-83.39,1
42.28,-83.39,1
42.28,-83.39,1
42.28,-83.39,1
42.28,-83.39,1
42.28,-83.39,1
42.28,-83.39,1
42.28,-83.39,1
42.28,-83.39,1
42.28,-83.39,1
42.28,-83.39,1
42.28,-83.39,1
42.28,-83.39,1
42.28,-83.39,1
42.28,-83.39,1
42.28,-83.39,1
42.28,-83.39,1
42.28,-83.39,1
42.28,-83.39,1
42.28,-83.39,1
42.28,-83.39,1
42.28,-83.39,1
42.28,-83.39,1
42.28,-83.39,1
42.28,-83.39,1
42.28,-83.39,1
42.28,-83.39,1
42.28,-83.39,1
42.28,-83.39,1
42.28,-83.39,1
42.28,-83.39,1
42.28,-83.39,1
42.28,-83.39,1
42.28,-83.39,1
42.28,-83.39,1
42.28,-83.39,1
42.28,-83.39,1
42.28,-83.39,1
42.28,-83.39,1
42.28,-83.39,1
42.28,-83.39,1
42.28,-83.39,1
42.28,-83.39,1
42.28,-83.39,1
42.28,-83.39,1
42.28,-83.39,1
42.28,-83.39,1
42.28,-83.39,1
42.28,-83.39,1
42.28,-83.39,1
42.28,-83.39,1
42.28,-83.39,1
42.28,-83.39,1
42.28,-83.39,1
42.28,-83.39,1
42.28,-83.39,1
42.28,-83.39,1
42.28,-83.39,1
42.28,-83.39,1
42.28,-83.39,1
42.28,-83.39,1
42.28,-83.39,1
42.28,-83.39,1
42.28,-83.39,1
42.28,-83.39,1
42.28,-83.39,1
42.28,-83.39,1
42.28,-83.39,1
42.28,-83.39,1
42.28,-83.39,1
42.28,-83.39,1
42.28,-83.39,1
42.28,-83.39,1
42.28,-83.39,1
42.28,-83.39,1
42.28,-83.39,1
42.28,-83.39,1
42.28,-83.39,1
42.28,-83.39,1
42.28,-83.39,1
42.28,-83.39,1
42.28,-83.39,1
42.28,-83.39,1
42.28,-83.39,1
42.28,-83.39,1
42.28,-83.39,1
42.28,-83.39,1
42.28,-83.39,1
42.28,-83.39,1
42.28,-83.39,1
42.28,-83.39,1
42.28,-83.39,1
42.28,-83.39,1
42.28,-83.39,1
42.28,-83.39,1
42.28,-83.39,1
42.28,-83.39,1
42.28,-83.39,1
42.28,-83.39,1
42.28,-83.39,1
42.28,-83.39,1
42.28,-83.39,1
42.28,-83.39,1
42.28,-83.39,1
42.28,-83.39,1
42.28,-83.39,1
42.28,-83.39,1
42.28,-83.39,1
42.28,-83.39,1
42.28,-83.39,1
42.28,-83.39,1
42.28,-83.39,1
42.28,-83.39,1
42.28,-83.39,1
42.28,-83.39,1
42.28,-83.39,1
42.28,-83.39,1
42.28,-83.39,1
42.28,-83.39,1
42.28,-83.39,1
42.28,-83.39,1
42.28,-83.39,1
42.28,-83.39,1
42.28,-83.39,1
42.28,-83.39,1
42.28,-83.39,1
42.28,-83.39,1
42.28,-83.39,1
42.28,-83.39,1
42.28,-83.39,1
42.28,-83.39,1
42.28,-83.39,1
42.28,-83.39,1
42.28,-83.39,1
42.28,-83.39,1
42.28,-83.39,1
42.28,-83.39,1
42.28,-83.39,1
42.28,-83.39,1
42.28,-83.39,1
42.28,-83.39,1
42.28,-83.39,1
42.28,-83.39,1
42.28,-83.39,1
42.28,-83.39,1
42.28,-83.39,1
42.28,-83.39,1
42.28,-83.39,1
42.28,-83.39,1
42.28,-83.39,1
42.28,-83.39,1
42.28,-83.39,1
42.28,-83.39,1
42.28,-83.39,1
42.28,-83.39,1
42.28,-83.39,1
42.28,-83.39,1
42.28,-83.39,1
42.28,-83.39,1
42.28,-83.39,1
42.28,-83.39,1
42.28,-83.39,1
42.28,-83.39,1
42.28,-83.39,1
42.28,-83.39,1
42.28,-83.39,1
42.28,-83.39,1
42.28,-83.39,1
42.28,-83.39,1
42.28,-83.39,1
42.28,-83.39,1
42.28,-83.39,1
42.28,-83.39,1
42.28,-83.39,1
42.28,-83.39,1
42.28,-83.39,1
42.28,-83.39,1
42.28,-83.39,1
42.28,-83.39,1
42.28,-83.39,1
42.28,-83.39,1
42.28,-83.39,1
42.28,-83.39,1
42.28,-83.39,1
42.28,-83.39,1
42.28,-83.39,1
42.28,-83.39,1
42.28,-83.39,1
42.28,-83.39,1
42.28,-83.39,1
42.28,-83.39,1
42.28,-83.39,1
42.28,-83.39,1
42.28,-83.39,1
42.28,-83.39,1
42.28,-83.39,1
42.28,-83.39,1
42.28,-83.39,1
42.28,-83.39,1
42.28,-83.39,1
42.28,-83.39,1
42.28,-83.39,1
42.28,-83.39,1
42.28,-83.39,1
42.28,-83.39,1
42.28,-83.39,1
42.28,-83.39,1
42.28,-83.39,1
42.28,-83.39,1
42.28,-83.39,1
42.28,-83.39,1
42.28,-83.39,1
42.28,-83.39,1
42.28,-83.39,1
42.28,-83.39,1
42.28,-83.39,1
42.28,-83.39,1
42.28,-83.39,1
42.28,-83.39,1
42.28,-83.39,1
42.28,-83.39,1
42.28,-83.39,1
42.28,-83.39,1
42.28,-83.39,1
42.28,-83.39,1
42.28,-83.39,1
42.28,-83.39,1
42.28,-83.39,1
42.28,-83.39,1
42.28,-83.39,1
42.28,-83.39,1
42.28,-83.39,1
42.28,-83.39,1
42.28,-83.39,1
42.28,-83.39,1
42.28,-83.39,1
42.28,-83.39,1
42.28,-83.39,1
42.28,-83.39,1
42.28,-83.39,1
42.28,-83.39,1
42.28,-83.39,1
42.28,-83.39,1
42.28,-83.39,1
42.28,-83.39,1
42.28,-83.39,1
42.28,-83.39,1
42.28,-83.39,1
42.28,-83.39,1
42.28,-83.39,1
42.28,-83.39,1
42.28,-83.39,1
42.28,-83.39,1
42.28,-83.39,1
42.28,-83.39,1
42.28,-83.39,1
42.28,-83.39,1
42.28,-83.39,1
42.28,-83.39,1
42.28,-83.39,1
42.28,-83.39,1
42.28,-83.39,1
42.28,-83.39,1
42.28,-83.39,1
42.28,-83.39,1
42.28,-83.39,1
42.28,-83.39,1
42.28,-83.39,1
42.28,-83.39,1
42.28,-83.39,1
42.28,-83.39,1
42.28,-83.39,1
42.28,-83.39,1
42.28,-83.39,1
42.28,-83.39,1
42.28,-83.39,1
42.28,-83.39,1
42.28,-83.39,1
42.28,-83.39,1
42.28,-83.39,1
42.28,-83.39,1
42.28,-83.39,1
42.28,-83.39,1
42.28,-83.39,1
42.28,-83.39,1
42.28,-83.39,1
42.28,-83.39,1
42.28,-83.39,1
42.28,-83.39,1
42.28,-83.39,1
42.28,-83.39,1
42.28,-83.39,1
42.28,-83.39,1
42.28,-83.39,1
42.28,-83.39,1
42.28,-83.39,1
42.28,-83.39,1
42.28,-83.39,1
42.28,-83.39,1
42.28,-83.39,1
42.28,-83.39,1
42.28,-83.39,1
42.28,-83.39,1
42.28,-83.39,1
42.28,-83.39,1
42.28,-83.39,1
42.28,-83.39,1
42.28,-83.39,1
42.28,-83.39,1
42.28,-83.39,1
42.28,-83.39,1
42.28,-83.39,1
42.28,-83.39,1
42.28,-83.39,1
42.28,-83.39,1
42.28,-83.39,1
42.28,-83.39,1
42.28,-83.39,1
42.28,-83.39,1
42.28,-83.39,1
42.28,-83.39,1
42.28,-83.39,1
42.28,-83.39,1
42.28,-83.39,1
42.28,-83.39,1
42.28,-83.39,1
42.28,-83.39,1
42.28,-83.39,1
42.28,-83.39,1
42.28,-83.39,1
42.28,-83.39,1
42.28,-83.39,1
42.28,-83.39,1
42.28,-83.39,1
42.28,-83.39,1
42.28,-83.39,1
42.28,-83.39,1
42.28,-83.39,1
42.28,-83.39,1
42.28,-83.39,1
42.28,-83.39,1
42.28,-83.39,1
42.28,-83.39,1
42.28,-83.39,1
42.28,-83.39,1
42.28,-83.39,1
42.28,-83.39,1
42.28,-83.39,1
42.28,-83.39,1
42.28,-83.39,1
42.28,-83.39,1
42.28,-83.39,1
42.28,-83.39,1
42.28,-83.39,1
42.28,-83.39,1
42.28,-83.39,1
42.28,-83.39,1
42.28,-83.39,1
42.28,-83.39,1
42.28,-83.39,1
42.28,-83.39,1
42.28,-83.39,1
42.28,-83.39,1
42.28,-83.39,1
42.28,-83.39,1
42.28,-83.39,1
42.28,-83.39,1
42.28,-83.39,1
42.28,-83.39,1
42.28,-83.39,1
42.28,-83.39,1
42.28,-83.39,1
42.28,-83.39,1
42.28,-83.39,1
42.28,-83.39,1
42.28,-83.39,1
42.28,-83.39,1
42.28,-83.39,1
42.28,-83.39,1
42.28,-83.39,1
42.28,-83.39,1
42.28,-83.39,1
42.28,-83.39,1
42.28,-83.39,1
42.28,-83.39,1
42.28,-83.39,1
42.28,-83.39,1
42.28,-83.39,1
42.28,-83.39,1
42.28,-83.39,1
42.28,-83.39,1
42.28,-83.39,1
42.28,-83.39,1
42.28,-83.39,1
42.28,-83.39,1
42.28,-83.39,1
42.28,-83.39,1
42.28,-83.39,1
42.28,-83.39,1
42.28,-83.39,1
42.28,-83.39,1
42.28,-83.39,1
42.28,-83.39,1
42.28,-83.39,1
42.28,-83.39,1
42.28,-83.39,1
42.28,-83.39,1
42.28,-83.39,1
42.28,-83.39,1
42.28,-83.39,1
42.28,-83.39,1
42.28,-83.39,1
42.28,-83.39,1
42.28,-83.39,1
42.28,-83.39,1
42.28,-83.39,1
42.28,-83.39,1
42.28,-83.39,1
42.28,-83.39,1
42.28,-83.39,1
42.28,-83.39,1
42.28,-83.39,1
42.28,-83.39,1
42.28,-83.39,1
42.28,-83.39,1
42.28,-83.39,1
42.28,-83.39,1
42.28,-83.39,1
42.28,-83.39,1
42.28,-83.39,1
42.28,-83.39,1
42.28,-83.39,1
42.28,-83.39,1
42.28,-83.39,1
42.28,-83.39,1
42.28,-83.39,1
42.28,-83.39,1
42.28,-83.39,1
42.28,-83.39,1
42.28,-83.39,1
42.28,-83.39,1
42.28,-83.39,1
42.28,-83.39,1
42.28,-83.39,1
42.28,-83.39,1
42.28,-83.39,1
42.28,-83.39,1
42.28,-83.39,1
42.28,-83.39,1
42.28,-83.39,1
42.28,-83.39,1
42.28,-83.39,1
42.28,-83.39,1
42.28,-83.39,1
42.28,-83.39,1
42.28,-83.39,1
42.28,-83.39,1
42.28,-83.39,1
42.28,-83.39,1
42.28,-83.39,1
42.28,-83.39,1
42.28,-83.39,1
42.28,-83.39,1
42.28,-83.39,1
42.28,-83.39,1
42.28,-83.39,1
42.28,-83.39,1
42.28,-83.39,1
42.28,-83.39,1
42.28,-83.39,1
42.28,-83.39,1
42.28,-83.39,1
42.28,-83.39,1
42.28,-83.39,1
42.28,-83.39,1
42.28,-83.39,1
42.28,-83.39,1
42.28,-83.39,1
42.28,-83.39,1
42.28,-83.39,1
42.28,-83.39,1
42.28,-83.39,1
42.28,-83.39,1
42.28,-83.39,1
42.28,-83.39,1
42.28,-83.39,1
42.28,-83.39,1
42.28,-83.39,1
42.28,-83.39,1
42.28,-83.39,1
42.28,-83.39,1
42.28,-83.39,1
42.28,-83.39,1
42.28,-83.39,1
42.28,-83.39,1
42.28,-83.39,1
42.28,-83.39,1
42.28,-83.39,1
42.28,-83.39,1
42.28,-83.39,1
42.28,-83.39,1
42.28,-83.39,1
42.28,-83.39,1
42.28,-83.39,1
42.28,-83.39,1
42.28,-83.39,1
42.28,-83.39,1
42.28,-83.39,1
42.28,-83.39,1
42.28,-83.39,1
42.28,-83.39,1
42.28,-83.39,1
42.28,-83.39,1
42.28,-83.39,1
42.28,-83.39,1
42.28,-83.39,1
42.28,-83.39,1
42.28,-83.39,1
42.28,-83.39,1
42.28,-83.39,1
42.28,-83.39,1
42.28,-83.39,1
42.28,-83.39,1
42.28,-83.39,1
42.28,-83.39,1
42.28,-83.39,1
42.28,-83.39,1
42.28,-83.39,1
42.28,-83.39,1
42.28,-83.39,1
42.28,-83.39,1
42.28,-83.39,1
42.28,-83.39,1
42.28,-83.39,1
42.28,-83.39,1
42.28,-83.39,1
42.28,-83.39,1
42.28,-83.39,1
42.28,-83.39,1
42.28,-83.39,1
42.28,-83.39,1
42.28,-83.39,1
42.28,-83.39,1
42.28,-83.39,1
42.28,-83.39,1
42.28,-83.39,1
42.28,-83.39,1
42.28,-83.39,1
42.28,-83.39,1
42.28,-83.39,1
42.28,-83.39,1
42.28,-83.39,1
42.28,-83.39,1
42.28,-83.39,1
42.28,-83.39,1
42.28,-83.39,1
42.28,-83.39,1
42.28,-83.39,1
42.28,-83.39,1
42.28,-83.39,1
42.28,-83.39,1
42.28,-83.39,1
42.28,-83.39,1
42.28,-83.39,1
42.28,-83.39,1
42.28,-83.39,1
42.28,-83.39,1
42.28,-83.39,1
42.28,-83.39,1
42.28,-83.39,1
42.28,-83.39,1
42.28,-83.39,1
42.28,-83.39,1
42.28,-83.39,1
42.28,-83.39,1
42.28,-83.39,1
42.28,-83.39,1
42.28,-83.39,1
42.28,-83.39,1
42.28,-83.39,1
42.28,-83.39,1
42.28,-83.39,1
42.28,-83.39,1
42.28,-83.39,1
42.28,-83.39,1
42.28,-83.39,1
42.28,-83.39,1
42.28,-83.39,1
42.28,-83.39,1
42.28,-83.39,1
42.28,-83.39,1
42.28,-83.39,1
42.28,-83.39,1
42.28,-83.39,1
42.28,-83.39,1
42.28,-83.39,1
42.28,-83.39,1
42.28,-83.39,1
42.28,-83.39,1
42.28,-83.39,1
42.28,-83.39,1
42.28,-83.39,1
42.28,-83.39,1
42.28,-83.39,1
42.28,-83.39,1
42.28,-83.39,1
42.28,-83.39,1
42.28,-83.39,1
42.28,-83.39,1
42.28,-83.39,1
42.28,-83.39,1
42.28,-83.39,1
42.28,-83.39,1
42.28,-83.39,1
42.28,-83.39,1
42.28,-83.39,1
42.28,-83.39,1
42.28,-83.39,1
42.28,-83.39,1
42.28,-83.39,1
42.28,-83.39,1
42.28,-83.39,1
42.28,-83.39,1
42.28,-83.39,1
42.28,-83.39,1
42.28,-83.39,1
42.28,-83.39,1
42.28,-83.39,1
42.28,-83.39,1
42.28,-83.39,1
42.28,-83.39,1
42.28,-83.39,1
42.28,-83.39,1
42.28,-83.39,1
42.28,-83.39,1
42.28,-83.39,1
42.28,-83.39,1
42.28,-83.39,1
42.28,-83.39,1
42.28,-83.39,1
42.28,-83.39,1
42.28,-83.39,1
42.28,-83.39,1
42.28,-83.39,1
42.28,-83.39,1
42.28,-83.39,1
42.28,-83.39,1
42.28,-83.39,1
42.28,-83.39,1
42.28,-83.39,1
42.28,-83.39,1
42.28,-83.39,1
42.28,-83.39,1
42.28,-83.39,1
42.28,-83.39,1
42.28,-83.39,1
42.28,-83.39,1
42.28,-83.39,1
42.28,-83.39,1
42.28,-83.39,1
42.28,-83.39,1
42.28,-83.39,1
42.28,-83.39,1
42.28,-83.39,1
42.28,-83.39,1
42.28,-83.39,1
42.28,-83.39,1
42.28,-83.39,1
42.28,-83.39,1
42.28,-83.39,1
42.28,-83.39,1
42.28,-83.39,1
42.28,-83.39,1
42.28,-83.39,1
42.28,-83.39,1
42.28,-83.39,1
42.28,-83.39,1
42.28,-83.39,1
42.28,-83.39,1
42.28,-83.39,1
42.28,-83.39,1
42.28,-83.39,1
42.28,-83.39,1
42.28,-83.39,1
42.28,-83.39,1
42.28,-83.39,1
42.28,-83.39,1
42.28,-83.39,1
42.28,-83.39,1
42.28,-83.39,1
42.28,-83.39,1
42.28,-83.39,1
42.28,-83.39,1
42.28,-83.39,1
42.28,-83.39,1
42.28,-83.39,1
42.28,-83.39,1
42.28,-83.39,1
42.28,-83.39,1
42.28,-83.39,1
42.28,-83.39,1
42.28,-83.39,1
42.28,-83.39,1
42.28,-83.39,1
42.28,-83.39,1
42.28,-83.39,1
42.28,-83.39,1
42.28,-83.39,1
42.28,-83.39,1
42.28,-83.39,1
42.28,-83.39,1
42.28,-83.39,1
42.28,-83.39,1
42.28,-83.39,1
42.28,-83.39,1
42.28,-83.39,1
42.28,-83.39,1
42.28,-83.39,1
42.28,-83.39,1
42.28,-83.39,1
42.28,-83.39,1
42.28,-83.39,1
42.28,-83.39,1
42.28,-83.39,1
42.28,-83.39,1
42.28,-83.39,1
42.28,-83.39,1
42.28,-83.39,1
42.28,-83.39,1
42.28,-83.39,1
42.28,-83.39,1
42.28,-83.39,1
42.28,-83.39,1
42.28,-83.39,1
42.28,-83.39,1
42.28,-83.39,1
42.28,-83.39,1
42.28,-83.39,1
42.28,-83.39,1
42.28,-83.39,1
42.28,-83.39,1
42.28,-83.39,1
42.28,-83.39,1
42.28,-83.39,1
42.28,-83.39,1
42.28,-83.39,1
42.28,-83.39,1
42.28,-83.39,1
42.28,-83.39,1
42.28,-83.39,1
42.28,-83.39,1
42.28,-83.39,1
42.28,-83.39,1
42.28,-83.39,1
42.28,-83.39,1
42.28,-83.39,1
42.28,-83.39,1
42.28,-83.39,1
42.28,-83.39,1
42.28,-83.39,1
42.28,-83.39,1
42.28,-83.39,1
42.28,-83.39,1
42.28,-83.39,1
42.28,-83.39,1
42.28,-83.39,1
42.28,-83.39,1
42.28,-83.39,1
42.28,-83.39,1
42.28,-83.39,1
42.28,-83.39,1
42.28,-83.39,1
42.28,-83.39,1
42.28,-83.39,1
42.28,-83.39,1
42.28,-83.39,1
42.28,-83.39,1
42.28,-83.39,1
42.28,-83.39,1
42.28,-83.39,1
42.28,-83.39,1
42.28,-83.39,1
42.28,-83.39,1
42.28,-83.39,1
42.28,-83.39,1
42.28,-83.39,1
42.28,-83.39,1
42.28,-83.39,1
42.28,-83.39,1
42.28,-83.39,1
42.28,-83.39,1
42.28,-83.39,1
42.28,-83.39,1
42.28,-83.39,1
42.28,-83.39,1
42.28,-83.39,1
42.28,-83.39,1
42.28,-83.39,1
42.28,-83.39,1
42.28,-83.39,1
42.28,-83.39,1
42.28,-83.39,1
42.28,-83.39,1
42.28,-83.39,1
42.28,-83.39,1
42.28,-83.39,1
42.28,-83.39,1
42.28,-83.39,1
42.28,-83.39,1
42.28,-83.39,1
42.28,-83.39,1
42.28,-83.39,1
42.28,-83.39,1
42.28,-83.39,1
42.28,-83.39,1
42.28,-83.39,1
42.28,-83.39,1
42.28,-83.39,1
42.28,-83.39,1
42.28,-83.39,1
42.28,-83.39,1
42.28,-83.39,1
42.28,-83.39,1
42.28,-83.39,1
42.28,-83.39,1
42.28,-83.39,1
42.28,-83.39,1
42.28,-83.39,1
42.28,-83.39,1
42.28,-83.39,1
42.28,-83.39,1
42.28,-83.39,1
42.28,-83.39,1
42.28,-83.39,1
42.28,-83.39,1
42.28,-83.39,1
42.28,-83.39,1
42.28,-83.39,1
42.28,-83.39,1
42.28,-83.39,1
42.28,-83.39,1
42.28,-83.39,1
42.28,-83.39,1
42.28,-83.39,1
42.28,-83.39,1
42.28,-83.39,1
42.28,-83.39,1
42.28,-83.39,1
42.28,-83.39,1
42.28,-83.39,1
42.28,-83.39,1
42.28,-83.39,1
42.28,-83.39,1
42.28,-83.39,1
42.28,-83.39,1
42.28,-83.39,1
42.28,-83.39,1
42.28,-83.39,1
42.28,-83.39,1
42.28,-83.39,1
42.28,-83.39,1
42.28,-83.39,1
42.28,-83.39,1
42.28,-83.39,1
42.28,-83.39,1
42.28,-83.39,1
42.28,-83.39,1
42.28,-83.39,1
42.28,-83.39,1
42.28,-83.39,1
42.28,-83.39,1
42.28,-83.39,1
42.28,-83.39,1
42.28,-83.39,1
42.28,-83.39,1
42.28,-83.39,1
42.28,-83.39,1
42.28,-83.39,1
42.28,-83.39,1
42.28,-83.39,1
42.28,-83.39,1
42.28,-83.39,1
42.28,-83.39,1
42.28,-83.39,1
42.28,-83.39,1
42.28,-83.39,1
42.28,-83.39,1
42.28,-83.39,1
42.28,-83.39,1
42.28,-83.39,1
42.28,-83.39,1
42.28,-83.39,1
42.28,-83.39,1
42.28,-83.39,1
42.28,-83.39,1
42.28,-83.39,1
42.28,-83.39,1
42.28,-83.39,1
42.28,-83.39,1
42.28,-83.39,1
42.28,-83.39,1
42.28,-83.39,1
42.28,-83.39,1
42.28,-83.39,1
42.28,-83.39,1
42.28,-83.39,1
42.28,-83.39,1
42.28,-83.39,1
42.28,-83.39,1
42.28,-83.39,1
42.28,-83.39,1
42.28,-83.39,1
42.28,-83.39,1
42.28,-83.39,1
42.28,-83.39,1
42.28,-83.39,1
42.28,-83.39,1
42.28,-83.39,1
42.28,-83.39,1
42.28,-83.39,1
42.28,-83.39,1
42.28,-83.39,1
42.28,-83.39,1
42.28,-83.39,1
42.28,-83.39,1
42.28,-83.39,1
42.28,-83.39,1
42.28,-83.39,1
42.28,-83.39,1
42.28,-83.39,1
42.28,-83.39,1
42.28,-83.39,1
42.28,-83.39,1
42.28,-83.39,1
42.28,-83.39,1
42.28,-83.39,1
42.28,-83.39,1
42.28,-83.39,1
42.28,-83.39,1
42.28,-83.39,1
42.28,-83.39,1
42.28,-83.39,1
42.28,-83.39,1
42.28,-83.39,1
42.28,-83.39,1
42.28,-83.39,1
42.28,-83.39,1
42.28,-83.39,1
42.28,-83.39,1
42.28,-83.39,1
42.28,-83.39,1
42.28,-83.39,1
42.28,-83.39,1
42.28,-83.39,1
42.28,-83.39,1
42.28,-83.39,1
42.28,-83.39,1
42.28,-83.39,1
42.28,-83.39,1
42.28,-83.39,1
42.28,-83.39,1
42.28,-83.39,1
42.28,-83.39,1
42.28,-83.39,1
42.28,-83.39,1
42.28,-83.39,1
42.28,-83.39,1
42.28,-83.39,1
42.28,-83.39,1
42.28,-83.39,1
42.28,-83.39,1
42.28,-83.39,1
42.28,-83.39,1
42.28,-83.39,1
42.28,-83.39,1
42.28,-83.39,1
42.28,-83.39,1
42.28,-83.39,1
42.28,-83.39,1
42.28,-83.39,1
42.28,-83.39,1
42.28,-83.39,1
42.28,-83.39,1
42.28,-83.39,1
42.28,-83.39,1
42.28,-83.39,1
42.28,-83.39,1
42.28,-83.39,1
42.28,-83.39,1
42.28,-83.39,1
42.28,-83.39,1
42.28,-83.39,1
42.28,-83.39,1
42.28,-83.39,1
42.28,-83.39,1
42.28,-83.39,1
42.28,-83.39,1
42.28,-83.39,1
42.28,-83.39,1
42.28,-83.39,1
42.28,-83.39,1
42.28,-83.39,1
42.28,-83.39,1
42.28,-83.39,1
42.28,-83.39,1
42.28,-83.39,1
42.28,-83.39,1
42.28,-83.39,1
42.28,-83.39,1
42.28,-83.39,1
42.28,-83.39,1
42.28,-83.39,1
42.28,-83.39,1
42.28,-83.39,1
42.28,-83.39,1
42.28,-83.39,1
42.28,-83.39,1
42.28,-83.39,1
42.28,-83.39,1
42.28,-83.39,1
42.28,-83.39,1
42.28,-83.39,1
42.28,-83.39,1
42.28,-83.39,1
42.28,-83.39,1
42.28,-83.39,1
42.28,-83.39,1
42.28,-83.39,1
42.28,-83.39,1
42.28,-83.39,1
42.28,-83.39,1
42.28,-83.39,1
42.28,-83.39,1
42.28,-83.39,1
42.28,-83.39,1
42.28,-83.39,1
42.28,-83.39,1
42.28,-83.39,1
42.28,-83.39,1
42.28,-83.39,1
42.28,-83.39,1
42.28,-83.39,1
42.28,-83.39,1
42.28,-83.39,1
42.28,-83.39,1
42.28,-83.39,1
42.28,-83.39,1
42.28,-83.39,1
42.28,-83.39,1
42.28,-83.39,1
42.28,-83.39,1
42.28,-83.39,1
42.28,-83.39,1
42.28,-83.39,1
42.28,-83.39,1
42.28,-83.39,1
42.28,-83.39,1
42.28,-83.39,1
42.28,-83.39,1
42.28,-83.39,1
42.28,-83.39,1
42.28,-83.39,1
42.28,-83.39,1
42.28,-83.39,1
42.28,-83.39,1
42.28,-83.39,1
42.28,-83.39,1
42.28,-83.39,1
42.28,-83.39,1
42.28,-83.39,1
42.28,-83.39,1
42.28,-83.39,1
42.28,-83.39,1
42.28,-83.39,1
42.28,-83.39,1
42.28,-83.39,1
42.28,-83.39,1
42.28,-83.39,1
42.28,-83.39,1
42.28,-83.39,1
42.28,-83.39,1
42.28,-83.39,1
42.28,-83.39,1
42.28,-83.39,1
42.28,-83.39,1
42.28,-83.39,1
42.28,-83.39,1
42.28,-83.39,1
42.28,-83.39,1
42.28,-83.39,1
42.28,-83.39,1
42.28,-83.39,1
42.28,-83.39,1
42.28,-83.39,1
42.28,-83.39,1
42.28,-83.39,1
42.28,-83.39,1
42.28,-83.39,1
42.28,-83.39,1
42.28,-83.39,1
42.28,-83.39,1
42.28,-83.39,1
42.28,-83.39,1
42.28,-83.39,1
42.28,-83.39,1
42.28,-83.39,1
42.28,-83.39,1
42.28,-83.39,1
42.28,-83.39,1
42.28,-83.39,1
42.28,-83.39,1
42.28,-83.39,1
42.28,-83.39,1
42.28,-83.39,1
42.28,-83.39,1
42.28,-83.39,1
42.28,-83.39,1
42.28,-83.39,1
42.28,-83.39,1
42.28,-83.39,1
42.28,-83.39,1
42.28,-83.39,1
42.28,-83.39,1
42.28,-83.39,1
42.28,-83.39,1
42.28,-83.39,1
42.28,-83.39,1
42.28,-83.39,1
42.28,-83.39,1
42.28,-83.39,1
42.28,-83.39,1
42.28,-83.39,1
42.28,-83.39,1
42.28,-83.39,1
42.28,-83.39,1
42.28,-83.39,1
42.28,-83.39,1
42.28,-83.39,1
42.28,-83.39,1
42.28,-83.39,1
42.28,-83.39,1
42.28,-83.39,1
42.28,-83.39,1
42.28,-83.39,1
42.28,-83.39,1
42.28,-83.39,1
42.28,-83.39,1
42.28,-83.39,1
42.28,-83.39,1
42.28,-83.39,1
42.28,-83.39,1
42.28,-83.39,1
42.28,-83.39,1
42.28,-83.39,1
42.28,-83.39,1
42.28,-83.39,1
42.28,-83.39,1
42.28,-83.39,1
42.28,-83.39,1
42.28,-83.39,1
42.28,-83.39,1
42.28,-83.39,1
42.28,-83.39,1
42.28,-83.39,1
42.28,-83.39,1
42.28,-83.39,1
42.28,-83.39,1
42.28,-83.39,1
42.28,-83.39,1
42.28,-83.39,1
42.28,-83.39,1
42.28,-83.39,1
42.28,-83.39,1
42.28,-83.39,1
42.28,-83.39,1
42.28,-83.39,1
42.28,-83.39,1
42.28,-83.39,1
42.28,-83.39,1
42.28,-83.39,1
42.28,-83.39,1
42.28,-83.39,1
42.28,-83.39,1
42.28,-83.39,1
42.28,-83.39,1
42.28,-83.39,1
42.28,-83.39,1
42.28,-83.39,1
42.28,-83.39,1
42.28,-83.39,1
42.28,-83.39,1
42.28,-83.39,1
42.28,-83.39,1
42.28,-83.39,1
42.28,-83.39,1
42.28,-83.39,1
42.28,-83.39,1
42.28,-83.39,1
42.28,-83.39,1
42.28,-83.39,1
42.28,-83.39,1
42.28,-83.39,1
42.28,-83.39,1
42.28,-83.39,1
42.28,-83.39,1
42.28,-83.39,1
42.28,-83.39,1
42.28,-83.39,1
42.28,-83.39,1
42.28,-83.39,1
42.28,-83.39,1
42.28,-83.39,1
42.28,-83.39,1
42.28,-83.39,1
42.28,-83.39,1
42.28,-83.39,1
42.28,-83.39,1
42.28,-83.39,1
42.28,-83.39,1
42.28,-83.39,1
42.28,-83.39,1
42.28,-83.39,1
42.28,-83.39,1
42.28,-83.39,1
42.28,-83.39,1
42.28,-83.39,1
42.28,-83.39,1
42.28,-83.39,1
42.28,-83.39,1
42.28,-83.39,1
42.28,-83.39,1
42.28,-83.39,1
42.28,-83.39,1
42.28,-83.39,1
42.28,-83.39,1
42.28,-83.39,1
42.28,-83.39,1
42.28,-83.39,1
42.28,-83.39,1
42.28,-83.39,1
42.28,-83.39,1
42.28,-83.39,1
42.28,-83.39,1
42.28,-83.39,1
42.28,-83.39,1
42.28,-83.39,1
42.28,-83.39,1
42.28,-83.39,1
42.28,-83.39,1
42.28,-83.39,1
42.28,-83.39,1
42.28,-83.39,1
42.28,-83.39,1
42.28,-83.39,1
42.28,-83.39,1
42.28,-83.39,1
42.28,-83.39,1
42.28,-83.39,1
42.28,-83.39,1
42.28,-83.39,1
42.28,-83.39,1
42.28,-83.39,1
42.28,-83.39,1
42.28,-83.39,1
42.28,-83.39,1
42.28,-83.39,1
42.28,-83.39,1
42.28,-83.39,1
42.28,-83.39,1
42.28,-83.39,1
42.28,-83.39,1
42.28,-83.39,1
42.28,-83.39,1
42.28,-83.39,1
42.28,-83.39,1
42.28,-83.39,1
42.28,-83.39,1
42.28,-83.39,1
42.28,-83.39,1
42.28,-83.39,1
42.28,-83.39,1
42.28,-83.39,1
42.28,-83.39,1
42.28,-83.39,1
42.28,-83.39,1
42.28,-83.39,1
42.28,-83.39,1
42.28,-83.39,1
42.28,-83.39,1
42.28,-83.39,1
42.28,-83.39,1
42.28,-83.39,1
42.28,-83.39,1
42.28,-83.39,1
42.28,-83.39,1
42.28,-83.39,1
42.28,-83.39,1
42.28,-83.39,1
42.28,-83.39,1
42.28,-83.39,1
42.28,-83.39,1
42.28,-83.39,1
42.28,-83.39,1
42.28,-83.39,1
42.28,-83.39,1
42.28,-83.39,1
42.28,-83.39,1
42.28,-83.39,1
42.28,-83.39,1
42.28,-83.39,1
42.28,-83.39,1
42.28,-83.39,1
42.28,-83.39,1
42.28,-83.39,1
42.28,-83.39,1
42.28,-83.39,1
42.28,-83.39,1
42.28,-83.39,1
42.28,-83.39,1
42.28,-83.39,1
42.28,-83.39,1
42.28,-83.39,1
42.28,-83.39,1
42.28,-83.39,1
42.28,-83.39,1
42.28,-83.39,1
42.28,-83.39,1
42.28,-83.39,1
42.28,-83.39,1
42.28,-83.39,1
42.28,-83.39,1
42.28,-83.39,1
42.28,-83.39,1
42.28,-83.39,1
42.28,-83.39,1
42.28,-83.39,1
42.28,-83.39,1
42.28,-83.39,1
42.28,-83.39,1
42.28,-83.39,1
42.28,-83.39,1
42.28,-83.39,1
42.28,-83.39,1
42.28,-83.39,1
42.28,-83.39,1
42.28,-83.39,1
42.28,-83.39,1
42.28,-83.39,1
42.28,-83.39,1
42.28,-83.39,1
42.28,-83.39,1
42.28,-83.39,1
42.28,-83.39,1
42.28,-83.39,1
42.28,-83.39,1
42.28,-83.39,1
42.28,-83.39,1
42.28,-83.39,1
42.28,-83.39,1
42.28,-83.39,1
42.28,-83.39,1
42.28,-83.39,1
42.28,-83.39,1
42.28,-83.39,1
42.28,-83.39,1
42.28,-83.39,1
42.28,-83.39,1
42.28,-83.39,1
42.28,-83.39,1
42.28,-83.39,1
42.28,-83.39,1
42.28,-83.39,1
42.28,-83.39,1
42.28,-83.39,1
42.28,-83.39,1
42.28,-83.39,1
42.28,-83.39,1
42.28,-83.39,1
42.28,-83.39,1
42.28,-83.39,1
42.28,-83.39,1
42.28,-83.39,1
42.28,-83.39,1
42.28,-83.39,1
42.28,-83.39,1
42.28,-83.39,1
42.28,-83.39,1
42.28,-83.39,1
42.28,-83.39,1
42.28,-83.39,1
42.28,-83.39,1
42.28,-83.39,1
42.28,-83.39,1
42.28,-83.39,1
42.28,-83.39,1
42.28,-83.39,1
42.28,-83.39,1
42.28,-83.39,1
42.28,-83.39,1
42.28,-83.39,1
42.28,-83.39,1
42.28,-83.39,1
42.28,-83.39,1
42.28,-83.39,1
42.28,-83.39,1
42.28,-83.39,1
42.28,-83.39,1
42.28,-83.39,1
42.28,-83.39,1
42.28,-83.39,1
42.28,-83.39,1
42.28,-83.39,1
42.28,-83.39,1
42.28,-83.39,1
42.28,-83.39,1
42.28,-83.39,1
42.28,-83.39,1
42.28,-83.39,1
42.28,-83.39,1
42.28,-83.39,1
42.28,-83.39,1
42.28,-83.39,1
42.28,-83.39,1
42.28,-83.39,1
42.28,-83.39,1
42.28,-83.39,1
42.28,-83.39,1
42.28,-83.39,1
42.28,-83.39,1
42.28,-83.39,1
42.28,-83.39,1
42.28,-83.39,1
42.28,-83.39,1
42.28,-83.39,1
42.28,-83.39,1
42.28,-83.39,1
42.28,-83.39,1
42.28,-83.39,1
42.28,-83.39,1
42.28,-83.39,1
42.28,-83.39,1
42.28,-83.39,1
42.28,-83.39,1
42.28,-83.39,1
42.28,-83.39,1
42.28,-83.39,1
42.28,-83.39,1
42.28,-83.39,1
42.28,-83.39,1
42.28,-83.39,1
42.28,-83.39,1
42.28,-83.39,1
42.28,-83.39,1
42.28,-83.39,1
42.28,-83.39,1
42.28,-83.39,1
42.28,-83.39,1
42.28,-83.39,1
42.28,-83.39,1
42.28,-83.39,1
42.28,-83.39,1
42.28,-83.39,1
42.28,-83.39,1
42.28,-83.39,1
42.28,-83.39,1
42.28,-83.39,1
42.28,-83.39,1
42.28,-83.39,1
42.28,-83.39,1
42.28,-83.39,1
42.28,-83.39,1
42.28,-83.39,1
42.28,-83.39,1
42.28,-83.39,1
42.28,-83.39,1
42.28,-83.39,1
42.28,-83.39,1
42.28,-83.39,1
42.28,-83.39,1
42.28,-83.39,1
42.28,-83.39,1
42.28,-83.39,1
42.28,-83.39,1
42.28,-83.39,1
42.28,-83.39,1
42.28,-83.39,1
42.28,-83.39,1
42.28,-83.39,1
42.28,-83.39,1
42.28,-83.39,1
42.28,-83.39,1
42.28,-83.39,1
42.28,-83.39,1
42.28,-83.39,1
42.28,-83.39,1
42.28,-83.39,1
42.28,-83.39,1
42.28,-83.39,1
42.28,-83.39,1
42.28,-83.39,1
42.28,-83.39,1
42.28,-83.39,1
42.28,-83.39,1
42.28,-83.39,1
42.28,-83.39,1
42.28,-83.39,1
42.28,-83.39,1
42.28,-83.39,1
42.28,-83.39,1
42.28,-83.39,1
42.28,-83.39,1
42.28,-83.39,1
42.28,-83.39,1
42.28,-83.39,1
42.28,-83.39,1
42.28,-83.39,1
42.28,-83.39,1
42.28,-83.39,1
42.28,-83.39,1
42.28,-83.39,1
42.28,-83.39,1
42.28,-83.39,1
42.28,-83.39,1
42.28,-83.39,1
42.28,-83.39,1
42.28,-83.39,1
42.28,-83.39,1
42.28,-83.39,1
42.28,-83.39,1
42.28,-83.39,1
42.28,-83.39,1
42.28,-83.39,1
42.28,-83.39,1
42.28,-83.39,1
42.28,-83.39,1
42.28,-83.39,1
42.28,-83.39,1
42.28,-83.39,1
42.28,-83.39,1
42.28,-83.39,1
42.28,-83.39,1
42.28,-83.39,1
42.28,-83.39,1
42.28,-83.39,1
42.28,-83.39,1
42.28,-83.39,1
42.28,-83.39,1
42.28,-83.39,1
42.28,-83.39,1
42.28,-83.39,1
42.28,-83.39,1
42.28,-83.39,1
42.28,-83.39,1
42.28,-83.39,1
42.28,-83.39,1
42.28,-83.39,1
42.28,-83.39,1
42.28,-83.39,1
42.28,-83.39,1
42.28,-83.39,1
42.28,-83.39,1
42.28,-83.39,1
42.28,-83.39,1
42.28,-83.39,1
42.28,-83.39,1
42.28,-83.39,1
42.28,-83.39,1
42.28,-83.39,1
42.28,-83.39,1
42.28,-83.39,1
42.28,-83.39,1
42.28,-83.39,1
42.28,-83.39,1
42.28,-83.39,1
42.28,-83.39,1
42.28,-83.39,1
42.28,-83.39,1
42.28,-83.39,1
42.28,-83.39,1
42.28,-83.39,1
42.28,-83.39,1
42.28,-83.39,1
42.28,-83.39,1
42.28,-83.39,1
42.28,-83.39,1
42.28,-83.39,1
42.28,-83.39,1
42.28,-83.39,1
42.28,-83.39,1
42.28,-83.39,1
42.28,-83.39,1
42.28,-83.39,1
42.28,-83.39,1
42.28,-83.39,1
42.28,-83.39,1
42.28,-83.39,1
42.28,-83.39,1
42.28,-83.39,1
42.28,-83.39,1
42.28,-83.39,1
42.28,-83.39,1
42.28,-83.39,1
42.28,-83.39,1
42.28,-83.39,1
42.28,-83.39,1
42.28,-83.39,1
42.28,-83.39,1
42.28,-83.39,1
42.28,-83.39,1
42.28,-83.39,1
42.28,-83.39,1
42.28,-83.39,1
42.28,-83.39,1
42.28,-83.39,1
42.28,-83.39,1
42.28,-83.39,1
42.28,-83.39,1
42.28,-83.39,1
42.28,-83.39,1
42.28,-83.39,1
42.28,-83.39,1
42.28,-83.39,1
42.28,-83.39,1
42.28,-83.39,1
42.28,-83.39,1
42.28,-83.39,1
42.28,-83.39,1
42.28,-83.39,1
42.28,-83.39,1
42.28,-83.39,1
42.28,-83.39,1
42.28,-83.39,1
42.28,-83.39,1
42.28,-83.39,1
42.28,-83.39,1
42.28,-83.39,1
42.28,-83.39,1
42.28,-83.39,1
42.28,-83.39,1
42.28,-83.39,1
42.28,-83.39,1
42.28,-83.39,1
42.28,-83.39,1
42.28,-83.39,1
42.28,-83.39,1
42.28,-83.39,1
42.28,-83.39,1
42.28,-83.39,1
42.28,-83.39,1
42.28,-83.39,1
42.28,-83.39,1
42.28,-83.39,1
42.28,-83.39,1
42.28,-83.39,1
42.28,-83.39,1
42.28,-83.39,1
42.28,-83.39,1
42.28,-83.39,1
42.28,-83.39,1
42.28,-83.39,1
42.28,-83.39,1
42.28,-83.39,1
42.28,-83.39,1
42.28,-83.39,1
42.28,-83.39,1
42.28,-83.39,1
42.28,-83.39,1
42.28,-83.39,1
42.28,-83.39,1
42.28,-83.39,1
42.28,-83.39,1
42.28,-83.39,1
42.28,-83.39,1
42.28,-83.39,1
42.28,-83.39,1
42.28,-83.39,1
42.28,-83.39,1
42.28,-83.39,1
42.28,-83.39,1
42.28,-83.39,1
42.28,-83.39,1
42.28,-83.39,1
42.28,-83.39,1
42.28,-83.39,1
42.28,-83.39,1
42.28,-83.39,1
42.28,-83.39,1
42.28,-83.39,1
42.28,-83.39,1
42.28,-83.39,1
42.28,-83.39,1
42.28,-83.39,1
42.28,-83.39,1
42.28,-83.39,1
42.28,-83.39,1
42.28,-83.39,1
42.28,-83.39,1
42.28,-83.39,1
42.28,-83.39,1
42.28,-83.39,1
42.28,-83.39,1
42.28,-83.39,1
42.28,-83.39,1
42.28,-83.39,1
42.28,-83.39,1
42.28,-83.39,1
42.28,-83.39,1
42.28,-83.39,1
42.28,-83.39,1
42.28,-83.39,1
42.28,-83.39,1
42.28,-83.39,1
42.28,-83.39,1
42.28,-83.39,1
42.28,-83.39,1
42.28,-83.39,1
42.28,-83.39,1
42.28,-83.39,1
42.28,-83.39,1
42.28,-83.39,1
42.28,-83.39,1
42.28,-83.39,1
42.28,-83.39,1
42.28,-83.39,1
42.28,-83.39,1
42.28,-83.39,1
42.28,-83.39,1
42.28,-83.39,1
42.28,-83.39,1
42.28,-83.39,1
42.28,-83.39,1
42.28,-83.39,1
42.28,-83.39,1
42.28,-83.39,1
42.28,-83.39,1
42.28,-83.39,1
42.28,-83.39,1
42.28,-83.39,1
42.28,-83.39,1
42.28,-83.39,1
42.28,-83.39,1
42.28,-83.39,1
42.28,-83.39,1
42.28,-83.39,1
42.28,-83.39,1
42.28,-83.39,1
42.28,-83.39,1
42.28,-83.39,1
42.28,-83.39,1
42.28,-83.39,1
42.28,-83.39,1
42.28,-83.39,1
42.28,-83.39,1
42.28,-83.39,1
42.28,-83.39,1
42.28,-83.39,1
42.28,-83.39,1
42.28,-83.39,1
42.28,-83.39,1
42.28,-83.39,1
42.28,-83.39,1
42.28,-83.39,1
42.28,-83.39,1
42.28,-83.39,1
42.28,-83.39,1
42.28,-83.39,1
42.28,-83.39,1
42.28,-83.39,1
42.28,-83.39,1
42.28,-83.39,1
42.28,-83.39,1
42.28,-83.39,1
42.28,-83.39,1
42.28,-83.39,1
42.28,-83.39,1
42.28,-83.39,1
42.28,-83.39,1
42.28,-83.39,1
42.28,-83.39,1
42.28,-83.39,1
42.28,-83.39,1
42.28,-83.39,1
42.28,-83.39,1
42.28,-83.39,1
42.28,-83.39,1
42.28,-83.39,1
42.28,-83.39,1
42.28,-83.39,1
42.28,-83.39,1
42.28,-83.39,1
42.28,-83.39,1
42.28,-83.39,1
42.28,-83.39,1
42.28,-83.39,1
42.28,-83.39,1
42.28,-83.39,1
42.28,-83.39,1
42.28,-83.39,1
42.28,-83.39,1
42.28,-83.39,1
42.28,-83.39,1
42.28,-83.39,1
42.28,-83.39,1
42.28,-83.39,1
42.28,-83.39,1
42.28,-83.39,1
42.28,-83.39,1
42.28,-83.39,1
42.28,-83.39,1
42.28,-83.39,1
42.28,-83.39,1
42.28,-83.39,1
42.28,-83.39,1
42.28,-83.39,1
42.28,-83.39,1
42.28,-83.39,1
42.28,-83.39,1
42.28,-83.39,1
42.28,-83.39,1
42.28,-83.39,1
42.28,-83.39,1
42.28,-83.39,1
42.28,-83.39,1
42.28,-83.39,1
42.28,-83.39,1
42.28,-83.39,1
42.28,-83.39,1
42.28,-83.39,1
42.28,-83.39,1
42.28,-83.39,1
42.28,-83.39,1
42.28,-83.39,1
42.28,-83.39,1
42.28,-83.39,1
42.28,-83.39,1
42.28,-83.39,1
42.28,-83.39,1
42.28,-83.39,1
42.28,-83.39,1
42.28,-83.39,1
42.28,-83.39,1
42.28,-83.39,1
42.28,-83.39,1
42.28,-83.39,1
42.28,-83.39,1
42.28,-83.39,1
42.28,-83.39,1
42.28,-83.39,1
42.28,-83.39,1
42.28,-83.39,1
42.28,-83.39,1
42.28,-83.39,1
42.28,-83.39,1
42.28,-83.39,1
42.28,-83.39,1
42.28,-83.39,1
42.28,-83.39,1
42.28,-83.39,1
42.28,-83.39,1
42.28,-83.39,1
42.28,-83.39,1
42.28,-83.39,1
42.28,-83.39,1
42.28,-83.39,1
42.28,-83.39,1
42.28,-83.39,1
42.28,-83.39,1
42.28,-83.39,1
42.28,-83.39,1
42.28,-83.39,1
42.28,-83.39,1
42.28,-83.39,1
42.28,-83.39,1
42.28,-83.39,1
42.28,-83.39,1
42.28,-83.39,1
42.28,-83.39,1
42.28,-83.39,1
42.28,-83.39,1
42.28,-83.39,1
42.28,-83.39,1
42.28,-83.39,1
42.28,-83.39,1
42.28,-83.39,1
42.28,-83.39,1
42.28,-83.39,1
42.28,-83.39,1
42.28,-83.39,1
42.28,-83.39,1
42.28,-83.39,1
42.28,-83.39,1
42.28,-83.39,1
42.28,-83.39,1
42.28,-83.39,1
42.28,-83.39,1
42.28,-83.39,1
42.28,-83.39,1
42.28,-83.39,1
42.28,-83.39,1
42.28,-83.39,1
42.28,-83.39,1
42.28,-83.39,1
42.28,-83.39,1
42.28,-83.39,1
42.28,-83.39,1
42.28,-83.39,1
42.28,-83.39,1
42.28,-83.39,1
42.28,-83.39,1
42.28,-83.39,1
42.28,-83.39,1
42.28,-83.39,1
42.28,-83.39,1
42.28,-83.39,1
42.28,-83.39,1
42.28,-83.39,1
42.28,-83.39,1
42.28,-83.39,1
42.28,-83.39,1
42.28,-83.39,1
42.28,-83.39,1
42.28,-83.39,1
42.28,-83.39,1
42.28,-83.39,1
42.28,-83.39,1
42.28,-83.39,1
42.28,-83.39,1
42.28,-83.39,1
42.28,-83.39,1
42.28,-83.39,1
42.28,-83.39,1
42.28,-83.39,1
42.28,-83.39,1
42.28,-83.39,1
42.28,-83.39,1
42.28,-83.39,1
42.28,-83.39,1
42.28,-83.39,1
42.28,-83.39,1
42.28,-83.39,1
42.28,-83.39,1
42.28,-83.39,1
42.28,-83.39,1
42.28,-83.39,1
42.28,-83.39,1
42.28,-83.39,1
42.28,-83.39,1
42.28,-83.39,1
42.28,-83.39,1
42.28,-83.39,1
42.28,-83.39,1
42.28,-83.39,1
42.28,-83.39,1
42.28,-83.39,1
42.28,-83.39,1
42.28,-83.39,1
42.28,-83.39,1
42.28,-83.39,1
42.28,-83.39,1
42.28,-83.39,1
42.28,-83.39,1
42.28,-83.39,1
42.28,-83.39,1
42.28,-83.39,1
42.28,-83.39,1
42.28,-83.39,1
42.28,-83.39,1
42.28,-83.39,1
42.28,-83.39,1
42.28,-83.39,1
42.28,-83.39,1
42.28,-83.39,1
42.28,-83.39,1
42.28,-83.39,1
42.28,-83.39,1
42.28,-83.39,1
42.28,-83.39,1
42.28,-83.39,1
42.28,-83.39,1
42.28,-83.39,1
42.28,-83.39,1
42.28,-83.39,1
42.28,-83.39,1
42.28,-83.39,1
42.28,-83.39,1
42.28,-83.39,1
42.28,-83.39,1
42.28,-83.39,1
42.28,-83.39,1
42.28,-83.39,1
42.28,-83.39,1
42.28,-83.39,1
42.28,-83.39,1
42.28,-83.39,1
42.28,-83.39,1
42.28,-83.39,1
42.28,-83.39,1
42.28,-83.39,1
42.28,-83.39,1
42.28,-83.39,1
42.28,-83.39,1
42.28,-83.39,1
42.28,-83.39,1
42.28,-83.39,1
42.28,-83.39,1
42.28,-83.39,1
42.28,-83.39,1
42.28,-83.39,1
42.28,-83.39,1
42.28,-83.39,1
42.28,-83.39,1
42.28,-83.39,1
42.28,-83.39,1
42.28,-83.39,1
42.28,-83.39,1
42.28,-83.39,1
42.28,-83.39,1
42.28,-83.39,1
42.28,-83.39,1
42.28,-83.39,1
42.28,-83.39,1
42.28,-83.39,1
42.28,-83.39,1
42.28,-83.39,1
42.28,-83.39,1
42.28,-83.39,1
42.28,-83.39,1
42.28,-83.39,1
42.28,-83.39,1
42.28,-83.39,1
42.28,-83.39,1
42.28,-83.39,1
42.28,-83.39,1
42.28,-83.39,1
42.28,-83.39,1
42.28,-83.39,1
42.28,-83.39,1
42.28,-83.39,1
42.28,-83.39,1
42.28,-83.39,1
42.28,-83.39,1
42.28,-83.39,1
42.28,-83.39,1
42.28,-83.39,1
42.28,-83.39,1
42.28,-83.39,1
42.28,-83.39,1
42.28,-83.39,1
42.28,-83.39,1
42.28,-83.39,1
42.28,-83.39,1
42.28,-83.39,1
42.28,-83.39,1
42.28,-83.39,1
42.28,-83.39,1
42.28,-83.39,1
42.28,-83.39,1
42.28,-83.39,1
42.28,-83.39,1
42.28,-83.39,1
42.28,-83.39,1
42.28,-83.39,1
42.28,-83.39,1
42.28,-83.39,1
42.28,-83.39,1
42.28,-83.39,1
42.28,-83.39,1
42.28,-83.39,1
42.28,-83.39,1
42.28,-83.39,1
42.28,-83.39,1
42.28,-83.39,1
42.28,-83.39,1
42.28,-83.39,1
42.28,-83.39,1
42.28,-83.39,1
42.28,-83.39,1
42.28,-83.39,1
42.28,-83.39,1
42.28,-83.39,1
42.28,-83.39,1
42.28,-83.39,1
42.28,-83.39,1
42.28,-83.39,1
42.28,-83.39,1
42.28,-83.39,1
42.28,-83.39,1
42.28,-83.39,1
42.28,-83.39,1
42.28,-83.39,1
42.28,-83.39,1
42.28,-83.39,1
42.28,-83.39,1
42.28,-83.39,1
42.28,-83.39,1
42.28,-83.39,1
42.28,-83.39,1
42.28,-83.39,1
42.28,-83.39,1
42.28,-83.39,1
42.28,-83.39,1
42.28,-83.39,1
42.28,-83.39,1
42.28,-83.39,1
42.28,-83.39,1
42.28,-83.39,1
42.28,-83.39,1
42.28,-83.39,1
42.28,-83.39,1
42.28,-83.39,1
42.28,-83.39,1
42.28,-83.39,1
42.28,-83.39,1
42.28,-83.39,1
42.28,-83.39,1
42.28,-83.39,1
42.28,-83.39,1
42.28,-83.39,1
42.28,-83.39,1
42.28,-83.39,1
42.28,-83.39,1
42.28,-83.39,1
42.28,-83.39,1
42.28,-83.39,1
42.28,-83.39,1
42.28,-83.39,1
42.28,-83.39,1
42.28,-83.39,1
42.28,-83.39,1
42.28,-83.39,1
42.28,-83.39,1
42.28,-83.39,1
42.28,-83.39,1
42.28,-83.39,1
42.28,-83.39,1
42.28,-83.39,1
42.28,-83.39,1
42.28,-83.39,1
42.28,-83.39,1
42.28,-83.39,1
42.28,-83.39,1
42.28,-83.39,1
42.28,-83.39,1
42.28,-83.39,1
42.28,-83.39,1
42.28,-83.39,1
42.28,-83.39,1
42.28,-83.39,1
42.28,-83.39,1
42.28,-83.39,1
42.28,-83.39,1
42.28,-83.39,1
42.28,-83.39,1
42.28,-83.39,1
42.28,-83.39,1
42.28,-83.39,1
42.28,-83.39,1
42.28,-83.39,1
42.28,-83.39,1
42.28,-83.39,1
42.28,-83.39,1
42.28,-83.39,1
42.28,-83.39,1
42.28,-83.39,1
42.28,-83.39,1
42.28,-83.39,1
42.28,-83.39,1
42.28,-83.39,1
42.28,-83.39,1
42.28,-83.39,1
42.28,-83.39,1
42.28,-83.39,1
42.28,-83.39,1
42.28,-83.39,1
42.28,-83.39,1
42.28,-83.39,1
42.28,-83.39,1
42.28,-83.39,1
42.28,-83.39,1
42.28,-83.39,1
42.28,-83.39,1
42.28,-83.39,1
42.28,-83.39,1
42.28,-83.39,1
42.28,-83.39,1
42.28,-83.39,1
42.28,-83.39,1
42.28,-83.39,1
42.28,-83.39,1
42.28,-83.39,1
42.28,-83.39,1
42.28,-83.39,1
42.28,-83.39,1
42.28,-83.39,1
42.28,-83.39,1
42.28,-83.39,1
42.28,-83.39,1
42.28,-83.39,1
42.28,-83.39,1
42.28,-83.39,1
42.28,-83.39,1
42.28,-83.39,1
42.28,-83.39,1
42.28,-83.39,1
42.28,-83.39,1
42.28,-83.39,1
42.28,-83.39,1
42.28,-83.39,1
42.28,-83.39,1
42.28,-83.39,1
42.28,-83.39,1
42.28,-83.39,1
42.28,-83.39,1
42.28,-83.39,1
42.28,-83.39,1
42.28,-83.39,1
42.28,-83.39,1
42.28,-83.39,1
42.28,-83.39,1
42.28,-83.39,1
42.28,-83.39,1
42.28,-83.39,1
42.28,-83.39,1
42.28,-83.39,1
42.28,-83.39,1
42.28,-83.39,1
42.28,-83.39,1
42.28,-83.39,1
42.28,-83.39,1
42.28,-83.39,1
42.28,-83.39,1
42.28,-83.39,1
42.28,-83.39,1
42.28,-83.39,1
42.28,-83.39,1
42.28,-83.39,1
42.28,-83.39,1
42.28,-83.39,1
42.28,-83.39,1
42.28,-83.39,1
42.28,-83.39,1
42.28,-83.39,1
42.28,-83.39,1
42.28,-83.39,1
42.28,-83.39,1
42.28,-83.39,1
42.28,-83.39,1
42.28,-83.39,1
42.28,-83.39,1
42.28,-83.39,1
42.28,-83.39,1
42.28,-83.39,1
42.28,-83.39,1
42.28,-83.39,1
42.28,-83.39,1
42.28,-83.39,1
42.28,-83.39,1
42.28,-83.39,1
42.28,-83.39,1
42.28,-83.39,1
42.28,-83.39,1
42.28,-83.39,1
42.28,-83.39,1
42.28,-83.39,1
42.28,-83.39,1
42.28,-83.39,1
42.28,-83.39,1
42.28,-83.39,1
42.28,-83.39,1
42.28,-83.39,1
42.28,-83.39,1
42.28,-83.39,1
42.28,-83.39,1
42.28,-83.39,1
42.28,-83.39,1
42.28,-83.39,1
42.28,-83.39,1
42.28,-83.39,1
42.28,-83.39,1
42.28,-83.39,1
42.28,-83.39,1
42.28,-83.39,1
42.28,-83.39,1
42.28,-83.39,1
42.28,-83.39,1
42.28,-83.39,1
42.28,-83.39,1
42.28,-83.39,1
42.28,-83.39,1
42.28,-83.39,1
42.28,-83.39,1
42.28,-83.39,1
42.28,-83.39,1
42.28,-83.39,1
42.28,-83.39,1
42.28,-83.39,1
42.28,-83.39,1
42.28,-83.39,1
42.28,-83.39,1
42.28,-83.39,1
42.28,-83.39,1
42.28,-83.39,1
42.28,-83.39,1
42.28,-83.39,1
42.28,-83.39,1
42.28,-83.39,1
42.28,-83.39,1
42.28,-83.39,1
42.28,-83.39,1
42.28,-83.39,1
42.28,-83.39,1
42.28,-83.39,1
42.28,-83.39,1
42.28,-83.39,1
42.28,-83.39,1
42.28,-83.39,1
42.28,-83.39,1
42.28,-83.39,1
42.28,-83.39,1
42.28,-83.39,1
42.28,-83.39,1
42.28,-83.39,1
42.28,-83.39,1
42.28,-83.39,1
42.28,-83.39,1
42.28,-83.39,1
42.28,-83.39,1
42.28,-83.39,1
42.28,-83.39,1
42.28,-83.39,1
42.28,-83.39,1
42.28,-83.39,1
42.28,-83.39,1
42.28,-83.39,1
42.28,-83.39,1
42.28,-83.39,1
42.28,-83.39,1
42.28,-83.39,1
42.28,-83.39,1
42.28,-83.39,1
42.28,-83.39,1
42.28,-83.39,1
42.28,-83.39,1
42.28,-83.39,1
42.28,-83.39,1
42.28,-83.39,1
42.28,-83.39,1
42.28,-83.39,1
42.28,-83.39,1
42.28,-83.39,1
42.28,-83.39,1
42.28,-83.39,1
42.28,-83.39,1
42.28,-83.39,1
42.28,-83.39,1
42.28,-83.39,1
42.28,-83.39,1
42.28,-83.39,1
42.28,-83.39,1
42.28,-83.39,1
42.28,-83.39,1
42.28,-83.39,1
42.28,-83.39,1
42.28,-83.39,1
42.28,-83.39,1
42.28,-83.39,1
42.28,-83.39,1
42.28,-83.39,1
42.28,-83.39,1
42.28,-83.39,1
42.28,-83.39,1
42.28,-83.39,1
42.28,-83.39,1
42.28,-83.39,1
42.28,-83.39,1
42.28,-83.39,1
42.28,-83.39,1
42.28,-83.39,1
42.28,-83.39,1
42.28,-83.39,1
42.28,-83.39,1
42.28,-83.39,1
42.28,-83.39,1
42.28,-83.39,1
42.28,-83.39,1
42.28,-83.39,1
42.28,-83.39,1
42.28,-83.39,1
42.28,-83.39,1
42.28,-83.39,1
42.28,-83.39,1
42.28,-83.39,1
42.28,-83.39,1
42.28,-83.39,1
42.28,-83.39,1
42.28,-83.39,1
42.28,-83.39,1
42.28,-83.39,1
42.28,-83.39,1
42.28,-83.39,1
42.28,-83.39,1
42.28,-83.39,1
42.28,-83.39,1
42.28,-83.39,1
42.28,-83.39,1
42.28,-83.39,1
42.28,-83.39,1
42.28,-83.39,1
42.28,-83.39,1
42.28,-83.39,1
42.28,-83.39,1
42.28,-83.39,1
42.28,-83.39,1
42.28,-83.39,1
42.28,-83.39,1
42.28,-83.39,1
42.28,-83.39,1
42.28,-83.39,1
42.28,-83.39,1
42.28,-83.39,1
42.28,-83.39,1
42.28,-83.39,1
42.28,-83.39,1
42.28,-83.39,1
42.28,-83.39,1
42.28,-83.39,1
42.28,-83.39,1
42.28,-83.39,1
42.28,-83.39,1
42.28,-83.39,1
42.28,-83.39,1
42.28,-83.39,1
42.28,-83.39,1
42.28,-83.39,1
42.28,-83.39,1
42.28,-83.39,1
42.28,-83.39,1
42.28,-83.39,1
42.28,-83.39,1
42.28,-83.39,1
42.28,-83.39,1
42.28,-83.39,1
42.28,-83.39,1
42.28,-83.39,1
42.28,-83.39,1
42.28,-83.39,1
42.28,-83.39,1
42.28,-83.39,1
42.28,-83.39,1
42.28,-83.39,1
42.28,-83.39,1
42.28,-83.39,1
42.28,-83.39,1
42.28,-83.39,1
42.28,-83.39,1
42.28,-83.39,1
42.28,-83.39,1
42.28,-83.39,1
42.28,-83.39,1
42.28,-83.39,1
42.28,-83.39,1
42.28,-83.39,1
42.28,-83.39,1
42.28,-83.39,1
42.28,-83.39,1
42.28,-83.39,1
42.28,-83.39,1
42.28,-83.39,1
42.28,-83.39,1
42.28,-83.39,1
42.28,-83.39,1
42.28,-83.39,1
42.28,-83.39,1
42.28,-83.39,1
42.28,-83.39,1
42.28,-83.39,1
42.28,-83.39,1
42.28,-83.39,1
42.28,-83.39,1
42.28,-83.39,1
42.28,-83.39,1
42.28,-83.39,1
42.28,-83.39,1
42.28,-83.39,1
42.28,-83.39,1
42.28,-83.39,1
42.28,-83.39,1
42.28,-83.39,1
42.28,-83.39,1
42.28,-83.39,1
42.28,-83.39,1
42.28,-83.39,1
42.28,-83.39,1
42.28,-83.39,1
42.28,-83.39,1
42.28,-83.39,1
42.28,-83.39,1
42.28,-83.39,1
42.28,-83.39,1
42.28,-83.39,1
42.28,-83.39,1
42.28,-83.39,1
42.28,-83.39,1
42.28,-83.39,1
42.28,-83.39,1
42.28,-83.39,1
42.28,-83.39,1
42.28,-83.39,1
42.28,-83.39,1
42.28,-83.39,1
42.28,-83.39,1
42.28,-83.39,1
42.28,-83.39,1
42.28,-83.39,1
42.28,-83.39,1
42.28,-83.39,1
42.28,-83.39,1
42.28,-83.39,1
42.28,-83.39,1
42.28,-83.39,1
42.28,-83.39,1
42.28,-83.39,1
42.28,-83.39,1
42.28,-83.39,1
42.28,-83.39,1
42.28,-83.39,1
42.28,-83.39,1
42.28,-83.39,1
42.28,-83.39,1
42.28,-83.39,1
42.28,-83.39,1
42.28,-83.39,1
42.28,-83.39,1
42.28,-83.39,1
42.28,-83.39,1
42.28,-83.39,1
42.28,-83.39,1
42.28,-83.39,1
42.28,-83.39,1
42.28,-83.39,1
42.28,-83.39,1
42.28,-83.39,1
42.28,-83.39,1
42.28,-83.39,1
42.28,-83.39,1
42.28,-83.39,1
42.28,-83.39,1
42.28,-83.39,1
42.28,-83.39,1
42.28,-83.39,1
42.28,-83.39,1
42.28,-83.39,1
42.28,-83.39,1
42.28,-83.39,1
42.28,-83.39,1
42.28,-83.39,1
42.28,-83.39,1
42.28,-83.39,1
42.28,-83.39,1
42.28,-83.39,1
42.28,-83.39,1
42.28,-83.39,1
42.28,-83.39,1
42.28,-83.39,1
42.28,-83.39,1
42.28,-83.39,1
42.28,-83.39,1
42.28,-83.39,1
42.28,-83.39,1
42.28,-83.39,1
42.28,-83.39,1
42.28,-83.39,1
42.28,-83.39,1
42.28,-83.39,1
42.28,-83.39,1
42.28,-83.39,1
42.28,-83.39,1
42.28,-83.39,1
42.28,-83.39,1
42.28,-83.39,1
42.28,-83.39,1
42.28,-83.39,1
42.28,-83.39,1
42.28,-83.39,1
42.28,-83.39,1
42.28,-83.39,1
42.28,-83.39,1
42.28,-83.39,1
42.28,-83.39,1
42.28,-83.39,1
42.28,-83.39,1
42.28,-83.39,1
42.28,-83.39,1
42.28,-83.39,1
42.28,-83.39,1
42.28,-83.39,1
42.28,-83.39,1
42.28,-83.39,1
42.28,-83.39,1
42.28,-83.39,1
42.28,-83.39,1
42.28,-83.39,1
42.28,-83.39,1
42.28,-83.39,1
42.28,-83.39,1
42.28,-83.39,1
42.28,-83.39,1
42.28,-83.39,1
42.28,-83.39,1
42.28,-83.39,1
42.28,-83.39,1
42.28,-83.39,1
42.28,-83.39,1
42.28,-83.39,1
42.28,-83.39,1
42.28,-83.39,1
42.28,-83.39,1
42.28,-83.39,1
42.28,-83.39,1
42.28,-83.39,1
42.28,-83.39,1
42.28,-83.39,1
42.28,-83.39,1
42.28,-83.39,1
42.28,-83.39,1
42.28,-83.39,1
42.28,-83.39,1
42.28,-83.39,1
42.28,-83.39,1
42.28,-83.39,1
42.28,-83.39,1
42.28,-83.39,1
42.28,-83.39,1
42.28,-83.39,1
42.28,-83.39,1
42.28,-83.39,1
42.28,-83.39,1
42.28,-83.39,1
42.28,-83.39,1
42.28,-83.39,1
42.28,-83.39,1
42.28,-83.39,1
42.28,-83.39,1
42.28,-83.39,1
42.28,-83.39,1
42.28,-83.39,1
42.28,-83.39,1
42.28,-83.39,1
42.28,-83.39,1
42.28,-83.39,1
42.28,-83.39,1
42.28,-83.39,1
42.28,-83.39,1
42.28,-83.39,1
42.28,-83.39,1
42.28,-83.39,1
42.28,-83.39,1
42.28,-83.39,1
42.28,-83.39,1
42.28,-83.39,1
42.28,-83.39,1
42.28,-83.39,1
42.28,-83.39,1
42.28,-83.39,1
42.28,-83.39,1
42.28,-83.39,1
42.28,-83.39,1
42.28,-83.39,1
42.28,-83.39,1
42.28,-83.39,1
42.28,-83.39,1
42.28,-83.39,1
42.28,-83.39,1
42.28,-83.39,1
42.28,-83.39,1
42.28,-83.39,1
42.28,-83.39,1
42.28,-83.39,1
42.28,-83.39,1
42.28,-83.39,1
42.28,-83.39,1
42.28,-83.39,1
42.28,-83.39,1
42.28,-83.39,1
42.28,-83.39,1
42.28,-83.39,1
42.28,-83.39,1
42.28,-83.39,1
42.28,-83.39,1
42.28,-83.39,1
42.28,-83.39,1
42.28,-83.39,1
42.28,-83.39,1
42.28,-83.39,1
42.28,-83.39,1
42.28,-83.39,1
42.28,-83.39,1
42.28,-83.39,1
42.28,-83.39,1
42.28,-83.39,1
42.28,-83.39,1
42.28,-83.39,1
42.28,-83.39,1
42.28,-83.39,1
42.28,-83.39,1
42.28,-83.39,1
42.28,-83.39,1
42.28,-83.39,1
42.28,-83.39,1
42.28,-83.39,1
42.28,-83.39,1
42.28,-83.39,1
42.28,-83.39,1
42.28,-83.39,1
42.28,-83.39,1
42.28,-83.39,1
42.28,-83.39,1
42.28,-83.39,1
42.28,-83.39,1
42.28,-83.39,1
42.28,-83.39,1
42.28,-83.39,1
42.28,-83.39,1
42.28,-83.39,1
42.28,-83.39,1
42.28,-83.39,1
42.28,-83.39,1
42.28,-83.39,1
42.28,-83.39,1
42.28,-83.39,1
42.28,-83.39,1
42.28,-83.39,1
42.28,-83.39,1
42.28,-83.39,1
42.28,-83.39,1
42.28,-83.39,1
42.28,-83.39,1
42.28,-83.39,1
42.28,-83.39,1
42.28,-83.39,1
42.28,-83.39,1
42.28,-83.39,1
42.28,-83.39,1
42.28,-83.39,1
42.28,-83.39,1
42.28,-83.39,1
42.28,-83.39,1
42.28,-83.39,1
42.28,-83.39,1
42.28,-83.39,1
42.28,-83.39,1
42.28,-83.39,1
42.28,-83.39,1
42.28,-83.39,1
42.28,-83.39,1
42.28,-83.39,1
42.28,-83.39,1
42.28,-83.39,1
42.28,-83.39,1
42.28,-83.39,1
42.28,-83.39,1
42.28,-83.39,1
42.28,-83.39,1
42.28,-83.39,1
42.28,-83.39,1
42.28,-83.39,1
42.28,-83.39,1
42.28,-83.39,1
42.28,-83.39,1
42.28,-83.39,1
42.28,-83.39,1
42.28,-83.39,1
42.28,-83.39,1
42.28,-83.39,1
42.28,-83.39,1
42.28,-83.39,1
42.28,-83.39,1
42.28,-83.39,1
42.28,-83.39,1
42.28,-83.39,1
42.28,-83.39,1
42.28,-83.39,1
42.28,-83.39,1
42.28,-83.39,1
42.28,-83.39,1
42.28,-83.39,1
42.28,-83.39,1
42.28,-83.39,1
42.28,-83.39,1
42.28,-83.39,1
42.28,-83.39,1
42.28,-83.39,1
42.28,-83.39,1
42.28,-83.39,1
42.28,-83.39,1
42.28,-83.39,1
42.28,-83.39,1
42.28,-83.39,1
42.28,-83.39,1
42.28,-83.39,1
42.28,-83.39,1
42.28,-83.39,1
42.28,-83.39,1
42.28,-83.39,1
42.28,-83.39,1
42.28,-83.39,1
42.28,-83.39,1
42.28,-83.39,1
42.28,-83.39,1
42.28,-83.39,1
42.28,-83.39,1
42.28,-83.39,1
42.28,-83.39,1
42.28,-83.39,1
42.28,-83.39,1
42.28,-83.39,1
42.28,-83.39,1
42.28,-83.39,1
42.28,-83.39,1
42.28,-83.39,1
42.28,-83.39,1
42.28,-83.39,1
42.28,-83.39,1
42.28,-83.39,1
42.28,-83.39,1
42.28,-83.39,1
42.28,-83.39,1
42.28,-83.39,1
42.28,-83.39,1
42.28,-83.39,1
42.28,-83.39,1
42.28,-83.39,1
42.28,-83.39,1
42.28,-83.39,1
42.28,-83.39,1
42.28,-83.39,1
42.28,-83.39,1
42.28,-83.39,1
42.28,-83.39,1
42.28,-83.39,1
42.28,-83.39,1
42.28,-83.39,1
42.28,-83.39,1
42.28,-83.39,1
42.28,-83.39,1
42.28,-83.39,1
42.28,-83.39,1
42.28,-83.39,1
42.28,-83.39,1
42.28,-83.39,1
42.28,-83.39,1
42.28,-83.39,1
42.28,-83.39,1
42.28,-83.39,1
42.28,-83.39,1
42.28,-83.39,1
42.28,-83.39,1
42.28,-83.39,1
42.28,-83.39,1
42.28,-83.39,1
42.28,-83.39,1
42.28,-83.39,1
42.28,-83.39,1
42.28,-83.39,1
42.28,-83.39,1
42.28,-83.39,1
42.28,-83.39,1
42.28,-83.39,1
42.28,-83.39,1
42.28,-83.39,1
42.28,-83.39,1
42.28,-83.39,1
42.28,-83.39,1
42.28,-83.39,1
42.28,-83.39,1
42.28,-83.39,1
42.28,-83.39,1
42.28,-83.39,1
42.28,-83.39,1
42.28,-83.39,1
42.28,-83.39,1
42.28,-83.39,1
42.28,-83.39,1
42.28,-83.39,1
42.28,-83.39,1
42.28,-83.39,1
42.28,-83.39,1
42.28,-83.39,1
42.28,-83.39,1
42.28,-83.39,1
42.28,-83.39,1
42.28,-83.39,1
42.28,-83.39,1
42.28,-83.39,1
42.28,-83.39,1
42.28,-83.39,1
42.28,-83.39,1
42.28,-83.39,1
42.28,-83.39,1
42.28,-83.39,1
42.28,-83.39,1
42.28,-83.39,1
42.28,-83.39,1
42.28,-83.39,1
42.28,-83.39,1
42.28,-83.39,1
42.28,-83.39,1
42.28,-83.39,1
42.28,-83.39,1
42.28,-83.39,1
42.28,-83.39,1
42.28,-83.39,1
42.28,-83.39,1
42.28,-83.39,1
42.28,-83.39,1
42.28,-83.39,1
42.28,-83.39,1
42.28,-83.39,1
42.28,-83.39,1
42.28,-83.39,1
42.28,-83.39,1
42.28,-83.39,1
42.28,-83.39,1
42.28,-83.39,1
42.28,-83.39,1
42.28,-83.39,1
42.28,-83.39,1
42.28,-83.39,1
42.28,-83.39,1
42.28,-83.39,1
42.28,-83.39,1
42.28,-83.39,1
42.28,-83.39,1
42.28,-83.39,1
42.28,-83.39,1
42.28,-83.39,1
42.28,-83.39,1
42.28,-83.39,1
42.28,-83.39,1
42.28,-83.39,1
42.28,-83.39,1
42.28,-83.39,1
42.28,-83.39,1
42.28,-83.39,1
42.28,-83.39,1
42.28,-83.39,1
42.28,-83.39,1
42.28,-83.39,1
42.28,-83.39,1
42.28,-83.39,1
42.28,-83.39,1
42.28,-83.39,1
42.28,-83.39,1
42.28,-83.39,1
42.28,-83.39,1
42.28,-83.39,1
42.28,-83.39,1
42.28,-83.39,1
42.28,-83.39,1
42.28,-83.39,1
42.28,-83.39,1
42.28,-83.39,1
42.28,-83.39,1
42.28,-83.39,1
42.28,-83.39,1
42.28,-83.39,1
42.28,-83.39,1
42.28,-83.39,1
42.28,-83.39,1
42.28,-83.39,1
42.28,-83.39,1
42.28,-83.39,1
42.28,-83.39,1
42.28,-83.39,1
42.28,-83.39,1
42.28,-83.39,1
42.28,-83.39,1
42.28,-83.39,1
42.28,-83.39,1
42.28,-83.39,1
42.28,-83.39,1
42.28,-83.39,1
42.28,-83.39,1
42.28,-83.39,1
42.28,-83.39,1
42.28,-83.39,1
42.28,-83.39,1
42.28,-83.39,1
42.28,-83.39,1
42.28,-83.39,1
42.28,-83.39,1
42.28,-83.39,1
42.28,-83.39,1
42.28,-83.39,1
42.28,-83.39,1
42.28,-83.39,1
42.28,-83.39,1
42.28,-83.39,1
42.28,-83.39,1
42.28,-83.39,1
42.28,-83.39,1
42.28,-83.39,1
42.28,-83.39,1
42.28,-83.39,1
42.28,-83.39,1
42.28,-83.39,1
42.28,-83.39,1
42.28,-83.39,1
42.28,-83.39,1
42.28,-83.39,1
42.28,-83.39,1
42.28,-83.39,1
42.28,-83.39,1
42.28,-83.39,1
42.28,-83.39,1
42.28,-83.39,1
42.28,-83.39,1
42.28,-83.39,1
42.28,-83.39,1
42.28,-83.39,1
42.28,-83.39,1
42.28,-83.39,1
42.28,-83.39,1
42.28,-83.39,1
42.28,-83.39,1
42.28,-83.39,1
42.28,-83.39,1
42.28,-83.39,1
42.28,-83.39,1
42.28,-83.39,1
42.28,-83.39,1
42.28,-83.39,1
42.28,-83.39,1
42.28,-83.39,1
42.28,-83.39,1
42.28,-83.39,1
42.28,-83.39,1
42.28,-83.39,1
42.28,-83.39,1
42.28,-83.39,1
42.28,-83.39,1
42.28,-83.39,1
42.28,-83.39,1
42.28,-83.39,1
42.28,-83.39,1
42.28,-83.39,1
42.28,-83.39,1
42.28,-83.39,1
42.28,-83.39,1
42.28,-83.39,1
42.28,-83.39,1
42.28,-83.39,1
42.28,-83.39,1
42.28,-83.39,1
42.28,-83.39,1
42.28,-83.39,1
42.28,-83.39,1
42.28,-83.39,1
42.28,-83.39,1
42.28,-83.39,1
42.28,-83.39,1
42.28,-83.39,1
42.28,-83.39,1
42.28,-83.39,1
42.28,-83.39,1
42.28,-83.39,1
42.28,-83.39,1
42.28,-83.39,1
42.28,-83.39,1
42.28,-83.39,1
42.28,-83.39,1
42.28,-83.39,1
42.28,-83.39,1
42.28,-83.39,1
42.28,-83.39,1
42.28,-83.39,1
42.28,-83.39,1
42.28,-83.39,1
42.28,-83.39,1
42.28,-83.39,1
42.28,-83.39,1
42.28,-83.39,1
42.28,-83.39,1
42.28,-83.39,1
42.28,-83.39,1
42.28,-83.39,1
42.28,-83.39,1
42.28,-83.39,1
42.28,-83.39,1
42.28,-83.39,1
42.28,-83.39,1
42.28,-83.39,1
42.28,-83.39,1
42.28,-83.39,1
42.28,-83.39,1
42.28,-83.39,1
42.28,-83.39,1
42.28,-83.39,1
42.28,-83.39,1
42.28,-83.39,1
42.28,-83.39,1
42.28,-83.39,1
42.28,-83.39,1
42.28,-83.39,1
42.28,-83.39,1
42.28,-83.39,1
42.28,-83.39,1
42.28,-83.39,1
42.28,-83.39,1
42.28,-83.39,1
42.28,-83.39,1
42.28,-83.39,1
42.28,-83.39,1
42.28,-83.39,1
42.28,-83.39,1
42.28,-83.39,1
42.28,-83.39,1
42.28,-83.39,1
42.28,-83.39,1
42.28,-83.39,1
42.28,-83.39,1
42.28,-83.39,1
42.28,-83.39,1
42.28,-83.39,1
42.28,-83.39,1
42.28,-83.39,1
42.28,-83.39,1
42.28,-83.39,1
42.28,-83.39,1
42.28,-83.39,1
42.28,-83.39,1
42.28,-83.39,1
42.28,-83.39,1
42.28,-83.39,1
42.28,-83.39,1
42.28,-83.39,1
42.28,-83.39,1
42.28,-83.39,1
42.28,-83.39,1
42.28,-83.39,1
42.28,-83.39,1
42.28,-83.39,1
42.28,-83.39,1
42.28,-83.39,1
42.28,-83.39,1
42.28,-83.39,1
42.28,-83.39,1
42.28,-83.39,1
42.28,-83.39,1
42.28,-83.39,1
42.28,-83.39,1
42.28,-83.39,1
42.28,-83.39,1
42.28,-83.39,1
42.28,-83.39,1
42.28,-83.39,1
42.28,-83.39,1
42.28,-83.39,1
42.28,-83.39,1
42.28,-83.39,1
42.28,-83.39,1
42.28,-83.39,1
42.28,-83.39,1
42.28,-83.39,1
42.28,-83.39,1
42.28,-83.39,1
42.28,-83.39,1
42.28,-83.39,1
42.28,-83.39,1
42.28,-83.39,1
42.28,-83.39,1
42.28,-83.39,1
42.28,-83.39,1
42.28,-83.39,1
42.28,-83.39,1
42.28,-83.39,1
42.28,-83.39,1
42.28,-83.39,1
42.28,-83.39,1
42.28,-83.39,1
42.28,-83.39,1
42.28,-83.39,1
42.28,-83.39,1
42.28,-83.39,1
42.28,-83.39,1
42.28,-83.39,1
42.28,-83.39,1
42.28,-83.39,1
42.28,-83.39,1
42.28,-83.39,1
42.28,-83.39,1
42.28,-83.39,1
42.28,-83.39,1
42.28,-83.39,1
42.28,-83.39,1
42.28,-83.39,1
42.28,-83.39,1
42.28,-83.39,1
42.28,-83.39,1
42.28,-83.39,1
42.28,-83.39,1
42.28,-83.39,1
42.28,-83.39,1
42.28,-83.39,1
42.28,-83.39,1
42.28,-83.39,1
42.28,-83.39,1
42.28,-83.39,1
42.28,-83.39,1
42.28,-83.39,1
42.28,-83.39,1
42.28,-83.39,1
42.28,-83.39,1
42.28,-83.39,1
42.28,-83.39,1
42.28,-83.39,1
42.28,-83.39,1
42.28,-83.39,1
42.28,-83.39,1
42.28,-83.39,1
42.28,-83.39,1
42.28,-83.39,1
42.28,-83.39,1
42.28,-83.39,1
42.28,-83.39,1
42.28,-83.39,1
42.28,-83.39,1
42.28,-83.39,1
42.28,-83.39,1
42.28,-83.39,1
42.28,-83.39,1
42.28,-83.39,1
42.28,-83.39,1
42.28,-83.39,1
42.28,-83.39,1
42.28,-83.39,1
42.28,-83.39,1
42.28,-83.39,1
42.28,-83.39,1
42.28,-83.39,1
42.28,-83.39,1
42.28,-83.39,1
42.28,-83.39,1
42.28,-83.39,1
42.28,-83.39,1
42.28,-83.39,1
42.28,-83.39,1
42.28,-83.39,1
42.28,-83.39,1
42.28,-83.39,1
42.28,-83.39,1
42.28,-83.39,1
42.28,-83.39,1
42.28,-83.39,1
42.28,-83.39,1
42.28,-83.39,1
42.28,-83.39,1
42.28,-83.39,1
42.28,-83.39,1
42.28,-83.39,1
42.28,-83.39,1
42.28,-83.39,1
42.28,-83.39,1
42.28,-83.39,1
42.28,-83.39,1
42.28,-83.39,1
42.28,-83.39,1
42.28,-83.39,1
42.28,-83.39,1
42.28,-83.39,1
42.28,-83.39,1
42.28,-83.39,1
42.28,-83.39,1
42.28,-83.39,1
42.28,-83.39,1
42.28,-83.39,1
42.28,-83.39,1
42.28,-83.39,1
42.28,-83.39,1
42.28,-83.39,1
42.28,-83.39,1
42.28,-83.39,1
42.28,-83.39,1
42.28,-83.39,1
42.28,-83.39,1
42.28,-83.39,1
42.28,-83.39,1
42.28,-83.39,1
42.28,-83.39,1
42.28,-83.39,1
42.28,-83.39,1
42.28,-83.39,1
42.28,-83.39,1
42.28,-83.39,1
42.28,-83.39,1
42.28,-83.39,1
42.28,-83.39,1
42.28,-83.39,1
42.28,-83.39,1
42.28,-83.39,1
42.28,-83.39,1
42.28,-83.39,1
42.28,-83.39,1
42.28,-83.39,1
42.28,-83.39,1
42.28,-83.39,1
42.28,-83.39,1
42.28,-83.39,1
42.28,-83.39,1
42.28,-83.39,1
42.28,-83.39,1
42.28,-83.39,1
42.28,-83.39,1
42.28,-83.39,1
42.28,-83.39,1
42.28,-83.39,1
42.28,-83.39,1
42.28,-83.39,1
42.28,-83.39,1
42.28,-83.39,1
42.28,-83.39,1
42.28,-83.39,1
42.28,-83.39,1
42.28,-83.39,1
42.28,-83.39,1
42.28,-83.39,1
42.28,-83.39,1
42.28,-83.39,1
42.28,-83.39,1
42.28,-83.39,1
42.28,-83.39,1
42.28,-83.39,1
42.28,-83.39,1
42.28,-83.39,1
42.28,-83.39,1
42.28,-83.39,1
42.28,-83.39,1
42.28,-83.39,1
42.28,-83.39,1
42.28,-83.39,1
42.28,-83.39,1
42.28,-83.39,1
42.28,-83.39,1
42.28,-83.39,1
42.28,-83.39,1
42.28,-83.39,1
42.28,-83.39,1
42.28,-83.39,1
42.28,-83.39,1
42.28,-83.39,1
42.28,-83.39,1
42.28,-83.39,1
42.28,-83.39,1
42.28,-83.39,1
42.28,-83.39,1
42.28,-83.39,1
42.28,-83.39,1
42.28,-83.39,1
42.28,-83.39,1
42.28,-83.39,1
42.28,-83.39,1
42.28,-83.39,1
42.28,-83.39,1
42.28,-83.39,1
42.28,-83.39,1
42.28,-83.39,1
42.28,-83.39,1
42.28,-83.39,1
42.28,-83.39,1
42.28,-83.39,1
42.28,-83.39,1
42.28,-83.39,1
42.28,-83.39,1
42.28,-83.39,1
42.28,-83.39,1
42.28,-83.39,1
42.28,-83.39,1
42.28,-83.39,1
42.28,-83.39,1
42.28,-83.39,1
42.28,-83.39,1
42.28,-83.39,1
42.28,-83.39,1
42.28,-83.39,1
42.28,-83.39,1
42.28,-83.39,1
42.28,-83.39,1
42.28,-83.39,1
42.28,-83.39,1
42.28,-83.39,1
42.28,-83.39,1
42.28,-83.39,1
42.28,-83.39,1
42.28,-83.39,1
42.28,-83.39,1
42.28,-83.39,1
42.28,-83.39,1
42.28,-83.39,1
42.28,-83.39,1
42.28,-83.39,1
42.28,-83.39,1
42.28,-83.39,1
42.28,-83.39,1
42.28,-83.39,1
42.28,-83.39,1
42.28,-83.39,1
42.28,-83.39,1
42.28,-83.39,1
42.28,-83.39,1
42.28,-83.39,1
42.28,-83.39,1
42.28,-83.39,1
42.28,-83.39,1
42.28,-83.39,1
42.28,-83.39,1
42.28,-83.39,1
42.28,-83.39,1
42.28,-83.39,1
42.28,-83.39,1
42.28,-83.39,1
42.28,-83.39,1
42.28,-83.39,1
42.28,-83.39,1
42.28,-83.39,1
42.28,-83.39,1
42.28,-83.39,1
42.28,-83.39,1
42.28,-83.39,1
42.28,-83.39,1
42.28,-83.39,1
42.28,-83.39,1
42.28,-83.39,1
42.28,-83.39,1
42.28,-83.39,1
42.28,-83.39,1
42.28,-83.39,1
42.28,-83.39,1
42.28,-83.39,1
42.28,-83.39,1
42.28,-83.39,1
42.28,-83.39,1
42.28,-83.39,1
42.28,-83.39,1
42.28,-83.39,1
42.28,-83.39,1
42.28,-83.39,1
42.28,-83.39,1
42.28,-83.39,1
42.28,-83.39,1
42.28,-83.39,1
42.28,-83.39,1
42.28,-83.39,1
42.28,-83.39,1
42.28,-83.39,1
42.28,-83.39,1
42.28,-83.39,1
42.28,-83.39,1
42.28,-83.39,1
42.28,-83.39,1
42.28,-83.39,1
42.28,-83.39,1
42.28,-83.39,1
42.28,-83.39,1
42.28,-83.39,1
42.28,-83.39,1
42.28,-83.39,1
42.28,-83.39,1
42.28,-83.39,1
42.28,-83.39,1
42.28,-83.39,1
42.28,-83.39,1
42.28,-83.39,1
42.28,-83.39,1
42.28,-83.39,1
42.28,-83.39,1
42.28,-83.39,1
42.28,-83.39,1
42.28,-83.39,1
42.28,-83.39,1
42.28,-83.39,1
42.28,-83.39,1
42.28,-83.39,1
42.28,-83.39,1
42.28,-83.39,1
42.28,-83.39,1
42.28,-83.39,1
42.28,-83.39,1
42.28,-83.39,1
42.28,-83.39,1
42.28,-83.39,1
42.28,-83.39,1
42.28,-83.39,1
42.28,-83.39,1
42.28,-83.39,1
42.28,-83.39,1
42.28,-83.39,1
42.28,-83.39,1
42.28,-83.39,1
42.28,-83.39,1
42.28,-83.39,1
42.28,-83.39,1
42.28,-83.39,1
42.28,-83.39,1
42.28,-83.39,1
42.28,-83.39,1
42.28,-83.39,1
42.28,-83.39,1
42.28,-83.39,1
42.28,-83.39,1
42.28,-83.39,1
42.28,-83.39,1
42.28,-83.39,1
42.28,-83.39,1
42.28,-83.39,1
42.28,-83.39,1
42.28,-83.39,1
42.28,-83.39,1
42.28,-83.39,1
42.28,-83.39,1
42.28,-83.39,1
42.28,-83.39,1
42.28,-83.39,1
42.28,-83.39,1
42.28,-83.39,1
42.28,-83.39,1
42.28,-83.39,1
42.28,-83.39,1
42.28,-83.39,1
42.28,-83.39,1
42.28,-83.39,1
42.28,-83.39,1
42.28,-83.39,1
42.28,-83.39,1
42.28,-83.39,1
42.28,-83.39,1
42.28,-83.39,1
42.28,-83.39,1
42.28,-83.39,1
42.28,-83.39,1
42.28,-83.39,1
42.28,-83.39,1
42.28,-83.39,1
42.28,-83.39,1
42.28,-83.39,1
42.28,-83.39,1
42.28,-83.39,1
42.28,-83.39,1
42.28,-83.39,1
42.28,-83.39,1
42.28,-83.39,1
42.28,-83.39,1
42.28,-83.39,1
42.28,-83.39,1
42.28,-83.39,1
42.28,-83.39,1
42.28,-83.39,1
42.28,-83.39,1
42.28,-83.39,1
42.28,-83.39,1
42.28,-83.39,1
42.28,-83.39,1
42.28,-83.39,1
42.28,-83.39,1
42.28,-83.39,1
42.28,-83.39,1
42.28,-83.39,1
42.28,-83.39,1
42.28,-83.39,1
42.28,-83.39,1
42.28,-83.39,1
42.28,-83.39,1
42.28,-83.39,1
42.28,-83.39,1
42.28,-83.39,1
42.28,-83.39,1
42.28,-83.39,1
42.28,-83.39,1
42.28,-83.39,1
42.28,-83.39,1
42.28,-83.39,1
42.28,-83.39,1
42.28,-83.39,1
42.28,-83.39,1
42.28,-83.39,1
42.28,-83.39,1
42.28,-83.39,1
42.28,-83.39,1
42.28,-83.39,1
42.28,-83.39,1
42.28,-83.39,1
42.28,-83.39,1
42.28,-83.39,1
42.28,-83.39,1
42.28,-83.39,1
42.28,-83.39,1
42.28,-83.39,1
42.28,-83.39,1
42.28,-83.39,1
42.28,-83.39,1
42.28,-83.39,1
42.28,-83.39,1
42.28,-83.39,1
42.28,-83.39,1
42.28,-83.39,1
42.28,-83.39,1
42.28,-83.39,1
42.28,-83.39,1
42.28,-83.39,1
42.28,-83.39,1
42.28,-83.39,1
42.28,-83.39,1
42.28,-83.39,1
42.28,-83.39,1
42.28,-83.39,1
42.28,-83.39,1
42.28,-83.39,1
42.28,-83.39,1
42.28,-83.39,1
42.28,-83.39,1
42.28,-83.39,1
42.28,-83.39,1
42.28,-83.39,1
42.28,-83.39,1
42.28,-83.39,1
42.28,-83.39,1
42.28,-83.39,1
42.28,-83.39,1
42.28,-83.39,1
42.28,-83.39,1
42.28,-83.39,1
42.28,-83.39,1
42.28,-83.39,1
42.28,-83.39,1
42.28,-83.39,1
42.28,-83.39,1
42.28,-83.39,1
42.28,-83.39,1
42.28,-83.39,1
42.28,-83.39,1
42.28,-83.39,1
42.28,-83.39,1
42.28,-83.39,1
42.28,-83.39,1
42.28,-83.39,1
42.28,-83.39,1
42.28,-83.39,1
42.28,-83.39,1
42.28,-83.39,1
42.28,-83.39,1
42.28,-83.39,1
42.28,-83.39,1
42.28,-83.39,1
42.28,-83.39,1
42.28,-83.39,1
42.28,-83.39,1
42.28,-83.39,1
42.28,-83.39,1
42.28,-83.39,1
42.28,-83.39,1
42.28,-83.39,1
42.28,-83.39,1
42.28,-83.39,1
42.28,-83.39,1
42.28,-83.39,1
42.28,-83.39,1
42.28,-83.39,1
42.28,-83.39,1
42.28,-83.39,1
42.28,-83.39,1
42.28,-83.39,1
42.28,-83.39,1
42.28,-83.39,1
42.28,-83.39,1
42.28,-83.39,1
42.28,-83.39,1
42.28,-83.39,1
42.28,-83.39,1
42.28,-83.39,1
42.28,-83.39,1
42.28,-83.39,1
42.28,-83.39,1
42.28,-83.39,1
42.28,-83.39,1
42.28,-83.39,1
42.28,-83.39,1
42.28,-83.39,1
42.28,-83.39,1
42.28,-83.39,1
42.28,-83.39,1
42.28,-83.39,1
42.28,-83.39,1
42.28,-83.39,1
42.28,-83.39,1
42.28,-83.39,1
42.28,-83.39,1
42.28,-83.39,1
42.28,-83.39,1
42.28,-83.39,1
42.28,-83.39,1
42.28,-83.39,1
42.28,-83.39,1
42.28,-83.39,1
42.28,-83.39,1
42.28,-83.39,1
42.28,-83.39,1
42.28,-83.39,1
42.28,-83.39,1
42.28,-83.39,1
42.28,-83.39,1
42.28,-83.39,1
42.28,-83.39,1
42.28,-83.39,1
42.28,-83.39,1
42.28,-83.39,1
42.28,-83.39,1
42.28,-83.39,1
42.28,-83.39,1
42.28,-83.39,1
42.28,-83.39,1
42.28,-83.39,1
42.28,-83.39,1
42.28,-83.39,1
42.28,-83.39,1
42.28,-83.39,1
42.28,-83.39,1
42.28,-83.39,1
42.28,-83.39,1
42.28,-83.39,1
42.28,-83.39,1
42.28,-83.39,1
42.28,-83.39,1
42.28,-83.39,1
42.28,-83.39,1
42.28,-83.39,1
42.28,-83.39,1
42.28,-83.39,1
42.28,-83.39,1
42.28,-83.39,1
42.28,-83.39,1
42.28,-83.39,1
42.28,-83.39,1
42.28,-83.39,1
42.28,-83.39,1
42.28,-83.39,1
42.28,-83.39,1
42.28,-83.39,1
42.28,-83.39,1
42.28,-83.39,1
42.28,-83.39,1
42.28,-83.39,1
42.28,-83.39,1
42.28,-83.39,1
42.28,-83.39,1
42.28,-83.39,1
42.28,-83.39,1
42.28,-83.39,1
42.28,-83.39,1
42.28,-83.39,1
42.28,-83.39,1
42.28,-83.39,1
42.28,-83.39,1
42.28,-83.39,1
42.28,-83.39,1
42.28,-83.39,1
42.28,-83.39,1
42.28,-83.39,1
42.28,-83.39,1
42.28,-83.39,1
42.28,-83.39,1
42.28,-83.39,1
42.28,-83.39,1
42.28,-83.39,1
42.28,-83.39,1
42.28,-83.39,1
42.28,-83.39,1
42.28,-83.39,1
42.28,-83.39,1
42.28,-83.39,1
42.28,-83.39,1
42.28,-83.39,1
42.28,-83.39,1
42.28,-83.39,1
42.28,-83.39,1
42.28,-83.39,1
42.28,-83.39,1
42.28,-83.39,1
42.28,-83.39,1
42.28,-83.39,1
42.28,-83.39,1
42.28,-83.39,1
42.28,-83.39,1
42.28,-83.39,1
42.28,-83.39,1
42.28,-83.39,1
42.28,-83.39,1
42.28,-83.39,1
42.28,-83.39,1
42.28,-83.39,1
42.28,-83.39,1
42.28,-83.39,1
42.28,-83.39,1
42.28,-83.39,1
42.28,-83.39,1
42.28,-83.39,1
42.28,-83.39,1
42.28,-83.39,1
42.28,-83.39,1
42.28,-83.39,1
42.28,-83.39,1
42.28,-83.39,1
42.28,-83.39,1
42.28,-83.39,1
42.28,-83.39,1
42.28,-83.39,1
42.28,-83.39,1
42.28,-83.39,1
42.28,-83.39,1
42.28,-83.39,1
42.28,-83.39,1
42.28,-83.39,1
42.28,-83.39,1
42.28,-83.39,1
42.28,-83.39,1
42.28,-83.39,1
42.28,-83.39,1
42.28,-83.39,1
42.28,-83.39,1
42.28,-83.39,1
42.28,-83.39,1
42.28,-83.39,1
42.28,-83.39,1
42.28,-83.39,1
42.28,-83.39,1
42.28,-83.39,1
42.28,-83.39,1
42.28,-83.39,1
42.28,-83.39,1
42.28,-83.39,1
42.28,-83.39,1
42.28,-83.39,1
42.28,-83.39,1
42.28,-83.39,1
42.28,-83.39,1
42.28,-83.39,1
42.28,-83.39,1
42.28,-83.39,1
42.28,-83.39,1
42.28,-83.39,1
42.28,-83.39,1
42.28,-83.39,1
42.28,-83.39,1
42.28,-83.39,1
42.28,-83.39,1
42.28,-83.39,1
42.28,-83.39,1
42.28,-83.39,1
42.28,-83.39,1
42.28,-83.39,1
42.28,-83.39,1
42.28,-83.39,1
42.28,-83.39,1
42.28,-83.39,1
42.28,-83.39,1
42.28,-83.39,1
42.28,-83.39,1
42.28,-83.39,1
42.28,-83.39,1
42.28,-83.39,1
42.28,-83.39,1
42.28,-83.39,1
42.28,-83.39,1
42.28,-83.39,1
42.28,-83.39,1
42.28,-83.39,1
42.28,-83.39,1
42.28,-83.39,1
42.28,-83.39,1
42.28,-83.39,1
42.28,-83.39,1
42.28,-83.39,1
42.28,-83.39,1
42.28,-83.39,1
42.28,-83.39,1
42.28,-83.39,1
42.28,-83.39,1
42.28,-83.39,1
42.28,-83.39,1
42.28,-83.39,1
42.28,-83.39,1
42.28,-83.39,1
42.28,-83.39,1
42.28,-83.39,1
42.28,-83.39,1
42.28,-83.39,1
42.28,-83.39,1
42.28,-83.39,1
42.28,-83.39,1
42.28,-83.39,1
42.28,-83.39,1
42.28,-83.39,1
42.28,-83.39,1
42.28,-83.39,1
42.28,-83.39,1
42.28,-83.39,1
42.28,-83.39,1
42.28,-83.39,1
42.28,-83.39,1
42.28,-83.39,1
42.28,-83.39,1
42.28,-83.39,1
42.28,-83.39,1
42.28,-83.39,1
42.28,-83.39,1
42.28,-83.39,1
42.28,-83.39,1
42.28,-83.39,1
42.28,-83.39,1
42.28,-83.39,1
42.28,-83.39,1
42.28,-83.39,1
42.28,-83.39,1
42.28,-83.39,1
42.28,-83.39,1
42.28,-83.39,1
42.28,-83.39,1
42.28,-83.39,1
42.28,-83.39,1
42.28,-83.39,1
42.28,-83.39,1
42.28,-83.39,1
42.28,-83.39,1
42.28,-83.39,1
42.28,-83.39,1
42.28,-83.39,1
42.28,-83.39,1
42.28,-83.39,1
42.28,-83.39,1
42.28,-83.39,1
42.28,-83.39,1
42.28,-83.39,1
42.28,-83.39,1
42.28,-83.39,1
42.28,-83.39,1
42.28,-83.39,1
42.28,-83.39,1
42.28,-83.39,1
42.28,-83.39,1
42.28,-83.39,1
42.28,-83.39,1
42.28,-83.39,1
42.28,-83.39,1
42.28,-83.39,1
42.28,-83.39,1
42.28,-83.39,1
42.28,-83.39,1
42.28,-83.39,1
42.28,-83.39,1
42.28,-83.39,1
42.28,-83.39,1
42.28,-83.39,1
42.28,-83.39,1
42.28,-83.39,1
42.28,-83.39,1
42.28,-83.39,1
42.28,-83.39,1
42.28,-83.39,1
42.28,-83.39,1
42.28,-83.39,1
42.28,-83.39,1
42.28,-83.39,1
42.28,-83.39,1
42.28,-83.39,1
42.28,-83.39,1
42.28,-83.39,1
42.28,-83.39,1
42.28,-83.39,1
42.28,-83.39,1
42.28,-83.39,1
42.28,-83.39,1
42.28,-83.39,1
42.28,-83.39,1
42.28,-83.39,1
42.28,-83.39,1
42.28,-83.39,1
42.28,-83.39,1
42.28,-83.39,1
42.28,-83.39,1
42.28,-83.39,1
42.28,-83.39,1
42.28,-83.39,1
42.28,-83.39,1
42.28,-83.39,1
42.28,-83.39,1
42.28,-83.39,1
42.28,-83.39,1
42.28,-83.39,1
42.28,-83.39,1
42.28,-83.39,1
42.28,-83.39,1
42.28,-83.39,1
42.28,-83.39,1
42.28,-83.39,1
42.28,-83.39,1
42.28,-83.39,1
42.28,-83.39,1
42.28,-83.39,1
42.28,-83.39,1
42.28,-83.39,1
42.28,-83.39,1
42.28,-83.39,1
42.28,-83.39,1
42.28,-83.39,1
42.28,-83.39,1
42.28,-83.39,1
42.28,-83.39,1
42.28,-83.39,1
42.28,-83.39,1
42.28,-83.39,1
42.28,-83.39,1
42.28,-83.39,1
42.28,-83.39,1
42.28,-83.39,1
42.28,-83.39,1
42.28,-83.39,1
42.28,-83.39,1
42.28,-83.39,1
42.28,-83.39,1
42.28,-83.39,1
42.28,-83.39,1
42.28,-83.39,1
42.28,-83.39,1
42.28,-83.39,1
42.28,-83.39,1
42.28,-83.39,1
42.28,-83.39,1
42.28,-83.39,1
42.28,-83.39,1
42.28,-83.39,1
42.28,-83.39,1
42.28,-83.39,1
42.28,-83.39,1
42.28,-83.39,1
42.28,-83.39,1
42.28,-83.39,1
42.28,-83.39,1
42.28,-83.39,1
42.28,-83.39,1
42.28,-83.39,1
42.28,-83.39,1
42.28,-83.39,1
42.28,-83.39,1
42.28,-83.39,1
42.28,-83.39,1
42.28,-83.39,1
42.28,-83.39,1
42.28,-83.39,1
42.28,-83.39,1
42.28,-83.39,1
42.28,-83.39,1
42.28,-83.39,1
42.28,-83.39,1
42.28,-83.39,1
42.28,-83.39,1
42.28,-83.39,1
42.28,-83.39,1
42.28,-83.39,1
42.28,-83.39,1
42.28,-83.39,1
42.28,-83.39,1
42.28,-83.39,1
42.28,-83.39,1
42.28,-83.39,1
42.28,-83.39,1
42.28,-83.39,1
42.28,-83.39,1
42.28,-83.39,1
42.28,-83.39,1
42.28,-83.39,1
42.28,-83.39,1
42.28,-83.39,1
42.28,-83.39,1
42.28,-83.39,1
42.28,-83.39,1
42.28,-83.39,1
42.28,-83.39,1
42.28,-83.39,1
42.28,-83.39,1
42.28,-83.39,1
42.28,-83.39,1
42.28,-83.39,1
42.28,-83.39,1
42.28,-83.39,1
42.28,-83.39,1
42.28,-83.39,1
42.28,-83.39,1
42.28,-83.39,1
42.28,-83.39,1
42.28,-83.39,1
42.28,-83.39,1
42.28,-83.39,1
42.28,-83.39,1
42.28,-83.39,1
42.28,-83.39,1
42.28,-83.39,1
42.28,-83.39,1
42.28,-83.39,1
42.28,-83.39,1
42.28,-83.39,1
42.28,-83.39,1
42.28,-83.39,1
42.28,-83.39,1
42.28,-83.39,1
42.28,-83.39,1
42.28,-83.39,1
42.28,-83.39,1
42.28,-83.39,1
42.28,-83.39,1
42.28,-83.39,1
42.28,-83.39,1
42.28,-83.39,1
42.28,-83.39,1
42.28,-83.39,1
42.28,-83.39,1
42.28,-83.39,1
42.28,-83.39,1
42.28,-83.39,1
42.28,-83.39,1
42.28,-83.39,1
42.28,-83.39,1
42.28,-83.39,1
42.28,-83.39,1
42.28,-83.39,1
42.28,-83.39,1
42.28,-83.39,1
42.28,-83.39,1
42.28,-83.39,1
42.28,-83.39,1
42.28,-83.39,1
42.28,-83.39,1
42.28,-83.39,1
42.28,-83.39,1
42.28,-83.39,1
42.28,-83.39,1
42.28,-83.39,1
42.28,-83.39,1
42.28,-83.39,1
42.28,-83.39,1
42.28,-83.39,1
42.28,-83.39,1
42.28,-83.39,1
42.28,-83.39,1
42.28,-83.39,1
42.28,-83.39,1
42.28,-83.39,1
42.28,-83.39,1
42.28,-83.39,1
42.28,-83.39,1
42.28,-83.39,1
42.28,-83.39,1
42.28,-83.39,1
42.28,-83.39,1
42.28,-83.39,1
42.28,-83.39,1
42.28,-83.39,1
42.28,-83.39,1
42.28,-83.39,1
42.28,-83.39,1
42.28,-83.39,1
42.28,-83.39,1
42.28,-83.39,1
42.28,-83.39,1
42.28,-83.39,1
42.28,-83.39,1
42.28,-83.39,1
42.28,-83.39,1
42.28,-83.39,1
42.28,-83.39,1
42.28,-83.39,1
42.28,-83.39,1
42.28,-83.39,1
42.28,-83.39,1
42.28,-83.39,1
42.28,-83.39,1
42.28,-83.39,1
42.28,-83.39,1
42.28,-83.39,1
42.28,-83.39,1
42.28,-83.39,1
42.28,-83.39,1
42.28,-83.39,1
42.28,-83.39,1
42.28,-83.39,1
42.28,-83.39,1
42.28,-83.39,1
42.28,-83.39,1
42.28,-83.39,1
42.28,-83.39,1
42.28,-83.39,1
42.28,-83.39,1
42.28,-83.39,1
42.28,-83.39,1
42.28,-83.39,1
42.28,-83.39,1
42.28,-83.39,1
42.28,-83.39,1
42.28,-83.39,1
42.28,-83.39,1
42.28,-83.39,1
42.28,-83.39,1
42.28,-83.39,1
42.28,-83.39,1
42.28,-83.39,1
42.28,-83.39,1
42.28,-83.39,1
42.28,-83.39,1
42.28,-83.39,1
42.28,-83.39,1
42.28,-83.39,1
42.28,-83.39,1
42.28,-83.39,1
42.28,-83.39,1
42.28,-83.39,1
42.28,-83.39,1
42.28,-83.39,1
42.28,-83.39,1
42.28,-83.39,1
42.28,-83.39,1
42.28,-83.39,1
42.28,-83.39,1
42.28,-83.39,1
42.28,-83.39,1
42.28,-83.39,1
42.28,-83.39,1
42.28,-83.39,1
42.28,-83.39,1
42.28,-83.39,1
42.28,-83.39,1
42.28,-83.39,1
42.28,-83.39,1
42.28,-83.39,1
42.28,-83.39,1
42.28,-83.39,1
42.28,-83.39,1
42.28,-83.39,1
42.28,-83.39,1
42.28,-83.39,1
42.28,-83.39,1
42.28,-83.39,1
42.28,-83.39,1
42.28,-83.39,1
42.28,-83.39,1
42.28,-83.39,1
42.28,-83.39,1
42.28,-83.39,1
42.28,-83.39,1
42.28,-83.39,1
42.28,-83.39,1
42.28,-83.39,1
42.28,-83.39,1
42.28,-83.39,1
42.28,-83.39,1
42.28,-83.39,1
42.28,-83.39,1
42.28,-83.39,1
42.28,-83.39,1
42.28,-83.39,1
42.28,-83.39,1
42.28,-83.39,1
42.28,-83.39,1
42.28,-83.39,1
42.28,-83.39,1
42.28,-83.39,1
42.28,-83.39,1
42.28,-83.39,1
42.28,-83.39,1
42.28,-83.39,1
42.28,-83.39,1
42.28,-83.39,1
42.28,-83.39,1
42.28,-83.39,1
42.28,-83.39,1
42.28,-83.39,1
42.28,-83.39,1
42.28,-83.39,1
42.28,-83.39,1
42.28,-83.39,1
42.28,-83.39,1
42.28,-83.39,1
42.28,-83.39,1
42.28,-83.39,1
42.28,-83.39,1
42.28,-83.39,1
42.28,-83.39,1
42.28,-83.39,1
42.28,-83.39,1
42.28,-83.39,1
42.28,-83.39,1
42.28,-83.39,1
42.28,-83.39,1
42.28,-83.39,1
42.28,-83.39,1
42.28,-83.39,1
42.28,-83.39,1
42.28,-83.39,1
42.28,-83.39,1
42.28,-83.39,1
42.28,-83.39,1
42.28,-83.39,1
42.28,-83.39,1
42.28,-83.39,1
42.28,-83.39,1
42.28,-83.39,1
42.28,-83.39,1
42.28,-83.39,1
42.28,-83.39,1
42.28,-83.39,1
42.28,-83.39,1
42.28,-83.39,1
42.28,-83.39,1
42.28,-83.39,1
42.28,-83.39,1
42.28,-83.39,1
42.28,-83.39,1
42.28,-83.39,1
42.28,-83.39,1
42.28,-83.39,1
42.28,-83.39,1
42.28,-83.39,1
42.28,-83.39,1
42.28,-83.39,1
42.28,-83.39,1
42.28,-83.39,1
42.28,-83.39,1
42.28,-83.39,1
42.28,-83.39,1
42.28,-83.39,1
42.28,-83.39,1
42.28,-83.39,1
42.28,-83.39,1
42.28,-83.39,1
42.28,-83.39,1
42.28,-83.39,1
42.28,-83.39,1
42.28,-83.39,1
42.28,-83.39,1
42.28,-83.39,1
42.28,-83.39,1
42.28,-83.39,1
42.28,-83.39,1
42.28,-83.39,1
42.28,-83.39,1
42.28,-83.39,1
42.28,-83.39,1
42.28,-83.39,1
42.28,-83.39,1
42.28,-83.39,1
42.28,-83.39,1
42.28,-83.39,1
42.28,-83.39,1
42.28,-83.39,1
42.28,-83.39,1
42.28,-83.39,1
42.28,-83.39,1
42.28,-83.39,1
42.28,-83.39,1
42.28,-83.39,1
42.28,-83.39,1
42.28,-83.39,1
42.28,-83.39,1
42.28,-83.39,1
42.28,-83.39,1
42.28,-83.39,1
42.28,-83.39,1
42.28,-83.39,1
42.28,-83.39,1
42.28,-83.39,1
42.28,-83.39,1
42.28,-83.39,1
42.28,-83.39,1
42.28,-83.39,1
42.28,-83.39,1
42.28,-83.39,1
42.28,-83.39,1
42.28,-83.39,1
42.28,-83.39,1
42.28,-83.39,1
42.28,-83.39,1
42.28,-83.39,1
42.28,-83.39,1
42.28,-83.39,1
42.28,-83.39,1
42.28,-83.39,1
42.28,-83.39,1
42.28,-83.39,1
42.28,-83.39,1
42.28,-83.39,1
42.28,-83.39,1
42.28,-83.39,1
42.28,-83.39,1
42.28,-83.39,1
42.28,-83.39,1
42.28,-83.39,1
42.28,-83.39,1
42.28,-83.39,1
42.28,-83.39,1
42.28,-83.39,1
42.28,-83.39,1
42.28,-83.39,1
42.28,-83.39,1
42.28,-83.39,1
42.28,-83.39,1
42.28,-83.39,1
42.28,-83.39,1
42.28,-83.39,1
42.28,-83.39,1
42.28,-83.39,1
42.28,-83.39,1
42.28,-83.39,1
42.28,-83.39,1
42.28,-83.39,1
42.28,-83.39,1
42.28,-83.39,1
42.28,-83.39,1
42.28,-83.39,1
42.28,-83.39,1
42.28,-83.39,1
42.28,-83.39,1
42.28,-83.39,1
42.28,-83.39,1
42.28,-83.39,1
42.28,-83.39,1
42.28,-83.39,1
42.28,-83.39,1
42.28,-83.39,1
42.28,-83.39,1
42.28,-83.39,1
42.28,-83.39,1
42.28,-83.39,1
42.28,-83.39,1
42.28,-83.39,1
42.28,-83.39,1
42.28,-83.39,1
42.28,-83.39,1
42.28,-83.39,1
42.28,-83.39,1
42.28,-83.39,1
42.28,-83.39,1
42.28,-83.39,1
42.28,-83.39,1
42.28,-83.39,1
42.28,-83.39,1
42.28,-83.39,1
42.28,-83.39,1
42.28,-83.39,1
42.28,-83.39,1
42.28,-83.39,1
42.28,-83.39,1
42.28,-83.39,1
42.28,-83.39,1
42.28,-83.39,1
42.28,-83.39,1
42.28,-83.39,1
42.28,-83.39,1
42.28,-83.39,1
42.28,-83.39,1
42.28,-83.39,1
42.28,-83.39,1
42.28,-83.39,1
42.28,-83.39,1
42.28,-83.39,1
42.28,-83.39,1
42.28,-83.39,1
42.28,-83.39,1
42.28,-83.39,1
42.28,-83.39,1
42.28,-83.39,1
42.28,-83.39,1
42.28,-83.39,1
42.28,-83.39,1
42.28,-83.39,1
42.28,-83.39,1
42.28,-83.39,1
42.28,-83.39,1
42.28,-83.39,1
42.28,-83.39,1
42.28,-83.39,1
42.28,-83.39,1
42.28,-83.39,1
42.28,-83.39,1
42.28,-83.39,1
42.28,-83.39,1
42.28,-83.39,1
42.28,-83.39,1
42.28,-83.39,1
42.28,-83.39,1
42.28,-83.39,1
42.28,-83.39,1
42.28,-83.39,1
42.28,-83.39,1
42.28,-83.39,1
42.28,-83.39,1
42.28,-83.39,1
42.28,-83.39,1
42.28,-83.39,1
42.28,-83.39,1
42.28,-83.39,1
42.28,-83.39,1
42.28,-83.39,1
42.28,-83.39,1
42.28,-83.39,1
42.28,-83.39,1
42.28,-83.39,1
42.28,-83.39,1
42.28,-83.39,1
42.28,-83.39,1
42.28,-83.39,1
42.28,-83.39,1
42.28,-83.39,1
42.28,-83.39,1
42.28,-83.39,1
42.28,-83.39,1
42.28,-83.39,1
42.28,-83.39,1
42.28,-83.39,1
42.28,-83.39,1
42.28,-83.39,1
42.28,-83.39,1
42.28,-83.39,1
42.28,-83.39,1
42.28,-83.39,1
42.28,-83.39,1
42.28,-83.39,1
42.28,-83.39,1
42.28,-83.39,1
42.28,-83.39,1
42.28,-83.39,1
42.28,-83.39,1
42.28,-83.39,1
42.28,-83.39,1
42.28,-83.39,1
42.28,-83.39,1
42.28,-83.39,1
42.28,-83.39,1
42.28,-83.39,1
42.28,-83.39,1
42.28,-83.39,1
42.28,-83.39,1
42.28,-83.39,1
42.28,-83.39,1
42.28,-83.39,1
42.28,-83.39,1
42.28,-83.39,1
42.28,-83.39,1
42.28,-83.39,1
42.28,-83.39,1
42.28,-83.39,1
42.28,-83.39,1
42.28,-83.39,1
42.28,-83.39,1
42.28,-83.39,1
42.28,-83.39,1
42.28,-83.39,1
42.28,-83.39,1
42.28,-83.39,1
42.28,-83.39,1
42.28,-83.39,1
42.28,-83.39,1
42.28,-83.39,1
42.28,-83.39,1
42.28,-83.39,1
42.28,-83.39,1
42.28,-83.39,1
42.28,-83.39,1
42.28,-83.39,1
42.28,-83.39,1
42.28,-83.39,1
42.28,-83.39,1
42.28,-83.39,1
42.28,-83.39,1
42.28,-83.39,1
42.28,-83.39,1
42.28,-83.39,1
42.28,-83.39,1
42.28,-83.39,1
42.28,-83.39,1
42.28,-83.39,1
42.28,-83.39,1
42.28,-83.39,1
42.28,-83.39,1
42.28,-83.39,1
42.28,-83.39,1
42.28,-83.39,1
42.28,-83.39,1
42.28,-83.39,1
42.28,-83.39,1
42.28,-83.39,1
42.28,-83.39,1
42.28,-83.39,1
42.28,-83.39,1
42.28,-83.39,1
42.28,-83.39,1
42.28,-83.39,1
42.28,-83.39,1
42.28,-83.39,1
42.28,-83.39,1
42.28,-83.39,1
42.28,-83.39,1
42.28,-83.39,1
42.28,-83.39,1
42.28,-83.39,1
42.28,-83.39,1
42.28,-83.39,1
42.28,-83.39,1
42.28,-83.39,1
42.28,-83.39,1
42.28,-83.39,1
42.28,-83.39,1
42.28,-83.39,1
42.28,-83.39,1
42.28,-83.39,1
42.28,-83.39,1
42.28,-83.39,1
42.28,-83.39,1
42.28,-83.39,1
42.28,-83.39,1
42.28,-83.39,1
42.28,-83.39,1
42.28,-83.39,1
42.28,-83.39,1
42.28,-83.39,1
42.28,-83.39,1
42.28,-83.39,1
42.28,-83.39,1
42.28,-83.39,1
42.28,-83.39,1
42.28,-83.39,1
42.28,-83.39,1
42.28,-83.39,1
42.28,-83.39,1
42.28,-83.39,1
42.28,-83.39,1
42.28,-83.39,1
42.28,-83.39,1
42.28,-83.39,1
42.28,-83.39,1
42.28,-83.39,1
42.28,-83.39,1
42.28,-83.39,1
42.28,-83.39,1
42.28,-83.39,1
42.28,-83.39,1
42.28,-83.39,1
42.28,-83.39,1
42.28,-83.39,1
42.28,-83.39,1
42.28,-83.39,1
42.28,-83.39,1
42.28,-83.39,1
42.28,-83.39,1
42.28,-83.39,1
42.28,-83.39,1
42.28,-83.39,1
42.28,-83.39,1
42.28,-83.39,1
42.28,-83.39,1
42.28,-83.39,1
42.28,-83.39,1
42.28,-83.39,1
42.28,-83.39,1
42.28,-83.39,1
42.28,-83.39,1
42.28,-83.39,1
42.28,-83.39,1
42.28,-83.39,1
42.28,-83.39,1
42.28,-83.39,1
42.28,-83.39,1
42.28,-83.39,1
42.28,-83.39,1
42.28,-83.39,1
42.28,-83.39,1
42.28,-83.39,1
42.28,-83.39,1
42.28,-83.39,1
42.28,-83.39,1
42.28,-83.39,1
42.28,-83.39,1
42.28,-83.39,1
42.28,-83.39,1
42.28,-83.39,1
42.28,-83.39,1
42.28,-83.39,1
42.28,-83.39,1
42.28,-83.39,1
42.28,-83.39,1
42.28,-83.39,1
42.28,-83.39,1
42.28,-83.39,1
42.28,-83.39,1
42.28,-83.39,1
42.28,-83.39,1
42.28,-83.39,1
42.28,-83.39,1
42.28,-83.39,1
42.28,-83.39,1
42.28,-83.39,1
42.28,-83.39,1
42.28,-83.39,1
42.28,-83.39,1
42.28,-83.39,1
42.28,-83.39,1
42.28,-83.39,1
42.28,-83.39,1
42.28,-83.39,1
42.28,-83.39,1
42.28,-83.39,1
42.28,-83.39,1
42.28,-83.39,1
42.28,-83.39,1
42.28,-83.39,1
42.28,-83.39,1
42.28,-83.39,1
42.28,-83.39,1
42.28,-83.39,1
42.28,-83.39,1
42.28,-83.39,1
42.28,-83.39,1
42.28,-83.39,1
42.28,-83.39,1
42.28,-83.39,1
42.28,-83.39,1
42.28,-83.39,1
42.28,-83.39,1
42.28,-83.39,1
42.28,-83.39,1
42.28,-83.39,1
42.28,-83.39,1
42.28,-83.39,1
42.28,-83.39,1
42.28,-83.39,1
42.28,-83.39,1
42.28,-83.39,1
42.28,-83.39,1
42.28,-83.39,1
42.28,-83.39,1
42.28,-83.39,1
42.28,-83.39,1
42.28,-83.39,1
42.28,-83.39,1
42.28,-83.39,1
42.28,-83.39,1
42.28,-83.39,1
42.28,-83.39,1
42.28,-83.39,1
42.28,-83.39,1
42.28,-83.39,1
42.28,-83.39,1
42.28,-83.39,1
42.28,-83.39,1
42.28,-83.39,1
42.28,-83.39,1
42.28,-83.39,1
42.28,-83.39,1
42.28,-83.39,1
42.28,-83.39,1
42.28,-83.39,1
42.28,-83.39,1
42.28,-83.39,1
42.28,-83.39,1
42.28,-83.39,1
42.28,-83.39,1
42.28,-83.39,1
42.28,-83.39,1
42.28,-83.39,1
42.28,-83.39,1
42.28,-83.39,1
42.28,-83.39,1
42.28,-83.39,1
42.28,-83.39,1
42.28,-83.39,1
42.28,-83.39,1
42.28,-83.39,1
42.28,-83.39,1
42.28,-83.39,1
42.28,-83.39,1
42.28,-83.39,1
42.28,-83.39,1
42.28,-83.39,1
42.28,-83.39,1
42.28,-83.39,1
42.28,-83.39,1
42.28,-83.39,1
42.28,-83.39,1
42.28,-83.39,1
42.28,-83.39,1
42.28,-83.39,1
42.28,-83.39,1
42.28,-83.39,1
42.28,-83.39,1
42.28,-83.39,1
42.28,-83.39,1
42.28,-83.39,1
42.28,-83.39,1
42.28,-83.39,1
42.28,-83.39,1
42.28,-83.39,1
42.28,-83.39,1
42.28,-83.39,1
42.28,-83.39,1
42.28,-83.39,1
42.28,-83.39,1
42.28,-83.39,1
42.28,-83.39,1
42.28,-83.39,1
42.28,-83.39,1
42.28,-83.39,1
42.28,-83.39,1
42.28,-83.39,1
42.28,-83.39,1
42.28,-83.39,1
42.28,-83.39,1
42.28,-83.39,1
42.28,-83.39,1
42.28,-83.39,1
42.28,-83.39,1
42.28,-83.39,1
42.28,-83.39,1
42.28,-83.39,1
42.28,-83.39,1
42.28,-83.39,1
42.28,-83.39,1
42.28,-83.39,1
42.28,-83.39,1
42.28,-83.39,1
42.28,-83.39,1
42.28,-83.39,1
42.28,-83.39,1
42.28,-83.39,1
42.28,-83.39,1
42.28,-83.39,1
42.28,-83.39,1
42.28,-83.39,1
42.28,-83.39,1
42.28,-83.39,1
42.28,-83.39,1
42.28,-83.39,1
42.28,-83.39,1
42.28,-83.39,1
42.28,-83.39,1
42.28,-83.39,1
42.28,-83.39,1
42.28,-83.39,1
42.28,-83.39,1
42.28,-83.39,1
42.28,-83.39,1
42.28,-83.39,1
42.28,-83.39,1
42.28,-83.39,1
42.28,-83.39,1
42.28,-83.39,1
42.28,-83.39,1
42.28,-83.39,1
42.28,-83.39,1
42.28,-83.39,1
42.28,-83.39,1
42.28,-83.39,1
42.28,-83.39,1
42.28,-83.39,1
42.28,-83.39,1
42.28,-83.39,1
42.28,-83.39,1
42.28,-83.39,1
42.28,-83.39,1
42.28,-83.39,1
42.28,-83.39,1
42.28,-83.39,1
42.28,-83.39,1
42.28,-83.39,1
42.28,-83.39,1
42.28,-83.39,1
42.28,-83.39,1
42.28,-83.39,1
42.28,-83.39,1
42.28,-83.39,1
42.28,-83.39,1
42.28,-83.39,1
42.28,-83.39,1
42.28,-83.39,1
42.28,-83.39,1
42.28,-83.39,1
42.28,-83.39,1
42.28,-83.39,1
42.28,-83.39,1
42.28,-83.39,1
42.28,-83.39,1
42.28,-83.39,1
42.28,-83.39,1
42.28,-83.39,1
42.28,-83.39,1
42.28,-83.39,1
42.28,-83.39,1
42.28,-83.39,1
42.28,-83.39,1
42.28,-83.39,1
42.28,-83.39,1
42.28,-83.39,1
42.28,-83.39,1
42.28,-83.39,1
42.28,-83.39,1
42.28,-83.39,1
42.28,-83.39,1
42.28,-83.39,1
42.28,-83.39,1
42.28,-83.39,1
42.28,-83.39,1
42.28,-83.39,1
42.28,-83.39,1
42.28,-83.39,1
42.28,-83.39,1
42.28,-83.39,1
42.28,-83.39,1
42.28,-83.39,1
42.28,-83.39,1
42.28,-83.39,1
42.28,-83.39,1
42.28,-83.39,1
42.28,-83.39,1
42.28,-83.39,1
42.28,-83.39,1
42.28,-83.39,1
42.28,-83.39,1
42.28,-83.39,1
42.28,-83.39,1
42.28,-83.39,1
42.28,-83.39,1
42.28,-83.39,1
42.28,-83.39,1
42.28,-83.39,1
42.28,-83.39,1
42.28,-83.39,1
42.28,-83.39,1
42.28,-83.39,1
42.28,-83.39,1
42.28,-83.39,1
42.28,-83.39,1
42.28,-83.39,1
42.28,-83.39,1
42.28,-83.39,1
42.28,-83.39,1
42.28,-83.39,1
42.28,-83.39,1
42.28,-83.39,1
42.28,-83.39,1
42.28,-83.39,1
42.28,-83.39,1
42.28,-83.39,1
42.28,-83.39,1
42.28,-83.39,1
42.28,-83.39,1
42.28,-83.39,1
42.28,-83.39,1
42.28,-83.39,1
42.28,-83.39,1
43.5,-83.2,1
43.5,-83.2,1
43.5,-83.2,1
43.5,-83.2,1
43.5,-83.2,1
43.5,-83.2,1
43.5,-83.2,1
43.5,-83.2,1
43.5,-83.2,1
43.5,-83.2,1
43.5,-83.2,1
43.4,-85.9,1
43.4,-85.9,1
43.4,-85.9,1
43.4,-85.9,1
43.4,-85.9,1
43.4,-85.9,1
43.4,-85.9,1
43.4,-85.9,1
43.4,-85.9,1
43.4,-85.9,1
43.4,-85.9,1
43.4,-85.9,1
43.4,-85.9,1
43.4,-85.9,1
43.4,-85.9,1
43.4,-85.9,1
43.4,-85.9,1
43.4,-85.9,1
43.4,-85.9,1
43.4,-85.9,1
43.4,-85.9,1
43.4,-85.9,1
43.4,-85.9,1
43.4,-85.9,1
43.4,-85.9,1
43.4,-85.9,1
43.4,-85.9,1
43.4,-85.9,1
43.4,-85.9,1
43.4,-85.9,1
43.4,-85.9,1
43.4,-85.9,1
43.4,-85.9,1
43.4,-85.9,1
43.4,-85.9,1
43.4,-85.9,1
43.4,-85.9,1
43.4,-85.9,1
43.4,-85.9,1
43.4,-85.9,1
43.4,-85.9,1
43.4,-85.9,1
43.4,-85.9,1
43.4,-85.9,1
43.4,-85.9,1
43.4,-85.9,1
43.4,-85.9,1
43.4,-85.9,1
43.4,-85.9,1
43.4,-85.9,1
43.4,-85.9,1
43.4,-85.9,1
43.4,-85.9,1
43.4,-85.9,1
43.4,-85.9,1
43.4,-85.9,1
43.4,-85.9,1
43.4,-85.9,1
43.4,-85.9,1
43.4,-85.9,1
43.4,-85.9,1
43.4,-85.9,1
43.4,-85.9,1
43.4,-85.9,1
43.4,-85.9,1
43.4,-85.9,1
43.4,-85.9,1
43.4,-85.9,1
43.4,-85.9,1
43.4,-85.9,1
43.4,-85.9,1
43.4,-85.9,1
43.4,-85.9,1
43.4,-85.9,1
43.4,-85.9,1
43.4,-85.9,1
43.4,-85.9,1
43.4,-85.9,1
43.4,-85.9,1
43.4,-85.9,1
43.4,-85.9,1
43.4,-85.9,1
43.4,-85.9,1
43.4,-85.9,1
43.4,-85.9,1
43.4,-85.9,1
43.4,-85.9,1
43.4,-85.9,1
43.4,-85.9,1
43.4,-85.9,1
43.4,-85.9,1
43.4,-85.9,1
43.4,-85.9,1
43.4,-85.9,1
43.4,-85.9,1
43.4,-85.9,1
43.4,-85.9,1
43.4,-85.9,1
43.4,-85.9,1
43.4,-85.9,1
43.4,-85.9,1
43.4,-85.9,1
43.4,-85.9,1
43.4,-85.9,1
43.4,-85.9,1
43.4,-85.9,1
43.4,-85.9,1
43.4,-85.9,1
43.4,-85.9,1
43.4,-85.9,1
43.4,-85.9,1
43.4,-85.9,1
43.4,-85.9,1
43.4,-85.9,1
43.4,-85.9,1
43.4,-85.9,1
43.4,-85.9,1
43.4,-85.9,1
43.4,-85.9,1
43.4,-85.9,1
43.4,-85.9,1
43.4,-85.9,1
43.4,-85.9,1
43.4,-85.9,1
43.4,-85.9,1
43.4,-85.9,1
43.4,-85.9,1
43.4,-85.9,1
43.4,-85.9,1
43.4,-85.9,1
43.4,-85.9,1
43.4,-85.9,1
43.4,-85.9,1
43.4,-85.9,1
43.4,-85.9,1
43.4,-85.9,1
43.4,-85.9,1
43.4,-85.9,1
43.4,-85.9,1
43.4,-85.9,1
43.4,-85.9,1
43.4,-85.9,1
43.4,-85.9,1
43.4,-85.9,1
43.4,-85.9,1
43.4,-85.9,1
43.4,-85.9,1
43.4,-85.9,1
43.4,-85.9,1
43.4,-85.9,1
43.4,-85.9,1
43.4,-85.9,1
43.4,-85.9,1
43.4,-85.9,1
43.4,-85.9,1
43.4,-85.9,1
43.4,-85.9,1
43.4,-85.9,1
43.4,-85.9,1
43.4,-85.9,1
43.4,-85.9,1
43.4,-85.9,1
43.4,-85.9,1
43.4,-85.9,1
43.4,-85.9,1
43.4,-85.9,1
43.4,-85.9,1
43.4,-85.9,1
43.4,-85.9,1
43.4,-85.9,1
43.4,-85.9,1
43.4,-85.9,1
43.4,-85.9,1
43.4,-85.9,1
43.4,-85.9,1
43.4,-85.9,1
43.4,-85.9,1
43.4,-85.9,1
43.4,-85.9,1
43.4,-85.9,1
43.4,-85.9,1
43.4,-85.9,1
43.4,-85.9,1
43.4,-85.9,1
43.4,-85.9,1
43.4,-85.9,1
43.4,-85.9,1
43.4,-85.9,1
43.4,-85.9,1
43.4,-85.9,1
43.4,-85.9,1
43.4,-85.9,1
43.4,-85.9,1
43.4,-85.9,1
43.4,-85.9,1
43.4,-85.9,1
43.4,-85.9,1
43.4,-85.9,1
43.4,-85.9,1
43.4,-85.9,1
43.4,-85.9,1
43.4,-85.9,1
43.4,-85.9,1
43.4,-85.9,1
43.4,-85.9,1
43.4,-85.9,1
43.4,-85.9,1
43.4,-85.9,1
43.4,-85.9,1
43.4,-85.9,1
43.4,-85.9,1
43.4,-85.9,1
43.4,-85.9,1
43.4,-85.9,1
43.4,-85.9,1
43.4,-85.9,1
43.4,-85.9,1
43.4,-85.9,1
43.4,-85.9,1
43.4,-85.9,1
43.4,-85.9,1
43.4,-85.9,1
43.4,-85.9,1
43.4,-85.9,1
43.4,-85.9,1
43.4,-85.9,1
43.4,-85.9,1
43.4,-85.9,1
43.4,-85.9,1
43.4,-85.9,1
43.4,-85.9,1
43.4,-85.9,1
43.4,-85.9,1
43.4,-85.9,1
43.4,-85.9,1
43.4,-85.9,1
43.4,-85.9,1
43.4,-85.9,1
43.4,-85.9,1
43.4,-85.9,1
43.4,-85.9,1
43.4,-85.9,1
43.4,-85.9,1
43.4,-85.9,1
43.4,-85.9,1
43.4,-85.9,1
43.4,-85.9,1
43.4,-85.9,1
43.4,-85.9,1
43.4,-85.9,1
43.4,-85.9,1
43.4,-85.9,1
43.4,-85.9,1
43.4,-85.9,1
43.4,-85.9,1
43.4,-85.9,1
43.4,-85.9,1
43.4,-85.9,1
43.4,-85.9,1
43.4,-85.9,1
43.4,-85.9,1
43.4,-85.9,1
43.4,-85.9,1
43.4,-85.9,1
43.4,-85.9,1
43.4,-85.9,1
43.4,-85.9,1
43.4,-85.9,1
43.4,-85.9,1
43.4,-85.9,1
43.4,-85.9,1
43.4,-85.9,1
43.4,-85.9,1
43.4,-85.9,1
43.4,-85.9,1
43.4,-85.9,1
43.4,-85.9,1
43.4,-85.9,1
43.4,-85.9,1
43.4,-85.9,1
43.4,-85.9,1
43.4,-85.9,1
43.4,-85.9,1
43.4,-85.9,1
43.4,-85.9,1
43.4,-85.9,1
43.4,-85.9,1
43.4,-85.9,1
43.4,-85.9,1
43.4,-85.9,1
43.4,-85.9,1
43.4,-85.9,1
43.4,-85.9,1
43.4,-85.9,1
43.4,-85.9,1
43.4,-85.9,1
43.4,-85.9,1
43.4,-85.9,1
43.4,-85.9,1
43.4,-85.9,1
43.4,-85.9,1
43.4,-85.9,1
43.4,-85.9,1
43.4,-85.9,1
43.4,-85.9,1
43.4,-85.9,1
43.4,-85.9,1
43.4,-85.9,1
43.4,-85.9,1
43.4,-85.9,1
43.4,-85.9,1
43.4,-85.9,1
43.4,-85.9,1
43.4,-85.9,1
43.4,-85.9,1
43.4,-85.9,1
43.4,-85.9,1
43.4,-85.9,1
43.4,-85.9,1
43.4,-85.9,1
43.4,-85.9,1
43.4,-85.9,1
43.4,-85.9,1
43.4,-85.9,1
43.4,-85.9,1
43.4,-85.9,1
43.4,-85.9,1
43.4,-85.9,1
43.4,-85.9,1
43.4,-85.9,1
43.4,-85.9,1
43.4,-85.9,1
43.4,-85.9,1
43.4,-85.9,1
43.4,-85.9,1
43.4,-85.9,1
43.4,-85.9,1
43.4,-85.9,1
43.4,-85.9,1
43.4,-85.9,1
43.4,-85.9,1
43.4,-85.9,1
43.4,-85.9,1
43.4,-85.9,1
43.4,-85.9,1
43.4,-85.9,1
43.4,-85.9,1
43.4,-85.9,1
43.4,-85.9,1
43.4,-85.9,1
43.4,-85.9,1
43.4,-85.9,1
43.4,-85.9,1
43.4,-85.9,1
43.4,-85.9,1
43.4,-85.9,1
43.4,-85.9,1
43.4,-85.9,1
43.4,-85.9,1
43.4,-85.9,1
43.4,-85.9,1
43.4,-85.9,1
43.4,-85.9,1
43.4,-85.9,1
43.4,-85.9,1
43.4,-85.9,1
43.4,-85.9,1
43.4,-85.9,1
43.4,-85.9,1
43.4,-85.9,1
43.4,-85.9,1
43.4,-85.9,1
43.4,-85.9,1
43.4,-85.9,1
43.4,-85.9,1
43.4,-85.9,1
43.4,-85.9,1
43.4,-85.9,1
43.4,-85.9,1
43.4,-85.9,1
43.4,-85.9,1
43.4,-85.9,1
43.4,-85.9,1
43.4,-85.9,1
43.4,-85.9,1
43.4,-85.9,1
43.4,-85.9,1
43.4,-85.9,1
43.4,-85.9,1
43.4,-85.9,1
43.4,-85.9,1
43.4,-85.9,1
43.4,-85.9,1
43.4,-85.9,1
43.4,-85.9,1
43.4,-85.9,1
43.4,-85.9,1
43.4,-85.9,1
43.4,-85.9,1
43.4,-85.9,1
43.4,-85.9,1
43.4,-85.9,1
43.4,-85.9,1
43.4,-85.9,1
43.4,-85.9,1
43.4,-85.9,1
43.4,-85.9,1
43.4,-85.9,1
43.4,-85.9,1
43.4,-85.9,1
43.4,-85.9,1
43.4,-85.9,1
43.4,-85.9,1
43.4,-85.9,1
43.4,-85.9,1
43.4,-85.9,1
43.4,-85.9,1
43.4,-85.9,1
43.4,-85.9,1
43.4,-85.9,1
43.4,-85.9,1
43.4,-85.9,1
43.4,-85.9,1
43.4,-85.9,1
43.4,-85.9,1
43.4,-85.9,1
43.4,-85.9,1
43.4,-85.9,1
43.4,-85.9,1
43.4,-85.9,1
43.4,-85.9,1
43.4,-85.9,1
43.4,-85.9,1
43.4,-85.9,1
43.4,-85.9,1
43.4,-85.9,1
43.4,-85.9,1
43.4,-85.9,1
43.4,-85.9,1
43.4,-85.9,1
43.4,-85.9,1
43.4,-85.9,1
43.4,-85.9,1
43.4,-85.9,1
43.4,-85.9,1
43.4,-85.9,1
43.4,-85.9,1
43.4,-85.9,1
43.4,-85.9,1
43.4,-85.9,1
43.4,-85.9,1
43.4,-85.9,1
43.4,-85.9,1
43.4,-85.9,1
43.4,-85.9,1
43.4,-85.9,1
43.4,-85.9,1
43.4,-85.9,1
43.4,-85.9,1
43.4,-85.9,1
43.4,-85.9,1
43.4,-85.9,1
43.4,-85.9,1
43.4,-85.9,1
43.4,-85.9,1
43.4,-85.9,1
43.4,-85.9,1
43.4,-85.9,1
43.4,-85.9,1
43.4,-85.9,1
43.4,-85.9,1
43.4,-85.9,1
43.4,-85.9,1
43.4,-85.9,1
43.4,-85.9,1
43.4,-85.9,1
43.4,-85.9,1
43.4,-85.9,1
43.4,-85.9,1
43.4,-85.9,1
43.4,-85.9,1
43.4,-85.9,1
43.4,-85.9,1
43.4,-85.9,1
43.4,-85.9,1
43.4,-85.9,1
43.4,-85.9,1
43.4,-85.9,1
43.4,-85.9,1
43.4,-85.9,1
43.4,-85.9,1
43.4,-85.9,1
43.4,-85.9,1
43.4,-85.9,1
43.4,-85.9,1
43.4,-85.9,1
43.4,-85.9,1
43.4,-85.9,1
43.4,-85.9,1
43.4,-85.9,1
43.4,-85.9,1
43.4,-85.9,1
43.4,-85.9,1
43.4,-85.9,1
43.4,-85.9,1
43.4,-85.9,1
43.4,-85.9,1
43.4,-85.9,1
43.4,-85.9,1
43.4,-85.9,1
43.4,-85.9,1
43.4,-85.9,1
43.4,-85.9,1
43.4,-85.9,1
43.4,-85.9,1
43.4,-85.9,1
43.4,-85.9,1
43.4,-85.9,1
43.4,-85.9,1
43.4,-85.9,1
43.4,-85.9,1
43.4,-85.9,1
43.4,-85.9,1
43.4,-85.9,1
43.4,-85.9,1
43.4,-85.9,1
43.4,-85.9,1
43.4,-85.9,1
43.4,-85.9,1
43.4,-85.9,1
43.4,-85.9,1
43.4,-85.9,1
43.4,-85.9,1
43.4,-85.9,1
43.4,-85.9,1
43.4,-85.9,1
43.4,-85.9,1
43.4,-85.9,1
43.4,-85.9,1
43.4,-85.9,1
43.4,-85.9,1
43.4,-85.9,1
43.4,-85.9,1
43.4,-85.9,1
43.4,-85.9,1
43.4,-85.9,1
43.4,-85.9,1
43.4,-85.9,1
43.4,-85.9,1
43.4,-85.9,1
43.4,-85.9,1
43.4,-85.9,1
43.4,-85.9,1
43.4,-85.9,1
43.4,-85.9,1
43.4,-85.9,1
43.4,-85.9,1
43.4,-85.9,1
43.4,-85.9,1
43.4,-85.9,1
43.4,-85.9,1
43.4,-85.9,1
43.4,-85.9,1
43.4,-85.9,1
43.4,-85.9,1
43.4,-85.9,1
43.4,-85.9,1
43.4,-85.9,1
43.4,-85.9,1
43.4,-85.9,1
43.4,-85.9,1
43.4,-85.9,1
43.4,-85.9,1
43.4,-85.9,1
43.4,-85.9,1
43.4,-85.9,1
43.4,-85.9,1
43.4,-85.9,1
43.4,-85.9,1
43.4,-85.9,1
43.4,-85.9,1
43.4,-85.9,1
43.4,-85.9,1
43.4,-85.9,1
43.4,-85.9,1
43.4,-85.9,1
43.4,-85.9,1
43.4,-85.9,1
43.4,-85.9,1
43.4,-85.9,1
43.4,-85.9,1
43.4,-85.9,1
43.4,-85.9,1
43.4,-85.9,1
43.4,-85.9,1
43.4,-85.9,1
43.4,-85.9,1
43.4,-85.9,1
43.4,-85.9,1
43.4,-85.9,1
43.4,-85.9,1
43.4,-85.9,1
43.4,-85.9,1
43.4,-85.9,1
43.4,-85.9,1
43.4,-85.9,1
43.4,-85.9,1
43.4,-85.9,1
43.4,-85.9,1
43.4,-85.9,1
43.4,-85.9,1
43.4,-85.9,1
43.4,-85.9,1
43.4,-85.9,1
43.4,-85.9,1
43.4,-85.9,1
43.4,-85.9,1
43.4,-85.9,1
43.4,-85.9,1
43.4,-85.9,1
43.4,-85.9,1
43.4,-85.9,1
43.4,-85.9,1
43.4,-85.9,1
43.4,-85.9,1
43.4,-85.9,1
43.4,-85.9,1
43.4,-85.9,1
43.4,-85.9,1
43.4,-85.9,1
43.4,-85.9,1
43.4,-85.9,1
43.4,-85.9,1
43.4,-85.9,1
43.4,-85.9,1
43.4,-85.9,1
43.4,-85.9,1
43.4,-85.9,1
43.4,-85.9,1
43.4,-85.9,1
43.4,-85.9,1
43.4,-85.9,1
43.4,-85.9,1
43.4,-85.9,1
43.4,-85.9,1
43.4,-85.9,1
43.4,-85.9,1
43.4,-85.9,1
43.4,-85.9,1
43.4,-85.9,1
43.4,-85.9,1
43.4,-85.9,1
43.4,-85.9,1
43.4,-85.9,1
43.4,-85.9,1
43.4,-85.9,1
43.4,-85.9,1
43.4,-85.9,1
43.4,-85.9,1
43.4,-85.9,1
43.4,-85.9,1
43.4,-85.9,1
43.4,-85.9,1
43.4,-85.9,1
43.4,-85.9,1
43.4,-85.9,1
43.4,-85.9,1
43.4,-85.9,1
43.4,-85.9,1
43.4,-85.9,1
43.4,-85.9,1
43.4,-85.9,1
43.4,-85.9,1
43.4,-85.9,1
43.4,-85.9,1
43.4,-85.9,1
43.4,-85.9,1
43.4,-85.9,1
43.4,-85.9,1
43.4,-85.9,1
43.4,-85.9,1
43.4,-85.9,1
43.4,-85.9,1
43.4,-85.9,1
43.4,-85.9,1
43.4,-85.9,1
43.4,-85.9,1
43.4,-85.9,1
43.4,-85.9,1
43.4,-85.9,1
43.4,-85.9,1
43.4,-85.9,1
43.4,-85.9,1
43.4,-85.9,1
43.4,-85.9,1
43.4,-85.9,1
43.4,-85.9,1
43.4,-85.9,1
43.4,-85.9,1
43.4,-85.9,1
43.4,-85.9,1
43.4,-85.9,1
43.4,-85.9,1
43.4,-85.9,1
43.4,-85.9,1
43.4,-85.9,1
43.4,-85.9,1
43.4,-85.9,1
43.4,-85.9,1
43.4,-85.9,1
43.4,-85.9,1
43.4,-85.9,1
43.4,-85.9,1
43.4,-85.9,1
43.4,-85.9,1
43.4,-85.9,1
43.4,-85.9,1
43.4,-85.9,1
43.4,-85.9,1
43.4,-85.9,1
43.4,-85.9,1
43.4,-85.9,1
43.4,-85.9,1
43.4,-85.9,1
43.4,-85.9,1
43.4,-85.9,1
43.4,-85.9,1
43.4,-85.9,1
43.4,-85.9,1
43.4,-85.9,1
43.4,-85.9,1
43.4,-85.9,1
43.4,-85.9,1
43.4,-85.9,1
43.4,-85.9,1
43.4,-85.9,1
43.4,-85.9,1
43.4,-85.9,1
43.4,-85.9,1
43.4,-85.9,1
43.4,-85.9,1
43.4,-85.9,1
43.4,-85.9,1
43.4,-85.9,1
43.4,-85.9,1
43.4,-85.9,1
43.4,-85.9,1
43.4,-85.9,1
43.4,-85.9,1
43.4,-85.9,1
43.4,-85.9,1
43.4,-85.9,1
43.4,-85.9,1
43.4,-85.9,1
43.4,-85.9,1
43.4,-85.9,1
43.4,-85.9,1
43.4,-85.9,1
43.4,-85.9,1
43.4,-85.9,1
43.4,-85.9,1
43.4,-85.9,1
43.4,-85.9,1
43.4,-85.9,1
43.4,-85.9,1
43.4,-85.9,1
43.4,-85.9,1
43.4,-85.9,1
43.4,-85.9,1
43.4,-85.9,1
43.4,-85.9,1
43.4,-85.9,1
43.4,-85.9,1
43.4,-85.9,1
43.4,-85.9,1
43.4,-85.9,1
43.4,-85.9,1
43.4,-85.9,1
43.4,-85.9,1
43.4,-85.9,1
43.4,-85.9,1
43.4,-85.9,1
43.4,-85.9,1
43.4,-85.9,1
43.4,-85.9,1
43.4,-85.9,1
43.4,-85.9,1
43.4,-85.9,1
43.4,-85.9,1
43.4,-85.9,1
43.4,-85.9,1
43.4,-85.9,1
43.4,-85.9,1
43.4,-85.9,1
43.4,-85.9,1
43.4,-85.9,1
43.4,-85.9,1
43.4,-85.9,1
43.4,-85.9,1
43.4,-85.9,1
43.4,-85.9,1
43.4,-85.9,1
43.4,-85.9,1
43.4,-85.9,1
43.4,-85.9,1
43.4,-85.9,1
43.4,-85.9,1
43.4,-85.9,1
43.4,-85.9,1
43.4,-85.9,1
43.4,-85.9,1
43.4,-85.9,1
43.4,-85.9,1
43.4,-85.9,1
43.4,-85.9,1
43.4,-85.9,1
43.4,-85.9,1
43.4,-85.9,1
43.4,-85.9,1
43.4,-85.9,1
43.4,-85.9,1
43.4,-85.9,1
43.4,-85.9,1
43.4,-85.9,1
43.4,-85.9,1
43.4,-85.9,1
43.4,-85.9,1
43.4,-85.9,1
43.4,-85.9,1
43.4,-85.9,1
43.4,-85.9,1
43.4,-85.9,1
43.4,-85.9,1
43.4,-85.9,1
43.4,-85.9,1
43.4,-85.9,1
43.4,-85.9,1
43.4,-85.9,1
43.4,-85.9,1
43.4,-85.9,1
43.4,-85.9,1
43.4,-85.9,1
43.4,-85.9,1
43.4,-85.9,1
43.4,-85.9,1
43.4,-85.9,1
43.4,-85.9,1
43.4,-85.9,1
43.4,-85.9,1
43.4,-85.9,1
43.4,-85.9,1
43.4,-85.9,1
43.4,-85.9,1
43.4,-85.9,1
43.4,-85.9,1
43.4,-85.9,1
43.4,-85.9,1
43.4,-85.9,1
43.4,-85.9,1
43.4,-85.9,1
43.4,-85.9,1
43.4,-85.9,1
43.4,-85.9,1
43.4,-85.9,1
43.4,-85.9,1
43.4,-85.9,1
43.4,-85.9,1
43.4,-85.9,1
43.4,-85.9,1
43.4,-85.9,1
43.4,-85.9,1
43.4,-85.9,1
43.4,-85.9,1
43.4,-85.9,1
43.4,-85.9,1
43.4,-85.9,1
43.4,-85.9,1
43.4,-85.9,1
43.4,-85.9,1
43.4,-85.9,1
43.4,-85.9,1
43.4,-85.9,1
43.4,-85.9,1
43.4,-85.9,1
43.4,-85.9,1
43.4,-85.9,1
43.4,-85.9,1
43.4,-85.9,1
43.4,-85.9,1
43.4,-85.9,1
43.4,-85.9,1
43.4,-85.9,1
43.4,-85.9,1
43.4,-85.9,1
43.4,-85.9,1
43.4,-85.9,1
43.4,-85.9,1
43.4,-85.9,1
43.4,-85.9,1
43.4,-85.9,1
43.4,-85.9,1
43.4,-85.9,1
43.4,-85.9,1
43.4,-85.9,1
43.4,-85.9,1
43.4,-85.9,1
43.4,-85.9,1
43.4,-85.9,1
43.4,-85.9,1
43.4,-85.9,1
43.4,-85.9,1
43.4,-85.9,1
43.4,-85.9,1
43.4,-85.9,1
43.4,-85.9,1
43.4,-85.9,1
43.4,-85.9,1
43.4,-85.9,1
43.4,-85.9,1
43.4,-85.9,1
43.4,-85.9,1
43.4,-85.9,1
43.4,-85.9,1
43.4,-85.9,1
43.4,-85.9,1
43.4,-85.9,1
43.4,-85.9,1
43.4,-85.9,1
43.4,-85.9,1
43.4,-85.9,1
43.4,-85.9,1
43.4,-85.9,1
43.4,-85.9,1
43.4,-85.9,1
43.4,-85.9,1
43.4,-85.9,1
43.4,-85.9,1
43.4,-85.9,1
43.4,-85.9,1
43.4,-85.9,1
43.4,-85.9,1
43.4,-85.9,1
43.4,-85.9,1
43.4,-85.9,1
43.4,-85.9,1
43.4,-85.9,1
43.4,-85.9,1
43.4,-85.9,1
43.4,-85.9,1
43.4,-85.9,1
43.4,-85.9,1
43.4,-85.9,1
43.4,-85.9,1
43.4,-85.9,1
43.4,-85.9,1
43.4,-85.9,1
43.4,-85.9,1
43.4,-85.9,1
43.4,-85.9,1
43.4,-85.9,1
43.4,-85.9,1
43.4,-85.9,1
43.4,-85.9,1
43.4,-85.9,1
43.4,-85.9,1
43.4,-85.9,1
43.4,-85.9,1
43.4,-85.9,1
43.4,-85.9,1
43.4,-85.9,1
43.4,-85.9,1
43.4,-85.9,1
43.4,-85.9,1
43.4,-85.9,1
43.4,-85.9,1
43.4,-85.9,1
43.4,-85.9,1
43.4,-85.9,1
43.4,-85.9,1
43.4,-85.9,1
43.4,-85.9,1
43.4,-85.9,1
43.4,-85.9,1
43.4,-85.9,1
43.4,-85.9,1
43.4,-85.9,1
43.4,-85.9,1
43.4,-85.9,1
43.4,-85.9,1
43.4,-85.9,1
43.4,-85.9,1
43.4,-85.9,1
43.4,-85.9,1
43.4,-85.9,1
43.4,-85.9,1
43.4,-85.9,1
43.4,-85.9,1
43.4,-85.9,1
43.4,-85.9,1
43.4,-85.9,1
43.4,-85.9,1
43.4,-85.9,1
43.4,-85.9,1
43.4,-85.9,1
43.4,-85.9,1
43.4,-85.9,1
43.4,-85.9,1
43.4,-85.9,1
43.4,-85.9,1
43.4,-85.9,1
43.4,-85.9,1
43.4,-85.9,1
43.4,-85.9,1
43.4,-85.9,1
43.4,-85.9,1
43.4,-85.9,1
43.4,-85.9,1
43.4,-85.9,1
43.4,-85.9,1
43.4,-85.9,1
43.4,-85.9,1
43.4,-85.9,1
43.4,-85.9,1
43.4,-85.9,1
43.4,-85.9,1
43.4,-85.9,1
43.4,-85.9,1
43.4,-85.9,1
43.4,-85.9,1
43.4,-85.9,1
43.4,-85.9,1
43.4,-85.9,1
43.4,-85.9,1
43.4,-85.9,1
43.4,-85.9,1
43.4,-85.9,1
43.4,-85.9,1
43.4,-85.9,1
43.4,-85.9,1
43.4,-85.9,1
43.4,-85.9,1
43.4,-85.9,1
43.4,-85.9,1
43.4,-85.9,1
43.4,-85.9,1
43.4,-85.9,1
43.4,-85.9,1
43.4,-85.9,1
43.4,-85.9,1
43.4,-85.9,1
43.4,-85.9,1
43.4,-85.9,1
43.4,-85.9,1
43.4,-85.9,1
43.4,-85.9,1
43.4,-85.9,1
43.4,-85.9,1
43.4,-85.9,1
43.4,-85.9,1
43.4,-85.9,1
43.4,-85.9,1
43.4,-85.9,1
43.4,-85.9,1
43.4,-85.9,1
43.4,-85.9,1
43.4,-85.9,1
43.4,-85.9,1
43.4,-85.9,1
43.4,-85.9,1
43.4,-85.9,1
43.4,-85.9,1
43.4,-85.9,1
43.4,-85.9,1
43.4,-85.9,1
43.4,-85.9,1
43.4,-85.9,1
43.4,-85.9,1
43.4,-85.9,1
43.4,-85.9,1
43.4,-85.9,1
43.4,-85.9,1
43.4,-85.9,1
43.4,-85.9,1
43.4,-85.9,1
43.4,-85.9,1
43.4,-85.9,1
43.4,-85.9,1
43.4,-85.9,1
43.4,-85.9,1
43.4,-85.9,1
43.4,-85.9,1
43.4,-85.9,1
43.4,-85.9,1
43.4,-85.9,1
43.4,-85.9,1
43.4,-85.9,1
43.4,-85.9,1
43.4,-85.9,1
43.4,-85.9,1
43.4,-85.9,1
43.4,-85.9,1
43.4,-85.9,1
43.4,-85.9,1
43.4,-85.9,1
43.4,-85.9,1
43.4,-85.9,1
43.4,-85.9,1
43.4,-85.9,1
43.4,-85.9,1
43.4,-85.9,1
43.4,-85.9,1
43.4,-85.9,1
43.4,-85.9,1
43.4,-85.9,1
43.4,-85.9,1
43.4,-85.9,1
43.4,-85.9,1
43.4,-85.9,1
43.4,-85.9,1
43.4,-85.9,1
43.4,-85.9,1
43.4,-85.9,1
43.4,-85.9,1
43.4,-85.9,1
43.4,-85.9,1
43.4,-85.9,1
43.4,-85.9,1
43.4,-85.9,1
43.4,-85.9,1
43.4,-85.9,1
43.4,-85.9,1
43.4,-85.9,1
43.4,-85.9,1
43.4,-85.9,1
43.4,-85.9,1
43.4,-85.9,1
43.4,-85.9,1
43.4,-85.9,1
43.4,-85.9,1
43.4,-85.9,1
43.4,-85.9,1
43.4,-85.9,1
43.4,-85.9,1
43.4,-85.9,1
43.4,-85.9,1
43.4,-85.9,1
43.4,-85.9,1
43.4,-85.9,1
43.4,-85.9,1
43.4,-85.9,1
43.4,-85.9,1
43.4,-85.9,1
43.4,-85.9,1
43.4,-85.9,1
43.4,-85.9,1
43.4,-85.9,1
43.4,-85.9,1
43.4,-85.9,1
43.4,-85.9,1
43.4,-85.9,1
43.4,-85.9,1
43.4,-85.9,1
43.4,-85.9,1
43.4,-85.9,1
43.4,-85.9,1
43.4,-85.9,1
43.4,-85.9,1
43.4,-85.9,1
43.4,-85.9,1
43.4,-85.9,1
43.4,-85.9,1
43.4,-85.9,1
43.4,-85.9,1
43.4,-85.9,1
43.4,-85.9,1
43.4,-85.9,1
43.4,-85.9,1
43.4,-85.9,1
43.4,-85.9,1
43.4,-85.9,1
43.4,-85.9,1
43.4,-85.9,1
43.4,-85.9,1
43.4,-85.9,1
43.4,-85.9,1
43.4,-85.9,1
43.4,-85.9,1
43.4,-85.9,1
43.4,-85.9,1
43.4,-85.9,1
43.4,-85.9,1
43.4,-85.9,1
43.4,-85.9,1
43.4,-85.9,1
43.4,-85.9,1
43.4,-85.9,1
43.4,-85.9,1
43.4,-85.9,1
43.4,-85.9,1
43.4,-85.9,1
43.4,-85.9,1
43.4,-85.9,1
43.4,-85.9,1
43.4,-85.9,1
43.4,-85.9,1
43.4,-85.9,1
43.4,-85.9,1
43.4,-85.9,1
43.4,-85.9,1
43.4,-85.9,1
43.4,-85.9,1
43.4,-85.9,1
43.4,-85.9,1
43.4,-85.9,1
43.4,-85.9,1
43.4,-85.9,1
43.4,-85.9,1
43.4,-85.9,1
43.4,-85.9,1
43.4,-85.9,1
43.4,-85.9,1
43.4,-85.9,1
43.4,-85.9,1
43.4,-85.9,1
43.4,-85.9,1
43.4,-85.9,1
43.4,-85.9,1
43.4,-85.9,1
43.4,-85.9,1
43.4,-85.9,1
43.4,-85.9,1
43.4,-85.9,1
43.4,-85.9,1
43.4,-85.9,1
43.4,-85.9,1
43.4,-85.9,1
43.4,-85.9,1
43.4,-85.9,1
43.4,-85.9,1
43.4,-85.9,1
43.4,-85.9,1
43.4,-85.9,1
43.4,-85.9,1
43.4,-85.9,1
43.4,-85.9,1
43.4,-85.9,1
43.4,-85.9,1
43.4,-85.9,1
43.4,-85.9,1
43.4,-85.9,1
43.4,-85.9,1
43.4,-85.9,1
43.4,-85.9,1
43.4,-85.9,1
43.4,-85.9,1
43.4,-85.9,1
43.4,-85.9,1
43.4,-85.9,1
43.4,-85.9,1
43.4,-85.9,1
43.4,-85.9,1
43.4,-85.9,1
43.4,-85.9,1
43.4,-85.9,1
43.4,-85.9,1
43.4,-85.9,1
43.4,-85.9,1
43.4,-85.9,1
43.4,-85.9,1
43.4,-85.9,1
43.4,-85.9,1
43.4,-85.9,1
43.4,-85.9,1
43.4,-85.9,1
43.4,-85.9,1
43.4,-85.9,1
43.4,-85.9,1
43.4,-85.9,1
43.4,-85.9,1
43.4,-85.9,1
43.4,-85.9,1
43.4,-85.9,1
43.4,-85.9,1
43.4,-85.9,1
43.4,-85.9,1
43.4,-85.9,1
43.4,-85.9,1
43.4,-85.9,1
43.4,-85.9,1
43.4,-85.9,1
43.4,-85.9,1
43.4,-85.9,1
43.4,-85.9,1
43.4,-85.9,1
43.4,-85.9,1
43.4,-85.9,1
43.4,-85.9,1
43.4,-85.9,1
43.4,-85.9,1
43.4,-85.9,1
43.4,-85.9,1
43.4,-85.9,1
43.4,-85.9,1
43.4,-85.9,1
43.4,-85.9,1
43.4,-85.9,1
43.4,-85.9,1
43.4,-85.9,1
43.4,-85.9,1
43.4,-85.9,1
43.4,-85.9,1
43.4,-85.9,1
43.4,-85.9,1
43.4,-85.9,1
43.4,-85.9,1
43.4,-85.9,1
43.4,-85.9,1
43.4,-85.9,1
43.4,-85.9,1
43.4,-85.9,1
43.4,-85.9,1
43.4,-85.9,1
43.4,-85.9,1
43.4,-85.9,1
43.4,-85.9,1
43.4,-85.9,1
43.4,-85.9,1
43.4,-85.9,1
43.4,-85.9,1
43.4,-85.9,1
43.4,-85.9,1
43.4,-85.9,1
43.4,-85.9,1
43.4,-85.9,1
43.4,-85.9,1
43.4,-85.9,1
43.4,-85.9,1
43.4,-85.9,1
43.4,-85.9,1
43.4,-85.9,1
43.4,-85.9,1
43.4,-85.9,1
43.4,-85.9,1
43.4,-85.9,1
43.4,-85.9,1
43.4,-85.9,1
43.4,-85.9,1
43.4,-85.9,1
43.4,-85.9,1
43.4,-85.9,1
43.4,-85.9,1
43.4,-85.9,1
43.4,-85.9,1
43.4,-85.9,1
43.4,-85.9,1
43.4,-85.9,1
43.4,-85.9,1
43.4,-85.9,1
43.4,-85.9,1
43.4,-85.9,1
43.4,-85.9,1
43.4,-85.9,1
43.4,-85.9,1
43.4,-85.9,1
43.4,-85.9,1
43.4,-85.9,1
43.4,-85.9,1
43.4,-85.9,1
43.4,-85.9,1
43.4,-85.9,1
43.4,-85.9,1
43.4,-85.9,1
43.4,-85.9,1
43.4,-85.9,1
43.4,-85.9,1
43.4,-85.9,1
43.4,-85.9,1
43.4,-85.9,1
43.4,-85.9,1
43.4,-85.9,1
43.4,-85.9,1
43.4,-85.9,1
43.4,-85.9,1
43.4,-85.9,1
43.4,-85.9,1
43.4,-85.9,1
43.4,-85.9,1
43.4,-85.9,1
43.4,-85.9,1
43.4,-85.9,1
43.4,-85.9,1
43.4,-85.9,1
43.4,-85.9,1
43.4,-85.9,1
43.4,-85.9,1
43.4,-85.9,1
43.4,-85.9,1
43.4,-85.9,1
43.4,-85.9,1
43.4,-85.9,1
43.4,-85.9,1
43.4,-85.9,1
43.4,-85.9,1
43.4,-85.9,1
43.4,-85.9,1
43.4,-85.9,1
43.4,-85.9,1
43.4,-85.9,1
43.4,-85.9,1
43.4,-85.9,1
43.4,-85.9,1
43.4,-85.9,1
43.4,-85.9,1
43.4,-85.9,1
43.4,-85.9,1
43.4,-85.9,1
43.4,-85.9,1
43.4,-85.9,1
43.4,-85.9,1
43.4,-85.9,1
43.4,-85.9,1
43.4,-85.9,1
43.4,-85.9,1
43.4,-85.9,1
43.4,-85.9,1
43.4,-85.9,1
43.4,-85.9,1
43.4,-85.9,1
43.4,-85.9,1
43.4,-85.9,1
43.4,-85.9,1
43.4,-85.9,1
43.4,-85.9,1
43.4,-85.9,1
43.4,-85.9,1
43.4,-85.9,1
43.4,-85.9,1
43.4,-85.9,1
43.4,-85.9,1
43.4,-85.9,1
43.4,-85.9,1
43.4,-85.9,1
43.4,-85.9,1
43.4,-85.9,1
43.4,-85.9,1
43.4,-85.9,1
43.4,-85.9,1
43.4,-85.9,1
43.4,-85.9,1
43.4,-85.9,1
43.4,-85.9,1
43.4,-85.9,1
43.4,-85.9,1
43.4,-85.9,1
43.4,-85.9,1
43.4,-85.9,1
43.4,-85.9,1
43.4,-85.9,1
43.4,-85.9,1
43.4,-85.9,1
43.4,-85.9,1
43.4,-85.9,1
43.4,-85.9,1
43.4,-85.9,1
43.4,-85.9,1
43.4,-85.9,1
43.4,-85.9,1
43.4,-85.9,1
43.4,-85.9,1
43.4,-85.9,1
43.4,-85.9,1
43.4,-85.9,1
43.4,-85.9,1
43.4,-85.9,1
43.4,-85.9,1
43.4,-85.9,1
43.4,-85.9,1
43.4,-85.9,1
43.4,-85.9,1
43.4,-85.9,1
43.4,-85.9,1
43.4,-85.9,1
43.4,-85.9,1
43.4,-85.9,1
43.4,-85.9,1
43.4,-85.9,1
43.4,-85.9,1
43.4,-85.9,1
43.4,-85.9,1
43.4,-85.9,1
43.4,-85.9,1
43.4,-85.9,1
43.4,-85.9,1
43.4,-85.9,1
43.4,-85.9,1
43.4,-85.9,1
43.4,-85.9,1
43.4,-85.9,1
43.4,-85.9,1
43.4,-85.9,1
43.4,-85.9,1
43.4,-85.9,1
43.4,-85.9,1
43.4,-85.9,1
43.4,-85.9,1
43.4,-85.9,1
43.4,-85.9,1
43.4,-85.9,1
43.4,-85.9,1
43.4,-85.9,1
43.4,-85.9,1
43.4,-85.9,1
43.4,-85.9,1
43.4,-85.9,1
43.4,-85.9,1
43.4,-85.9,1
43.4,-85.9,1
43.4,-85.9,1
43.4,-85.9,1
43.4,-85.9,1
43.4,-85.9,1
43.4,-85.9,1
43.4,-85.9,1
43.4,-85.9,1
43.4,-85.9,1
43.4,-85.9,1
43.4,-85.9,1
43.4,-85.9,1
43.4,-85.9,1
43.4,-85.9,1
43.4,-85.9,1
43.4,-85.9,1
43.4,-85.9,1
43.4,-85.9,1
43.4,-85.9,1
43.4,-85.9,1
43.4,-85.9,1
43.4,-85.9,1
43.4,-85.9,1
43.4,-85.9,1
43.4,-85.9,1
43.4,-85.9,1
43.4,-85.9,1
43.4,-85.9,1
43.4,-85.9,1
43.4,-85.9,1
43.4,-85.9,1
43.4,-85.9,1
43.4,-85.9,1
43.4,-85.9,1
43.4,-85.9,1
43.4,-85.9,1
43.4,-85.9,1
43.4,-85.9,1
43.4,-85.9,1
43.4,-85.9,1
43.4,-85.9,1
43.4,-85.9,1
43.4,-85.9,1
43.4,-85.9,1
43.4,-85.9,1
43.4,-85.9,1
43.4,-85.9,1
43.4,-85.9,1
43.4,-85.9,1
43.4,-85.9,1
43.4,-85.9,1
43.4,-85.9,1
43.4,-85.9,1
43.4,-85.9,1
43.4,-85.9,1
43.4,-85.9,1
43.4,-85.9,1
43.4,-85.9,1
43.4,-85.9,1
43.4,-85.9,1
43.4,-85.9,1
43.4,-85.9,1
43.4,-85.9,1
43.4,-85.9,1
43.4,-85.9,1
43.4,-85.9,1
43.4,-85.9,1
43.4,-85.9,1
43.4,-85.9,1
43.4,-85.9,1
43.4,-85.9,1
43.4,-85.9,1
43.4,-85.9,1
43.4,-85.9,1
43.4,-85.9,1
43.4,-85.9,1
43.4,-85.9,1
43.4,-85.9,1
43.4,-85.9,1
43.4,-85.9,1
43.4,-85.9,1
43.4,-85.9,1
43.4,-85.9,1
43.4,-85.9,1
43.4,-85.9,1
43.4,-85.9,1
43.4,-85.9,1
43.4,-85.9,1
43.4,-85.9,1
43.4,-85.9,1
43.4,-85.9,1
43.4,-85.9,1
43.4,-85.9,1
43.4,-85.9,1
43.4,-85.9,1
43.4,-85.9,1
43.4,-85.9,1
43.4,-85.9,1
43.4,-85.9,1
43.4,-85.9,1
43.4,-85.9,1
43.4,-85.9,1
43.4,-85.9,1
43.4,-85.9,1
43.4,-85.9,1
43.4,-85.9,1
43.4,-85.9,1
43.4,-85.9,1
43.4,-85.9,1
43.4,-85.9,1
43.4,-85.9,1
43.4,-85.9,1
43.4,-85.9,1
43.4,-85.9,1
43.4,-85.9,1
43.4,-85.9,1
43.4,-85.9,1
43.4,-85.9,1
43.4,-85.9,1
43.4,-85.9,1
43.4,-85.9,1
43.4,-85.9,1
43.4,-85.9,1
43.4,-85.9,1
43.4,-85.9,1
43.4,-85.9,1
43.4,-85.9,1
43.4,-85.9,1
43.4,-85.9,1
43.4,-85.9,1
43.4,-85.9,1
43.4,-85.9,1
43.4,-85.9,1
43.4,-85.9,1
43.4,-85.9,1
43.4,-85.9,1
43.4,-85.9,1
43.4,-85.9,1
43.4,-85.9,1
43.4,-85.9,1
43.4,-85.9,1
43.4,-85.9,1
43.4,-85.9,1
43.4,-85.9,1
43.4,-85.9,1
43.4,-85.9,1
43.4,-85.9,1
43.4,-85.9,1
43.4,-85.9,1
43.4,-85.9,1
43.4,-85.9,1
43.4,-85.9,1
43.4,-85.9,1
43.4,-85.9,1
43.4,-85.9,1
43.4,-85.9,1
43.4,-85.9,1
43.4,-85.9,1
43.4,-85.9,1
43.4,-85.9,1
43.4,-85.9,1
43.4,-85.9,1
43.4,-85.9,1
43.4,-85.9,1
43.4,-85.9,1
43.4,-85.9,1
43.4,-85.9,1
43.4,-85.9,1
43.4,-85.9,1
43.4,-85.9,1
43.4,-85.9,1
43.4,-85.9,1
43.4,-85.9,1
43.4,-85.9,1
43.4,-85.9,1
43.4,-85.9,1
43.4,-85.9,1
43.4,-85.9,1
43.4,-85.9,1
43.4,-85.9,1
43.4,-85.9,1
43.4,-85.9,1
43.4,-85.9,1
43.4,-85.9,1
43.4,-85.9,1
43.4,-85.9,1
43.4,-85.9,1
43.4,-85.9,1
43.4,-85.9,1
43.4,-85.9,1
43.4,-85.9,1
43.4,-85.9,1
43.4,-85.9,1
43.4,-85.9,1
43.4,-85.9,1
43.4,-85.9,1
43.4,-85.9,1
43.4,-85.9,1
43.4,-85.9,1
43.4,-85.9,1
43.4,-85.9,1
43.4,-85.9,1
43.4,-85.9,1
43.4,-85.9,1
43.4,-85.9,1
43.4,-85.9,1
43.4,-85.9,1
43.4,-85.9,1
43.4,-85.9,1
43.4,-85.9,1
43.4,-85.9,1
43.4,-85.9,1
43.4,-85.9,1
43.4,-85.9,1
43.4,-85.9,1
43.4,-85.9,1
43.4,-85.9,1
43.4,-85.9,1
43.4,-85.9,1
43.4,-85.9,1
43.4,-85.9,1
43.4,-85.9,1
43.4,-85.9,1
43.4,-85.9,1
43.4,-85.9,1
43.4,-85.9,1
43.4,-85.9,1
43.4,-85.9,1
43.4,-85.9,1
43.4,-85.9,1
43.4,-85.9,1
43.4,-85.9,1
43.4,-85.9,1
43.4,-85.9,1
43.4,-85.9,1
43.4,-85.9,1
43.4,-85.9,1
43.4,-85.9,1
43.4,-85.9,1
43.4,-85.9,1
43.4,-85.9,1
43.4,-85.9,1
43.4,-85.9,1
43.4,-85.9,1
43.4,-85.9,1
43.4,-85.9,1
43.4,-85.9,1
43.4,-85.9,1
43.4,-85.9,1
43.4,-85.9,1
43.4,-85.9,1
43.4,-85.9,1
43.4,-85.9,1
43.4,-85.9,1
43.4,-85.9,1
43.4,-85.9,1
43.4,-85.9,1
43.4,-85.9,1
43.4,-85.9,1
43.4,-85.9,1
43.4,-85.9,1
43.4,-85.9,1
43.4,-85.9,1
43.4,-85.9,1
43.4,-85.9,1
43.4,-85.9,1
43.4,-85.9,1
43.4,-85.9,1
43.4,-85.9,1
43.4,-85.9,1
43.4,-85.9,1
43.4,-85.9,1
43.4,-85.9,1
43.4,-85.9,1
43.4,-85.9,1
43.4,-85.9,1
43.4,-85.9,1
43.4,-85.9,1
43.4,-85.9,1
43.4,-85.9,1
43.4,-85.9,1
43.4,-85.9,1
43.4,-85.9,1
43.4,-85.9,1
43.4,-85.9,1
43.4,-85.9,1
43.4,-85.9,1
43.4,-85.9,1
43.4,-85.9,1
43.4,-85.9,1
43.4,-85.9,1
43.4,-85.9,1
43.4,-85.9,1
43.4,-85.9,1
43.4,-85.9,1
43.4,-85.9,1
43.4,-85.9,1
43.4,-85.9,1
43.4,-85.9,1
43.4,-85.9,1
43.4,-85.9,1
43.4,-85.9,1
43.4,-85.9,1
43.4,-85.9,1
43.4,-85.9,1
43.4,-85.9,1
43.4,-85.9,1
43.4,-85.9,1
43.4,-85.9,1
43.4,-85.9,1
43.4,-85.9,1
43.4,-85.9,1
43.4,-85.9,1
43.4,-85.9,1
43.4,-85.9,1
43.4,-85.9,1
43.4,-85.9,1
43.4,-85.9,1
43.4,-85.9,1
43.4,-85.9,1
43.4,-85.9,1
43.4,-85.9,1
43.4,-85.9,1
43.4,-85.9,1
43.4,-85.9,1
43.4,-85.9,1
43.4,-85.9,1
43.4,-85.9,1
43.4,-85.9,1
43.4,-85.9,1
43.4,-85.9,1
43.4,-85.9,1
43.4,-85.9,1
43.4,-85.9,1
43.4,-85.9,1
43.4,-85.9,1
43.4,-85.9,1
43.4,-85.9,1
43.4,-85.9,1
43.4,-85.9,1
43.4,-85.9,1
43.4,-85.9,1
43.4,-85.9,1
43.4,-85.9,1
43.4,-85.9,1
43.4,-85.9,1
43.4,-85.9,1
43.4,-85.9,1
43.4,-85.9,1
43.4,-85.9,1
43.4,-85.9,1
43.4,-85.9,1
43.4,-85.9,1
43.4,-85.9,1
43.4,-85.9,1
43.4,-85.9,1
43.4,-85.9,1
43.4,-85.9,1
43.4,-85.9,1
43.4,-85.9,1
43.4,-85.9,1
43.4,-85.9,1
43.4,-85.9,1
43.4,-85.9,1
43.4,-85.9,1
43.4,-85.9,1
43.4,-85.9,1
43.4,-85.9,1
43.4,-85.9,1
43.4,-85.9,1
43.4,-85.9,1
43.4,-85.9,1
43.4,-85.9,1
43.4,-85.9,1
43.4,-85.9,1
43.4,-85.9,1
43.4,-85.9,1
43.4,-85.9,1
43.4,-85.9,1
43.4,-85.9,1
43.4,-85.9,1
43.4,-85.9,1
43.4,-85.9,1
43.4,-85.9,1
43.4,-85.9,1
43.4,-85.9,1
43.4,-85.9,1
43.4,-85.9,1
43.4,-85.9,1
43.4,-85.9,1
43.4,-85.9,1
43.4,-85.9,1
43.4,-85.9,1
43.4,-85.9,1
43.4,-85.9,1
43.4,-85.9,1
43.4,-85.9,1
43.4,-85.9,1
43.4,-85.9,1
43.4,-85.9,1
43.4,-85.9,1
43.4,-85.9,1
43.4,-85.9,1
43.4,-85.9,1
43.4,-85.9,1
43.4,-85.9,1
43.4,-85.9,1
43.4,-85.9,1
43.4,-85.9,1
43.4,-85.9,1
43.4,-85.9,1
43.4,-85.9,1
43.4,-85.9,1
43.4,-85.9,1
43.4,-85.9,1
43.4,-85.9,1
43.4,-85.9,1
43.4,-85.9,1
43.4,-85.9,1
43.4,-85.9,1
43.4,-85.9,1
43.4,-85.9,1
43.4,-85.9,1
43.4,-85.9,1
43.4,-85.9,1
43.4,-85.9,1
43.4,-85.9,1
43.4,-85.9,1
43.4,-85.9,1
43.4,-85.9,1
43.4,-85.9,1
43.4,-85.9,1
43.4,-85.9,1
43.4,-85.9,1
43.4,-85.9,1
43.4,-85.9,1
43.4,-85.9,1
43.4,-85.9,1
43.4,-85.9,1
43.4,-85.9,1
43.4,-85.9,1
43.4,-85.9,1
43.4,-85.9,1
43.4,-85.9,1
43.4,-85.9,1
43.4,-85.9,1
43.4,-85.9,1
43.4,-85.9,1
43.4,-85.9,1
43.4,-85.9,1
43.4,-85.9,1
43.4,-85.9,1
43.4,-85.9,1
43.4,-85.9,1
43.4,-85.9,1
43.4,-85.9,1
43.4,-85.9,1
43.4,-85.9,1
43.4,-85.9,1
43.4,-85.9,1
43.4,-85.9,1
43.4,-85.9,1
43.4,-85.9,1
43.4,-85.9,1
43.4,-85.9,1
43.4,-85.9,1
43.4,-85.9,1
43.4,-85.9,1
43.4,-85.9,1
43.4,-85.9,1
43.4,-85.9,1
43.4,-85.9,1
43.4,-85.9,1
43.4,-85.9,1
43.4,-85.9,1
43.4,-85.9,1
43.4,-85.9,1
43.4,-85.9,1
43.4,-85.9,1
43.4,-85.9,1
43.4,-85.9,1
43.4,-85.9,1
43.4,-85.9,1
43.4,-85.9,1
43.4,-85.9,1
43.4,-85.9,1
43.4,-85.9,1
43.4,-85.9,1
43.4,-85.9,1
43.4,-85.9,1
43.4,-85.9,1
43.4,-85.9,1
43.4,-85.9,1
43.4,-85.9,1
43.4,-85.9,1
43.4,-85.9,1
43.4,-85.9,1
43.4,-85.9,1
43.4,-85.9,1
43.4,-85.9,1
43.4,-85.9,1
43.4,-85.9,1
43.4,-85.9,1
43.4,-85.9,1
43.4,-85.9,1
43.4,-85.9,1
43.4,-85.9,1
43.4,-85.9,1
43.4,-85.9,1
43.4,-85.9,1
43.4,-85.9,1
43.4,-85.9,1
43.4,-85.9,1
43.4,-85.9,1
43.4,-85.9,1
43.4,-85.9,1
43.4,-85.9,1
43.4,-85.9,1
43.4,-85.9,1
43.4,-85.9,1
43.4,-85.9,1
43.4,-85.9,1
43.4,-85.9,1
43.4,-85.9,1
43.4,-85.9,1
43.4,-85.9,1
43.4,-85.9,1
43.4,-85.9,1
43.4,-85.9,1
43.4,-85.9,1
43.4,-85.9,1
43.4,-85.9,1
43.4,-85.9,1
43.4,-85.9,1
43.4,-85.9,1
43.4,-85.9,1
43.4,-85.9,1
43.4,-85.9,1
43.4,-85.9,1
43.4,-85.9,1
43.4,-85.9,1
43.4,-85.9,1
43.4,-85.9,1
43.4,-85.9,1
43.4,-85.9,1
43.4,-85.9,1
43.4,-85.9,1
43.4,-85.9,1
43.4,-85.9,1
43.4,-85.9,1
43.4,-85.9,1
43.4,-85.9,1
43.4,-85.9,1
43.4,-85.9,1
43.4,-85.9,1
43.4,-85.9,1
43.4,-85.9,1
43.4,-85.9,1
43.4,-85.9,1
43.4,-85.9,1
43.4,-85.9,1
43.4,-85.9,1
43.4,-85.9,1
43.4,-85.9,1
43.4,-85.9,1
43.4,-85.9,1
43.4,-85.9,1
43.4,-85.9,1
43.4,-85.9,1
43.4,-85.9,1
43.4,-85.9,1
43.4,-85.9,1
43.4,-85.9,1
43.4,-85.9,1
43.4,-85.9,1
43.4,-85.9,1
43.4,-85.9,1
43.4,-85.9,1
43.4,-85.9,1
43.4,-85.9,1
43.4,-85.9,1
43.4,-85.9,1
43.4,-85.9,1
43.4,-85.9,1
43.4,-85.9,1
43.4,-85.9,1
43.4,-85.9,1
43.4,-85.9,1
43.4,-85.9,1
43.4,-85.9,1
43.4,-85.9,1
43.4,-85.9,1
43.4,-85.9,1
43.4,-85.9,1
43.4,-85.9,1
43.4,-85.9,1
43.4,-85.9,1
43.4,-85.9,1
43.4,-85.9,1
43.4,-85.9,1
43.4,-85.9,1
43.4,-85.9,1
43.4,-85.9,1
43.4,-85.9,1
43.4,-85.9,1
43.4,-85.9,1
43.4,-85.9,1
43.4,-85.9,1
43.4,-85.9,1
43.4,-85.9,1
43.4,-85.9,1
43.4,-85.9,1
43.4,-85.9,1
43.4,-85.9,1
43.4,-85.9,1
43.4,-85.9,1
43.4,-85.9,1
43.4,-85.9,1
43.4,-85.9,1
43.4,-85.9,1
43.4,-85.9,1
43.4,-85.9,1
43.4,-85.9,1
43.4,-85.9,1
43.4,-85.9,1
43.4,-85.9,1
43.4,-85.9,1
43.4,-85.9,1
43.4,-85.9,1
43.4,-85.9,1
43.4,-85.9,1
43.4,-85.9,1
43.4,-85.9,1
43.4,-85.9,1
43.4,-85.9,1
43.4,-85.9,1
43.4,-85.9,1
43.4,-85.9,1
43.4,-85.9,1
43.4,-85.9,1
43.4,-85.9,1
43.4,-85.9,1
43.4,-85.9,1
43.4,-85.9,1
43.4,-85.9,1
43.4,-85.9,1
43.4,-85.9,1
43.4,-85.9,1
43.4,-85.9,1
43.4,-85.9,1
43.4,-85.9,1
43.4,-85.9,1
43.4,-85.9,1
43.4,-85.9,1
43.4,-85.9,1
43.4,-85.9,1
43.4,-85.9,1
43.4,-85.9,1
43.4,-85.9,1
43.4,-85.9,1
43.4,-85.9,1
43.4,-85.9,1
43.4,-85.9,1
43.4,-85.9,1
43.4,-85.9,1
43.4,-85.9,1
43.4,-85.9,1
43.4,-85.9,1
43.4,-85.9,1
43.4,-85.9,1
43.4,-85.9,1
43.4,-85.9,1
43.4,-85.9,1
43.4,-85.9,1
43.4,-85.9,1
43.4,-85.9,1
43.4,-85.9,1
43.4,-85.9,1
43.4,-85.9,1
43.4,-85.9,1
43.4,-85.9,1
43.4,-85.9,1
43.4,-85.9,1
43.4,-85.9,1
43.4,-85.9,1
43.4,-85.9,1
43.4,-85.9,1
43.4,-85.9,1
43.4,-85.9,1
43.4,-85.9,1
43.4,-85.9,1
43.4,-85.9,1
43.4,-85.9,1
43.4,-85.9,1
43.4,-85.9,1
43.4,-85.9,1
43.4,-85.9,1
43.4,-85.9,1
43.4,-85.9,1
43.4,-85.9,1
43.4,-85.9,1
43.4,-85.9,1
43.4,-85.9,1
43.4,-85.9,1
43.4,-85.9,1
43.4,-85.9,1
43.4,-85.9,1
43.4,-85.9,1
43.4,-85.9,1
43.4,-85.9,1
43.4,-85.9,1
43.4,-85.9,1
43.4,-85.9,1
43.4,-85.9,1
43.4,-85.9,1
43.4,-85.9,1
43.4,-85.9,1
43.4,-85.9,1
43.4,-85.9,1
43.4,-85.9,1
43.4,-85.9,1
43.4,-85.9,1
43.4,-85.9,1
43.4,-85.9,1
43.4,-85.9,1
43.4,-85.9,1
43.4,-85.9,1
43.4,-85.9,1
43.4,-85.9,1
43.4,-85.9,1
43.4,-85.9,1
43.4,-85.9,1
43.4,-85.9,1
43.4,-85.9,1
43.4,-85.9,1
43.4,-85.9,1
43.4,-85.9,1
43.4,-85.9,1
43.4,-85.9,1
43.4,-85.9,1
43.4,-85.9,1
43.4,-85.9,1
43.4,-85.9,1
43.4,-85.9,1
43.4,-85.9,1
43.4,-85.9,1
43.4,-85.9,1
43.4,-85.9,1
43.4,-85.9,1
43.4,-85.9,1
43.4,-85.9,1
43.4,-85.9,1
43.4,-85.9,1
43.4,-85.9,1
43.4,-85.9,1
43.4,-85.9,1
43.4,-85.9,1
43.4,-85.9,1
43.4,-85.9,1
43.4,-85.9,1
43.4,-85.9,1
43.4,-85.9,1
43.4,-85.9,1
43.4,-85.9,1
43.4,-85.9,1
43.4,-85.9,1
43.4,-85.9,1
43.4,-85.9,1
43.4,-85.9,1
43.4,-85.9,1
43.4,-85.9,1
43.4,-85.9,1
43.4,-85.9,1
43.4,-85.9,1
43.4,-85.9,1
43.4,-85.9,1
43.4,-85.9,1
43.4,-85.9,1
43.4,-85.9,1
43.4,-85.9,1
43.4,-85.9,1
43.4,-85.9,1
43.4,-85.9,1
43.4,-85.9,1
43.4,-85.9,1
43.4,-85.9,1
43.4,-85.9,1
43.4,-85.9,1
43.4,-85.9,1
43.4,-85.9,1
43.4,-85.9,1
43.4,-85.9,1
43.4,-85.9,1
43.4,-85.9,1
43.4,-85.9,1
43.4,-85.9,1
43.4,-85.9,1
43.4,-85.9,1
43.4,-85.9,1
43.4,-85.9,1
43.4,-85.9,1
43.4,-85.9,1
43.4,-85.9,1
43.4,-85.9,1
43.4,-85.9,1
43.4,-85.9,1
43.4,-85.9,1
43.4,-85.9,1
43.4,-85.9,1
43.4,-85.9,1
43.4,-85.9,1
43.4,-85.9,1
43.4,-85.9,1
43.4,-85.9,1
43.4,-85.9,1
43.4,-85.9,1
43.4,-85.9,1
43.4,-85.9,1
43.4,-85.9,1
43.4,-85.9,1
43.4,-85.9,1
43.4,-85.9,1
43.4,-85.9,1
43.4,-85.9,1
43.4,-85.9,1
43.4,-85.9,1
43.4,-85.9,1
43.4,-85.9,1
43.4,-85.9,1
43.4,-85.9,1
43.4,-85.9,1
43.4,-85.9,1
43.4,-85.9,1
43.4,-85.9,1
43.4,-85.9,1
43.4,-85.9,1
43.4,-85.9,1
43.4,-85.9,1
43.4,-85.9,1
43.4,-85.9,1
43.4,-85.9,1
43.4,-85.9,1
43.4,-85.9,1
43.4,-85.9,1
43.4,-85.9,1
43.4,-85.9,1
43.4,-85.9,1
43.4,-85.9,1
43.4,-85.9,1
43.4,-85.9,1
43.4,-85.9,1
43.4,-85.9,1
43.4,-85.9,1
43.4,-85.9,1
43.4,-85.9,1
43.4,-85.9,1
43.4,-85.9,1
43.4,-85.9,1
43.4,-85.9,1
43.4,-85.9,1
43.4,-85.9,1
43.4,-85.9,1
43.4,-85.9,1
43.4,-85.9,1
43.4,-85.9,1
43.4,-85.9,1
43.4,-85.9,1
43.4,-85.9,1
43.4,-85.9,1
43.4,-85.9,1
43.4,-85.9,1
43.4,-85.9,1
43.4,-85.9,1
43.4,-85.9,1
43.4,-85.9,1
43.4,-85.9,1
43.4,-85.9,1
43.4,-85.9,1
43.4,-85.9,1
43.4,-85.9,1
43.4,-85.9,1
43.4,-85.9,1
43.4,-85.9,1
43.4,-85.9,1
43.4,-85.9,1
43.4,-85.9,1
43.4,-85.9,1
43.4,-85.9,1
43.4,-85.9,1
43.4,-85.9,1
43.4,-85.9,1
43.4,-85.9,1
43.4,-85.9,1
43.4,-85.9,1
43.4,-85.9,1
43.4,-85.9,1
43.4,-85.9,1
43.4,-85.9,1
43.4,-85.9,1
43.4,-85.9,1
43.4,-85.9,1
43.4,-85.9,1
43.4,-85.9,1
43.4,-85.9,1
43.4,-85.9,1
43.4,-85.9,1
43.4,-85.9,1
43.4,-85.9,1
43.4,-85.9,1
43.4,-85.9,1
43.4,-85.9,1
43.4,-85.9,1
43.4,-85.9,1
43.4,-85.9,1
43.4,-85.9,1
43.4,-85.9,1
43.4,-85.9,1
43.4,-85.9,1
43.4,-85.9,1
43.4,-85.9,1
43.4,-85.9,1
43.4,-85.9,1
43.4,-85.9,1
43.4,-85.9,1
43.4,-85.9,1
43.4,-85.9,1
43.4,-85.9,1
43.4,-85.9,1
43.4,-85.9,1
43.4,-85.9,1
43.4,-85.9,1
43.4,-85.9,1
43.4,-85.9,1
43.4,-85.9,1
43.4,-85.9,1
43.4,-85.9,1
43.4,-85.9,1
43.4,-85.9,1
43.4,-85.9,1
43.4,-85.9,1
43.4,-85.9,1
43.4,-85.9,1
43.4,-85.9,1
43.4,-85.9,1
43.4,-85.9,1
43.4,-85.9,1
43.4,-85.9,1
43.4,-85.9,1
43.4,-85.9,1
43.4,-85.9,1
43.4,-85.9,1
43.4,-85.9,1
43.4,-85.9,1
43.4,-85.9,1
43.4,-85.9,1
43.4,-85.9,1
43.4,-85.9,1
43.4,-85.9,1
43.4,-85.9,1
43.4,-85.9,1
43.4,-85.9,1
43.4,-85.9,1
43.4,-85.9,1
43.4,-85.9,1
43.4,-85.9,1
43.4,-85.9,1
43.4,-85.9,1
43.4,-85.9,1
43.4,-85.9,1
43.4,-85.9,1
43.4,-85.9,1
43.4,-85.9,1
43.4,-85.9,1
43.4,-85.9,1
43.4,-85.9,1
43.4,-85.9,1
43.4,-85.9,1
43.4,-85.9,1
43.4,-85.9,1
43.4,-85.9,1
43.4,-85.9,1
43.4,-85.9,1
43.4,-85.9,1
43.4,-85.9,1
43.4,-85.9,1
43.4,-85.9,1
43.4,-85.9,1
43.4,-85.9,1
43.4,-85.9,1
43.4,-85.9,1
43.4,-85.9,1
43.4,-85.9,1
43.4,-85.9,1
43.4,-85.9,1
43.4,-85.9,1
43.4,-85.9,1
43.4,-85.9,1
43.4,-85.9,1
43.4,-85.9,1
43.4,-85.9,1
43.4,-85.9,1
43.4,-85.9,1
43.4,-85.9,1
43.4,-85.9,1
43.4,-85.9,1
43.4,-85.9,1
43.4,-85.9,1
43.4,-85.9,1
43.4,-85.9,1
43.4,-85.9,1
43.4,-85.9,1
43.4,-85.9,1
43.4,-85.9,1
43.4,-85.9,1
43.4,-85.9,1
43.4,-85.9,1
43.4,-85.9,1
43.4,-85.9,1
43.4,-85.9,1
43.4,-85.9,1
43.4,-85.9,1
43.4,-85.9,1
43.4,-85.9,1
43.4,-85.9,1
43.4,-85.9,1
43.4,-85.9,1
43.4,-85.9,1
43.4,-85.9,1
43.4,-85.9,1
43.4,-85.9,1
43.4,-85.9,1
43.4,-85.9,1
43.4,-85.9,1
43.4,-85.9,1
43.4,-85.9,1
43.4,-85.9,1
43.4,-85.9,1
43.4,-85.9,1
43.4,-85.9,1
43.4,-85.9,1
43.4,-85.9,1
43.4,-85.9,1
43.4,-85.9,1
43.4,-85.9,1
43.4,-85.9,1
43.4,-85.9,1
43.4,-85.9,1
43.4,-85.9,1
43.4,-85.9,1
43.4,-85.9,1
43.4,-85.9,1
43.4,-85.9,1
43.4,-85.9,1
43.4,-85.9,1
43.4,-85.9,1
43.4,-85.9,1
43.4,-85.9,1
43.4,-85.9,1
43.4,-85.9,1
43.4,-85.9,1
43.4,-85.9,1
43.4,-85.9,1
43.4,-85.9,1
43.4,-85.9,1
43.4,-85.9,1
43.4,-85.9,1
43.4,-85.9,1
43.4,-85.9,1
43.4,-85.9,1
43.4,-85.9,1
43.4,-85.9,1
43.4,-85.9,1
43.4,-85.9,1
43.4,-85.9,1
43.4,-85.9,1
43.4,-85.9,1
43.4,-85.9,1
43.4,-85.9,1
43.4,-85.9,1
43.4,-85.9,1
43.4,-85.9,1
43.4,-85.9,1
43.4,-85.9,1
43.4,-85.9,1
43.4,-85.9,1
43.4,-85.9,1
43.4,-85.9,1
43.4,-85.9,1
43.4,-85.9,1
43.4,-85.9,1
43.4,-85.9,1
43.4,-85.9,1
43.4,-85.9,1
43.4,-85.9,1
43.4,-85.9,1
43.4,-85.9,1
43.4,-85.9,1
43.4,-85.9,1
43.4,-85.9,1
43.4,-85.9,1
43.4,-85.9,1
43.4,-85.9,1
43.4,-85.9,1
43.4,-85.9,1
43.4,-85.9,1
43.4,-85.9,1
43.4,-85.9,1
43.4,-85.9,1
43.4,-85.9,1
43.4,-85.9,1
43.4,-85.9,1
43.4,-85.9,1
43.4,-85.9,1
43.4,-85.9,1
43.4,-85.9,1
43.4,-85.9,1
43.4,-85.9,1
43.4,-85.9,1
43.4,-85.9,1
43.4,-85.9,1
43.4,-85.9,1
43.4,-85.9,1
43.4,-85.9,1
43.4,-85.9,1
43.4,-85.9,1
43.4,-85.9,1
43.4,-85.9,1
43.4,-85.9,1
43.4,-85.9,1
43.4,-85.9,1
43.4,-85.9,1
43.4,-85.9,1
43.4,-85.9,1
43.4,-85.9,1
43.4,-85.9,1
43.4,-85.9,1
43.4,-85.9,1
43.4,-85.9,1
43.4,-85.9,1
43.4,-85.9,1
43.4,-85.9,1
43.4,-85.9,1
43.4,-85.9,1
43.4,-85.9,1
43.4,-85.9,1
43.4,-85.9,1
43.4,-85.9,1
43.4,-85.9,1
43.4,-85.9,1
43.4,-85.9,1
43.4,-85.9,1
43.4,-85.9,1
43.4,-85.9,1
43.4,-85.9,1
43.4,-85.9,1
43.4,-85.9,1
43.4,-85.9,1
43.4,-85.9,1
43.4,-85.9,1
43.4,-85.9,1
43.4,-85.9,1
43.4,-85.9,1
43.4,-85.9,1
43.4,-85.9,1
43.4,-85.9,1
43.4,-85.9,1
43.4,-85.9,1
43.4,-85.9,1
43.4,-85.9,1
43.4,-85.9,1
43.4,-85.9,1
43.4,-85.9,1
43.4,-85.9,1
43.4,-85.9,1
43.4,-85.9,1
43.4,-85.9,1
43.4,-85.9,1
43.4,-85.9,1
43.4,-85.9,1
43.4,-85.9,1
43.4,-85.9,1
43.4,-85.9,1
43.4,-85.9,1
43.4,-85.9,1
43.4,-85.9,1
43.4,-85.9,1
43.4,-85.9,1
43.4,-85.9,1
43.4,-85.9,1
43.4,-85.9,1
43.4,-85.9,1
43.4,-85.9,1
43.4,-85.9,1
43.4,-85.9,1
43.4,-85.9,1
43.4,-85.9,1
43.4,-85.9,1
43.4,-85.9,1
43.4,-85.9,1
43.4,-85.9,1
43.4,-85.9,1
43.4,-85.9,1
43.4,-85.9,1
43.4,-85.9,1
43.4,-85.9,1
43.4,-85.9,1
43.4,-85.9,1
43.4,-85.9,1
43.4,-85.9,1
43.4,-85.9,1
43.4,-85.9,1
43.4,-85.9,1
43.4,-85.9,1
43.4,-85.9,1
43.4,-85.9,1
43.4,-85.9,1
43.4,-85.9,1
43.4,-85.9,1
43.4,-85.9,1
43.4,-85.9,1
43.4,-85.9,1
43.4,-85.9,1
43.4,-85.9,1
43.4,-85.9,1
43.4,-85.9,1
43.4,-85.9,1
43.4,-85.9,1
43.4,-85.9,1
43.4,-85.9,1
43.4,-85.9,1
43.4,-85.9,1
43.4,-85.9,1
43.4,-85.9,1
43.4,-85.9,1
43.4,-85.9,1
43.4,-85.9,1
43.4,-85.9,1
43.4,-85.9,1
43.4,-85.9,1
43.4,-85.9,1
43.4,-85.9,1
43.4,-85.9,1
43.4,-85.9,1
43.4,-85.9,1
43.4,-85.9,1
43.4,-85.9,1
43.4,-85.9,1
43.4,-85.9,1
43.4,-85.9,1
43.4,-85.9,1
43.4,-85.9,1
43.4,-85.9,1
43.4,-85.9,1
43.4,-85.9,1
43.4,-85.9,1
43.4,-85.9,1
43.4,-85.9,1
43.4,-85.9,1
43.4,-85.9,1
43.4,-85.9,1
43.4,-85.9,1
43.4,-85.9,1
43.4,-85.9,1
43.4,-85.9,1
43.4,-85.9,1
43.4,-85.9,1
43.4,-85.9,1
43.4,-85.9,1
43.4,-85.9,1
43.4,-85.9,1
43.4,-85.9,1
43.4,-85.9,1
43.4,-85.9,1
43.4,-85.9,1
43.4,-85.9,1
43.4,-85.9,1
43.4,-85.9,1
43.4,-85.9,1
43.4,-85.9,1
43.4,-85.9,1
43.4,-85.9,1
43.4,-85.9,1
43.4,-85.9,1
43.4,-85.9,1
43.4,-85.9,1
43.4,-85.9,1
43.4,-85.9,1
43.4,-85.9,1
43.4,-85.9,1
43.4,-85.9,1
43.4,-85.9,1
43.4,-85.9,1
43.4,-85.9,1
43.4,-85.9,1
43.4,-85.9,1
43.4,-85.9,1
43.4,-85.9,1
43.4,-85.9,1
43.4,-85.9,1
43.4,-85.9,1
43.4,-85.9,1
43.4,-85.9,1
43.4,-85.9,1
43.4,-85.9,1
43.4,-85.9,1
43.4,-85.9,1
43.4,-85.9,1
43.4,-85.9,1
43.4,-85.9,1
43.4,-85.9,1
43.4,-85.9,1
43.4,-85.9,1
43.4,-85.9,1
43.4,-85.9,1
43.4,-85.9,1
43.4,-85.9,1
43.4,-85.9,1
43.4,-85.9,1
43.4,-85.9,1
43.4,-85.9,1
43.4,-85.9,1
43.4,-85.9,1
43.4,-85.9,1
43.4,-85.9,1
43.4,-85.9,1
43.4,-85.9,1
43.4,-85.9,1
43.4,-85.9,1
43.4,-85.9,1
43.4,-85.9,1
43.4,-85.9,1
43.4,-85.9,1
43.4,-85.9,1
43.4,-85.9,1
43.4,-85.9,1
43.4,-85.9,1
43.4,-85.9,1
43.4,-85.9,1
43.4,-85.9,1
43.4,-85.9,1
43.4,-85.9,1
43.4,-85.9,1
43.4,-85.9,1
43.4,-85.9,1
43.4,-85.9,1
43.4,-85.9,1
43.4,-85.9,1
43.4,-85.9,1
43.4,-85.9,1
43.4,-85.9,1
43.4,-85.9,1
43.4,-85.9,1
43.4,-85.9,1
43.4,-85.9,1
43.4,-85.9,1
43.4,-85.9,1
43.4,-85.9,1
43.4,-85.9,1
43.4,-85.9,1
43.4,-85.9,1
43.4,-85.9,1
43.4,-85.9,1
43.4,-85.9,1
43.4,-85.9,1
43.4,-85.9,1
43.4,-85.9,1
43.4,-85.9,1
43.4,-85.9,1
43.4,-85.9,1
43.4,-85.9,1
43.4,-85.9,1
43.4,-85.9,1
43.4,-85.9,1
43.4,-85.9,1
43.4,-85.9,1
43.4,-85.9,1
43.4,-85.9,1
43.4,-85.9,1
43.4,-85.9,1
43.4,-85.9,1
43.4,-85.9,1
43.4,-85.9,1
43.4,-85.9,1
43.4,-85.9,1
43.4,-85.9,1
43.4,-85.9,1
43.4,-85.9,1
43.4,-85.9,1
43.4,-85.9,1
43.4,-85.9,1
43.4,-85.9,1
43.4,-85.9,1
43.4,-85.9,1
43.4,-85.9,1
43.4,-85.9,1
43.4,-85.9,1
43.4,-85.9,1
43.4,-85.9,1
43.4,-85.9,1
43.4,-85.9,1
43.4,-85.9,1
43.4,-85.9,1
43.4,-85.9,1
43.4,-85.9,1
43.4,-85.9,1
43.4,-85.9,1
43.4,-85.9,1
43.4,-85.9,1
43.4,-85.9,1
43.4,-85.9,1
43.4,-85.9,1
43.4,-85.9,1
43.4,-85.9,1
43.4,-85.9,1
43.4,-85.9,1
43.4,-85.9,1
43.4,-85.9,1
43.4,-85.9,1
43.4,-85.9,1
43.4,-85.9,1
43.4,-85.9,1
43.4,-85.9,1
43.4,-85.9,1
43.4,-85.9,1
43.4,-85.9,1
43.4,-85.9,1
43.4,-85.9,1
43.4,-85.9,1
43.4,-85.9,1
43.4,-85.9,1
43.4,-85.9,1
43.4,-85.9,1
43.4,-85.9,1
43.4,-85.9,1
43.4,-85.9,1
43.4,-85.9,1
43.4,-85.9,1
43.4,-85.9,1
43.4,-85.9,1
43.4,-85.9,1
43.4,-85.9,1
43.4,-85.9,1
43.4,-85.9,1
43.4,-85.9,1
43.4,-85.9,1
43.4,-85.9,1
43.4,-85.9,1
43.4,-85.9,1
43.4,-85.9,1
43.4,-85.9,1
43.4,-85.9,1
43.4,-85.9,1
43.4,-85.9,1
43.4,-85.9,1
43.4,-85.9,1
43.4,-85.9,1
43.4,-85.9,1
43.4,-85.9,1
43.4,-85.9,1
43.4,-85.9,1
43.4,-85.9,1
43.4,-85.9,1
43.4,-85.9,1
43.4,-85.9,1
43.4,-85.9,1
43.4,-85.9,1
43.4,-85.9,1
43.4,-85.9,1
43.4,-85.9,1
43.4,-85.9,1
43.4,-85.9,1
43.4,-85.9,1
43.4,-85.9,1
43.4,-85.9,1
43.4,-85.9,1
43.4,-85.9,1
43.4,-85.9,1
43.4,-85.9,1
43.4,-85.9,1
43.4,-85.9,1
43.4,-85.9,1
43.4,-85.9,1
43.4,-85.9,1
43.4,-85.9,1
43.4,-85.9,1
43.4,-85.9,1
43.4,-85.9,1
43.4,-85.9,1
43.4,-85.9,1
43.4,-85.9,1
43.4,-85.9,1
43.4,-85.9,1
43.4,-85.9,1
43.4,-85.9,1
43.4,-85.9,1
43.4,-85.9,1
43.4,-85.9,1
43.4,-85.9,1
43.4,-85.9,1
43.4,-85.9,1
43.4,-85.9,1
43.4,-85.9,1
43.4,-85.9,1
43.4,-85.9,1
43.4,-85.9,1
43.4,-85.9,1
43.4,-85.9,1
43.4,-85.9,1
43.4,-85.9,1
43.4,-85.9,1
43.4,-85.9,1
43.4,-85.9,1
43.4,-85.9,1
43.4,-85.9,1
43.4,-85.9,1
43.4,-85.9,1
43.4,-85.9,1
43.4,-85.9,1
43.4,-85.9,1
43.4,-85.9,1
43.4,-85.9,1
43.4,-85.9,1
43.4,-85.9,1
43.4,-85.9,1
43.4,-85.9,1
43.4,-85.9,1
43.4,-85.9,1
43.4,-85.9,1
43.4,-85.9,1
43.4,-85.9,1
43.4,-85.9,1
43.4,-85.9,1
43.4,-85.9,1
43.4,-85.9,1
43.4,-85.9,1
43.4,-85.9,1
43.4,-85.9,1
43.4,-85.9,1
43.4,-85.9,1
43.4,-85.9,1
43.4,-85.9,1
43.4,-85.9,1
43.4,-85.9,1
43.4,-85.9,1
43.4,-85.9,1
43.4,-85.9,1
43.4,-85.9,1
43.4,-85.9,1
43.4,-85.9,1
43.4,-85.9,1
43.4,-85.9,1
43.4,-85.9,1
43.4,-85.9,1
43.4,-85.9,1
43.4,-85.9,1
43.4,-85.9,1
43.4,-85.9,1
43.4,-85.9,1
43.4,-85.9,1
43.4,-85.9,1
43.4,-85.9,1
43.4,-85.9,1
43.4,-85.9,1
43.4,-85.9,1
43.4,-85.9,1
43.4,-85.9,1
43.4,-85.9,1
43.4,-85.9,1
43.4,-85.9,1
43.4,-85.9,1
43.4,-85.9,1
43.4,-85.9,1
43.4,-85.9,1
43.4,-85.9,1
43.4,-85.9,1
43.4,-85.9,1
43.4,-85.9,1
43.4,-85.9,1
43.4,-85.9,1
43.4,-85.9,1
43.4,-85.9,1
43.4,-85.9,1
43.4,-85.9,1
43.4,-85.9,1
43.4,-85.9,1
43.4,-85.9,1
43.4,-85.9,1
43.4,-85.9,1
43.4,-85.9,1
43.4,-85.9,1
43.4,-85.9,1
43.4,-85.9,1
43.4,-85.9,1
43.4,-85.9,1
43.4,-85.9,1
43.4,-85.9,1
43.4,-85.9,1
43.4,-85.9,1
43.4,-85.9,1
43.4,-85.9,1
43.4,-85.9,1
43.4,-85.9,1
43.4,-85.9,1
43.4,-85.9,1
43.4,-85.9,1
43.4,-85.9,1
43.4,-85.9,1
43.4,-85.9,1
43.4,-85.9,1
43.4,-85.9,1
43.4,-85.9,1
43.4,-85.9,1
43.4,-85.9,1
43.4,-85.9,1
43.4,-85.9,1
43.4,-85.9,1
43.4,-85.9,1
43.4,-85.9,1
43.4,-85.9,1
43.4,-85.9,1
43.4,-85.9,1
43.4,-85.9,1
43.4,-85.9,1
43.4,-85.9,1
43.4,-85.9,1
43.4,-85.9,1
43.4,-85.9,1
43.4,-85.9,1
43.4,-85.9,1
43.4,-85.9,1
43.4,-85.9,1
43.4,-85.9,1
43.4,-85.9,1
43.4,-85.9,1
43.4,-85.9,1
43.4,-85.9,1
43.4,-85.9,1
43.4,-85.9,1
43.4,-85.9,1
43.4,-85.9,1
43.4,-85.9,1
43.4,-85.9,1
43.4,-85.9,1
43.4,-85.9,1
43.4,-85.9,1
43.4,-85.9,1
43.4,-85.9,1
43.4,-85.9,1
43.4,-85.9,1
43.4,-85.9,1
43.4,-85.9,1
43.4,-85.9,1
43.4,-85.9,1
43.4,-85.9,1
43.4,-85.9,1
43.4,-85.9,1
43.4,-85.9,1
43.4,-85.9,1
43.4,-85.9,1
43.4,-85.9,1
43.4,-85.9,1
43.4,-85.9,1
43.4,-85.9,1
43.4,-85.9,1
43.4,-85.9,1
43.4,-85.9,1
43.4,-85.9,1
43.4,-85.9,1
43.4,-85.9,1
43.4,-85.9,1
43.4,-85.9,1
43.4,-85.9,1
43.4,-85.9,1
43.4,-85.9,1
43.4,-85.9,1
43.4,-85.9,1
43.4,-85.9,1
43.4,-85.9,1
43.4,-85.9,1
43.4,-85.9,1
43.4,-85.9,1
43.4,-85.9,1
43.4,-85.9,1
43.4,-85.9,1
43.4,-85.9,1
43.4,-85.9,1
43.4,-85.9,1
43.4,-85.9,1
43.4,-85.9,1
43.4,-85.9,1
43.4,-85.9,1
43.4,-85.9,1
43.4,-85.9,1
43.4,-85.9,1
43.4,-85.9,1
43.4,-85.9,1
43.4,-85.9,1
43.4,-85.9,1
43.4,-85.9,1
43.4,-85.9,1
43.4,-85.9,1
43.4,-85.9,1
43.4,-85.9,1
43.4,-85.9,1
43.4,-85.9,1
43.4,-85.9,1
43.4,-85.9,1
43.4,-85.9,1
43.4,-85.9,1
43.4,-85.9,1
43.4,-85.9,1
43.4,-85.9,1
43.4,-85.9,1
43.4,-85.9,1
43.4,-85.9,1
43.4,-85.9,1
43.4,-85.9,1
43.4,-85.9,1
43.4,-85.9,1
43.4,-85.9,1
43.4,-85.9,1
43.4,-85.9,1
43.4,-85.9,1
43.4,-85.9,1
43.4,-85.9,1
43.4,-85.9,1
43.4,-85.9,1
43.4,-85.9,1
43.4,-85.9,1
43.4,-85.9,1
43.4,-85.9,1
43.4,-85.9,1
43.4,-85.9,1
43.4,-85.9,1
43.4,-85.9,1
43.4,-85.9,1
43.4,-85.9,1
43.4,-85.9,1
43.4,-85.9,1
43.4,-85.9,1
43.4,-85.9,1
43.4,-85.9,1
43.4,-85.9,1
43.4,-85.9,1
43.4,-85.9,1
43.4,-85.9,1
43.4,-85.9,1
43.4,-85.9,1
43.4,-85.9,1
43.4,-85.9,1
43.4,-85.9,1
43.4,-85.9,1
43.4,-85.9,1
43.4,-85.9,1
43.4,-85.9,1
43.4,-85.9,1
43.4,-85.9,1
43.4,-85.9,1
43.4,-85.9,1
43.4,-85.9,1
43.4,-85.9,1
43.4,-85.9,1
43.4,-85.9,1
43.4,-85.9,1
43.4,-85.9,1
43.4,-85.9,1
43.4,-85.9,1
43.4,-85.9,1
43.4,-85.9,1
43.4,-85.9,1
43.4,-85.9,1
43.4,-85.9,1
43.4,-85.9,1
43.4,-85.9,1
43.4,-85.9,1
43.4,-85.9,1
43.4,-85.9,1
43.4,-85.9,1
43.4,-85.9,1
43.4,-85.9,1
43.4,-85.9,1
43.4,-85.9,1
43.4,-85.9,1
43.4,-85.9,1
43.4,-85.9,1
43.4,-85.9,1
43.4,-85.9,1
43.4,-85.9,1
43.4,-85.9,1
43.4,-85.9,1
43.4,-85.9,1
43.4,-85.9,1
43.4,-85.9,1
43.4,-85.9,1
43.4,-85.9,1
43.4,-85.9,1
43.4,-85.9,1
43.4,-85.9,1
43.4,-85.9,1
43.4,-85.9,1
43.4,-85.9,1
43.4,-85.9,1
43.4,-85.9,1
43.4,-85.9,1
43.4,-85.9,1
43.4,-85.9,1
43.4,-85.9,1
43.4,-85.9,1
43.4,-85.9,1
43.4,-85.9,1
43.4,-85.9,1
43.4,-85.9,1
43.4,-85.9,1
43.4,-85.9,1
43.4,-85.9,1
43.4,-85.9,1
43.4,-85.9,1
43.4,-85.9,1
43.4,-85.9,1
43.4,-85.9,1
43.4,-85.9,1
43.4,-85.9,1
43.4,-85.9,1
43.4,-85.9,1
43.4,-85.9,1
43.4,-85.9,1
43.4,-85.9,1
43.4,-85.9,1
43.4,-85.9,1
43.4,-85.9,1
43.4,-85.9,1
43.4,-85.9,1
43.4,-85.9,1
43.4,-85.9,1
43.4,-85.9,1
43.4,-85.9,1
43.4,-85.9,1
43.4,-85.9,1
43.4,-85.9,1
43.4,-85.9,1
43.4,-85.9,1
43.4,-85.9,1
43.4,-85.9,1
43.4,-85.9,1
43.4,-85.9,1
43.4,-85.9,1
43.4,-85.9,1
43.4,-85.9,1
43.4,-85.9,1
43.4,-85.9,1
43.4,-85.9,1
43.4,-85.9,1
43.4,-85.9,1
43.4,-85.9,1
43.4,-85.9,1
43.4,-85.9,1
43.4,-85.9,1
43.4,-85.9,1
43.4,-85.9,1
43.4,-85.9,1
43.4,-85.9,1
43.4,-85.9,1
43.4,-85.9,1
43.4,-85.9,1
43.4,-85.9,1
43.4,-85.9,1
43.4,-85.9,1
43.4,-85.9,1
43.4,-85.9,1
43.4,-85.9,1
43.4,-85.9,1
43.4,-85.9,1
43.4,-85.9,1
43.4,-85.9,1
43.4,-85.9,1
43.4,-85.9,1
43.4,-85.9,1
43.4,-85.9,1
43.4,-85.9,1
43.4,-85.9,1
43.4,-85.9,1
43.4,-85.9,1
43.4,-85.9,1
43.4,-85.9,1
43.4,-85.9,1
43.4,-85.9,1
43.4,-85.9,1
43.4,-85.9,1
43.4,-85.9,1
43.4,-85.9,1
43.4,-85.9,1
43.4,-85.9,1
43.4,-85.9,1
43.4,-85.9,1
43.4,-85.9,1
43.4,-85.9,1
43.4,-85.9,1
43.4,-85.9,1
43.4,-85.9,1
43.4,-85.9,1
43.4,-85.9,1
43.4,-85.9,1
43.4,-85.9,1
43.4,-85.9,1
43.4,-85.9,1
43.4,-85.9,1
43.4,-85.9,1
43.4,-85.9,1
43.4,-85.9,1
43.4,-85.9,1
43.4,-85.9,1
43.4,-85.9,1
43.4,-85.9,1
43.4,-85.9,1
43.4,-85.9,1
43.4,-85.9,1
43.4,-85.9,1
43.4,-85.9,1
43.4,-85.9,1
43.4,-85.9,1
43.4,-85.9,1
43.4,-85.9,1
43.4,-85.9,1
43.4,-85.9,1
43.4,-85.9,1
43.4,-85.9,1
43.4,-85.9,1
43.4,-85.9,1
43.4,-85.9,1
43.4,-85.9,1
43.4,-85.9,1
43.4,-85.9,1
43.4,-85.9,1
43.4,-85.9,1
43.4,-85.9,1
43.4,-85.9,1
43.4,-85.9,1
43.4,-85.9,1
43.4,-85.9,1
43.4,-85.9,1
43.4,-85.9,1
43.4,-85.9,1
43.4,-85.9,1
43.4,-85.9,1
43.4,-85.9,1
43.4,-85.9,1
43.4,-85.9,1
43.4,-85.9,1
43.4,-85.9,1
43.4,-85.9,1
43.4,-85.9,1
43.4,-85.9,1
43.4,-85.9,1
43.4,-85.9,1
43.4,-85.9,1
43.4,-85.9,1
43.4,-85.9,1
43.4,-85.9,1
43.4,-85.9,1
43.4,-85.9,1
43.4,-85.9,1
43.4,-85.9,1
43.4,-85.9,1
43.4,-85.9,1
43.4,-85.9,1
43.4,-85.9,1
43.4,-85.9,1
43.4,-85.9,1
43.4,-85.9,1
43.4,-85.9,1
43.4,-85.9,1
43.4,-85.9,1
43.4,-85.9,1
43.4,-85.9,1
43.4,-85.9,1
43.4,-85.9,1
43.4,-85.9,1
43.4,-85.9,1
43.4,-85.9,1
43.4,-85.9,1
43.4,-85.9,1
43.4,-85.9,1
43.4,-85.9,1
43.4,-85.9,1
43.4,-85.9,1
43.4,-85.9,1
43.4,-85.9,1
43.4,-85.9,1
43.4,-85.9,1
43.4,-85.9,1
43.4,-85.9,1
43.4,-85.9,1
43.4,-85.9,1
43.4,-85.9,1
43.4,-85.9,1
43.4,-85.9,1
43.4,-85.9,1
43.4,-85.9,1
43.4,-85.9,1
43.4,-85.9,1
43.4,-85.9,1
43.4,-85.9,1
43.4,-85.9,1
43.4,-85.9,1
43.4,-85.9,1
43.4,-85.9,1
43.4,-85.9,1
43.4,-85.9,1
43.4,-85.9,1
43.4,-85.9,1
43.4,-85.9,1
43.4,-85.9,1
43.4,-85.9,1
43.4,-85.9,1
43.4,-85.9,1
43.4,-85.9,1
43.4,-85.9,1
43.4,-85.9,1
43.4,-85.9,1
43.4,-85.9,1
43.4,-85.9,1
43.4,-85.9,1
43.4,-85.9,1
43.4,-85.9,1
43.4,-85.9,1
43.4,-85.9,1
43.4,-85.9,1
43.4,-85.9,1
43.4,-85.9,1
43.4,-85.9,1
43.4,-85.9,1
43.4,-85.9,1
43.4,-85.9,1
43.4,-85.9,1
43.4,-85.9,1
43.4,-85.9,1
43.4,-85.9,1
43.4,-85.9,1
43.4,-85.9,1
43.4,-85.9,1
43.4,-85.9,1
43.4,-85.9,1
43.4,-85.9,1
43.4,-85.9,1
43.4,-85.9,1
43.4,-85.9,1
43.4,-85.9,1
43.4,-85.9,1
43.4,-85.9,1
43.4,-85.9,1
43.4,-85.9,1
43.4,-85.9,1
43.4,-85.9,1
43.4,-85.9,1
43.4,-85.9,1
43.4,-85.9,1
43.4,-85.9,1
43.4,-85.9,1
43.4,-85.9,1
43.4,-85.9,1
43.4,-85.9,1
43.4,-85.9,1
43.4,-85.9,1
43.4,-85.9,1
43.4,-85.9,1
43.4,-85.9,1
43.4,-85.9,1
43.4,-85.9,1
43.4,-85.9,1
43.4,-85.9,1
43.4,-85.9,1
43.4,-85.9,1
43.4,-85.9,1
43.4,-85.9,1
43.4,-85.9,1
43.4,-85.9,1
43.4,-85.9,1
43.4,-85.9,1
43.4,-85.9,1
43.4,-85.9,1
43.4,-85.9,1
43.4,-85.9,1
43.4,-85.9,1
43.4,-85.9,1
43.4,-85.9,1
43.4,-85.9,1
43.4,-85.9,1
43.4,-85.9,1
43.4,-85.9,1
43.4,-85.9,1
43.4,-85.9,1
43.4,-85.9,1
43.4,-85.9,1
43.4,-85.9,1
43.4,-85.9,1
43.4,-85.9,1
43.4,-85.9,1
43.4,-85.9,1
43.4,-85.9,1
43.4,-85.9,1
43.4,-85.9,1
43.4,-85.9,1
43.4,-85.9,1
43.4,-85.9,1
43.4,-85.9,1
43.4,-85.9,1
43.4,-85.9,1
43.4,-85.9,1
43.4,-85.9,1
43.4,-85.9,1
43.4,-85.9,1
43.4,-85.9,1
43.4,-85.9,1
43.4,-85.9,1
43.4,-85.9,1
43.4,-85.9,1
43.4,-85.9,1
43.4,-85.9,1
43.4,-85.9,1
43.4,-85.9,1
43.4,-85.9,1
43.4,-85.9,1
43.4,-85.9,1
43.4,-85.9,1
43.4,-85.9,1
43.4,-85.9,1
43.4,-85.9,1
43.4,-85.9,1
43.4,-85.9,1
43.4,-85.9,1
43.4,-85.9,1
43.4,-85.9,1
43.4,-85.9,1
43.4,-85.9,1
43.4,-85.9,1
43.4,-85.9,1
43.4,-85.9,1
43.4,-85.9,1
43.4,-85.9,1
43.4,-85.9,1
43.4,-85.9,1
43.4,-85.9,1
43.4,-85.9,1
43.4,-85.9,1
43.4,-85.9,1
43.4,-85.9,1
43.4,-85.9,1
43.4,-85.9,1
43.4,-85.9,1
43.4,-85.9,1
43.4,-85.9,1
43.4,-85.9,1
43.4,-85.9,1
43.4,-85.9,1
43.4,-85.9,1
43.4,-85.9,1
43.4,-85.9,1
43.4,-85.9,1
43.4,-85.9,1
43.4,-85.9,1
43.4,-85.9,1
43.4,-85.9,1
43.4,-85.9,1
43.4,-85.9,1
43.4,-85.9,1
43.4,-85.9,1
43.4,-85.9,1
43.4,-85.9,1
43.4,-85.9,1
43.4,-85.9,1
43.4,-85.9,1
43.4,-85.9,1
43.4,-85.9,1
43.4,-85.9,1
43.4,-85.9,1
43.4,-85.9,1
43.4,-85.9,1
43.4,-85.9,1
43.4,-85.9,1
43.4,-85.9,1
43.4,-85.9,1
43.4,-85.9,1
43.4,-85.9,1
43.4,-85.9,1
43.4,-85.9,1
43.4,-85.9,1
43.4,-85.9,1
43.4,-85.9,1
43.4,-85.9,1
43.4,-85.9,1
43.4,-85.9,1
43.4,-85.9,1
43.4,-85.9,1
43.4,-85.9,1
43.4,-85.9,1
43.4,-85.9,1
43.4,-85.9,1
43.4,-85.9,1
43.4,-85.9,1
43.4,-85.9,1
43.4,-85.9,1
43.4,-85.9,1
43.4,-85.9,1
43.4,-85.9,1
43.4,-85.9,1
43.4,-85.9,1
43.4,-85.9,1
43.4,-85.9,1
43.4,-85.9,1
43.4,-85.9,1
43.4,-85.9,1
43.4,-85.9,1
43.4,-85.9,1
43.4,-85.9,1
43.4,-85.9,1
43.4,-85.9,1
43.4,-85.9,1
43.4,-85.9,1
43.4,-85.9,1
43.4,-85.9,1
43.4,-85.9,1
43.4,-85.9,1
43.4,-85.9,1
43.4,-85.9,1
43.4,-85.9,1
43.4,-85.9,1
43.4,-85.9,1
43.4,-85.9,1
43.4,-85.9,1
43.4,-85.9,1
43.4,-85.9,1
43.4,-85.9,1
43.4,-85.9,1
43.4,-85.9,1
43.4,-85.9,1
43.4,-85.9,1
43.4,-85.9,1
43.4,-85.9,1
43.4,-85.9,1
43.4,-85.9,1
43.4,-85.9,1
43.4,-85.9,1
43.4,-85.9,1
43.4,-85.9,1
43.4,-85.9,1
43.4,-85.9,1
43.4,-85.9,1
43.4,-85.9,1
43.4,-85.9,1
43.4,-85.9,1
43.4,-85.9,1
43.4,-85.9,1
43.4,-85.9,1
43.4,-85.9,1
43.4,-85.9,1
43.4,-85.9,1
43.4,-85.9,1
43.4,-85.9,1
43.4,-85.9,1
43.4,-85.9,1
43.4,-85.9,1
43.4,-85.9,1
43.4,-85.9,1
43.4,-85.9,1
43.4,-85.9,1
43.4,-85.9,1
43.4,-85.9,1
43.4,-85.9,1
43.4,-85.9,1
43.4,-85.9,1
43.4,-85.9,1
43.4,-85.9,1
43.4,-85.9,1
43.4,-85.9,1
43.4,-85.9,1
43.4,-85.9,1
43.4,-85.9,1
43.4,-85.9,1
43.4,-85.9,1
43.4,-85.9,1
43.4,-85.9,1
43.4,-85.9,1
43.4,-85.9,1
43.4,-85.9,1
43.4,-85.9,1
43.4,-85.9,1
43.4,-85.9,1
43.4,-85.9,1
43.4,-85.9,1
43.4,-85.9,1
43.4,-85.9,1
43.4,-85.9,1
43.4,-85.9,1
43.4,-85.9,1
43.4,-85.9,1
43.4,-85.9,1
43.4,-85.9,1
43.4,-85.9,1
43.4,-85.9,1
43.4,-85.9,1
43.4,-85.9,1
43.4,-85.9,1
43.4,-85.9,1
43.4,-85.9,1
43.4,-85.9,1
43.4,-85.9,1
43.4,-85.9,1
43.4,-85.9,1
43.4,-85.9,1
43.4,-85.9,1
43.4,-85.9,1
43.4,-85.9,1
43.4,-85.9,1
43.4,-85.9,1
43.4,-85.9,1
43.4,-85.9,1
43.4,-85.9,1
43.4,-85.9,1
43.4,-85.9,1
43.4,-85.9,1
43.4,-85.9,1
43.4,-85.9,1
43.4,-85.9,1
43.4,-85.9,1
43.4,-85.9,1
43.4,-85.9,1
43.4,-85.9,1
43.4,-85.9,1
43.4,-85.9,1
43.4,-85.9,1
43.4,-85.9,1
43.4,-85.9,1
43.4,-85.9,1
43.4,-85.9,1
43.4,-85.9,1
43.4,-85.9,1
43.4,-85.9,1
43.4,-85.9,1
43.4,-85.9,1
43.4,-85.9,1
43.4,-85.9,1
43.4,-85.9,1
43.4,-85.9,1
43.4,-85.9,1
43.4,-85.9,1
43.4,-85.9,1
43.4,-85.9,1
43.4,-85.9,1
43.4,-85.9,1
43.4,-85.9,1
43.4,-85.9,1
43.4,-85.9,1
43.4,-85.9,1
43.4,-85.9,1
43.4,-85.9,1
43.4,-85.9,1
43.4,-85.9,1
43.4,-85.9,1
43.4,-85.9,1
43.4,-85.9,1
43.4,-85.9,1
43.4,-85.9,1
43.4,-85.9,1
43.4,-85.9,1
43.4,-85.9,1
43.4,-85.9,1
43.4,-85.9,1
43.4,-85.9,1
43.4,-85.9,1
43.4,-85.9,1
43.4,-85.9,1
43.4,-85.9,1
43.4,-85.9,1
43.4,-85.9,1
43.4,-85.9,1
43.4,-85.9,1
43.4,-85.9,1
43.4,-85.9,1
43.4,-85.9,1
43.4,-85.9,1
43.4,-85.9,1
43.4,-85.9,1
43.4,-85.9,1
43.4,-85.9,1
43.4,-85.9,1
43.4,-85.9,1
43.4,-85.9,1
43.4,-85.9,1
43.4,-85.9,1
43.4,-85.9,1
43.4,-85.9,1
43.4,-85.9,1
43.4,-85.9,1
43.4,-85.9,1
43.4,-85.9,1
43.4,-85.9,1
43.4,-85.9,1
43.4,-85.9,1
43.4,-85.9,1
43.4,-85.9,1
43.4,-85.9,1
43.4,-85.9,1
43.4,-85.9,1
43.4,-85.9,1
43.4,-85.9,1
43.4,-85.9,1
43.4,-85.9,1
43.4,-85.9,1
43.4,-85.9,1
43.4,-85.9,1
43.4,-85.9,1
43.4,-85.9,1
43.4,-85.9,1
43.4,-85.9,1
43.4,-85.9,1
43.4,-85.9,1
43.4,-85.9,1
43.4,-85.9,1
43.4,-85.9,1
43.4,-85.9,1
43.4,-85.9,1
43.4,-85.9,1
43.4,-85.9,1
43.4,-85.9,1
43.4,-85.9,1
43.4,-85.9,1
43.4,-85.9,1
43.4,-85.9,1
43.4,-85.9,1
43.4,-85.9,1
43.4,-85.9,1
43.4,-85.9,1
43.4,-85.9,1
43.4,-85.9,1
43.4,-85.9,1
43.4,-85.9,1
43.4,-85.9,1
43.4,-85.9,1
43.4,-85.9,1
43.4,-85.9,1
43.4,-85.9,1
43.4,-85.9,1
43.4,-85.9,1
43.4,-85.9,1
43.4,-85.9,1
43.4,-85.9,1
43.4,-85.9,1
43.4,-85.9,1
43.4,-85.9,1
43.4,-85.9,1
43.4,-85.9,1
43.4,-85.9,1
43.4,-85.9,1
43.4,-85.9,1
43.4,-85.9,1
43.4,-85.9,1
43.4,-85.9,1
43.4,-85.9,1
43.4,-85.9,1
43.4,-85.9,1
43.4,-85.9,1
43.4,-85.9,1
43.4,-85.9,1
43.4,-85.9,1
43.4,-85.9,1
43.4,-85.9,1
43.4,-85.9,1
43.4,-85.9,1
43.4,-85.9,1
43.4,-85.9,1
43.4,-85.9,1
43.4,-85.9,1
43.4,-85.9,1
43.4,-85.9,1
43.4,-85.9,1
43.4,-85.9,1
43.4,-85.9,1
43.4,-85.9,1
43.4,-85.9,1
43.4,-85.9,1
43.4,-85.9,1
43.4,-85.9,1
43.4,-85.9,1
43.4,-85.9,1
43.4,-85.9,1
43.4,-85.9,1
43.4,-85.9,1
43.4,-85.9,1
43.4,-85.9,1
43.4,-85.9,1
43.4,-85.9,1
43.4,-85.9,1
43.4,-85.9,1
43.4,-85.9,1
43.4,-85.9,1
43.4,-85.9,1
43.4,-85.9,1
43.4,-85.9,1
43.4,-85.9,1
43.4,-85.9,1
43.4,-85.9,1
43.4,-85.9,1
43.4,-85.9,1
43.4,-85.9,1
43.4,-85.9,1
43.4,-85.9,1
43.4,-85.9,1
43.4,-85.9,1
43.4,-85.9,1
43.4,-85.9,1
43.4,-85.9,1
43.4,-85.9,1
43.4,-85.9,1
43.4,-85.9,1
43.4,-85.9,1
43.4,-85.9,1
43.4,-85.9,1
43.4,-85.9,1
43.4,-85.9,1
43.4,-85.9,1
43.4,-85.9,1
43.4,-85.9,1
43.4,-85.9,1
43.4,-85.9,1
43.4,-85.9,1
43.4,-85.9,1
43.4,-85.9,1
43.4,-85.9,1
43.4,-85.9,1
43.4,-85.9,1
43.4,-85.9,1
43.4,-85.9,1
43.4,-85.9,1
43.4,-85.9,1
43.4,-85.9,1
43.4,-85.9,1
43.4,-85.9,1
43.4,-85.9,1
43.4,-85.9,1
43.4,-85.9,1
43.4,-85.9,1
43.4,-85.9,1
43.4,-85.9,1
43.4,-85.9,1
43.4,-85.9,1
43.4,-85.9,1
43.4,-85.9,1
43.4,-85.9,1
43.4,-85.9,1
43.4,-85.9,1
43.4,-85.9,1
43.4,-85.9,1
43.4,-85.9,1
43.4,-85.9,1
43.4,-85.9,1
43.4,-85.9,1
43.4,-85.9,1
43.4,-85.9,1
43.4,-85.9,1
43.4,-85.9,1
43.4,-85.9,1
43.4,-85.9,1
43.4,-85.9,1
43.4,-85.9,1
43.4,-85.9,1
43.4,-85.9,1
43.4,-85.9,1
43.4,-85.9,1
43.4,-85.9,1
43.4,-85.9,1
43.4,-85.9,1
43.4,-85.9,1
43.4,-85.9,1
43.4,-85.9,1
43.4,-85.9,1
43.4,-85.9,1
43.4,-85.9,1
43.4,-85.9,1
43.4,-85.9,1
43.4,-85.9,1
43.4,-85.9,1
43.4,-85.9,1
43.4,-85.9,1
43.4,-85.9,1
43.4,-85.9,1
43.4,-85.9,1
43.4,-85.9,1
43.4,-85.9,1
43.4,-85.9,1
43.4,-85.9,1
43.4,-85.9,1
43.4,-85.9,1
43.4,-85.9,1
43.4,-85.9,1
43.4,-85.9,1
43.4,-85.9,1
43.4,-85.9,1
43.4,-85.9,1
43.4,-85.9,1
43.4,-85.9,1
43.4,-85.9,1
43.4,-85.9,1
43.4,-85.9,1
43.4,-85.9,1
43.4,-85.9,1
43.4,-85.9,1
43.4,-85.9,1
43.4,-85.9,1
43.4,-85.9,1
43.4,-85.9,1
43.4,-85.9,1
43.4,-85.9,1
43.4,-85.9,1
43.4,-85.9,1
43.4,-85.9,1
43.4,-85.9,1
43.4,-85.9,1
43.4,-85.9,1
43.4,-85.9,1
43.4,-85.9,1
43.4,-85.9,1
43.4,-85.9,1
43.4,-85.9,1
43.4,-85.9,1
43.4,-85.9,1
43.4,-85.9,1
43.4,-85.9,1
43.4,-85.9,1
43.4,-85.9,1
43.4,-85.9,1
43.4,-85.9,1
43.4,-85.9,1
43.4,-85.9,1
43.4,-85.9,1
43.4,-85.9,1
43.4,-85.9,1
43.4,-85.9,1
43.4,-85.9,1
43.4,-85.9,1
43.4,-85.9,1
43.4,-85.9,1
43.4,-85.9,1
43.4,-85.9,1
43.4,-85.9,1
43.4,-85.9,1
43.4,-85.9,1
43.4,-85.9,1
43.4,-85.9,1
43.4,-85.9,1
43.4,-85.9,1
43.4,-85.9,1
43.4,-85.9,1
43.4,-85.9,1
43.4,-85.9,1
43.4,-85.9,1
43.4,-85.9,1
43.4,-85.9,1
43.4,-85.9,1
43.4,-85.9,1
43.4,-85.9,1
43.4,-85.9,1
43.4,-85.9,1
43.4,-85.9,1
43.4,-85.9,1
43.4,-85.9,1
43.4,-85.9,1
43.4,-85.9,1
43.4,-85.9,1
43.4,-85.9,1
43.4,-85.9,1
43.4,-85.9,1
43.4,-85.9,1
43.4,-85.9,1
43.4,-85.9,1
43.4,-85.9,1
43.4,-85.9,1
43.4,-85.9,1
43.4,-85.9,1
43.4,-85.9,1
43.4,-85.9,1
43.4,-85.9,1
43.4,-85.9,1
43.4,-85.9,1
43.4,-85.9,1
43.4,-85.9,1
43.4,-85.9,1
43.4,-85.9,1
43.4,-85.9,1
43.4,-85.9,1
43.4,-85.9,1
43.4,-85.9,1
43.4,-85.9,1
43.4,-85.9,1
43.4,-85.9,1
43.4,-85.9,1
43.4,-85.9,1
43.4,-85.9,1
43.4,-85.9,1
43.4,-85.9,1
43.4,-85.9,1
43.4,-85.9,1
43.4,-85.9,1
43.4,-85.9,1
43.4,-85.9,1
43.4,-85.9,1
43.4,-85.9,1
43.4,-85.9,1
43.4,-85.9,1
43.4,-85.9,1
43.4,-85.9,1
43.4,-85.9,1
43.4,-85.9,1
43.4,-85.9,1
43.4,-85.9,1
43.4,-85.9,1
43.4,-85.9,1
43.4,-85.9,1
43.4,-85.9,1
43.4,-85.9,1
43.4,-85.9,1
43.4,-85.9,1
43.4,-85.9,1
43.4,-85.9,1
43.4,-85.9,1
43.4,-85.9,1
43.4,-85.9,1
43.4,-85.9,1
43.4,-85.9,1
43.4,-85.9,1
43.4,-85.9,1
43.4,-85.9,1
43.4,-85.9,1
43.4,-85.9,1
43.4,-85.9,1
43.4,-85.9,1
43.4,-85.9,1
43.4,-85.9,1
43.4,-85.9,1
43.4,-85.9,1
43.4,-85.9,1
43.4,-85.9,1
43.4,-85.9,1
43.4,-85.9,1
43.4,-85.9,1
43.4,-85.9,1
43.4,-85.9,1
43.4,-85.9,1
43.4,-85.9,1
43.4,-85.9,1
43.4,-85.9,1
43.4,-85.9,1
43.4,-85.9,1
43.4,-85.9,1
43.4,-85.9,1
43.4,-85.9,1
43.4,-85.9,1
43.4,-85.9,1
43.4,-85.9,1
43.4,-85.9,1
43.4,-85.9,1
43.4,-85.9,1
43.4,-85.9,1
43.4,-85.9,1
43.4,-85.9,1
43.4,-85.9,1
43.4,-85.9,1
43.4,-85.9,1
43.4,-85.9,1
43.4,-85.9,1
43.4,-85.9,1
43.4,-85.9,1
43.4,-85.9,1
43.4,-85.9,1
43.4,-85.9,1
43.4,-85.9,1
43.4,-85.9,1
43.4,-85.9,1
43.4,-85.9,1
43.4,-85.9,1
43.4,-85.9,1
43.4,-85.9,1
43.4,-85.9,1
43.4,-85.9,1
43.4,-85.9,1
43.4,-85.9,1
43.4,-85.9,1
43.4,-85.9,1
43.4,-85.9,1
43.4,-85.9,1
43.4,-85.9,1
43.4,-85.9,1
43.4,-85.9,1
43.4,-85.9,1
43.4,-85.9,1
43.4,-85.9,1
43.4,-85.9,1
43.4,-85.9,1
43.4,-85.9,1
43.4,-85.9,1
43.4,-85.9,1
43.4,-85.9,1
43.4,-85.9,1
43.4,-85.9,1
43.4,-85.9,1
43.4,-85.9,1
43.4,-85.9,1
43.4,-85.9,1
43.4,-85.9,1
43.4,-85.9,1
43.4,-85.9,1
43.4,-85.9,1
43.4,-85.9,1
43.4,-85.9,1
43.4,-85.9,1
43.4,-85.9,1
43.4,-85.9,1
43.4,-85.9,1
43.4,-85.9,1
43.4,-85.9,1
43.4,-85.9,1
43.4,-85.9,1
43.4,-85.9,1
43.4,-85.9,1
43.4,-85.9,1
43.4,-85.9,1
43.4,-85.9,1
43.4,-85.9,1
43.4,-85.9,1
43.4,-85.9,1
43.4,-85.9,1
43.4,-85.9,1
43.4,-85.9,1
43.4,-85.9,1
43.4,-85.9,1
43.4,-85.9,1
43.4,-85.9,1
43.4,-85.9,1
43.4,-85.9,1
43.4,-85.9,1
43.4,-85.9,1
43.4,-85.9,1
43.4,-85.9,1
43.4,-85.9,1
43.4,-85.9,1
43.4,-85.9,1
43.4,-85.9,1
43.4,-85.9,1
43.4,-85.9,1
43.4,-85.9,1
43.4,-85.9,1
43.4,-85.9,1
43.4,-85.9,1
43.4,-85.9,1
43.4,-85.9,1
43.4,-85.9,1
43.4,-85.9,1
43.4,-85.9,1
43.4,-85.9,1
43.4,-85.9,1
43.4,-85.9,1
43.4,-85.9,1
43.4,-85.9,1
43.4,-85.9,1
43.4,-85.9,1
43.4,-85.9,1
43.4,-85.9,1
43.4,-85.9,1
43.4,-85.9,1
43.4,-85.9,1
43.4,-85.9,1
43.4,-85.9,1
43.4,-85.9,1
43.4,-85.9,1
43.4,-85.9,1
43.4,-85.9,1
43.4,-85.9,1
43.4,-85.9,1
43.4,-85.9,1
43.4,-85.9,1
43.4,-85.9,1
43.4,-85.9,1
43.4,-85.9,1
43.4,-85.9,1
43.4,-85.9,1
43.4,-85.9,1
43.4,-85.9,1
43.4,-85.9,1
43.4,-85.9,1
43.4,-85.9,1
43.4,-85.9,1
43.4,-85.9,1
43.4,-85.9,1
43.4,-85.9,1
43.4,-85.9,1
43.4,-85.9,1
43.4,-85.9,1
43.4,-85.9,1
43.4,-85.9,1
43.4,-85.9,1
43.4,-85.9,1
43.4,-85.9,1
43.4,-85.9,1
43.4,-85.9,1
43.4,-85.9,1
43.4,-85.9,1
43.4,-85.9,1
43.4,-85.9,1
43.4,-85.9,1
43.4,-85.9,1
43.4,-85.9,1
43.4,-85.9,1
43.4,-85.9,1
43.4,-85.9,1
43.4,-85.9,1
43.4,-85.9,1
43.4,-85.9,1
43.4,-85.9,1
43.4,-85.9,1
43.4,-85.9,1
43.4,-85.9,1
43.4,-85.9,1
43.4,-85.9,1
43.4,-85.9,1
43.4,-85.9,1
43.4,-85.9,1
43.4,-85.9,1
43.4,-85.9,1
43.4,-85.9,1
43.4,-85.9,1
43.4,-85.9,1
43.4,-85.9,1
43.4,-85.9,1
43.4,-85.9,1
43.4,-85.9,1
43.4,-85.9,1
43.4,-85.9,1
43.4,-85.9,1
43.4,-85.9,1
43.4,-85.9,1
43.4,-85.9,1
43.4,-85.9,1
43.4,-85.9,1
43.4,-85.9,1
43.4,-85.9,1
43.4,-85.9,1
43.4,-85.9,1
43.4,-85.9,1
43.4,-85.9,1
43.4,-85.9,1
43.4,-85.9,1
43.4,-85.9,1
43.4,-85.9,1
43.4,-85.9,1
43.4,-85.9,1
43.4,-85.9,1
43.4,-85.9,1
43.4,-85.9,1
43.4,-85.9,1
43.4,-85.9,1
43.4,-85.9,1
43.4,-85.9,1
43.4,-85.9,1
43.4,-85.9,1
43.4,-85.9,1
43.4,-85.9,1
43.4,-85.9,1
43.4,-85.9,1
43.4,-85.9,1
43.4,-85.9,1
43.4,-85.9,1
43.4,-85.9,1
43.4,-85.9,1
43.4,-85.9,1
43.4,-85.9,1
43.4,-85.9,1
43.4,-85.9,1
43.4,-85.9,1
43.4,-85.9,1
43.4,-85.9,1
43.4,-85.9,1
43.4,-85.9,1
43.4,-85.9,1
43.4,-85.9,1
43.4,-85.9,1
43.4,-85.9,1
43.4,-85.9,1
43.4,-85.9,1
43.4,-85.9,1
43.4,-85.9,1
43.4,-85.9,1
43.4,-85.9,1
43.4,-85.9,1
43.4,-85.9,1
43.4,-85.9,1
43.4,-85.9,1
43.4,-85.9,1
43.4,-85.9,1
43.4,-85.9,1
43.4,-85.9,1
43.4,-85.9,1
43.4,-85.9,1
43.4,-85.9,1
43.4,-85.9,1
43.4,-85.9,1
43.4,-85.9,1
43.4,-85.9,1
43.4,-85.9,1
43.4,-85.9,1
43.4,-85.9,1
43.4,-85.9,1
43.4,-85.9,1
43.4,-85.9,1
43.4,-85.9,1
43.4,-85.9,1
43.4,-85.9,1
43.4,-85.9,1
43.4,-85.9,1
43.4,-85.9,1
43.4,-85.9,1
43.4,-85.9,1
43.4,-85.9,1
43.4,-85.9,1
43.4,-85.9,1
43.4,-85.9,1
43.4,-85.9,1
43.4,-85.9,1
43.4,-85.9,1
43.4,-85.9,1
43.4,-85.9,1
43.4,-85.9,1
43.4,-85.9,1
43.4,-85.9,1
43.4,-85.9,1
43.4,-85.9,1
43.4,-85.9,1
43.4,-85.9,1
43.4,-85.9,1
43.4,-85.9,1
43.4,-85.9,1
43.4,-85.9,1
43.4,-85.9,1
43.4,-85.9,1
43.4,-85.9,1
43.4,-85.9,1
43.4,-85.9,1
43.4,-85.9,1
43.4,-85.9,1
43.4,-85.9,1
43.4,-85.9,1
43.4,-85.9,1
43.4,-85.9,1
43.4,-85.9,1
43.4,-85.9,1
43.4,-85.9,1
43.4,-85.9,1
43.4,-85.9,1
43.4,-85.9,1
43.4,-85.9,1
43.4,-85.9,1
43.4,-85.9,1
43.4,-85.9,1
43.4,-85.9,1
43.4,-85.9,1
43.4,-85.9,1
43.4,-85.9,1
43.4,-85.9,1
43.4,-85.9,1
43.4,-85.9,1
43.4,-85.9,1
43.4,-85.9,1
43.4,-85.9,1
43.4,-85.9,1
43.4,-85.9,1
43.4,-85.9,1
43.4,-85.9,1
43.4,-85.9,1
43.4,-85.9,1
43.4,-85.9,1
43.4,-85.9,1
43.4,-85.9,1
43.4,-85.9,1
43.4,-85.9,1
43.4,-85.9,1
43.4,-85.9,1
43.4,-85.9,1
43.4,-85.9,1
43.4,-85.9,1
43.4,-85.9,1
43.4,-85.9,1
43.4,-85.9,1
43.4,-85.9,1
43.4,-85.9,1
43.4,-85.9,1
43.4,-85.9,1
43.4,-85.9,1
43.4,-85.9,1
43.4,-85.9,1
43.4,-85.9,1
43.4,-85.9,1
43.4,-85.9,1
43.4,-85.9,1
43.4,-85.9,1
43.4,-85.9,1
43.4,-85.9,1
43.4,-85.9,1
43.4,-85.9,1
43.4,-85.9,1
43.4,-85.9,1
43.4,-85.9,1
43.4,-85.9,1
43.4,-85.9,1
43.4,-85.9,1
43.4,-85.9,1
43.4,-85.9,1
43.4,-85.9,1
43.4,-85.9,1
43.4,-85.9,1
43.4,-85.9,1
43.4,-85.9,1
43.4,-85.9,1
43.4,-85.9,1
43.4,-85.9,1
43.4,-85.9,1
43.4,-85.9,1
43.4,-85.9,1
43.4,-85.9,1
43.4,-85.9,1
43.4,-85.9,1
43.4,-85.9,1
43.4,-85.9,1
43.4,-85.9,1
43.4,-85.9,1
43.4,-85.9,1
43.4,-85.9,1
43.4,-85.9,1
43.4,-85.9,1
43.4,-85.9,1
43.4,-85.9,1
43.4,-85.9,1
43.4,-85.9,1
43.4,-85.9,1
43.4,-85.9,1
43.4,-85.9,1
43.4,-85.9,1
43.4,-85.9,1
43.4,-85.9,1
43.4,-85.9,1
43.4,-85.9,1
43.4,-85.9,1
43.4,-85.9,1
43.4,-85.9,1
43.4,-85.9,1
43.4,-85.9,1
43.4,-85.9,1
43.4,-85.9,1
43.4,-85.9,1
43.4,-85.9,1
43.4,-85.9,1
43.4,-85.9,1
43.4,-85.9,1
43.4,-85.9,1
43.4,-85.9,1
43.4,-85.9,1
43.4,-85.9,1
43.4,-85.9,1
43.4,-85.9,1
43.4,-85.9,1
43.4,-85.9,1
43.4,-85.9,1
43.4,-85.9,1
43.4,-85.9,1
43.4,-85.9,1
43.4,-85.9,1
43.4,-85.9,1
43.4,-85.9,1
43.4,-85.9,1
43.4,-85.9,1
43.4,-85.9,1
43.4,-85.9,1
43.4,-85.9,1
43.4,-85.9,1
43.4,-85.9,1
43.4,-85.9,1
43.4,-85.9,1
43.4,-85.9,1
43.4,-85.9,1
43.4,-85.9,1
43.4,-85.9,1
43.4,-85.9,1
43.4,-85.9,1
43.4,-85.9,1
43.4,-85.9,1
43.4,-85.9,1
43.4,-85.9,1
43.4,-85.9,1
43.4,-85.9,1
43.4,-85.9,1
43.4,-85.9,1
43.4,-85.9,1
43.4,-85.9,1
43.4,-85.9,1
43.4,-85.9,1
43.4,-85.9,1
43.4,-85.9,1
43.4,-85.9,1
43.4,-85.9,1
43.4,-85.9,1
43.4,-85.9,1
43.4,-85.9,1
43.4,-85.9,1
43.4,-85.9,1
43.4,-85.9,1
43.4,-85.9,1
43.4,-85.9,1
43.4,-85.9,1
43.4,-85.9,1
43.4,-85.9,1
43.4,-85.9,1
43.4,-85.9,1
43.4,-85.9,1
43.4,-85.9,1
43.4,-85.9,1
43.4,-85.9,1
43.4,-85.9,1
43.4,-85.9,1
43.4,-85.9,1
43.4,-85.9,1
43.4,-85.9,1
43.4,-85.9,1
43.4,-85.9,1
43.4,-85.9,1
43.4,-85.9,1
43.4,-85.9,1
43.4,-85.9,1
43.4,-85.9,1
43.4,-85.9,1
43.4,-85.9,1
43.4,-85.9,1
43.4,-85.9,1
43.4,-85.9,1
43.4,-85.9,1
43.4,-85.9,1
43.4,-85.9,1
43.4,-85.9,1
43.4,-85.9,1
43.4,-85.9,1
43.4,-85.9,1
43.4,-85.9,1
43.4,-85.9,1
43.4,-85.9,1
43.4,-85.9,1
43.4,-85.9,1
43.4,-85.9,1
43.4,-85.9,1
43.4,-85.9,1
43.4,-85.9,1
43.4,-85.9,1
43.4,-85.9,1
43.4,-85.9,1
43.4,-85.9,1
43.4,-85.9,1
43.4,-85.9,1
43.4,-85.9,1
43.4,-85.9,1
43.4,-85.9,1
43.4,-85.9,1
43.4,-85.9,1
43.4,-85.9,1
43.4,-85.9,1
43.4,-85.9,1
43.4,-85.9,1
43.4,-85.9,1
43.4,-85.9,1
43.4,-85.9,1
43.4,-85.9,1
43.4,-85.9,1
43.4,-85.9,1
43.4,-85.9,1
43.4,-85.9,1
43.4,-85.9,1
43.4,-85.9,1
43.4,-85.9,1
43.4,-85.9,1
43.4,-85.9,1
43.4,-85.9,1
43.4,-85.9,1
43.4,-85.9,1
43.4,-85.9,1
43.4,-85.9,1
43.4,-85.9,1
43.4,-85.9,1
43.4,-85.9,1
43.4,-85.9,1
43.4,-85.9,1
43.4,-85.9,1
43.4,-85.9,1
43.4,-85.9,1
43.4,-85.9,1
43.4,-85.9,1
43.4,-85.9,1
43.4,-85.9,1
43.4,-85.9,1
43.4,-85.9,1
43.4,-85.9,1
43.4,-85.9,1
43.4,-85.9,1
43.4,-85.9,1
43.4,-85.9,1
43.4,-85.9,1
43.4,-85.9,1
43.4,-85.9,1
43.4,-85.9,1
43.4,-85.9,1
43.4,-85.9,1
43.4,-85.9,1
43.4,-85.9,1
43.4,-85.9,1
43.4,-85.9,1
43.4,-85.9,1
43.4,-85.9,1
43.4,-85.9,1
43.4,-85.9,1
43.4,-85.9,1
43.4,-85.9,1
43.4,-85.9,1
43.4,-85.9,1
43.4,-85.9,1
43.4,-85.9,1
43.4,-85.9,1
43.4,-85.9,1
43.4,-85.9,1
43.4,-85.9,1
43.4,-85.9,1
43.4,-85.9,1
43.4,-85.9,1
43.4,-85.9,1
43.4,-85.9,1
43.4,-85.9,1
43.4,-85.9,1
43.4,-85.9,1
43.4,-85.9,1
43.4,-85.9,1
43.4,-85.9,1
43.4,-85.9,1
43.4,-85.9,1
43.4,-85.9,1
43.4,-85.9,1
43.4,-85.9,1
43.4,-85.9,1
43.4,-85.9,1
43.4,-85.9,1
43.4,-85.9,1
43.4,-85.9,1
43.4,-85.9,1
43.4,-85.9,1
43.4,-85.9,1
43.4,-85.9,1
43.4,-85.9,1
43.4,-85.9,1
43.4,-85.9,1
43.4,-85.9,1
43.4,-85.9,1
43.4,-85.9,1
43.4,-85.9,1
43.4,-85.9,1
43.4,-85.9,1
43.4,-85.9,1
43.4,-85.9,1
43.4,-85.9,1
43.4,-85.9,1
43.4,-85.9,1
43.4,-85.9,1
43.4,-85.9,1
43.4,-85.9,1
43.4,-85.9,1
43.4,-85.9,1
43.4,-85.9,1
43.4,-85.9,1
43.4,-85.9,1
43.4,-85.9,1
43.4,-85.9,1
43.4,-85.9,1
43.4,-85.9,1
43.4,-85.9,1
43.4,-85.9,1
43.4,-85.9,1
43.4,-85.9,1
43.4,-85.9,1
43.4,-85.9,1
43.4,-85.9,1
43.4,-85.9,1
43.4,-85.9,1
43.4,-85.9,1
43.4,-85.9,1
43.4,-85.9,1
43.4,-85.9,1
43.4,-85.9,1
43.4,-85.9,1
43.4,-85.9,1
43.4,-85.9,1
43.4,-85.9,1
43.4,-85.9,1
43.4,-85.9,1
43.4,-85.9,1
43.4,-85.9,1
43.4,-85.9,1
43.4,-85.9,1
43.4,-85.9,1
43.4,-85.9,1
43.4,-85.9,1
43.4,-85.9,1
43.4,-85.9,1
43.4,-85.9,1
43.4,-85.9,1
43.4,-85.9,1
43.4,-85.9,1
43.4,-85.9,1
43.4,-85.9,1
43.4,-85.9,1
43.4,-85.9,1
43.4,-85.9,1
43.4,-85.9,1
43.4,-85.9,1
43.4,-85.9,1
43.4,-85.9,1
43.4,-85.9,1
43.4,-85.9,1
43.4,-85.9,1
43.4,-85.9,1
43.4,-85.9,1
43.4,-85.9,1
43.4,-85.9,1
43.4,-85.9,1
43.4,-85.9,1
43.4,-85.9,1
43.4,-85.9,1
43.4,-85.9,1
43.4,-85.9,1
43.4,-85.9,1
43.4,-85.9,1
43.4,-85.9,1
43.4,-85.9,1
43.4,-85.9,1
43.4,-85.9,1
43.4,-85.9,1
43.4,-85.9,1
43.4,-85.9,1
43.4,-85.9,1
43.4,-85.9,1
43.4,-85.9,1
43.4,-85.9,1
43.4,-85.9,1
43.4,-85.9,1
43.4,-85.9,1
43.4,-85.9,1
43.4,-85.9,1
43.4,-85.9,1
43.4,-85.9,1
43.4,-85.9,1
43.4,-85.9,1
43.4,-85.9,1
43.4,-85.9,1
43.4,-85.9,1
43.4,-85.9,1
43.4,-85.9,1
43.4,-85.9,1
43.4,-85.9,1
43.4,-85.9,1
43.4,-85.9,1
43.4,-85.9,1
43.4,-85.9,1
43.4,-85.9,1
43.4,-85.9,1
43.4,-85.9,1
43.4,-85.9,1
43.4,-85.9,1
43.4,-85.9,1
43.4,-85.9,1
43.4,-85.9,1
43.4,-85.9,1
43.4,-85.9,1
43.4,-85.9,1
43.4,-85.9,1
43.4,-85.9,1
43.4,-85.9,1
43.4,-85.9,1
43.4,-85.9,1
43.4,-85.9,1
43.4,-85.9,1
43.4,-85.9,1
43.4,-85.9,1
43.4,-85.9,1
43.4,-85.9,1
43.4,-85.9,1
43.4,-85.9,1
43.4,-85.9,1
43.4,-85.9,1
43.4,-85.9,1
43.4,-85.9,1
43.4,-85.9,1
43.4,-85.9,1
43.4,-85.9,1
43.4,-85.9,1
43.4,-85.9,1
43.4,-85.9,1
43.4,-85.9,1
43.4,-85.9,1
43.4,-85.9,1
43.4,-85.9,1
43.4,-85.9,1
43.4,-85.9,1
43.4,-85.9,1
43.4,-85.9,1
43.4,-85.9,1
43.4,-85.9,1
43.4,-85.9,1
43.4,-85.9,1
43.4,-85.9,1
43.4,-85.9,1
43.4,-85.9,1
43.4,-85.9,1
43.4,-85.9,1
43.4,-85.9,1
43.4,-85.9,1
43.4,-85.9,1
43.4,-85.9,1
43.4,-85.9,1
43.4,-85.9,1
43.4,-85.9,1
43.4,-85.9,1
43.4,-85.9,1
43.4,-85.9,1
43.4,-85.9,1
43.4,-85.9,1
43.4,-85.9,1
43.4,-85.9,1
43.4,-85.9,1
43.4,-85.9,1
43.4,-85.9,1
43.4,-85.9,1
43.4,-85.9,1
43.4,-85.9,1
43.4,-85.9,1
43.4,-85.9,1
43.4,-85.9,1
43.4,-85.9,1
43.4,-85.9,1
43.4,-85.9,1
43.4,-85.9,1
43.4,-85.9,1
43.4,-85.9,1
43.4,-85.9,1
43.4,-85.9,1
43.4,-85.9,1
43.4,-85.9,1
43.4,-85.9,1
43.4,-85.9,1
43.4,-85.9,1
43.4,-85.9,1
43.4,-85.9,1
43.4,-85.9,1
43.4,-85.9,1
43.4,-85.9,1
43.4,-85.9,1
43.4,-85.9,1
43.4,-85.9,1
43.4,-85.9,1
43.4,-85.9,1
43.4,-85.9,1
43.4,-85.9,1
43.4,-85.9,1
43.4,-85.9,1
43.4,-85.9,1
43.4,-85.9,1
43.4,-85.9,1
43.4,-85.9,1
43.4,-85.9,1
43.4,-85.9,1
43.4,-85.9,1
43.4,-85.9,1
43.4,-85.9,1
43.4,-85.9,1
43.4,-85.9,1
43.4,-85.9,1
43.4,-85.9,1
43.4,-85.9,1
43.4,-85.9,1
43.4,-85.9,1
43.4,-85.9,1
43.4,-85.9,1
43.4,-85.9,1
43.4,-85.9,1
43.4,-85.9,1
43.4,-85.9,1
43.4,-85.9,1
43.4,-85.9,1
43.4,-85.9,1
43.4,-85.9,1
43.4,-85.9,1
43.4,-85.9,1
43.4,-85.9,1
43.4,-85.9,1
43.4,-85.9,1
43.4,-85.9,1
43.4,-85.9,1
43.4,-85.9,1
43.4,-85.9,1
43.4,-85.9,1
43.4,-85.9,1
43.4,-85.9,1
43.4,-85.9,1
43.4,-85.9,1
43.4,-85.9,1
43.4,-85.9,1
43.4,-85.9,1
43.4,-85.9,1
43.4,-85.9,1
43.4,-85.9,1
43.4,-85.9,1
43.4,-85.9,1
43.4,-85.9,1
43.4,-85.9,1
43.4,-85.9,1
43.4,-85.9,1
43.4,-85.9,1
43.4,-85.9,1
43.4,-85.9,1
43.4,-85.9,1
43.4,-85.9,1
43.4,-85.9,1
43.4,-85.9,1
43.4,-85.9,1
43.4,-85.9,1
43.4,-85.9,1
43.4,-85.9,1
43.4,-85.9,1
43.4,-85.9,1
43.4,-85.9,1
43.4,-85.9,1
43.4,-85.9,1
43.4,-85.9,1
43.4,-85.9,1
43.4,-85.9,1
43.4,-85.9,1
43.4,-85.9,1
43.4,-85.9,1
43.4,-85.9,1
43.4,-85.9,1
43.4,-85.9,1
43.4,-85.9,1
43.4,-85.9,1
43.4,-85.9,1
43.4,-85.9,1
43.4,-85.9,1
43.4,-85.9,1
43.4,-85.9,1
43.4,-85.9,1
43.4,-85.9,1
43.4,-85.9,1
43.4,-85.9,1
43.4,-85.9,1
43.4,-85.9,1
43.4,-85.9,1
43.4,-85.9,1
43.4,-85.9,1
43.4,-85.9,1
43.4,-85.9,1
43.4,-85.9,1
43.4,-85.9,1
43.4,-85.9,1
43.4,-85.9,1
43.4,-85.9,1
43.4,-85.9,1
43.4,-85.9,1
43.4,-85.9,1
43.4,-85.9,1
43.4,-85.9,1
43.4,-85.9,1
43.4,-85.9,1
43.4,-85.9,1
43.4,-85.9,1
43.4,-85.9,1
43.4,-85.9,1
43.4,-85.9,1
43.4,-85.9,1
43.4,-85.9,1
43.4,-85.9,1
43.4,-85.9,1
43.4,-85.9,1
43.4,-85.9,1
43.4,-85.9,1
43.4,-85.9,1
43.4,-85.9,1
43.4,-85.9,1
43.4,-85.9,1
43.4,-85.9,1
43.4,-85.9,1
43.4,-85.9,1
43.4,-85.9,1
43.4,-85.9,1
43.4,-85.9,1
43.4,-85.9,1
43.4,-85.9,1
43.4,-85.9,1
43.4,-85.9,1
43.4,-85.9,1
43.4,-85.9,1
43.4,-85.9,1
43.4,-85.9,1
43.4,-85.9,1
43.4,-85.9,1
43.4,-85.9,1
43.4,-85.9,1
43.4,-85.9,1
43.4,-85.9,1
43.4,-85.9,1
43.4,-85.9,1
43.4,-85.9,1
43.4,-85.9,1
43.4,-85.9,1
43.4,-85.9,1
43.4,-85.9,1
43.4,-85.9,1
43.4,-85.9,1
43.4,-85.9,1
43.4,-85.9,1
43.4,-85.9,1
43.4,-85.9,1
43.4,-85.9,1
43.4,-85.9,1
43.4,-85.9,1
43.4,-85.9,1
43.4,-85.9,1
43.4,-85.9,1
43.4,-85.9,1
43.4,-85.9,1
43.4,-85.9,1
43.4,-85.9,1
43.4,-85.9,1
43.4,-85.9,1
43.4,-85.9,1
43.4,-85.9,1
43.4,-85.9,1
43.4,-85.9,1
43.4,-85.9,1
43.4,-85.9,1
43.4,-85.9,1
43.4,-85.9,1
43.4,-85.9,1
43.4,-85.9,1
43.4,-85.9,1
43.4,-85.9,1
43.4,-85.9,1
43.4,-85.9,1
43.4,-85.9,1
43.4,-85.9,1
43.4,-85.9,1
43.4,-85.9,1
43.4,-85.9,1
43.4,-85.9,1
43.4,-85.9,1
43.4,-85.9,1
43.4,-85.9,1
43.4,-85.9,1
43.4,-85.9,1
43.4,-85.9,1
43.4,-85.9,1
43.4,-85.9,1
43.4,-85.9,1
43.4,-85.9,1
43.4,-85.9,1
43.4,-85.9,1
43.4,-85.9,1
43.4,-85.9,1
43.4,-85.9,1
43.4,-85.9,1
43.4,-85.9,1
43.4,-85.9,1
43.4,-85.9,1
43.4,-85.9,1
43.4,-85.9,1
43.4,-85.9,1
43.4,-85.9,1
43.4,-85.9,1
43.4,-85.9,1
43.4,-85.9,1
43.4,-85.9,1
43.4,-85.9,1
43.4,-85.9,1
43.4,-85.9,1
43.4,-85.9,1
43.4,-85.9,1
43.4,-85.9,1
43.4,-85.9,1
43.4,-85.9,1
43.4,-85.9,1
43.4,-85.9,1
43.4,-85.9,1
43.4,-85.9,1
43.4,-85.9,1
43.4,-85.9,1
43.4,-85.9,1
43.4,-85.9,1
43.4,-85.9,1
43.4,-85.9,1
43.4,-85.9,1
43.4,-85.9,1
43.4,-85.9,1
43.4,-85.9,1
43.4,-85.9,1
43.4,-85.9,1
43.4,-85.9,1
43.4,-85.9,1
43.4,-85.9,1
43.4,-85.9,1
43.4,-85.9,1
43.4,-85.9,1
43.4,-85.9,1
43.4,-85.9,1
43.4,-85.9,1
43.4,-85.9,1
43.4,-85.9,1
43.4,-85.9,1
43.4,-85.9,1
43.4,-85.9,1
43.4,-85.9,1
43.4,-85.9,1
43.4,-85.9,1
43.4,-85.9,1
43.4,-85.9,1
43.4,-85.9,1
43.4,-85.9,1
43.4,-85.9,1
43.4,-85.9,1
43.4,-85.9,1
43.4,-85.9,1
43.4,-85.9,1
43.4,-85.9,1
43.4,-85.9,1
43.4,-85.9,1
43.4,-85.9,1
43.4,-85.9,1
43.4,-85.9,1
43.4,-85.9,1
43.4,-85.9,1
43.4,-85.9,1
43.4,-85.9,1
43.4,-85.9,1
43.4,-85.9,1
43.4,-85.9,1
43.4,-85.9,1
43.4,-85.9,1
43.4,-85.9,1
43.4,-85.9,1
43.4,-85.9,1
43.4,-85.9,1
43.4,-85.9,1
43.4,-85.9,1
43.4,-85.9,1
43.4,-85.9,1
43.4,-85.9,1
43.4,-85.9,1
43.4,-85.9,1
43.4,-85.9,1
43.4,-85.9,1
43.4,-85.9,1
43.4,-85.9,1
43.4,-85.9,1
43.4,-85.9,1
43.4,-85.9,1
43.4,-85.9,1
43.4,-85.9,1
43.4,-85.9,1
43.4,-85.9,1
43.4,-85.9,1
43.4,-85.9,1
43.4,-85.9,1
43.4,-85.9,1
43.4,-85.9,1
43.4,-85.9,1
43.4,-85.9,1
43.4,-85.9,1
43.4,-85.9,1
43.4,-85.9,1
43.4,-85.9,1
43.4,-85.9,1
43.4,-85.9,1
43.4,-85.9,1
43.4,-85.9,1
43.4,-85.9,1
43.4,-85.9,1
43.4,-85.9,1
43.4,-85.9,1
43.4,-85.9,1
43.4,-85.9,1
43.4,-85.9,1
43.4,-85.9,1
43.4,-85.9,1
43.4,-85.9,1
43.4,-85.9,1
43.4,-85.9,1
43.4,-85.9,1
43.4,-85.9,1
43.4,-85.9,1
43.4,-85.9,1
43.4,-85.9,1
43.4,-85.9,1
43.4,-85.9,1
43.4,-85.9,1
43.4,-85.9,1
43.4,-85.9,1
43.4,-85.9,1
43.4,-85.9,1
43.4,-85.9,1
43.4,-85.9,1
43.4,-85.9,1
43.4,-85.9,1
43.4,-85.9,1
43.4,-85.9,1
43.4,-85.9,1
43.4,-85.9,1
43.4,-85.9,1
43.4,-85.9,1
43.4,-85.9,1
43.4,-85.9,1
43.4,-85.9,1
43.4,-85.9,1
43.4,-85.9,1
43.4,-85.9,1
43.4,-85.9,1
43.4,-85.9,1
43.4,-85.9,1
43.4,-85.9,1
43.4,-85.9,1
43.4,-85.9,1
43.4,-85.9,1
43.4,-85.9,1
43.4,-85.9,1
43.4,-85.9,1
43.4,-85.9,1
43.4,-85.9,1
43.4,-85.9,1
43.4,-85.9,1
43.4,-85.9,1
43.4,-85.9,1
43.4,-85.9,1
43.4,-85.9,1
43.4,-85.9,1
43.4,-85.9,1
43.4,-85.9,1
43.4,-85.9,1
43.4,-85.9,1
43.4,-85.9,1
43.4,-85.9,1
43.4,-85.9,1
43.4,-85.9,1
43.4,-85.9,1
43.4,-85.9,1
43.4,-85.9,1
43.4,-85.9,1
43.4,-85.9,1
43.4,-85.9,1
43.4,-85.9,1
43.4,-85.9,1
43.4,-85.9,1
43.4,-85.9,1
43.4,-85.9,1
43.4,-85.9,1
43.4,-85.9,1
43.4,-85.9,1
43.4,-85.9,1
43.4,-85.9,1
43.4,-85.9,1
43.4,-85.9,1
43.4,-85.9,1
43.4,-85.9,1
43.4,-85.9,1
43.4,-85.9,1
43.4,-85.9,1
43.4,-85.9,1
43.4,-85.9,1
43.4,-85.9,1
43.4,-85.9,1
43.4,-85.9,1
43.4,-85.9,1
43.4,-85.9,1
43.4,-85.9,1
43.4,-85.9,1
43.4,-85.9,1
43.4,-85.9,1
43.4,-85.9,1
43.4,-85.9,1
43.4,-85.9,1
43.4,-85.9,1
43.4,-85.9,1
43.4,-85.9,1
43.4,-85.9,1
43.4,-85.9,1
43.4,-85.9,1
43.4,-85.9,1
43.4,-85.9,1
43.4,-85.9,1
43.4,-85.9,1
43.4,-85.9,1
43.4,-85.9,1
43.4,-85.9,1
43.4,-85.9,1
43.4,-85.9,1
43.4,-85.9,1
43.4,-85.9,1
43.4,-85.9,1
43.4,-85.9,1
43.4,-85.9,1
43.4,-85.9,1
43.4,-85.9,1
43.4,-85.9,1
43.4,-85.9,1
43.4,-85.9,1
43.4,-85.9,1
43.4,-85.9,1
43.4,-85.9,1
43.4,-85.9,1
43.4,-85.9,1
43.4,-85.9,1
43.4,-85.9,1
43.4,-85.9,1
43.4,-85.9,1
43.4,-85.9,1
43.4,-85.9,1
43.4,-85.9,1
43.4,-85.9,1
43.4,-85.9,1
43.4,-85.9,1
43.4,-85.9,1
43.4,-85.9,1
43.4,-85.9,1
43.4,-85.9,1
43.4,-85.9,1
43.4,-85.9,1
43.4,-85.9,1
43.4,-85.9,1
43.4,-85.9,1
43.4,-85.9,1
43.4,-85.9,1
43.4,-85.9,1
43.4,-85.9,1
43.4,-85.9,1
43.4,-85.9,1
43.4,-85.9,1
43.4,-85.9,1
43.4,-85.9,1
43.4,-85.9,1
43.4,-85.9,1
43.4,-85.9,1
43.4,-85.9,1
43.4,-85.9,1
43.4,-85.9,1
43.4,-85.9,1
43.4,-85.9,1
43.4,-85.9,1
43.4,-85.9,1
43.4,-85.9,1
43.4,-85.9,1
43.4,-85.9,1
43.4,-85.9,1
43.4,-85.9,1
43.4,-85.9,1
43.4,-85.9,1
43.4,-85.9,1
43.4,-85.9,1
43.4,-85.9,1
43.4,-85.9,1
43.4,-85.9,1
43.4,-85.9,1
43.4,-85.9,1
43.4,-85.9,1
43.4,-85.9,1
43.4,-85.9,1
43.4,-85.9,1
43.4,-85.9,1
43.4,-85.9,1
43.4,-85.9,1
43.4,-85.9,1
43.4,-85.9,1
43.4,-85.9,1
43.4,-85.9,1
43.4,-85.9,1
43.4,-85.9,1
43.4,-85.9,1
43.4,-85.9,1
43.4,-85.9,1
43.4,-85.9,1
43.4,-85.9,1
43.4,-85.9,1
43.4,-85.9,1
43.4,-85.9,1
43.4,-85.9,1
43.4,-85.9,1
43.4,-85.9,1
43.4,-85.9,1
43.4,-85.9,1
43.4,-85.9,1
43.4,-85.9,1
43.4,-85.9,1
43.4,-85.9,1
43.4,-85.9,1
43.4,-85.9,1
43.4,-85.9,1
43.4,-85.9,1
43.4,-85.9,1
43.4,-85.9,1
43.4,-85.9,1
43.4,-85.9,1
43.4,-85.9,1
43.4,-85.9,1
43.4,-85.9,1
43.4,-85.9,1
43.4,-85.9,1
43.4,-85.9,1
43.4,-85.9,1
43.4,-85.9,1
43.4,-85.9,1
43.4,-85.9,1
43.4,-85.9,1
43.4,-85.9,1
43.4,-85.9,1
43.4,-85.9,1
43.4,-85.9,1
43.4,-85.9,1
43.4,-85.9,1
43.4,-85.9,1
43.4,-85.9,1
43.4,-85.9,1
43.4,-85.9,1
43.4,-85.9,1
43.4,-85.9,1
43.4,-85.9,1
43.4,-85.9,1
43.4,-85.9,1
43.4,-85.9,1
43.4,-85.9,1
43.4,-85.9,1
43.4,-85.9,1
43.4,-85.9,1
43.4,-85.9,1
43.4,-85.9,1
43.4,-85.9,1
43.4,-85.9,1
43.4,-85.9,1
43.4,-85.9,1
43.4,-85.9,1
43.4,-85.9,1
43.4,-85.9,1
43.4,-85.9,1
43.4,-85.9,1
43.4,-85.9,1
43.4,-85.9,1
43.4,-85.9,1
43.4,-85.9,1
43.4,-85.9,1
43.4,-85.9,1
43.4,-85.9,1
43.4,-85.9,1
43.4,-85.9,1
43.4,-85.9,1
43.4,-85.9,1
43.4,-85.9,1
43.4,-85.9,1
43.4,-85.9,1
43.4,-85.9,1
43.4,-85.9,1
43.4,-85.9,1
43.4,-85.9,1
43.4,-85.9,1
43.4,-85.9,1
43.4,-85.9,1
43.4,-85.9,1
43.4,-85.9,1
43.4,-85.9,1
43.4,-85.9,1
43.4,-85.9,1
43.4,-85.9,1
43.4,-85.9,1
43.4,-85.9,1
43.4,-85.9,1
43.4,-85.9,1
43.4,-85.9,1
43.4,-85.9,1
43.4,-85.9,1
43.4,-85.9,1
43.4,-85.9,1
43.4,-85.9,1
43.4,-85.9,1
43.4,-85.9,1
43.4,-85.9,1
43.4,-85.9,1
43.4,-85.9,1
43.4,-85.9,1
43.4,-85.9,1
43.4,-85.9,1
43.4,-85.9,1
43.4,-85.9,1
43.4,-85.9,1
43.4,-85.9,1
43.4,-85.9,1
43.4,-85.9,1
43.4,-85.9,1
43.4,-85.9,1
43.4,-85.9,1
43.4,-85.9,1
43.4,-85.9,1
43.4,-85.9,1
43.4,-85.9,1
43.4,-85.9,1
43.4,-85.9,1
43.4,-85.9,1
43.4,-85.9,1
43.4,-85.9,1
43.4,-85.9,1
43.4,-85.9,1
43.4,-85.9,1
43.4,-85.9,1
43.4,-85.9,1
43.4,-85.9,1
43.4,-85.9,1
43.4,-85.9,1
43.4,-85.9,1
43.4,-85.9,1
43.4,-85.9,1
43.4,-85.9,1
43.4,-85.9,1
43.4,-85.9,1
43.4,-85.9,1
43.4,-85.9,1
43.4,-85.9,1
43.4,-85.9,1
43.4,-85.9,1
43.4,-85.9,1
43.4,-85.9,1
43.4,-85.9,1
43.4,-85.9,1
43.4,-85.9,1
43.4,-85.9,1
43.4,-85.9,1
43.4,-85.9,1
43.4,-85.9,1
43.4,-85.9,1
43.4,-85.9,1
43.4,-85.9,1
43.4,-85.9,1
43.4,-85.9,1
43.4,-85.9,1
43.4,-85.9,1
43.4,-85.9,1
43.4,-85.9,1
43.4,-85.9,1
43.4,-85.9,1
43.4,-85.9,1
43.4,-85.9,1
43.4,-85.9,1
43.4,-85.9,1
43.4,-85.9,1
43.4,-85.9,1
43.4,-85.9,1
43.4,-85.9,1
43.4,-85.9,1
43.4,-85.9,1
43.4,-85.9,1
43.4,-85.9,1
43.4,-85.9,1
43.4,-85.9,1
43.4,-85.9,1
43.4,-85.9,1
43.4,-85.9,1
43.4,-85.9,1
43.4,-85.9,1
43.4,-85.9,1
43.4,-85.9,1
43.4,-85.9,1
43.4,-85.9,1
43.4,-85.9,1
43.4,-85.9,1
43.4,-85.9,1
43.4,-85.9,1
43.4,-85.9,1
43.4,-85.9,1
43.4,-85.9,1
43.4,-85.9,1
43.4,-85.9,1
43.4,-85.9,1
43.4,-85.9,1
43.4,-85.9,1
43.4,-85.9,1
43.4,-85.9,1
43.4,-85.9,1
43.4,-85.9,1
43.4,-85.9,1
43.4,-85.9,1
43.4,-85.9,1
43.4,-85.9,1
43.4,-85.9,1
43.4,-85.9,1
43.4,-85.9,1
43.4,-85.9,1
43.4,-85.9,1
43.4,-85.9,1
43.4,-85.9,1
43.4,-85.9,1
43.4,-85.9,1
43.4,-85.9,1
43.4,-85.9,1
43.4,-85.9,1
43.4,-85.9,1
43.4,-85.9,1
43.4,-85.9,1
43.4,-85.9,1
43.4,-85.9,1
43.4,-85.9,1
43.4,-85.9,1
43.4,-85.9,1
43.4,-85.9,1
43.4,-85.9,1
43.4,-85.9,1
43.4,-85.9,1
43.4,-85.9,1
43.4,-85.9,1
43.4,-85.9,1
43.4,-85.9,1
43.4,-85.9,1
43.4,-85.9,1
43.4,-85.9,1
43.4,-85.9,1
43.4,-85.9,1
43.4,-85.9,1
43.4,-85.9,1
43.4,-85.9,1
43.4,-85.9,1
43.4,-85.9,1
43.4,-85.9,1
43.4,-85.9,1
43.4,-85.9,1
43.4,-85.9,1
43.4,-85.9,1
43.4,-85.9,1
43.4,-85.9,1
43.4,-85.9,1
43.4,-85.9,1
43.4,-85.9,1
43.4,-85.9,1
43.4,-85.9,1
43.4,-85.9,1
43.4,-85.9,1
43.4,-85.9,1
43.4,-85.9,1
43.4,-85.9,1
43.4,-85.9,1
43.4,-85.9,1
43.4,-85.9,1
43.4,-85.9,1
43.4,-85.9,1
43.4,-85.9,1
43.4,-85.9,1
43.4,-85.9,1
43.4,-85.9,1
43.4,-85.9,1
43.4,-85.9,1
43.4,-85.9,1
43.4,-85.9,1
43.4,-85.9,1
43.4,-85.9,1
43.4,-85.9,1
43.4,-85.9,1
43.4,-85.9,1
43.4,-85.9,1
43.4,-85.9,1
43.4,-85.9,1
43.4,-85.9,1
43.4,-85.9,1
43.4,-85.9,1
43.4,-85.9,1
43.4,-85.9,1
43.4,-85.9,1
43.4,-85.9,1
43.4,-85.9,1
43.4,-85.9,1
43.4,-85.9,1
43.4,-85.9,1
43.4,-85.9,1
43.4,-85.9,1
43.4,-85.9,1
43.4,-85.9,1
43.4,-85.9,1
43.4,-85.9,1
43.4,-85.9,1
43.4,-85.9,1
43.4,-85.9,1
43.4,-85.9,1
43.4,-85.9,1
43.4,-85.9,1
43.4,-85.9,1
43.4,-85.9,1
43.4,-85.9,1
43.4,-85.9,1
43.4,-85.9,1
43.4,-85.9,1
43.4,-85.9,1
43.4,-85.9,1
43.4,-85.9,1
43.4,-85.9,1
43.4,-85.9,1
43.4,-85.9,1
43.4,-85.9,1
43.4,-85.9,1
43.4,-85.9,1
43.4,-85.9,1
43.4,-85.9,1
43.4,-85.9,1
43.4,-85.9,1
43.4,-85.9,1
43.4,-85.9,1
43.4,-85.9,1
43.4,-85.9,1
43.4,-85.9,1
43.4,-85.9,1
43.4,-85.9,1
43.4,-85.9,1
43.4,-85.9,1
43.4,-85.9,1
43.4,-85.9,1
43.4,-85.9,1
43.4,-85.9,1
43.4,-85.9,1
43.4,-85.9,1
43.4,-85.9,1
43.4,-85.9,1
43.4,-85.9,1
43.4,-85.9,1
43.4,-85.9,1
43.4,-85.9,1
43.4,-85.9,1
43.4,-85.9,1
43.4,-85.9,1
43.4,-85.9,1
43.4,-85.9,1
43.4,-85.9,1
43.4,-85.9,1
43.4,-85.9,1
43.4,-85.9,1
43.4,-85.9,1
43.4,-85.9,1
43.4,-85.9,1
43.4,-85.9,1
43.4,-85.9,1
43.4,-85.9,1
43.4,-85.9,1
43.4,-85.9,1
43.4,-85.9,1
43.4,-85.9,1
43.4,-85.9,1
43.4,-85.9,1
43.4,-85.9,1
43.4,-85.9,1
43.4,-85.9,1
43.4,-85.9,1
43.4,-85.9,1
43.4,-85.9,1
43.4,-85.9,1
43.4,-85.9,1
43.4,-85.9,1
43.4,-85.9,1
43.4,-85.9,1
43.4,-85.9,1
43.4,-85.9,1
43.4,-85.9,1
43.4,-85.9,1
43.4,-85.9,1
43.4,-85.9,1
43.4,-85.9,1
43.4,-85.9,1
43.4,-85.9,1
43.4,-85.9,1
43.4,-85.9,1
43.4,-85.9,1
43.4,-85.9,1
43.4,-85.9,1
43.4,-85.9,1
43.4,-85.9,1
43.4,-85.9,1
43.4,-85.9,1
43.4,-85.9,1
43.4,-85.9,1
43.4,-85.9,1
43.4,-85.9,1
43.4,-85.9,1
43.4,-85.9,1
43.4,-85.9,1
43.4,-85.9,1
43.4,-85.9,1
43.4,-85.9,1
43.4,-85.9,1
43.4,-85.9,1
43.4,-85.9,1
43.4,-85.9,1
43.4,-85.9,1
43.4,-85.9,1
43.4,-85.9,1
43.4,-85.9,1
43.4,-85.9,1
43.4,-85.9,1
43.4,-85.9,1
43.4,-85.9,1
43.4,-85.9,1
43.4,-85.9,1
43.4,-85.9,1
43.4,-85.9,1
43.4,-85.9,1
43.4,-85.9,1
43.4,-85.9,1
43.4,-85.9,1
43.4,-85.9,1
43.4,-85.9,1
43.4,-85.9,1
43.4,-85.9,1
43.4,-85.9,1
43.4,-85.9,1
43.4,-85.9,1
43.4,-85.9,1
43.4,-85.9,1
43.4,-85.9,1
43.4,-85.9,1
43.4,-85.9,1
43.4,-85.9,1
43.4,-85.9,1
43.4,-85.9,1
43.4,-85.9,1
43.4,-85.9,1
43.4,-85.9,1
43.4,-85.9,1
43.4,-85.9,1
43.4,-85.9,1
43.4,-85.9,1
43.4,-85.9,1
43.4,-85.9,1
43.4,-85.9,1
43.4,-85.9,1
43.4,-85.9,1
43.4,-85.9,1
43.4,-85.9,1
43.4,-85.9,1
43.4,-85.9,1
43.4,-85.9,1
43.4,-85.9,1
43.4,-85.9,1
43.4,-85.9,1
43.4,-85.9,1
43.4,-85.9,1
43.4,-85.9,1
43.4,-85.9,1
43.4,-85.9,1
43.4,-85.9,1
43.4,-85.9,1
43.4,-85.9,1
43.4,-85.9,1
43.4,-85.9,1
43.4,-85.9,1
43.4,-85.9,1
43.4,-85.9,1
43.4,-85.9,1
43.4,-85.9,1
43.4,-85.9,1
43.4,-85.9,1
43.4,-85.9,1
43.4,-85.9,1
43.4,-85.9,1
43.4,-85.9,1
43.4,-85.9,1
43.4,-85.9,1
43.4,-85.9,1
43.4,-85.9,1
43.4,-85.9,1
43.4,-85.9,1
43.4,-85.9,1
43.4,-85.9,1
43.4,-85.9,1
43.4,-85.9,1
43.4,-85.9,1
43.4,-85.9,1
43.4,-85.9,1
43.4,-85.9,1
43.4,-85.9,1
43.4,-85.9,1
43.4,-85.9,1
43.4,-85.9,1
43.4,-85.9,1
43.4,-85.9,1
43.4,-85.9,1
43.4,-85.9,1
43.4,-85.9,1
43.4,-85.9,1
43.4,-85.9,1
43.4,-85.9,1
43.4,-85.9,1
43.4,-85.9,1
43.4,-85.9,1
43.4,-85.9,1
43.4,-85.9,1
43.4,-85.9,1
43.4,-85.9,1
43.4,-85.9,1
43.4,-85.9,1
43.4,-85.9,1
43.4,-85.9,1
43.4,-85.9,1
43.4,-85.9,1
43.4,-85.9,1
43.4,-85.9,1
43.4,-85.9,1
43.4,-85.9,1
43.4,-85.9,1
43.4,-85.9,1
43.4,-85.9,1
43.4,-85.9,1
43.4,-85.9,1
43.4,-85.9,1
43.4,-85.9,1
43.4,-85.9,1
43.4,-85.9,1
43.4,-85.9,1
43.4,-85.9,1
43.4,-85.9,1
43.4,-85.9,1
43.4,-85.9,1
43.4,-85.9,1
43.4,-85.9,1
43.4,-85.9,1
43.4,-85.9,1
43.4,-85.9,1
43.4,-85.9,1
43.4,-85.9,1
43.4,-85.9,1
43.4,-85.9,1
43.4,-85.9,1
43.4,-85.9,1
43.4,-85.9,1
43.4,-85.9,1
43.4,-85.9,1
43.4,-85.9,1
43.4,-85.9,1
43.4,-85.9,1
43.4,-85.9,1
43.4,-85.9,1
43.4,-85.9,1
43.4,-85.9,1
43.4,-85.9,1
43.4,-85.9,1
43.4,-85.9,1
43.4,-85.9,1
43.4,-85.9,1
43.4,-85.9,1
43.4,-85.9,1
43.4,-85.9,1
43.4,-85.9,1
43.4,-85.9,1
43.4,-85.9,1
43.4,-85.9,1
43.4,-85.9,1
43.4,-85.9,1
43.4,-85.9,1
43.4,-85.9,1
43.4,-85.9,1
43.4,-85.9,1
43.4,-85.9,1
43.4,-85.9,1
43.4,-85.9,1
43.4,-85.9,1
43.4,-85.9,1
43.4,-85.9,1
43.4,-85.9,1
43.4,-85.9,1
43.4,-85.9,1
43.4,-85.9,1
43.4,-85.9,1
43.4,-85.9,1
43.4,-85.9,1
43.4,-85.9,1
43.4,-85.9,1
43.4,-85.9,1
43.4,-85.9,1
43.4,-85.9,1
43.4,-85.9,1
43.4,-85.9,1
43.4,-85.9,1
43.4,-85.9,1
43.4,-85.9,1
43.4,-85.9,1
43.4,-85.9,1
43.4,-85.9,1
43.4,-85.9,1
43.4,-85.9,1
43.4,-85.9,1
43.4,-85.9,1
43.4,-85.9,1
43.4,-85.9,1
43.4,-85.9,1
43.4,-85.9,1
43.4,-85.9,1
43.4,-85.9,1
43.4,-85.9,1
43.4,-85.9,1
43.4,-85.9,1
43.4,-85.9,1
43.4,-85.9,1
43.4,-85.9,1
43.4,-85.9,1
43.4,-85.9,1
43.4,-85.9,1
43.4,-85.9,1
43.4,-85.9,1
43.4,-85.9,1
43.4,-85.9,1
43.4,-85.9,1
43.4,-85.9,1
43.4,-85.9,1
43.4,-85.9,1
43.4,-85.9,1
43.4,-85.9,1
43.4,-85.9,1
43.4,-85.9,1
43.4,-85.9,1
43.4,-85.9,1
43.4,-85.9,1
43.4,-85.9,1
43.4,-85.9,1
43.4,-85.9,1
43.4,-85.9,1
43.4,-85.9,1
43.4,-85.9,1
43.4,-85.9,1
43.4,-85.9,1
43.4,-85.9,1
43.4,-85.9,1
43.4,-85.9,1
43.4,-85.9,1
43.4,-85.9,1
43.4,-85.9,1
43.4,-85.9,1
43.4,-85.9,1
43.4,-85.9,1
43.4,-85.9,1
43.4,-85.9,1
43.4,-85.9,1
43.4,-85.9,1
43.4,-85.9,1
43.4,-85.9,1
43.4,-85.9,1
43.4,-85.9,1
43.4,-85.9,1
43.4,-85.9,1
43.4,-85.9,1
43.4,-85.9,1
43.4,-85.9,1
43.4,-85.9,1
43.4,-85.9,1
43.4,-85.9,1
43.4,-85.9,1
43.4,-85.9,1
43.4,-85.9,1
43.4,-85.9,1
43.4,-85.9,1
43.4,-85.9,1
43.4,-85.9,1
43.4,-85.9,1
43.4,-85.9,1
43.4,-85.9,1
43.4,-85.9,1
43.4,-85.9,1
43.4,-85.9,1
43.4,-85.9,1
43.4,-85.9,1
43.4,-85.9,1
43.4,-85.9,1
43.4,-85.9,1
43.4,-85.9,1
43.4,-85.9,1
43.4,-85.9,1
43.4,-85.9,1
43.4,-85.9,1
43.4,-85.9,1
43.4,-85.9,1
43.4,-85.9,1
43.4,-85.9,1
43.4,-85.9,1
43.4,-85.9,1
43.4,-85.9,1
43.4,-85.9,1
43.4,-85.9,1
43.4,-85.9,1
43.4,-85.9,1
43.4,-85.9,1
43.4,-85.9,1
43.4,-85.9,1
43.4,-85.9,1
43.4,-85.9,1
43.4,-85.9,1
43.4,-85.9,1
43.4,-85.9,1
43.4,-85.9,1
43.4,-85.9,1
43.4,-85.9,1
43.4,-85.9,1
43.4,-85.9,1
43.4,-85.9,1
43.4,-85.9,1
43.4,-85.9,1
43.4,-85.9,1
43.4,-85.9,1
43.4,-85.9,1
43.4,-85.9,1
43.4,-85.9,1
43.4,-85.9,1
43.4,-85.9,1
43.4,-85.9,1
43.4,-85.9,1
43.4,-85.9,1
43.4,-85.9,1
43.4,-85.9,1
43.4,-85.9,1
43.4,-85.9,1
43.4,-85.9,1
43.4,-85.9,1
43.4,-85.9,1
43.4,-85.9,1
43.4,-85.9,1
43.4,-85.9,1
43.4,-85.9,1
43.4,-85.9,1
43.4,-85.9,1
43.4,-85.9,1
43.4,-85.9,1
43.4,-85.9,1
43.4,-85.9,1
43.4,-85.9,1
43.4,-85.9,1
43.4,-85.9,1
43.4,-85.9,1
43.4,-85.9,1
43.4,-85.9,1
43.4,-85.9,1
43.4,-85.9,1
43.4,-85.9,1
43.4,-85.9,1
43.4,-85.9,1
43.4,-85.9,1
43.4,-85.9,1
43.4,-85.9,1
43.4,-85.9,1
43.4,-85.9,1
43.4,-85.9,1
43.4,-85.9,1
43.4,-85.9,1
43.4,-85.9,1
43.4,-85.9,1
43.4,-85.9,1
43.4,-85.9,1
43.4,-85.9,1
43.4,-85.9,1
43.4,-85.9,1
43.4,-85.9,1
43.4,-85.9,1
43.4,-85.9,1
43.4,-85.9,1
43.4,-85.9,1
43.4,-85.9,1
43.4,-85.9,1
43.4,-85.9,1
43.4,-85.9,1
43.4,-85.9,1
43.4,-85.9,1
43.4,-85.9,1
43.4,-85.9,1
43.4,-85.9,1
43.4,-85.9,1
43.4,-85.9,1
43.4,-85.9,1
43.4,-85.9,1
43.4,-85.9,1
43.4,-85.9,1
43.4,-85.9,1
43.4,-85.9,1
43.4,-85.9,1
43.4,-85.9,1
43.4,-85.9,1
43.4,-85.9,1
43.4,-85.9,1
43.4,-85.9,1
43.4,-85.9,1
43.4,-85.9,1
43.4,-85.9,1
43.4,-85.9,1
43.4,-85.9,1
43.4,-85.9,1
43.4,-85.9,1
43.4,-85.9,1
43.4,-85.9,1
43.4,-85.9,1
43.4,-85.9,1
43.4,-85.9,1
43.4,-85.9,1
43.4,-85.9,1
43.4,-85.9,1
43.4,-85.9,1
43.4,-85.9,1
43.4,-85.9,1
43.4,-85.9,1
43.4,-85.9,1
43.4,-85.9,1
43.4,-85.9,1
43.4,-85.9,1
43.4,-85.9,1
43.4,-85.9,1
43.4,-85.9,1
43.4,-85.9,1
43.4,-85.9,1
43.4,-85.9,1
43.4,-85.9,1
43.4,-85.9,1
43.4,-85.9,1
43.4,-85.9,1
43.4,-85.9,1
43.4,-85.9,1
43.4,-85.9,1
43.4,-85.9,1
43.4,-85.9,1
43.4,-85.9,1
43.4,-85.9,1
43.4,-85.9,1
43.4,-85.9,1
43.4,-85.9,1
43.4,-85.9,1
43.4,-85.9,1
43.4,-85.9,1
43.4,-85.9,1
43.4,-85.9,1
43.4,-85.9,1
43.4,-85.9,1
43.4,-85.9,1
43.4,-85.9,1
43.4,-85.9,1
43.4,-85.9,1
43.4,-85.9,1
43.4,-85.9,1
43.4,-85.9,1
43.4,-85.9,1
43.4,-85.9,1
43.4,-85.9,1
43.4,-85.9,1
43.4,-85.9,1
43.4,-85.9,1
43.4,-85.9,1
43.4,-85.9,1
43.4,-85.9,1
43.4,-85.9,1
43.4,-85.9,1
43.4,-85.9,1
43.4,-85.9,1
43.4,-85.9,1
43.4,-85.9,1
43.4,-85.9,1
43.4,-85.9,1
43.4,-85.9,1
43.4,-85.9,1
43.4,-85.9,1
43.4,-85.9,1
43.4,-85.9,1
43.4,-85.9,1
43.4,-85.9,1
43.4,-85.9,1
43.4,-85.9,1
43.4,-85.9,1
43.4,-85.9,1
43.4,-85.9,1
43.4,-85.9,1
43.4,-85.9,1
43.4,-85.9,1
43.4,-85.9,1
43.4,-85.9,1
43.4,-85.9,1
43.4,-85.9,1
43.4,-85.9,1
43.4,-85.9,1
43.4,-85.9,1
43.4,-85.9,1
43.4,-85.9,1
43.4,-85.9,1
43.4,-85.9,1
43.4,-85.9,1
43.4,-85.9,1
43.4,-85.9,1
43.4,-85.9,1
43.4,-85.9,1
43.4,-85.9,1
43.4,-85.9,1
43.4,-85.9,1
43.4,-85.9,1
43.4,-85.9,1
43.4,-85.9,1
43.4,-85.9,1
43.4,-85.9,1
43.4,-85.9,1
43.4,-85.9,1
43.4,-85.9,1
43.4,-85.9,1
43.4,-85.9,1
43.4,-85.9,1
43.4,-85.9,1
43.4,-85.9,1
43.4,-85.9,1
43.4,-85.9,1
43.4,-85.9,1
43.4,-85.9,1
43.4,-85.9,1
43.4,-85.9,1
43.4,-85.9,1
43.4,-85.9,1
43.4,-85.9,1
43.4,-85.9,1
43.4,-85.9,1
43.4,-85.9,1
43.4,-85.9,1
43.4,-85.9,1
43.4,-85.9,1
43.4,-85.9,1
43.4,-85.9,1
43.4,-85.9,1
43.4,-85.9,1
43.4,-85.9,1
43.4,-85.9,1
43.4,-85.9,1
43.4,-85.9,1
43.4,-85.9,1
43.4,-85.9,1
43.4,-85.9,1
43.4,-85.9,1
43.4,-85.9,1
43.4,-85.9,1
43.4,-85.9,1
43.4,-85.9,1
43.4,-85.9,1
43.4,-85.9,1
43.4,-85.9,1
43.4,-85.9,1
43.4,-85.9,1
43.4,-85.9,1
43.4,-85.9,1
43.4,-85.9,1
43.4,-85.9,1
43.4,-85.9,1
43.4,-85.9,1
43.4,-85.9,1
43.4,-85.9,1
43.4,-85.9,1
43.4,-85.9,1
43.4,-85.9,1
43.4,-85.9,1
43.4,-85.9,1
43.4,-85.9,1
43.4,-85.9,1
43.4,-85.9,1
43.4,-85.9,1
43.4,-85.9,1
43.4,-85.9,1
43.4,-85.9,1
43.4,-85.9,1
43.4,-85.9,1
43.4,-85.9,1
43.4,-85.9,1
43.4,-85.9,1
43.4,-85.9,1
43.4,-85.9,1
43.4,-85.9,1
43.4,-85.9,1
43.4,-85.9,1
43.4,-85.9,1
43.4,-85.9,1
43.4,-85.9,1
43.4,-85.9,1
43.4,-85.9,1
43.4,-85.9,1
43.4,-85.9,1
43.4,-85.9,1
43.4,-85.9,1
43.4,-85.9,1
43.4,-85.9,1
43.4,-85.9,1
43.4,-85.9,1
43.4,-85.9,1
43.4,-85.9,1
43.4,-85.9,1
43.4,-85.9,1
43.4,-85.9,1
43.4,-85.9,1
43.4,-85.9,1
43.4,-85.9,1
43.4,-85.9,1
43.4,-85.9,1
43.4,-85.9,1
43.4,-85.9,1
43.4,-85.9,1
43.4,-85.9,1
43.4,-85.9,1
43.4,-85.9,1
43.4,-85.9,1
43.4,-85.9,1
43.4,-85.9,1
43.4,-85.9,1
43.4,-85.9,1
43.4,-85.9,1
43.4,-85.9,1
43.4,-85.9,1
43.4,-85.9,1
43.4,-85.9,1
43.4,-85.9,1
43.4,-85.9,1
43.4,-85.9,1
43.4,-85.9,1
43.4,-85.9,1
43.4,-85.9,1
43.4,-85.9,1
43.4,-85.9,1
43.4,-85.9,1
43.4,-85.9,1
43.4,-85.9,1
43.4,-85.9,1
43.4,-85.9,1
43.4,-85.9,1
43.4,-85.9,1
43.4,-85.9,1
43.4,-85.9,1
43.4,-85.9,1
43.4,-85.9,1
43.4,-85.9,1
43.4,-85.9,1
43.4,-85.9,1
43.4,-85.9,1
43.4,-85.9,1
43.4,-85.9,1
43.4,-85.9,1
43.4,-85.9,1
43.4,-85.9,1
43.4,-85.9,1
43.4,-85.9,1
43.4,-85.9,1
43.4,-85.9,1
43.4,-85.9,1
43.4,-85.9,1
43.4,-85.9,1
43.4,-85.9,1
43.4,-85.9,1
43.4,-85.9,1
43.4,-85.9,1
43.4,-85.9,1
43.4,-85.9,1
43.4,-85.9,1
43.4,-85.9,1
43.4,-85.9,1
43.4,-85.9,1
43.4,-85.9,1
43.4,-85.9,1
43.4,-85.9,1
43.4,-85.9,1
43.4,-85.9,1
43.4,-85.9,1
43.4,-85.9,1
43.4,-85.9,1
43.4,-85.9,1
43.4,-85.9,1
43.4,-85.9,1
43.4,-85.9,1
43.4,-85.9,1
43.4,-85.9,1
43.4,-85.9,1
43.4,-85.9,1
43.4,-85.9,1
43.4,-85.9,1
43.4,-85.9,1
43.4,-85.9,1
43.4,-85.9,1
43.4,-85.9,1
43.4,-85.9,1
43.4,-85.9,1
43.4,-85.9,1
43.4,-85.9,1
43.4,-85.9,1
43.4,-85.9,1
43.4,-85.9,1
43.4,-85.9,1
43.4,-85.9,1
43.4,-85.9,1
43.4,-85.9,1
43.4,-85.9,1
43.4,-85.9,1
43.4,-85.9,1
43.4,-85.9,1
43.4,-85.9,1
43.4,-85.9,1
43.4,-85.9,1
43.4,-85.9,1
43.4,-85.9,1
43.4,-85.9,1
43.4,-85.9,1
43.4,-85.9,1
43.4,-85.9,1
43.4,-85.9,1
43.4,-85.9,1
43.4,-85.9,1
43.4,-85.9,1
43.4,-85.9,1
43.4,-85.9,1
43.4,-85.9,1
43.4,-85.9,1
43.4,-85.9,1
43.4,-85.9,1
43.4,-85.9,1
43.4,-85.9,1
43.4,-85.9,1
43.4,-85.9,1
43.4,-85.9,1
43.4,-85.9,1
43.4,-85.9,1
43.4,-85.9,1
43.4,-85.9,1
43.4,-85.9,1
43.4,-85.9,1
43.4,-85.9,1
43.4,-85.9,1
43.4,-85.9,1
43.4,-85.9,1
43.4,-85.9,1
43.4,-85.9,1
43.4,-85.9,1
43.4,-85.9,1
43.4,-85.9,1
43.4,-85.9,1
43.4,-85.9,1
43.4,-85.9,1
43.4,-85.9,1
43.4,-85.9,1
43.4,-85.9,1
43.4,-85.9,1
43.4,-85.9,1
43.4,-85.9,1
43.4,-85.9,1
43.4,-85.9,1
43.4,-85.9,1
43.4,-85.9,1
43.4,-85.9,1
43.4,-85.9,1
43.4,-85.9,1
43.4,-85.9,1
43.4,-85.9,1
43.4,-85.9,1
43.4,-85.9,1
43.4,-85.9,1
43.4,-85.9,1
43.4,-85.9,1
43.4,-85.9,1
43.4,-85.9,1
43.4,-85.9,1
43.4,-85.9,1
43.4,-85.9,1
43.4,-85.9,1
43.4,-85.9,1
43.4,-85.9,1
43.4,-85.9,1
43.4,-85.9,1
43.4,-85.9,1
43.4,-85.9,1
43.4,-85.9,1
43.4,-85.9,1
43.4,-85.9,1
43.4,-85.9,1
43.4,-85.9,1
43.4,-85.9,1
43.4,-85.9,1
43.4,-85.9,1
43.4,-85.9,1
43.4,-85.9,1
43.4,-85.9,1
43.4,-85.9,1
43.4,-85.9,1
43.4,-85.9,1
43.4,-85.9,1
43.4,-85.9,1
43.4,-85.9,1
43.4,-85.9,1
43.4,-85.9,1
43.4,-85.9,1
43.4,-85.9,1
43.4,-85.9,1
43.4,-85.9,1
43.4,-85.9,1
43.4,-85.9,1
43.4,-85.9,1
43.4,-85.9,1
43.4,-85.9,1
43.4,-85.9,1
43.4,-85.9,1
43.4,-85.9,1
43.4,-85.9,1
43.4,-85.9,1
43.4,-85.9,1
43.4,-85.9,1
43.4,-85.9,1
43.4,-85.9,1
43.4,-85.9,1
43.4,-85.9,1
43.4,-85.9,1
43.4,-85.9,1
43.4,-85.9,1
43.4,-85.9,1
43.4,-85.9,1
43.4,-85.9,1
43.4,-85.9,1
43.4,-85.9,1
43.4,-85.9,1
43.4,-85.9,1
43.4,-85.9,1
43.4,-85.9,1
43.4,-85.9,1
43.4,-85.9,1
43.4,-85.9,1
43.4,-85.9,1
43.4,-85.9,1
43.4,-85.9,1
43.4,-85.9,1
43.4,-85.9,1
43.4,-85.9,1
43.4,-85.9,1
43.4,-85.9,1
43.4,-85.9,1
43.4,-85.9,1
43.4,-85.9,1
43.4,-85.9,1
43.4,-85.9,1
43.4,-85.9,1
43.4,-85.9,1
43.4,-85.9,1
43.4,-85.9,1
43.4,-85.9,1
43.4,-85.9,1
43.4,-85.9,1
43.4,-85.9,1
43.4,-85.9,1
43.4,-85.9,1
43.4,-85.9,1
43.4,-85.9,1
43.4,-85.9,1
43.4,-85.9,1
43.4,-85.9,1
43.4,-85.9,1
43.4,-85.9,1
43.4,-85.9,1
43.4,-85.9,1
43.4,-85.9,1
43.4,-85.9,1
43.4,-85.9,1
43.4,-85.9,1
43.4,-85.9,1
43.4,-85.9,1
43.4,-85.9,1
43.4,-85.9,1
43.4,-85.9,1
43.4,-85.9,1
43.4,-85.9,1
43.4,-85.9,1
43.4,-85.9,1
43.4,-85.9,1
43.4,-85.9,1
43.4,-85.9,1
43.4,-85.9,1
43.4,-85.9,1
43.4,-85.9,1
43.4,-85.9,1
43.4,-85.9,1
43.4,-85.9,1
43.4,-85.9,1
43.4,-85.9,1
43.4,-85.9,1
43.4,-85.9,1
43.4,-85.9,1
43.4,-85.9,1
43.4,-85.9,1
43.4,-85.9,1
43.4,-85.9,1
43.4,-85.9,1
43.4,-85.9,1
43.4,-85.9,1
43.4,-85.9,1
43.4,-85.9,1
43.4,-85.9,1
43.4,-85.9,1
43.4,-85.9,1
43.4,-85.9,1
43.4,-85.9,1
43.4,-85.9,1
43.4,-85.9,1
43.4,-85.9,1
43.4,-85.9,1
43.4,-85.9,1
43.4,-85.9,1
43.4,-85.9,1
43.4,-85.9,1
43.4,-85.9,1
43.4,-85.9,1
43.4,-85.9,1
43.4,-85.9,1
43.4,-85.9,1
43.4,-85.9,1
43.4,-85.9,1
43.4,-85.9,1
43.4,-85.9,1
43.4,-85.9,1
43.4,-85.9,1
43.4,-85.9,1
43.4,-85.9,1
43.4,-85.9,1
43.4,-85.9,1
43.4,-85.9,1
43.4,-85.9,1
43.4,-85.9,1
43.4,-85.9,1
43.4,-85.9,1
43.4,-85.9,1
43.4,-85.9,1
43.4,-85.9,1
43.4,-85.9,1
43.4,-85.9,1
43.4,-85.9,1
43.4,-85.9,1
43.4,-85.9,1
43.4,-85.9,1
43.4,-85.9,1
43.4,-85.9,1
43.4,-85.9,1
43.4,-85.9,1
43.4,-85.9,1
43.4,-85.9,1
43.4,-85.9,1
43.4,-85.9,1
43.4,-85.9,1
43.4,-85.9,1
43.4,-85.9,1
43.4,-85.9,1
43.4,-85.9,1
43.4,-85.9,1
43.4,-85.9,1
43.4,-85.9,1
43.4,-85.9,1
43.4,-85.9,1
43.4,-85.9,1
43.4,-85.9,1
43.4,-85.9,1
43.4,-85.9,1
43.4,-85.9,1
43.4,-85.9,1
43.4,-85.9,1
43.4,-85.9,1
43.4,-85.9,1
43.4,-85.9,1
43.4,-85.9,1
43.4,-85.9,1
43.4,-85.9,1
43.4,-85.9,1
43.4,-85.9,1
43.4,-85.9,1
43.4,-85.9,1
43.4,-85.9,1
43.4,-85.9,1
43.4,-85.9,1
43.4,-85.9,1
43.4,-85.9,1
43.4,-85.9,1
43.4,-85.9,1
43.4,-85.9,1
43.4,-85.9,1
43.4,-85.9,1
43.4,-85.9,1
43.4,-85.9,1
43.4,-85.9,1
43.4,-85.9,1
43.4,-85.9,1
43.4,-85.9,1
43.4,-85.9,1
43.4,-85.9,1
43.4,-85.9,1
43.4,-85.9,1
43.4,-85.9,1
43.4,-85.9,1
43.4,-85.9,1
43.4,-85.9,1
43.4,-85.9,1
43.4,-85.9,1
43.4,-85.9,1
43.4,-85.9,1
43.4,-85.9,1
43.4,-85.9,1
43.4,-85.9,1
43.4,-85.9,1
43.4,-85.9,1
43.4,-85.9,1
43.4,-85.9,1
43.4,-85.9,1
43.4,-85.9,1
43.4,-85.9,1
43.4,-85.9,1
43.4,-85.9,1
43.4,-85.9,1
43.4,-85.9,1
43.4,-85.9,1
43.4,-85.9,1
43.4,-85.9,1
43.4,-85.9,1
43.4,-85.9,1
43.4,-85.9,1
43.4,-85.9,1
43.4,-85.9,1
43.4,-85.9,1
43.4,-85.9,1
43.4,-85.9,1
43.4,-85.9,1
43.4,-85.9,1
43.4,-85.9,1
43.4,-85.9,1
43.4,-85.9,1
43.4,-85.9,1
43.4,-85.9,1
43.4,-85.9,1
43.4,-85.9,1
43.4,-85.9,1
43.4,-85.9,1
43.4,-85.9,1
43.4,-85.9,1
43.4,-85.9,1
43.4,-85.9,1
43.4,-85.9,1
43.4,-85.9,1
43.4,-85.9,1
43.4,-85.9,1
43.4,-85.9,1
43.4,-85.9,1
43.4,-85.9,1
43.4,-85.9,1
43.4,-85.9,1
43.4,-85.9,1
43.4,-85.9,1
43.4,-85.9,1
43.4,-85.9,1
43.4,-85.9,1
43.4,-85.9,1
43.4,-85.9,1
43.4,-85.9,1
43.4,-85.9,1
43.4,-85.9,1
43.4,-85.9,1
43.4,-85.9,1
43.4,-85.9,1
43.4,-85.9,1
43.4,-85.9,1
43.4,-85.9,1
43.4,-85.9,1
43.4,-85.9,1
43.4,-85.9,1
43.4,-85.9,1
43.4,-85.9,1
43.4,-85.9,1
43.4,-85.9,1
43.4,-85.9,1
43.4,-85.9,1
43.4,-85.9,1
43.4,-85.9,1
43.4,-85.9,1
43.4,-85.9,1
43.4,-85.9,1
43.4,-85.9,1
43.4,-85.9,1
43.4,-85.9,1
43.4,-85.9,1
43.4,-85.9,1
43.4,-85.9,1
43.4,-85.9,1
43.4,-85.9,1
43.4,-85.9,1
43.4,-85.9,1
43.4,-85.9,1
43.4,-85.9,1
43.4,-85.9,1
43.4,-85.9,1
43.4,-85.9,1
43.4,-85.9,1
43.4,-85.9,1
43.4,-85.9,1
43.4,-85.9,1
43.4,-85.9,1
43.4,-85.9,1
43.4,-85.9,1
43.4,-85.9,1
43.4,-85.9,1
43.4,-85.9,1
43.4,-85.9,1
43.4,-85.9,1
43.4,-85.9,1
43.4,-85.9,1
43.4,-85.9,1
43.4,-85.9,1
43.4,-85.9,1
43.4,-85.9,1
43.4,-85.9,1
43.4,-85.9,1
43.4,-85.9,1
43.4,-85.9,1
43.4,-85.9,1
43.4,-85.9,1
43.4,-85.9,1
43.4,-85.9,1
43.4,-85.9,1
43.4,-85.9,1
43.4,-85.9,1
43.4,-85.9,1
43.4,-85.9,1
43.4,-85.9,1
43.4,-85.9,1
43.4,-85.9,1
43.4,-85.9,1
43.4,-85.9,1
43.4,-85.9,1
43.4,-85.9,1
43.4,-85.9,1
43.4,-85.9,1
43.4,-85.9,1
43.4,-85.9,1
43.4,-85.9,1
43.4,-85.9,1
43.4,-85.9,1
43.4,-85.9,1
43.4,-85.9,1
43.4,-85.9,1
43.4,-85.9,1
43.4,-85.9,1
43.4,-85.9,1
43.4,-85.9,1
43.4,-85.9,1
43.4,-85.9,1
43.4,-85.9,1
43.4,-85.9,1
43.4,-85.9,1
43.4,-85.9,1
43.4,-85.9,1
43.4,-85.9,1
43.4,-85.9,1
43.4,-85.9,1
43.4,-85.9,1
43.4,-85.9,1
43.4,-85.9,1
43.4,-85.9,1
43.4,-85.9,1
43.4,-85.9,1
43.4,-85.9,1
43.4,-85.9,1
43.4,-85.9,1
43.4,-85.9,1
43.4,-85.9,1
43.4,-85.9,1
43.4,-85.9,1
43.4,-85.9,1
43.4,-85.9,1
43.4,-85.9,1
43.4,-85.9,1
43.4,-85.9,1
43.4,-85.9,1
43.4,-85.9,1
43.4,-85.9,1
43.4,-85.9,1
43.4,-85.9,1
43.4,-85.9,1
43.4,-85.9,1
43.4,-85.9,1
43.4,-85.9,1
43.4,-85.9,1
43.4,-85.9,1
43.4,-85.9,1
43.4,-85.9,1
43.4,-85.9,1
43.4,-85.9,1
43.4,-85.9,1
43.4,-85.9,1
43.4,-85.9,1
43.4,-85.9,1
43.4,-85.9,1
43.4,-85.9,1
43.4,-85.9,1
43.4,-85.9,1
43.4,-85.9,1
43.4,-85.9,1
43.4,-85.9,1
43.4,-85.9,1
43.4,-85.9,1
43.4,-85.9,1
43.4,-85.9,1
43.4,-85.9,1
43.4,-85.9,1
43.4,-85.9,1
43.4,-85.9,1
43.4,-85.9,1
43.4,-85.9,1
43.4,-85.9,1
43.4,-85.9,1
43.4,-85.9,1
43.4,-85.9,1
43.4,-85.9,1
43.4,-85.9,1
43.4,-85.9,1
43.4,-85.9,1
43.4,-85.9,1
43.4,-85.9,1
43.4,-85.9,1
43.4,-85.9,1
43.4,-85.9,1
43.4,-85.9,1
43.4,-85.9,1
43.4,-85.9,1
43.4,-85.9,1
43.4,-85.9,1
43.4,-85.9,1
43.4,-85.9,1
43.4,-85.9,1
43.4,-85.9,1
43.4,-85.9,1
43.4,-85.9,1
43.4,-85.9,1
43.4,-85.9,1
43.4,-85.9,1
43.4,-85.9,1
43.4,-85.9,1
43.4,-85.9,1
43.4,-85.9,1
43.4,-85.9,1
43.4,-85.9,1
43.4,-85.9,1
43.4,-85.9,1
43.4,-85.9,1
43.4,-85.9,1
43.4,-85.9,1
43.4,-85.9,1
43.4,-85.9,1
43.4,-85.9,1
43.4,-85.9,1
43.4,-85.9,1
43.4,-85.9,1
43.4,-85.9,1
43.4,-85.9,1
43.4,-85.9,1
43.4,-85.9,1
43.4,-85.9,1
43.4,-85.9,1
43.4,-85.9,1
43.4,-85.9,1
43.4,-85.9,1
43.4,-85.9,1
43.4,-85.9,1
43.4,-85.9,1
43.4,-85.9,1
43.4,-85.9,1
43.4,-85.9,1
43.4,-85.9,1
43.4,-85.9,1
43.4,-85.9,1
43.4,-85.9,1
43.4,-85.9,1
43.4,-85.9,1
43.4,-85.9,1
43.4,-85.9,1
43.4,-85.9,1
43.4,-85.9,1
43.4,-85.9,1
43.4,-85.9,1
43.4,-85.9,1
43.4,-85.9,1
43.4,-85.9,1
43.4,-85.9,1
43.4,-85.9,1
43.4,-85.9,1
43.4,-85.9,1
43.4,-85.9,1
43.4,-85.9,1
43.4,-85.9,1
43.4,-85.9,1
43.4,-85.9,1
43.4,-85.9,1
43.4,-85.9,1
43.4,-85.9,1
43.4,-85.9,1
43.4,-85.9,1
43.4,-85.9,1
43.4,-85.9,1
43.4,-85.9,1
43.4,-85.9,1
43.4,-85.9,1
43.4,-85.9,1
43.4,-85.9,1
43.4,-85.9,1
43.4,-85.9,1
43.4,-85.9,1
43.4,-85.9,1
43.4,-85.9,1
43.4,-85.9,1
43.4,-85.9,1
43.4,-85.9,1
43.4,-85.9,1
43.4,-85.9,1
43.4,-85.9,1
43.4,-85.9,1
43.4,-85.9,1
43.4,-85.9,1
43.4,-85.9,1
43.4,-85.9,1
43.4,-85.9,1
43.4,-85.9,1
43.4,-85.9,1
43.4,-85.9,1
43.4,-85.9,1
43.4,-85.9,1
43.4,-85.9,1
43.4,-85.9,1
43.4,-85.9,1
43.4,-85.9,1
43.4,-85.9,1
43.4,-85.9,1
43.4,-85.9,1
43.4,-85.9,1
43.4,-85.9,1
43.4,-85.9,1
43.4,-85.9,1
43.4,-85.9,1
43.4,-85.9,1
43.4,-85.9,1
43.4,-85.9,1
43.4,-85.9,1
43.4,-85.9,1
43.4,-85.9,1
43.4,-85.9,1
43.4,-85.9,1
43.4,-85.9,1
43.4,-85.9,1
43.4,-85.9,1
43.4,-85.9,1
43.4,-85.9,1
43.4,-85.9,1
43.4,-85.9,1
43.4,-85.9,1
43.4,-85.9,1
43.4,-85.9,1
43.4,-85.9,1
43.4,-85.9,1
43.4,-85.9,1
43.4,-85.9,1
43.4,-85.9,1
43.4,-85.9,1
43.4,-85.9,1
43.4,-85.9,1
43.4,-85.9,1
43.4,-85.9,1
43.4,-85.9,1
43.4,-85.9,1
43.4,-85.9,1
43.4,-85.9,1
43.4,-85.9,1
43.4,-85.9,1
43.4,-85.9,1
43.4,-85.9,1
43.4,-85.9,1
43.4,-85.9,1
43.4,-85.9,1
43.4,-85.9,1
43.4,-85.9,1
43.4,-85.9,1
43.4,-85.9,1
43.4,-85.9,1
43.4,-85.9,1
43.4,-85.9,1
43.4,-85.9,1
43.4,-85.9,1
43.4,-85.9,1
43.4,-85.9,1
43.4,-85.9,1
43.4,-85.9,1
43.4,-85.9,1
43.4,-85.9,1
43.4,-85.9,1
43.4,-85.9,1
43.4,-85.9,1
43.4,-85.9,1
43.4,-85.9,1
43.4,-85.9,1
43.4,-85.9,1
43.4,-85.9,1
43.4,-85.9,1
43.4,-85.9,1
43.4,-85.9,1
43.4,-85.9,1
43.4,-85.9,1
43.4,-85.9,1
43.4,-85.9,1
43.4,-85.9,1
43.4,-85.9,1
43.4,-85.9,1
43.4,-85.9,1
43.4,-85.9,1
43.4,-85.9,1
43.4,-85.9,1
43.4,-85.9,1
43.4,-85.9,1
43.4,-85.9,1
43.4,-85.9,1
43.4,-85.9,1
43.4,-85.9,1
43.4,-85.9,1
43.4,-85.9,1
43.4,-85.9,1
43.4,-85.9,1
43.4,-85.9,1
43.4,-85.9,1
43.4,-85.9,1
43.4,-85.9,1
43.4,-85.9,1
43.4,-85.9,1
43.4,-85.9,1
43.4,-85.9,1
43.4,-85.9,1
43.4,-85.9,1
43.4,-85.9,1
43.4,-85.9,1
43.4,-85.9,1
43.4,-85.9,1
43.4,-85.9,1
43.4,-85.9,1
43.4,-85.9,1
43.4,-85.9,1
43.4,-85.9,1
43.4,-85.9,1
43.4,-85.9,1
43.4,-85.9,1
43.4,-85.9,1
43.4,-85.9,1
43.4,-85.9,1
43.4,-85.9,1
43.4,-85.9,1
43.4,-85.9,1
43.4,-85.9,1
43.4,-85.9,1
43.4,-85.9,1
43.4,-85.9,1
43.4,-85.9,1
43.4,-85.9,1
43.4,-85.9,1
43.4,-85.9,1
43.4,-85.9,1
43.4,-85.9,1
43.4,-85.9,1
43.4,-85.9,1
43.4,-85.9,1
43.4,-85.9,1
43.4,-85.9,1
43.4,-85.9,1
43.4,-85.9,1
43.4,-85.9,1
43.4,-85.9,1
43.4,-85.9,1
43.4,-85.9,1
43.4,-85.9,1
43.4,-85.9,1
43.4,-85.9,1
43.4,-85.9,1
43.4,-85.9,1
43.4,-85.9,1
43.4,-85.9,1
43.4,-85.9,1
43.4,-85.9,1
43.4,-85.9,1
43.4,-85.9,1
43.4,-85.9,1
43.4,-85.9,1
43.4,-85.9,1
43.4,-85.9,1
43.4,-85.9,1
43.4,-85.9,1
43.4,-85.9,1
43.4,-85.9,1
43.4,-85.9,1
43.4,-85.9,1
43.4,-85.9,1
43.4,-85.9,1
43.4,-85.9,1
43.4,-85.9,1
43.4,-85.9,1
43.4,-85.9,1
43.4,-85.9,1
43.4,-85.9,1
43.4,-85.9,1
43.4,-85.9,1
43.4,-85.9,1
43.4,-85.9,1
43.4,-85.9,1
43.4,-85.9,1
43.4,-85.9,1
43.4,-85.9,1
43.4,-85.9,1
43.4,-85.9,1
43.4,-85.9,1
43.4,-85.9,1
43.4,-85.9,1
43.4,-85.9,1
43.4,-85.9,1
43.4,-85.9,1
43.4,-85.9,1
43.4,-85.9,1
43.4,-85.9,1
43.4,-85.9,1
43.4,-85.9,1
43.4,-85.9,1
43.4,-85.9,1
43.4,-85.9,1
43.4,-85.9,1
43.4,-85.9,1
43.4,-85.9,1
43.4,-85.9,1
43.4,-85.9,1
43.4,-85.9,1
43.4,-85.9,1
43.4,-85.9,1
43.4,-85.9,1
43.4,-85.9,1
43.4,-85.9,1
43.4,-85.9,1
43.4,-85.9,1
43.4,-85.9,1
43.4,-85.9,1
43.4,-85.9,1
43.4,-85.9,1
43.4,-85.9,1
43.4,-85.9,1
43.4,-85.9,1
43.4,-85.9,1
43.4,-85.9,1
43.4,-85.9,1
43.4,-85.9,1
43.4,-85.9,1
43.4,-85.9,1
43.4,-85.9,1
43.4,-85.9,1
43.4,-85.9,1
43.4,-85.9,1
43.4,-85.9,1
43.4,-85.9,1
43.4,-85.9,1
43.4,-85.9,1
43.4,-85.9,1
43.4,-85.9,1
43.4,-85.9,1
43.4,-85.9,1
43.4,-85.9,1
43.4,-85.9,1
43.4,-85.9,1
43.4,-85.9,1
43.4,-85.9,1
43.4,-85.9,1
43.4,-85.9,1
43.4,-85.9,1
43.4,-85.9,1
43.4,-85.9,1
43.4,-85.9,1
43.4,-85.9,1
43.4,-85.9,1
43.4,-85.9,1
43.4,-85.9,1
43.4,-85.9,1
43.4,-85.9,1
43.4,-85.9,1
43.4,-85.9,1
43.4,-85.9,1
43.4,-85.9,1
43.4,-85.9,1
43.4,-85.9,1
43.4,-85.9,1
43.4,-85.9,1
43.4,-85.9,1
43.4,-85.9,1
43.4,-85.9,1
43.4,-85.9,1
43.4,-85.9,1
43.4,-85.9,1
43.4,-85.9,1
43.4,-85.9,1
43.4,-85.9,1
43.4,-85.9,1
43.4,-85.9,1
43.4,-85.9,1
43.4,-85.9,1
43.4,-85.9,1
43.4,-85.9,1
43.4,-85.9,1
43.4,-85.9,1
43.4,-85.9,1
43.4,-85.9,1
43.4,-85.9,1
43.4,-85.9,1
43.4,-85.9,1
43.4,-85.9,1
43.4,-85.9,1
43.4,-85.9,1
43.4,-85.9,1
43.4,-85.9,1
43.4,-85.9,1
43.4,-85.9,1
43.4,-85.9,1
43.4,-85.9,1
43.4,-85.9,1
43.4,-85.9,1
43.4,-85.9,1
43.4,-85.9,1
43.4,-85.9,1
43.4,-85.9,1
43.4,-85.9,1
43.4,-85.9,1
43.4,-85.9,1
43.4,-85.9,1
43.4,-85.9,1
43.4,-85.9,1
43.4,-85.9,1
43.4,-85.9,1
43.4,-85.9,1
43.4,-85.9,1
43.4,-85.9,1
43.4,-85.9,1
43.4,-85.9,1
43.4,-85.9,1
43.4,-85.9,1
43.4,-85.9,1
43.4,-85.9,1
43.4,-85.9,1
43.4,-85.9,1
43.4,-85.9,1
43.4,-85.9,1
43.4,-85.9,1
43.4,-85.9,1
43.4,-85.9,1
43.4,-85.9,1
43.4,-85.9,1
43.4,-85.9,1
43.4,-85.9,1
43.4,-85.9,1
43.4,-85.9,1
43.4,-85.9,1
43.4,-85.9,1
43.4,-85.9,1
43.4,-85.9,1
43.4,-85.9,1
43.4,-85.9,1
43.4,-85.9,1
43.4,-85.9,1
43.4,-85.9,1
43.4,-85.9,1
43.4,-85.9,1
43.4,-85.9,1
43.4,-85.9,1
43.4,-85.9,1
43.4,-85.9,1
43.4,-85.9,1
43.4,-85.9,1
43.4,-85.9,1
43.4,-85.9,1
43.4,-85.9,1
43.4,-85.9,1
43.4,-85.9,1
43.4,-85.9,1
43.4,-85.9,1
43.4,-85.9,1
43.4,-85.9,1
43.4,-85.9,1
43.4,-85.9,1
43.4,-85.9,1
43.4,-85.9,1
43.4,-85.9,1
43.4,-85.9,1
43.4,-85.9,1
43.4,-85.9,1
43.4,-85.9,1
43.4,-85.9,1
43.4,-85.9,1
43.4,-85.9,1
43.4,-85.9,1
43.4,-85.9,1
43.4,-85.9,1
43.4,-85.9,1
43.4,-85.9,1
43.4,-85.9,1
43.4,-85.9,1
43.4,-85.9,1
43.4,-85.9,1
43.4,-85.9,1
43.4,-85.9,1
43.4,-85.9,1
43.4,-85.9,1
43.4,-85.9,1
43.4,-85.9,1
43.4,-85.9,1
43.4,-85.9,1
43.4,-85.9,1
43.4,-85.9,1
43.4,-85.9,1
43.4,-85.9,1
43.4,-85.9,1
43.4,-85.9,1
43.4,-85.9,1
43.4,-85.9,1
43.4,-85.9,1
43.4,-85.9,1
43.4,-85.9,1
43.4,-85.9,1
43.4,-85.9,1
43.4,-85.9,1
43.4,-85.9,1
43.4,-85.9,1
43.4,-85.9,1
43.4,-85.9,1
43.4,-85.9,1
43.4,-85.9,1
43.4,-85.9,1
43.4,-85.9,1
43.4,-85.9,1
43.4,-85.9,1
43.4,-85.9,1
43.4,-85.9,1
43.4,-85.9,1
43.4,-85.9,1
43.4,-85.9,1
43.4,-85.9,1
43.4,-85.9,1
43.4,-85.9,1
43.4,-85.9,1
43.4,-85.9,1
43.4,-85.9,1
43.4,-85.9,1
43.4,-85.9,1
43.4,-85.9,1
43.4,-85.9,1
43.4,-85.9,1
43.4,-85.9,1
43.4,-85.9,1
43.4,-85.9,1
43.4,-85.9,1
43.4,-85.9,1
43.4,-85.9,1
43.4,-85.9,1
43.4,-85.9,1
43.4,-85.9,1
43.4,-85.9,1
43.4,-85.9,1
43.4,-85.9,1
43.4,-85.9,1
43.4,-85.9,1
43.4,-85.9,1
43.4,-85.9,1
43.4,-85.9,1
43.4,-85.9,1
43.4,-85.9,1
43.4,-85.9,1
43.4,-85.9,1
43.4,-85.9,1
43.4,-85.9,1
43.4,-85.9,1
43.4,-85.9,1
43.4,-85.9,1
43.4,-85.9,1
43.4,-85.9,1
43.4,-85.9,1
43.4,-85.9,1
43.4,-85.9,1
43.4,-85.9,1
43.4,-85.9,1
43.4,-85.9,1
43.4,-85.9,1
43.4,-85.9,1
43.4,-85.9,1
43.4,-85.9,1
43.4,-85.9,1
43.4,-85.9,1
43.4,-85.9,1
43.4,-85.9,1
43.4,-85.9,1
43.4,-85.9,1
43.4,-85.9,1
43.4,-85.9,1
43.4,-85.9,1
43.4,-85.9,1
43.4,-85.9,1
43.4,-85.9,1
43.4,-85.9,1
43.4,-85.9,1
43.4,-85.9,1
43.4,-85.9,1
43.4,-85.9,1
43.4,-85.9,1
43.4,-85.9,1
43.4,-85.9,1
43.4,-85.9,1
43.4,-85.9,1
43.4,-85.9,1
43.4,-85.9,1
43.4,-85.9,1
43.4,-85.9,1
43.4,-85.9,1
43.4,-85.9,1
43.4,-85.9,1
43.4,-85.9,1
43.4,-85.9,1
43.4,-85.9,1
43.4,-85.9,1
43.4,-85.9,1
43.4,-85.9,1
43.4,-85.9,1
43.4,-85.9,1
43.4,-85.9,1
43.4,-85.9,1
43.4,-85.9,1
43.4,-85.9,1
43.4,-85.9,1
43.4,-85.9,1
43.4,-85.9,1
43.4,-85.9,1
43.4,-85.9,1
43.4,-85.9,1
43.4,-85.9,1
43.4,-85.9,1
43.4,-85.9,1
43.4,-85.9,1
43.4,-85.9,1
43.4,-85.9,1
43.4,-85.9,1
43.4,-85.9,1
43.4,-85.9,1
43.4,-85.9,1
43.4,-85.9,1
43.4,-85.9,1
43.4,-85.9,1
43.4,-85.9,1
43.4,-85.9,1
43.4,-85.9,1
43.4,-85.9,1
43.4,-85.9,1
43.4,-85.9,1
43.4,-85.9,1
43.4,-85.9,1
43.4,-85.9,1
43.4,-85.9,1
43.4,-85.9,1
43.4,-85.9,1
43.4,-85.9,1
43.4,-85.9,1
43.4,-85.9,1
43.4,-85.9,1
43.4,-85.9,1
43.4,-85.9,1
43.4,-85.9,1
43.4,-85.9,1
43.4,-85.9,1
43.4,-85.9,1
43.4,-85.9,1
43.4,-85.9,1
43.4,-85.9,1
43.4,-85.9,1
43.4,-85.9,1
43.4,-85.9,1
43.4,-85.9,1
43.4,-85.9,1
43.4,-85.9,1
43.4,-85.9,1
43.4,-85.9,1
43.4,-85.9,1
43.4,-85.9,1
43.4,-85.9,1
43.4,-85.9,1
43.4,-85.9,1
43.4,-85.9,1
43.4,-85.9,1
43.4,-85.9,1
43.4,-85.9,1
43.4,-85.9,1
43.4,-85.9,1
43.4,-85.9,1
43.4,-85.9,1
43.4,-85.9,1
43.4,-85.9,1
43.4,-85.9,1
43.4,-85.9,1
43.4,-85.9,1
43.4,-85.9,1
43.4,-85.9,1
43.4,-85.9,1
43.4,-85.9,1
43.4,-85.9,1
43.4,-85.9,1
43.4,-85.9,1
43.4,-85.9,1
43.4,-85.9,1
43.4,-85.9,1
43.4,-85.9,1
43.4,-85.9,1
43.4,-85.9,1
43.4,-85.9,1
43.4,-85.9,1
43.4,-85.9,1
43.4,-85.9,1
43.4,-85.9,1
43.4,-85.9,1
43.4,-85.9,1
43.4,-85.9,1
43.4,-85.9,1
43.4,-85.9,1
43.4,-85.9,1
43.4,-85.9,1
43.4,-85.9,1
43.4,-85.9,1
43.4,-85.9,1
43.4,-85.9,1
43.4,-85.9,1
43.4,-85.9,1
43.4,-85.9,1
43.4,-85.9,1
43.4,-85.9,1
43.4,-85.9,1
43.4,-85.9,1
43.4,-85.9,1
43.4,-85.9,1
43.4,-85.9,1
43.4,-85.9,1
43.4,-85.9,1
43.4,-85.9,1
43.4,-85.9,1
43.4,-85.9,1
43.4,-85.9,1
43.4,-85.9,1
43.4,-85.9,1
43.4,-85.9,1
43.4,-85.9,1
43.4,-85.9,1
43.4,-85.9,1
43.4,-85.9,1
43.4,-85.9,1
43.4,-85.9,1
43.4,-85.9,1
43.4,-85.9,1
43.4,-85.9,1
43.4,-85.9,1
43.4,-85.9,1
43.4,-85.9,1
43.4,-85.9,1
43.4,-85.9,1
43.4,-85.9,1
43.4,-85.9,1
43.4,-85.9,1
43.4,-85.9,1
43.4,-85.9,1
43.4,-85.9,1
43.4,-85.9,1
43.4,-85.9,1
43.4,-85.9,1
43.4,-85.9,1
43.4,-85.9,1
43.4,-85.9,1
43.4,-85.9,1
43.4,-85.9,1
43.4,-85.9,1
43.4,-85.9,1
43.4,-85.9,1
43.4,-85.9,1
43.4,-85.9,1
43.4,-85.9,1
43.4,-85.9,1
43.4,-85.9,1
43.4,-85.9,1
43.4,-85.9,1
43.4,-85.9,1
43.4,-85.9,1
43.4,-85.9,1
43.4,-85.9,1
43.4,-85.9,1
43.4,-85.9,1
43.4,-85.9,1
43.4,-85.9,1
43.4,-85.9,1
43.4,-85.9,1
43.4,-85.9,1
43.4,-85.9,1
43.4,-85.9,1
43.4,-85.9,1
43.4,-85.9,1
43.4,-85.9,1
43.4,-85.9,1
43.4,-85.9,1
43.4,-85.9,1
43.4,-85.9,1
43.4,-85.9,1
43.4,-85.9,1
43.4,-85.9,1
43.4,-85.9,1
43.4,-85.9,1
43.4,-85.9,1
43.4,-85.9,1
43.4,-85.9,1
43.4,-85.9,1
43.4,-85.9,1
43.4,-85.9,1
43.4,-85.9,1
43.4,-85.9,1
43.4,-85.9,1
43.4,-85.9,1
43.4,-85.9,1
43.4,-85.9,1
43.4,-85.9,1
43.4,-85.9,1
43.4,-85.9,1
43.4,-85.9,1
43.4,-85.9,1
43.4,-85.9,1
43.4,-85.9,1
43.4,-85.9,1
43.4,-85.9,1
43.4,-85.9,1
43.4,-85.9,1
43.4,-85.9,1
43.4,-85.9,1
43.4,-85.9,1
43.4,-85.9,1
43.4,-85.9,1
43.4,-85.9,1
43.4,-85.9,1
43.4,-85.9,1
43.4,-85.9,1
43.4,-85.9,1
43.4,-85.9,1
43.4,-85.9,1
43.4,-85.9,1
43.4,-85.9,1
43.4,-85.9,1
43.4,-85.9,1
43.4,-85.9,1
43.4,-85.9,1
43.4,-85.9,1
43.4,-85.9,1
43.4,-85.9,1
43.4,-85.9,1
43.4,-85.9,1
43.4,-85.9,1
43.4,-85.9,1
43.4,-85.9,1
43.4,-85.9,1
43.4,-85.9,1
43.4,-85.9,1
43.4,-85.9,1
43.4,-85.9,1
43.4,-85.9,1
43.4,-85.9,1
43.4,-85.9,1
43.4,-85.9,1
43.4,-85.9,1
43.4,-85.9,1
43.4,-85.9,1
43.4,-85.9,1
43.4,-85.9,1
43.4,-85.9,1
43.4,-85.9,1
43.4,-85.9,1
43.4,-85.9,1
43.4,-85.9,1
43.4,-85.9,1
43.4,-85.9,1
43.4,-85.9,1
43.4,-85.9,1
43.4,-85.9,1
43.4,-85.9,1
43.4,-85.9,1
43.4,-85.9,1
43.4,-85.9,1
43.4,-85.9,1
43.4,-85.9,1
43.4,-85.9,1
43.4,-85.9,1
43.4,-85.9,1
43.4,-85.9,1
43.4,-85.9,1
43.4,-85.9,1
43.4,-85.9,1
43.4,-85.9,1
43.4,-85.9,1
43.4,-85.9,1
43.4,-85.9,1
43.4,-85.9,1
43.4,-85.9,1
43.4,-85.9,1
43.4,-85.9,1
43.4,-85.9,1
43.4,-85.9,1
43.4,-85.9,1
43.4,-85.9,1
43.4,-85.9,1
43.4,-85.9,1
43.4,-85.9,1
43.4,-85.9,1
43.4,-85.9,1
43.4,-85.9,1
43.4,-85.9,1
43.4,-85.9,1
43.4,-85.9,1
43.4,-85.9,1
43.4,-85.9,1
43.4,-85.9,1
43.4,-85.9,1
43.4,-85.9,1
43.4,-85.9,1
43.4,-85.9,1
43.4,-85.9,1
43.4,-85.9,1
43.4,-85.9,1
43.4,-85.9,1
43.4,-85.9,1
43.4,-85.9,1
43.4,-85.9,1
43.4,-85.9,1
43.4,-85.9,1
43.4,-85.9,1
43.4,-85.9,1
43.4,-85.9,1
43.4,-85.9,1
43.4,-85.9,1
43.4,-85.9,1
43.4,-85.9,1
43.4,-85.9,1
43.4,-85.9,1
43.4,-85.9,1
43.4,-85.9,1
43.4,-85.9,1
43.4,-85.9,1
43.4,-85.9,1
43.4,-85.9,1
43.4,-85.9,1
43.4,-85.9,1
43.4,-85.9,1
43.4,-85.9,1
43.4,-85.9,1
43.4,-85.9,1
43.4,-85.9,1
43.4,-85.9,1
43.4,-85.9,1
43.4,-85.9,1
43.4,-85.9,1
43.4,-85.9,1
43.4,-85.9,1
43.4,-85.9,1
43.4,-85.9,1
43.4,-85.9,1
43.4,-85.9,1
43.4,-85.9,1
43.4,-85.9,1
43.4,-85.9,1
43.4,-85.9,1
43.4,-85.9,1
43.4,-85.9,1
43.4,-85.9,1
43.4,-85.9,1
43.4,-85.9,1
43.4,-85.9,1
43.4,-85.9,1
43.4,-85.9,1
43.4,-85.9,1
43.4,-85.9,1
43.4,-85.9,1
43.4,-85.9,1
43.4,-85.9,1
43.4,-85.9,1
43.4,-85.9,1
43.4,-85.9,1
43.4,-85.9,1
43.4,-85.9,1
43.4,-85.9,1
43.4,-85.9,1
43.4,-85.9,1
43.4,-85.9,1
43.4,-85.9,1
43.4,-85.9,1
43.4,-85.9,1
43.4,-85.9,1
43.4,-85.9,1
43.4,-85.9,1
43.4,-85.9,1
43.4,-85.9,1
43.4,-85.9,1
43.4,-85.9,1
43.4,-85.9,1
43.4,-85.9,1
43.4,-85.9,1
43.4,-85.9,1
43.4,-85.9,1
43.4,-85.9,1
43.4,-85.9,1
43.4,-85.9,1
43.4,-85.9,1
43.4,-85.9,1
43.4,-85.9,1
43.4,-85.9,1
43.4,-85.9,1
43.4,-85.9,1
43.4,-85.9,1
43.4,-85.9,1
43.4,-85.9,1
43.4,-85.9,1
43.4,-85.9,1
43.4,-85.9,1
43.4,-85.9,1
43.4,-85.9,1
43.4,-85.9,1
43.4,-85.9,1
43.4,-85.9,1
43.4,-85.9,1
43.4,-85.9,1
43.4,-85.9,1
43.4,-85.9,1
43.4,-85.9,1
43.4,-85.9,1
43.4,-85.9,1
43.4,-85.9,1
43.4,-85.9,1
43.4,-85.9,1
43.4,-85.9,1
43.4,-85.9,1
43.4,-85.9,1
43.4,-85.9,1
43.4,-85.9,1
43.4,-85.9,1
43.4,-85.9,1
43.4,-85.9,1
43.4,-85.9,1
43.4,-85.9,1
43.4,-85.9,1
43.4,-85.9,1
43.4,-85.9,1
43.4,-85.9,1
43.4,-85.9,1
43.4,-85.9,1
43.4,-85.9,1
43.4,-85.9,1
43.4,-85.9,1
43.4,-85.9,1
43.4,-85.9,1
43.4,-85.9,1
43.4,-85.9,1
43.4,-85.9,1
43.4,-85.9,1
43.4,-85.9,1
43.4,-85.9,1
43.4,-85.9,1
43.4,-85.9,1
43.4,-85.9,1
43.4,-85.9,1
43.4,-85.9,1
43.4,-85.9,1
43.4,-85.9,1
43.4,-85.9,1
43.4,-85.9,1
43.4,-85.9,1
43.4,-85.9,1
43.4,-85.9,1
43.4,-85.9,1
43.4,-85.9,1
43.4,-85.9,1
43.4,-85.9,1
43.4,-85.9,1
43.4,-85.9,1
43.4,-85.9,1
43.4,-85.9,1
43.4,-85.9,1
43.4,-85.9,1
43.4,-85.9,1
43.4,-85.9,1
43.4,-85.9,1
43.4,-85.9,1
43.4,-85.9,1
43.4,-85.9,1
43.4,-85.9,1
43.4,-85.9,1
43.4,-85.9,1
43.4,-85.9,1
43.4,-85.9,1
43.4,-85.9,1
43.4,-85.9,1
43.4,-85.9,1
43.4,-85.9,1
43.4,-85.9,1
43.4,-85.9,1
43.4,-85.9,1
43.4,-85.9,1
43.4,-85.9,1
43.4,-85.9,1
43.4,-85.9,1
43.4,-85.9,1
43.4,-85.9,1
43.4,-85.9,1
43.4,-85.9,1
43.4,-85.9,1
43.4,-85.9,1
43.4,-85.9,1
43.4,-85.9,1
43.4,-85.9,1
43.4,-85.9,1
43.4,-85.9,1
43.4,-85.9,1
43.4,-85.9,1
43.4,-85.9,1
43.4,-85.9,1
43.4,-85.9,1
43.4,-85.9,1
43.4,-85.9,1
43.4,-85.9,1
43.4,-85.9,1
43.4,-85.9,1
43.4,-85.9,1
43.4,-85.9,1
43.4,-85.9,1
43.4,-85.9,1
43.4,-85.9,1
43.4,-85.9,1
43.4,-85.9,1
43.4,-85.9,1
43.4,-85.9,1
43.4,-85.9,1
43.4,-85.9,1
43.4,-85.9,1
43.4,-85.9,1
43.4,-85.9,1
43.4,-85.9,1
43.4,-85.9,1
43.4,-85.9,1
43.4,-85.9,1
43.4,-85.9,1
43.4,-85.9,1
43.4,-85.9,1
43.4,-85.9,1
43.4,-85.9,1
43.4,-85.9,1
43.4,-85.9,1
43.4,-85.9,1
43.4,-85.9,1
43.4,-85.9,1
43.4,-85.9,1
43.4,-85.9,1
43.4,-85.9,1
43.4,-85.9,1
43.4,-85.9,1
43.4,-85.9,1
43.4,-85.9,1
43.4,-85.9,1
43.4,-85.9,1
43.4,-85.9,1
43.4,-85.9,1
43.4,-85.9,1
43.4,-85.9,1
43.4,-85.9,1
43.4,-85.9,1
43.4,-85.9,1
43.4,-85.9,1
43.4,-85.9,1
43.4,-85.9,1
43.4,-85.9,1
43.4,-85.9,1
43.4,-85.9,1
43.4,-85.9,1
43.4,-85.9,1
43.4,-85.9,1
43.4,-85.9,1
43.4,-85.9,1
43.4,-85.9,1
43.4,-85.9,1
43.4,-85.9,1
43.4,-85.9,1
43.4,-85.9,1
43.4,-85.9,1
43.4,-85.9,1
43.4,-85.9,1
43.4,-85.9,1
43.4,-85.9,1
43.4,-85.9,1
43.4,-85.9,1
43.4,-85.9,1
43.4,-85.9,1
43.4,-85.9,1
43.4,-85.9,1
43.4,-85.9,1
43.4,-85.9,1
43.4,-85.9,1
43.4,-85.9,1
43.4,-85.9,1
43.4,-85.9,1
43.4,-85.9,1
43.4,-85.9,1
43.4,-85.9,1
43.4,-85.9,1
43.4,-85.9,1
43.4,-85.9,1
43.4,-85.9,1
43.4,-85.9,1
43.4,-85.9,1
43.4,-85.9,1
43.4,-85.9,1
43.4,-85.9,1
43.4,-85.9,1
43.4,-85.9,1
43.4,-85.9,1
43.4,-85.9,1
43.4,-85.9,1
43.4,-85.9,1
43.4,-85.9,1
43.4,-85.9,1
43.4,-85.9,1
43.4,-85.9,1
43.4,-85.9,1
43.4,-85.9,1
43.4,-85.9,1
43.4,-85.9,1
43.4,-85.9,1
43.4,-85.9,1
43.4,-85.9,1
43.4,-85.9,1
43.4,-85.9,1
43.4,-85.9,1
43.4,-85.9,1
43.4,-85.9,1
43.4,-85.9,1
43.4,-85.9,1
43.4,-85.9,1
43.4,-85.9,1
43.4,-85.9,1
43.4,-85.9,1
43.4,-85.9,1
43.4,-85.9,1
43.4,-85.9,1
43.4,-85.9,1
43.4,-85.9,1
43.4,-85.9,1
43.4,-85.9,1
43.4,-85.9,1
43.4,-85.9,1
43.4,-85.9,1
43.4,-85.9,1
43.4,-85.9,1
43.4,-85.9,1
43.4,-85.9,1
43.4,-85.9,1
43.4,-85.9,1
43.4,-85.9,1
43.4,-85.9,1
43.4,-85.9,1
43.4,-85.9,1
43.4,-85.9,1
43.4,-85.9,1
43.4,-85.9,1
43.4,-85.9,1
43.4,-85.9,1
43.4,-85.9,1
43.4,-85.9,1
43.4,-85.9,1
43.4,-85.9,1
43.4,-85.9,1
43.4,-85.9,1
43.4,-85.9,1
43.4,-85.9,1
43.4,-85.9,1
43.4,-85.9,1
43.4,-85.9,1
43.4,-85.9,1
43.4,-85.9,1
43.4,-85.9,1
43.4,-85.9,1
43.4,-85.9,1
43.4,-85.9,1
43.4,-85.9,1
43.4,-85.9,1
43.4,-85.9,1
43.4,-85.9,1
43.4,-85.9,1
43.4,-85.9,1
43.4,-85.9,1
43.4,-85.9,1
43.4,-85.9,1
43.4,-85.9,1
43.4,-85.9,1
43.4,-85.9,1
43.4,-85.9,1
43.4,-85.9,1
43.4,-85.9,1
43.4,-85.9,1
43.4,-85.9,1
43.4,-85.9,1
43.4,-85.9,1
43.4,-85.9,1
43.4,-85.9,1
43.4,-85.9,1
43.4,-85.9,1
43.4,-85.9,1
43.4,-85.9,1
43.4,-85.9,1
43.4,-85.9,1
43.4,-85.9,1
43.4,-85.9,1
43.4,-85.9,1
43.4,-85.9,1
43.4,-85.9,1
43.4,-85.9,1
43.4,-85.9,1
43.4,-85.9,1
43.4,-85.9,1
43.4,-85.9,1
43.4,-85.9,1
43.4,-85.9,1
43.4,-85.9,1
43.4,-85.9,1
43.4,-85.9,1
43.4,-85.9,1
43.4,-85.9,1
43.4,-85.9,1
43.4,-85.9,1
43.4,-85.9,1
43.4,-85.9,1
43.4,-85.9,1
43.4,-85.9,1
43.4,-85.9,1
43.4,-85.9,1
43.4,-85.9,1
43.4,-85.9,1
43.4,-85.9,1
43.4,-85.9,1
43.4,-85.9,1
43.4,-85.9,1
43.4,-85.9,1
43.4,-85.9,1
43.4,-85.9,1
43.4,-85.9,1
43.4,-85.9,1
43.4,-85.9,1
43.4,-85.9,1
43.4,-85.9,1
43.4,-85.9,1
43.4,-85.9,1
43.4,-85.9,1
43.4,-85.9,1
43.4,-85.9,1
43.4,-85.9,1
43.4,-85.9,1
43.4,-85.9,1
43.4,-85.9,1
43.4,-85.9,1
43.4,-85.9,1
43.4,-85.9,1
43.4,-85.9,1
43.4,-85.9,1
43.4,-85.9,1
43.4,-85.9,1
43.4,-85.9,1
43.4,-85.9,1
43.4,-85.9,1
43.4,-85.9,1
43.4,-85.9,1
43.4,-85.9,1
43.4,-85.9,1
43.4,-85.9,1
43.4,-85.9,1
43.4,-85.9,1
43.4,-85.9,1
43.4,-85.9,1
43.4,-85.9,1
43.4,-85.9,1
43.4,-85.9,1
43.4,-85.9,1
43.4,-85.9,1
43.4,-85.9,1
43.4,-85.9,1
43.4,-85.9,1
43.4,-85.9,1
43.4,-85.9,1
43.4,-85.9,1
43.4,-85.9,1
43.4,-85.9,1
43.4,-85.9,1
43.4,-85.9,1
43.4,-85.9,1
43.4,-85.9,1
43.4,-85.9,1
43.4,-85.9,1
43.4,-85.9,1
43.4,-85.9,1
43.4,-85.9,1
43.4,-85.9,1
43.4,-85.9,1
43.4,-85.9,1
43.4,-85.9,1
43.4,-85.9,1
43.4,-85.9,1
43.4,-85.9,1
43.4,-85.9,1
43.4,-85.9,1
43.4,-85.9,1
43.4,-85.9,1
43.4,-85.9,1
43.4,-85.9,1
43.4,-85.9,1
43.4,-85.9,1
43.4,-85.9,1
43.4,-85.9,1
43.4,-85.9,1
43.4,-85.9,1
43.4,-85.9,1
43.4,-85.9,1
43.4,-85.9,1
43.4,-85.9,1
43.4,-85.9,1
43.4,-85.9,1
43.4,-85.9,1
43.4,-85.9,1
43.4,-85.9,1
43.4,-85.9,1
43.4,-85.9,1
43.4,-85.9,1
43.4,-85.9,1
43.4,-85.9,1
43.4,-85.9,1
43.4,-85.9,1
43.4,-85.9,1
43.4,-85.9,1
43.4,-85.9,1
43.4,-85.9,1
43.4,-85.9,1
43.4,-85.9,1
43.4,-85.9,1
43.4,-85.9,1
43.4,-85.9,1
43.4,-85.9,1
43.4,-85.9,1
43.4,-85.9,1
43.4,-85.9,1
43.4,-85.9,1
43.4,-85.9,1
43.4,-85.9,1
43.4,-85.9,1
43.4,-85.9,1
43.4,-85.9,1
43.4,-85.9,1
43.4,-85.9,1
43.4,-85.9,1
43.4,-85.9,1
43.4,-85.9,1
43.4,-85.9,1
43.4,-85.9,1
43.4,-85.9,1
43.4,-85.9,1
43.4,-85.9,1
43.4,-85.9,1
43.4,-85.9,1
43.4,-85.9,1
43.4,-85.9,1
43.4,-85.9,1
43.4,-85.9,1
43.4,-85.9,1
43.4,-85.9,1
43.4,-85.9,1
43.4,-85.9,1
43.4,-85.9,1
43.4,-85.9,1
43.4,-85.9,1
43.4,-85.9,1
43.4,-85.9,1
43.4,-85.9,1
43.4,-85.9,1
43.4,-85.9,1
43.4,-85.9,1
43.4,-85.9,1
43.4,-85.9,1
43.4,-85.9,1
43.4,-85.9,1
43.4,-85.9,1
43.4,-85.9,1
43.4,-85.9,1
43.4,-85.9,1
43.4,-85.9,1
43.4,-85.9,1
43.4,-85.9,1
43.4,-85.9,1
43.4,-85.9,1
43.4,-85.9,1
43.4,-85.9,1
43.4,-85.9,1
43.4,-85.9,1
43.4,-85.9,1
43.4,-85.9,1
43.4,-85.9,1
43.4,-85.9,1
43.4,-85.9,1
43.4,-85.9,1
43.4,-85.9,1
43.4,-85.9,1
43.4,-85.9,1
43.4,-85.9,1
43.4,-85.9,1
43.4,-85.9,1
43.4,-85.9,1
43.4,-85.9,1
43.4,-85.9,1
43.4,-85.9,1
43.4,-85.9,1
43.4,-85.9,1
43.4,-85.9,1
43.4,-85.9,1
43.4,-85.9,1
43.4,-85.9,1
43.4,-85.9,1
43.4,-85.9,1
43.4,-85.9,1
43.4,-85.9,1
43.4,-85.9,1
43.4,-85.9,1
43.4,-85.9,1
43.4,-85.9,1
43.4,-85.9,1
43.4,-85.9,1
43.4,-85.9,1
43.4,-85.9,1
43.4,-85.9,1
43.4,-85.9,1
43.4,-85.9,1
43.4,-85.9,1
43.4,-85.9,1
43.4,-85.9,1
43.4,-85.9,1
43.4,-85.9,1
43.4,-85.9,1
43.4,-85.9,1
43.4,-85.9,1
43.4,-85.9,1
43.4,-85.9,1
43.4,-85.9,1
43.4,-85.9,1
43.4,-85.9,1
43.4,-85.9,1
43.4,-85.9,1
43.4,-85.9,1
43.4,-85.9,1
43.4,-85.9,1
43.4,-85.9,1
43.4,-85.9,1
43.4,-85.9,1
43.4,-85.9,1
43.4,-85.9,1
43.4,-85.9,1
43.4,-85.9,1
43.4,-85.9,1
43.4,-85.9,1
43.4,-85.9,1
43.4,-85.9,1
43.4,-85.9,1
43.4,-85.9,1
43.4,-85.9,1
43.4,-85.9,1
43.4,-85.9,1
43.4,-85.9,1
43.4,-85.9,1
43.4,-85.9,1
43.4,-85.9,1
43.4,-85.9,1
43.4,-85.9,1
43.4,-85.9,1
43.4,-85.9,1
43.4,-85.9,1
43.4,-85.9,1
43.4,-85.9,1
43.4,-85.9,1
43.4,-85.9,1
43.4,-85.9,1
43.4,-85.9,1
43.4,-85.9,1
43.4,-85.9,1
43.4,-85.9,1
43.4,-85.9,1
43.4,-85.9,1
43.4,-85.9,1
43.4,-85.9,1
43.4,-85.9,1
43.4,-85.9,1
43.4,-85.9,1
43.4,-85.9,1
43.4,-85.9,1
43.4,-85.9,1
43.4,-85.9,1
43.4,-85.9,1
43.4,-85.9,1
43.4,-85.9,1
43.4,-85.9,1
43.4,-85.9,1
43.4,-85.9,1
43.4,-85.9,1
43.4,-85.9,1
43.4,-85.9,1
43.4,-85.9,1
43.4,-85.9,1
43.4,-85.9,1
43.4,-85.9,1
43.4,-85.9,1
43.4,-85.9,1
43.4,-85.9,1
43.4,-85.9,1
43.4,-85.9,1
43.4,-85.9,1
43.4,-85.9,1
43.4,-85.9,1
43.4,-85.9,1
43.4,-85.9,1
43.4,-85.9,1
43.4,-85.9,1
43.4,-85.9,1
43.4,-85.9,1
43.4,-85.9,1
43.4,-85.9,1
43.4,-85.9,1
43.4,-85.9,1
43.4,-85.9,1
43.4,-85.9,1
43.4,-85.9,1
43.4,-85.9,1
43.4,-85.9,1
43.4,-85.9,1
43.4,-85.9,1
43.4,-85.9,1
43.4,-85.9,1
43.4,-85.9,1
43.4,-85.9,1
43.4,-85.9,1
43.4,-85.9,1
43.4,-85.9,1
43.4,-85.9,1
43.4,-85.9,1
43.4,-85.9,1
43.4,-85.9,1
43.4,-85.9,1
43.4,-85.9,1
43.4,-85.9,1
43.4,-85.9,1
43.4,-85.9,1
43.4,-85.9,1
43.4,-85.9,1
43.4,-85.9,1
43.4,-85.9,1
43.4,-85.9,1
43.4,-85.9,1
43.4,-85.9,1
43.4,-85.9,1
43.4,-85.9,1
43.4,-85.9,1
43.4,-85.9,1
43.4,-85.9,1
43.4,-85.9,1
43.4,-85.9,1
43.4,-85.9,1
43.4,-85.9,1
43.4,-85.9,1
43.4,-85.9,1
43.4,-85.9,1
43.4,-85.9,1
43.4,-85.9,1
43.4,-85.9,1
43.4,-85.9,1
43.4,-85.9,1
43.4,-85.9,1
43.4,-85.9,1
43.4,-85.9,1
43.4,-85.9,1
43.4,-85.9,1
43.4,-85.9,1
43.4,-85.9,1
43.4,-85.9,1
43.4,-85.9,1
43.4,-85.9,1
43.4,-85.9,1
43.4,-85.9,1
43.4,-85.9,1
43.4,-85.9,1
43.4,-85.9,1
43.4,-85.9,1
43.4,-85.9,1
43.4,-85.9,1
43.4,-85.9,1
43.4,-85.9,1
43.4,-85.9,1
43.4,-85.9,1
43.4,-85.9,1
43.4,-85.9,1
43.4,-85.9,1
43.4,-85.9,1
43.4,-85.9,1
43.4,-85.9,1
43.4,-85.9,1
43.4,-85.9,1
43.4,-85.9,1
43.4,-85.9,1
43.4,-85.9,1
43.4,-85.9,1
43.4,-85.9,1
43.4,-85.9,1
43.4,-85.9,1
43.4,-85.9,1
43.4,-85.9,1
43.4,-85.9,1
43.4,-85.9,1
43.4,-85.9,1
43.4,-85.9,1
43.4,-85.9,1
43.4,-85.9,1
43.4,-85.9,1
43.4,-85.9,1
43.4,-85.9,1
43.4,-85.9,1
43.4,-85.9,1
43.4,-85.9,1
43.4,-85.9,1
43.4,-85.9,1
43.4,-85.9,1
43.4,-85.9,1
43.4,-85.9,1
43.4,-85.9,1
43.4,-85.9,1
43.4,-85.9,1
43.4,-85.9,1
43.4,-85.9,1
43.4,-85.9,1
43.4,-85.9,1
43.4,-85.9,1
43.4,-85.9,1
43.4,-85.9,1
43.4,-85.9,1
43.4,-85.9,1
43.4,-85.9,1
43.4,-85.9,1
43.4,-85.9,1
43.4,-85.9,1
43.4,-85.9,1
43.4,-85.9,1
43.4,-85.9,1
43.4,-85.9,1
43.4,-85.9,1
43.4,-85.9,1
43.4,-85.9,1
43.4,-85.9,1
43.4,-85.9,1
43.4,-85.9,1
43.4,-85.9,1
43.4,-85.9,1
43.4,-85.9,1
43.4,-85.9,1
43.4,-85.9,1
43.4,-85.9,1
43.4,-85.9,1
43.4,-85.9,1
43.4,-85.9,1
43.4,-85.9,1
43.4,-85.9,1
43.4,-85.9,1
43.4,-85.9,1
43.4,-85.9,1
43.4,-85.9,1
43.4,-85.9,1
43.4,-85.9,1
43.4,-85.9,1
43.4,-85.9,1
43.4,-85.9,1
43.4,-85.9,1
43.4,-85.9,1
43.4,-85.9,1
43.4,-85.9,1
43.4,-85.9,1
43.4,-85.9,1
43.4,-85.9,1
43.4,-85.9,1
43.4,-85.9,1
43.4,-85.9,1
43.4,-85.9,1
43.4,-85.9,1
43.4,-85.9,1
43.4,-85.9,1
43.4,-85.9,1
43.4,-85.9,1
43.4,-85.9,1
43.4,-85.9,1
43.4,-85.9,1
43.4,-85.9,1
43.4,-85.9,1
43.4,-85.9,1
43.4,-85.9,1
43.4,-85.9,1
43.4,-85.9,1
43.4,-85.9,1
43.4,-85.9,1
43.4,-85.9,1
43.4,-85.9,1
43.4,-85.9,1
43.4,-85.9,1
43.4,-85.9,1
43.4,-85.9,1
43.4,-85.9,1
43.4,-85.9,1
43.4,-85.9,1
43.4,-85.9,1
43.4,-85.9,1
43.4,-85.9,1
43.4,-85.9,1
43.4,-85.9,1
43.4,-85.9,1
43.4,-85.9,1
43.4,-85.9,1
43.4,-85.9,1
43.4,-85.9,1
43.4,-85.9,1
43.4,-85.9,1
43.4,-85.9,1
43.4,-85.9,1
43.4,-85.9,1
43.4,-85.9,1
43.4,-85.9,1
43.4,-85.9,1
43.4,-85.9,1
43.4,-85.9,1
43.4,-85.9,1
43.4,-85.9,1
43.4,-85.9,1
43.4,-85.9,1
43.4,-85.9,1
43.4,-85.9,1
43.4,-85.9,1
43.4,-85.9,1
43.4,-85.9,1
43.4,-85.9,1
43.4,-85.9,1
43.4,-85.9,1
43.4,-85.9,1
43.4,-85.9,1
43.4,-85.9,1
43.4,-85.9,1
43.4,-85.9,1
43.4,-85.9,1
43.4,-85.9,1
43.4,-85.9,1
43.4,-85.9,1
43.4,-85.9,1
43.4,-85.9,1
43.4,-85.9,1
43.4,-85.9,1
43.4,-85.9,1
43.4,-85.9,1
43.4,-85.9,1
43.4,-85.9,1
43.4,-85.9,1
43.4,-85.9,1
43.4,-85.9,1
43.4,-85.9,1
43.4,-85.9,1
43.4,-85.9,1
43.4,-85.9,1
43.4,-85.9,1
43.4,-85.9,1
43.4,-85.9,1
43.4,-85.9,1
43.4,-85.9,1
43.4,-85.9,1
43.4,-85.9,1
43.4,-85.9,1
43.4,-85.9,1
43.4,-85.9,1
43.4,-85.9,1
43.4,-85.9,1
43.4,-85.9,1
43.4,-85.9,1
43.4,-85.9,1
43.4,-85.9,1
43.4,-85.9,1
43.4,-85.9,1
43.4,-85.9,1
43.4,-85.9,1
43.4,-85.9,1
43.4,-85.9,1
43.4,-85.9,1
43.4,-85.9,1
43.4,-85.9,1
43.4,-85.9,1
43.4,-85.9,1
43.4,-85.9,1
43.4,-85.9,1
43.4,-85.9,1
43.4,-85.9,1
43.4,-85.9,1
43.4,-85.9,1
43.4,-85.9,1
43.4,-85.9,1
43.4,-85.9,1
43.4,-85.9,1
43.4,-85.9,1
43.4,-85.9,1
43.4,-85.9,1
43.4,-85.9,1
43.4,-85.9,1
43.4,-85.9,1
43.4,-85.9,1
43.4,-85.9,1
43.4,-85.9,1
43.4,-85.9,1
43.4,-85.9,1
43.4,-85.9,1
43.4,-85.9,1
43.4,-85.9,1
43.4,-85.9,1
43.4,-85.9,1
43.4,-85.9,1
43.4,-85.9,1
43.4,-85.9,1
43.4,-85.9,1
43.4,-85.9,1
43.4,-85.9,1
43.4,-85.9,1
43.4,-85.9,1
43.4,-85.9,1
43.4,-85.9,1
43.4,-85.9,1
43.4,-85.9,1
43.4,-85.9,1
43.4,-85.9,1
43.4,-85.9,1
43.4,-85.9,1
43.4,-85.9,1
43.4,-85.9,1
43.4,-85.9,1
43.4,-85.9,1
43.4,-85.9,1
43.4,-85.9,1
43.4,-85.9,1
43.4,-85.9,1
43.4,-85.9,1
43.4,-85.9,1
43.4,-85.9,1
43.4,-85.9,1
43.4,-85.9,1
43.4,-85.9,1
43.4,-85.9,1
43.4,-85.9,1
43.4,-85.9,1
43.4,-85.9,1
43.4,-85.9,1
43.4,-85.9,1
43.4,-85.9,1
43.4,-85.9,1
43.4,-85.9,1
43.4,-85.9,1
43.4,-85.9,1
43.4,-85.9,1
43.4,-85.9,1
43.4,-85.9,1
43.4,-85.9,1
43.4,-85.9,1
43.4,-85.9,1
43.4,-85.9,1
43.4,-85.9,1
43.4,-85.9,1
43.4,-85.9,1
43.4,-85.9,1
43.4,-85.9,1
43.4,-85.9,1
43.4,-85.9,1
43.4,-85.9,1
43.4,-85.9,1
43.4,-85.9,1
43.4,-85.9,1
43.4,-85.9,1
43.4,-85.9,1
43.4,-85.9,1
43.4,-85.9,1
43.4,-85.9,1
43.4,-85.9,1
43.4,-85.9,1
43.4,-85.9,1
43.4,-85.9,1
43.4,-85.9,1
43.4,-85.9,1
43.4,-85.9,1
43.4,-85.9,1
43.4,-85.9,1
43.4,-85.9,1
43.4,-85.9,1
43.4,-85.9,1
43.4,-85.9,1
43.4,-85.9,1
43.4,-85.9,1
43.4,-85.9,1
43.4,-85.9,1
43.4,-85.9,1
43.4,-85.9,1
43.4,-85.9,1
43.4,-85.9,1
43.4,-85.9,1
43.4,-85.9,1
43.4,-85.9,1
43.4,-85.9,1
43.4,-85.9,1
43.4,-85.9,1
43.4,-85.9,1
43.4,-85.9,1
43.4,-85.9,1
43.4,-85.9,1
43.4,-85.9,1
43.4,-85.9,1
43.4,-85.9,1
43.4,-85.9,1
43.4,-85.9,1
43.4,-85.9,1
43.4,-85.9,1
43.4,-85.9,1
43.4,-85.9,1
43.4,-85.9,1
43.4,-85.9,1
43.4,-85.9,1
43.4,-85.9,1
43.4,-85.9,1
43.4,-85.9,1
43.4,-85.9,1
43.4,-85.9,1
43.4,-85.9,1
43.4,-85.9,1
43.4,-85.9,1
43.4,-85.9,1
43.4,-85.9,1
43.4,-85.9,1
43.4,-85.9,1
43.4,-85.9,1
43.4,-85.9,1
43.4,-85.9,1
43.4,-85.9,1
43.4,-85.9,1
43.4,-85.9,1
43.4,-85.9,1
43.4,-85.9,1
43.4,-85.9,1
43.4,-85.9,1
43.4,-85.9,1
43.4,-85.9,1
43.4,-85.9,1
43.4,-85.9,1
43.4,-85.9,1
43.4,-85.9,1
43.4,-85.9,1
43.4,-85.9,1
43.4,-85.9,1
43.4,-85.9,1
43.4,-85.9,1
43.4,-85.9,1
43.4,-85.9,1
43.4,-85.9,1
43.4,-85.9,1
43.4,-85.9,1
43.4,-85.9,1
43.4,-85.9,1
43.4,-85.9,1
43.4,-85.9,1
43.4,-85.9,1
43.4,-85.9,1
43.4,-85.9,1
43.4,-85.9,1
43.4,-85.9,1
43.4,-85.9,1
43.4,-85.9,1
43.4,-85.9,1
43.4,-85.9,1
43.4,-85.9,1
43.4,-85.9,1
43.4,-85.9,1
43.4,-85.9,1
43.4,-85.9,1
43.4,-85.9,1
43.4,-85.9,1
43.4,-85.9,1
43.4,-85.9,1
43.4,-85.9,1
43.4,-85.9,1
43.4,-85.9,1
43.4,-85.9,1
43.4,-85.9,1
43.4,-85.9,1
43.4,-85.9,1
43.4,-85.9,1
43.4,-85.9,1
43.4,-85.9,1
43.4,-85.9,1
43.4,-85.9,1
43.4,-85.9,1
43.4,-85.9,1
43.4,-85.9,1
43.4,-85.9,1
43.4,-85.9,1
43.4,-85.9,1
43.4,-85.9,1
43.4,-85.9,1
43.4,-85.9,1
43.4,-85.9,1
43.4,-85.9,1
43.4,-85.9,1
43.4,-85.9,1
43.4,-85.9,1
43.4,-85.9,1
43.4,-85.9,1
43.4,-85.9,1
43.4,-85.9,1
43.4,-85.9,1
43.4,-85.9,1
43.4,-85.9,1
43.4,-85.9,1
43.4,-85.9,1
43.4,-85.9,1
43.4,-85.9,1
43.4,-85.9,1
43.4,-85.9,1
43.4,-85.9,1
43.4,-85.9,1
43.4,-85.9,1
43.4,-85.9,1
43.4,-85.9,1
43.4,-85.9,1
43.4,-85.9,1
43.4,-85.9,1
43.4,-85.9,1
43.4,-85.9,1
43.4,-85.9,1
43.4,-85.9,1
43.4,-85.9,1
43.4,-85.9,1
43.4,-85.9,1
43.4,-85.9,1
43.4,-85.9,1
43.4,-85.9,1
43.4,-85.9,1
43.4,-85.9,1
43.4,-85.9,1
43.4,-85.9,1
43.4,-85.9,1
43.4,-85.9,1
43.4,-85.9,1
43.4,-85.9,1
43.4,-85.9,1
43.4,-85.9,1
43.4,-85.9,1
43.4,-85.9,1
43.4,-85.9,1
43.4,-85.9,1
43.4,-85.9,1
43.4,-85.9,1
43.4,-85.9,1
43.4,-85.9,1
43.4,-85.9,1
43.4,-85.9,1
43.4,-85.9,1
43.4,-85.9,1
43.4,-85.9,1
43.4,-85.9,1
43.4,-85.9,1
43.4,-85.9,1
43.4,-85.9,1
43.4,-85.9,1
43.4,-85.9,1
43.4,-85.9,1
43.4,-85.9,1
43.4,-85.9,1
43.4,-85.9,1
43.4,-85.9,1
43.4,-85.9,1
43.4,-85.9,1
43.4,-85.9,1
43.4,-85.9,1
43.4,-85.9,1
43.4,-85.9,1
43.4,-85.9,1
43.4,-85.9,1
43.4,-85.9,1
43.4,-85.9,1
43.4,-85.9,1
43.4,-85.9,1
43.4,-85.9,1
43.4,-85.9,1
43.4,-85.9,1
43.4,-85.9,1
43.4,-85.9,1
43.4,-85.9,1
43.4,-85.9,1
43.4,-85.9,1
43.4,-85.9,1
43.4,-85.9,1
43.4,-85.9,1
43.4,-85.9,1
43.4,-85.9,1
43.4,-85.9,1
43.4,-85.9,1
43.4,-85.9,1
43.4,-85.9,1
43.4,-85.9,1
43.4,-85.9,1
43.4,-85.9,1
43.4,-85.9,1
43.4,-85.9,1
43.4,-85.9,1
43.4,-85.9,1
43.4,-85.9,1
43.4,-85.9,1
43.4,-85.9,1
43.4,-85.9,1
43.4,-85.9,1
43.4,-85.9,1
43.4,-85.9,1
43.4,-85.9,1
43.4,-85.9,1
43.4,-85.9,1
43.4,-85.9,1
43.4,-85.9,1
43.4,-85.9,1
43.4,-85.9,1
43.4,-85.9,1
43.4,-85.9,1
43.4,-85.9,1
43.4,-85.9,1
43.4,-85.9,1
43.4,-85.9,1
43.4,-85.9,1
43.4,-85.9,1
43.4,-85.9,1
43.4,-85.9,1
43.4,-85.9,1
43.4,-85.9,1
43.4,-85.9,1
43.4,-85.9,1
43.4,-85.9,1
43.4,-85.9,1
43.4,-85.9,1
43.4,-85.9,1
43.4,-85.9,1
43.4,-85.9,1
43.4,-85.9,1
43.4,-85.9,1
43.4,-85.9,1
43.4,-85.9,1
43.4,-85.9,1
43.4,-85.9,1
43.4,-85.9,1
43.4,-85.9,1
43.4,-85.9,1
43.4,-85.9,1
43.4,-85.9,1
43.4,-85.9,1
43.4,-85.9,1
43.4,-85.9,1
43.4,-85.9,1
43.4,-85.9,1
43.4,-85.9,1
43.4,-85.9,1
43.4,-85.9,1
43.4,-85.9,1
43.4,-85.9,1
43.4,-85.9,1
43.4,-85.9,1
43.4,-85.9,1
43.4,-85.9,1
43.4,-85.9,1
43.4,-85.9,1
43.4,-85.9,1
43.4,-85.9,1
43.4,-85.9,1
43.4,-85.9,1
43.4,-85.9,1
43.4,-85.9,1
43.4,-85.9,1
43.4,-85.9,1
43.4,-85.9,1
43.4,-85.9,1
43.4,-85.9,1
43.4,-85.9,1
43.4,-85.9,1
43.4,-85.9,1
43.4,-85.9,1
43.4,-85.9,1
43.4,-85.9,1
43.4,-85.9,1
43.4,-85.9,1
43.4,-85.9,1
43.4,-85.9,1
43.4,-85.9,1
43.4,-85.9,1
43.4,-85.9,1
43.4,-85.9,1
43.4,-85.9,1
43.4,-85.9,1
43.4,-85.9,1
43.4,-85.9,1
43.4,-85.9,1
43.4,-85.9,1
43.4,-85.9,1
43.4,-85.9,1
43.4,-85.9,1
43.4,-85.9,1
43.4,-85.9,1
43.4,-85.9,1
43.4,-85.9,1
43.4,-85.9,1
43.4,-85.9,1
43.4,-85.9,1
43.4,-85.9,1
43.4,-85.9,1
43.4,-85.9,1
43.4,-85.9,1
43.4,-85.9,1
43.4,-85.9,1
43.4,-85.9,1
43.4,-85.9,1
43.4,-85.9,1
43.4,-85.9,1
43.4,-85.9,1
43.4,-85.9,1
43.4,-85.9,1
43.4,-85.9,1
43.4,-85.9,1
43.4,-85.9,1
43.4,-85.9,1
43.4,-85.9,1
43.4,-85.9,1
43.4,-85.9,1
43.4,-85.9,1
43.4,-85.9,1
43.4,-85.9,1
43.4,-85.9,1
43.4,-85.9,1
43.4,-85.9,1
43.4,-85.9,1
43.4,-85.9,1
43.4,-85.9,1
43.4,-85.9,1
43.4,-85.9,1
43.4,-85.9,1
43.4,-85.9,1
43.4,-85.9,1
43.4,-85.9,1
43.4,-85.9,1
43.4,-85.9,1
43.4,-85.9,1
43.4,-85.9,1
43.4,-85.9,1
43.4,-85.9,1
43.4,-85.9,1
43.4,-85.9,1
43.4,-85.9,1
43.4,-85.9,1
43.4,-85.9,1
43.4,-85.9,1
43.4,-85.9,1
43.4,-85.9,1
43.4,-85.9,1
43.4,-85.9,1
43.4,-85.9,1
43.4,-85.9,1
43.4,-85.9,1
43.4,-85.9,1
43.4,-85.9,1
43.4,-85.9,1
43.4,-85.9,1
43.4,-85.9,1
43.4,-85.9,1
43.4,-85.9,1
43.4,-85.9,1
43.4,-85.9,1
43.4,-85.9,1
43.4,-85.9,1
43.4,-85.9,1
43.4,-85.9,1
43.4,-85.9,1
43.4,-85.9,1
43.4,-85.9,1
43.4,-85.9,1
43.4,-85.9,1
43.4,-85.9,1
43.4,-85.9,1
43.4,-85.9,1
43.4,-85.9,1
43.4,-85.9,1
43.4,-85.9,1
43.4,-85.9,1
43.4,-85.9,1
43.4,-85.9,1
43.4,-85.9,1
43.4,-85.9,1
43.4,-85.9,1
43.4,-85.9,1
43.4,-85.9,1
43.4,-85.9,1
43.4,-85.9,1
43.4,-85.9,1
43.4,-85.9,1
43.4,-85.9,1
43.4,-85.9,1
43.4,-85.9,1
43.4,-85.9,1
43.4,-85.9,1
43.4,-85.9,1
43.4,-85.9,1
43.4,-85.9,1
43.4,-85.9,1
43.4,-85.9,1
43.4,-85.9,1
43.4,-85.9,1
43.4,-85.9,1
43.4,-85.9,1
43.4,-85.9,1
43.4,-85.9,1
43.4,-85.9,1
43.4,-85.9,1
43.4,-85.9,1
43.4,-85.9,1
43.4,-85.9,1
43.4,-85.9,1
43.4,-85.9,1
43.4,-85.9,1
43.4,-85.9,1
43.4,-85.9,1
43.4,-85.9,1
43.4,-85.9,1
43.4,-85.9,1
43.4,-85.9,1
43.4,-85.9,1
43.4,-85.9,1
43.4,-85.9,1
43.4,-85.9,1
43.4,-85.9,1
43.4,-85.9,1
43.4,-85.9,1
43.4,-85.9,1
43.4,-85.9,1
43.4,-85.9,1
43.4,-85.9,1
43.4,-85.9,1
43.4,-85.9,1
43.4,-85.9,1
43.4,-85.9,1
43.4,-85.9,1
43.4,-85.9,1
43.4,-85.9,1
43.4,-85.9,1
43.4,-85.9,1
43.4,-85.9,1
43.4,-85.9,1
43.4,-85.9,1
43.4,-85.9,1
43.4,-85.9,1
43.4,-85.9,1
43.4,-85.9,1
43.4,-85.9,1
43.4,-85.9,1
43.4,-85.9,1
43.4,-85.9,1
43.4,-85.9,1
43.4,-85.9,1
43.4,-85.9,1
43.4,-85.9,1
43.4,-85.9,1
43.4,-85.9,1
43.4,-85.9,1
43.4,-85.9,1
43.4,-85.9,1
43.4,-85.9,1
43.4,-85.9,1
43.4,-85.9,1
43.4,-85.9,1
43.4,-85.9,1
43.4,-85.9,1
43.4,-85.9,1
43.4,-85.9,1
43.4,-85.9,1
43.4,-85.9,1
43.4,-85.9,1
43.4,-85.9,1
43.4,-85.9,1
43.4,-85.9,1
43.4,-85.9,1
43.4,-85.9,1
43.4,-85.9,1
43.4,-85.9,1
43.4,-85.9,1
43.4,-85.9,1
43.4,-85.9,1
43.4,-85.9,1
43.4,-85.9,1
43.4,-85.9,1
43.4,-85.9,1
43.4,-85.9,1
43.4,-85.9,1
43.4,-85.9,1
43.4,-85.9,1
43.4,-85.9,1
43.4,-85.9,1
43.4,-85.9,1
43.4,-85.9,1
43.4,-85.9,1
43.4,-85.9,1
43.4,-85.9,1
43.4,-85.9,1
43.4,-85.9,1
43.4,-85.9,1
43.4,-85.9,1
43.4,-85.9,1
43.4,-85.9,1
43.4,-85.9,1
43.4,-85.9,1
43.4,-85.9,1
43.4,-85.9,1
43.4,-85.9,1
43.4,-85.9,1
43.4,-85.9,1
43.4,-85.9,1
43.4,-85.9,1
43.4,-85.9,1
43.4,-85.9,1
43.4,-85.9,1
43.4,-85.9,1
43.4,-85.9,1
43.4,-85.9,1
43.4,-85.9,1
43.4,-85.9,1
43.4,-85.9,1
43.4,-85.9,1
43.4,-85.9,1
43.4,-85.9,1
43.4,-85.9,1
43.4,-85.9,1
43.4,-85.9,1
43.4,-85.9,1
43.4,-85.9,1
43.4,-85.9,1
43.4,-85.9,1
43.4,-85.9,1
43.4,-85.9,1
43.4,-85.9,1
43.4,-85.9,1
43.4,-85.9,1
43.4,-85.9,1
43.4,-85.9,1
43.4,-85.9,1
43.4,-85.9,1
43.4,-85.9,1
43.4,-85.9,1
43.4,-85.9,1
43.4,-85.9,1
43.4,-85.9,1
43.4,-85.9,1
43.4,-85.9,1
43.4,-85.9,1
43.4,-85.9,1
43.4,-85.9,1
43.4,-85.9,1
43.4,-85.9,1
43.4,-85.9,1
43.4,-85.9,1
43.4,-85.9,1
43.4,-85.9,1
43.4,-85.9,1
43.4,-85.9,1
43.4,-85.9,1
43.4,-85.9,1
43.4,-85.9,1
43.4,-85.9,1
43.4,-85.9,1
43.4,-85.9,1
43.4,-85.9,1
43.4,-85.9,1
43.4,-85.9,1
43.4,-85.9,1
43.4,-85.9,1
43.4,-85.9,1
43.4,-85.9,1
43.4,-85.9,1
43.4,-85.9,1
43.4,-85.9,1
43.4,-85.9,1
43.4,-85.9,1
43.4,-85.9,1
43.4,-85.9,1
43.4,-85.9,1
43.4,-85.9,1
43.4,-85.9,1
43.4,-85.9,1
43.4,-85.9,1
43.4,-85.9,1
43.4,-85.9,1
43.4,-85.9,1
43.4,-85.9,1
43.4,-85.9,1
43.4,-85.9,1
43.4,-85.9,1
43.4,-85.9,1
43.4,-85.9,1
43.4,-85.9,1
43.4,-85.9,1
43.4,-85.9,1
43.4,-85.9,1
43.4,-85.9,1
43.4,-85.9,1
43.4,-85.9,1
43.4,-85.9,1
43.4,-85.9,1
43.4,-85.9,1
43.4,-85.9,1
43.4,-85.9,1
43.4,-85.9,1
43.4,-85.9,1
43.4,-85.9,1
43.4,-85.9,1
43.4,-85.9,1
43.4,-85.9,1
43.4,-85.9,1
43.4,-85.9,1
43.4,-85.9,1
43.4,-85.9,1
43.4,-85.9,1
43.4,-85.9,1
43.4,-85.9,1
43.4,-85.9,1
43.4,-85.9,1
43.4,-85.9,1
43.4,-85.9,1
43.4,-85.9,1
43.4,-85.9,1
43.4,-85.9,1
43.4,-85.9,1
43.4,-85.9,1
43.4,-85.9,1
43.4,-85.9,1
43.4,-85.9,1
43.4,-85.9,1
43.4,-85.9,1
43.4,-85.9,1
43.4,-85.9,1
43.4,-85.9,1
43.4,-85.9,1
43.4,-85.9,1
43.4,-85.9,1
43.4,-85.9,1
43.4,-85.9,1
43.4,-85.9,1
43.4,-85.9,1
43.4,-85.9,1
43.4,-85.9,1
43.4,-85.9,1
43.4,-85.9,1
43.4,-85.9,1
43.4,-85.9,1
43.4,-85.9,1
43.4,-85.9,1
43.4,-85.9,1
43.4,-85.9,1
43.4,-85.9,1
43.4,-85.9,1
43.4,-85.9,1
43.4,-85.9,1
43.4,-85.9,1
43.4,-85.9,1
43.4,-85.9,1
43.4,-85.9,1
43.4,-85.9,1
43.4,-85.9,1
43.4,-85.9,1
43.4,-85.9,1
43.4,-85.9,1
43.4,-85.9,1
43.4,-85.9,1
43.4,-85.9,1
43.4,-85.9,1
43.4,-85.9,1
43.4,-85.9,1
43.4,-85.9,1
43.4,-85.9,1
43.4,-85.9,1
43.4,-85.9,1
43.4,-85.9,1
43.4,-85.9,1
43.4,-85.9,1
43.4,-85.9,1
43.4,-85.9,1
43.4,-85.9,1
43.4,-85.9,1
43.4,-85.9,1
43.4,-85.9,1
43.4,-85.9,1
43.4,-85.9,1
43.4,-85.9,1
43.4,-85.9,1
43.4,-85.9,1
43.4,-85.9,1
43.4,-85.9,1
43.4,-85.9,1
43.4,-85.9,1
43.4,-85.9,1
43.4,-85.9,1
43.4,-85.9,1
43.4,-85.9,1
43.4,-85.9,1
43.4,-85.9,1
43.4,-85.9,1
43.4,-85.9,1
43.4,-85.9,1
43.4,-85.9,1
43.4,-85.9,1
43.4,-85.9,1
43.4,-85.9,1
43.4,-85.9,1
43.4,-85.9,1
43.4,-85.9,1
43.4,-85.9,1
43.4,-85.9,1
43.4,-85.9,1
43.4,-85.9,1
43.4,-85.9,1
43.4,-85.9,1
43.4,-85.9,1
43.4,-85.9,1
43.4,-85.9,1
43.4,-85.9,1
43.4,-85.9,1
43.4,-85.9,1
43.4,-85.9,1
43.4,-85.9,1
43.4,-85.9,1
43.4,-85.9,1
43.4,-85.9,1
43.4,-85.9,1
43.4,-85.9,1
43.4,-85.9,1
43.4,-85.9,1
43.4,-85.9,1
43.4,-85.9,1
43.4,-85.9,1
43.4,-85.9,1
43.4,-85.9,1
43.4,-85.9,1
43.4,-85.9,1
43.4,-85.9,1
43.4,-85.9,1
43.4,-85.9,1
43.4,-85.9,1
43.4,-85.9,1
43.4,-85.9,1
43.4,-85.9,1
43.4,-85.9,1
43.4,-85.9,1
43.4,-85.9,1
43.4,-85.9,1
43.4,-85.9,1
43.4,-85.9,1
43.4,-85.9,1
43.4,-85.9,1
43.4,-85.9,1
43.4,-85.9,1
43.4,-85.9,1
43.4,-85.9,1
43.4,-85.9,1
43.4,-85.9,1
43.4,-85.9,1
43.4,-85.9,1
43.4,-85.9,1
43.4,-85.9,1
43.4,-85.9,1
43.4,-85.9,1
43.4,-85.9,1
43.4,-85.9,1
43.4,-85.9,1
43.4,-85.9,1
43.4,-85.9,1
43.4,-85.9,1
43.4,-85.9,1
43.4,-85.9,1
43.4,-85.9,1
43.4,-85.9,1
43.4,-85.9,1
43.4,-85.9,1
43.4,-85.9,1
43.4,-85.9,1
43.4,-85.9,1
43.4,-85.9,1
43.4,-85.9,1
43.4,-85.9,1
43.4,-85.9,1
43.4,-85.9,1
43.4,-85.9,1
43.4,-85.9,1
43.4,-85.9,1
43.4,-85.9,1
43.4,-85.9,1
43.4,-85.9,1
43.4,-85.9,1
43.4,-85.9,1
43.4,-85.9,1
43.4,-85.9,1
43.4,-85.9,1
43.4,-85.9,1
43.4,-85.9,1
43.4,-85.9,1
43.4,-85.9,1
43.4,-85.9,1
43.4,-85.9,1
43.4,-85.9,1
43.4,-85.9,1
43.4,-85.9,1
43.4,-85.9,1
43.4,-85.9,1
43.4,-85.9,1
43.4,-85.9,1
43.4,-85.9,1
43.4,-85.9,1
43.4,-85.9,1
43.4,-85.9,1
43.4,-85.9,1
43.4,-85.9,1
43.4,-85.9,1
43.4,-85.9,1
43.4,-85.9,1
43.4,-85.9,1
43.4,-85.9,1
43.4,-85.9,1
43.4,-85.9,1
43.4,-85.9,1
43.4,-85.9,1
43.4,-85.9,1
43.4,-85.9,1
43.4,-85.9,1
43.4,-85.9,1
43.4,-85.9,1
43.4,-85.9,1
43.4,-85.9,1
43.4,-85.9,1
43.4,-85.9,1
43.4,-85.9,1
43.4,-85.9,1
43.4,-85.9,1
43.4,-85.9,1
43.4,-85.9,1
43.4,-85.9,1
43.4,-85.9,1
43.4,-85.9,1
43.4,-85.9,1
43.4,-85.9,1
43.4,-85.9,1
43.4,-85.9,1
43.4,-85.9,1
43.4,-85.9,1
43.4,-85.9,1
43.4,-85.9,1
43.4,-85.9,1
43.4,-85.9,1
43.4,-85.9,1
43.4,-85.9,1
43.4,-85.9,1
43.4,-85.9,1
43.4,-85.9,1
43.4,-85.9,1
43.4,-85.9,1
43.4,-85.9,1
43.4,-85.9,1
43.4,-85.9,1
43.4,-85.9,1
43.4,-85.9,1
43.4,-85.9,1
43.4,-85.9,1
43.4,-85.9,1
43.4,-85.9,1
43.4,-85.9,1
43.4,-85.9,1
43.4,-85.9,1
43.4,-85.9,1
43.4,-85.9,1
43.4,-85.9,1
43.4,-85.9,1
43.4,-85.9,1
43.4,-85.9,1
43.4,-85.9,1
43.4,-85.9,1
43.4,-85.9,1
43.4,-85.9,1
43.4,-85.9,1
43.4,-85.9,1
43.4,-85.9,1
43.4,-85.9,1
43.4,-85.9,1
43.4,-85.9,1
43.4,-85.9,1
43.4,-85.9,1
43.4,-85.9,1
43.4,-85.9,1
43.4,-85.9,1
43.4,-85.9,1
43.4,-85.9,1
43.4,-85.9,1
43.4,-85.9,1
43.4,-85.9,1
43.4,-85.9,1
43.4,-85.9,1
43.4,-85.9,1
43.4,-85.9,1
43.4,-85.9,1
43.4,-85.9,1
43.4,-85.9,1
43.4,-85.9,1
43.4,-85.9,1
43.4,-85.9,1
43.4,-85.9,1
43.4,-85.9,1
43.4,-85.9,1
43.4,-85.9,1
43.4,-85.9,1
43.4,-85.9,1
43.4,-85.9,1
43.4,-85.9,1
43.4,-85.9,1
43.4,-85.9,1
43.4,-85.9,1
43.4,-85.9,1
43.4,-85.9,1
43.4,-85.9,1
43.4,-85.9,1
43.4,-85.9,1
43.4,-85.9,1
43.4,-85.9,1
43.4,-85.9,1
43.4,-85.9,1
43.4,-85.9,1
43.4,-85.9,1
43.4,-85.9,1
43.4,-85.9,1
43.4,-85.9,1
43.4,-85.9,1
43.4,-85.9,1
43.4,-85.9,1
43.4,-85.9,1
43.4,-85.9,1
43.4,-85.9,1
43.4,-85.9,1
43.4,-85.9,1
43.4,-85.9,1
43.4,-85.9,1
43.4,-85.9,1
43.4,-85.9,1
43.4,-85.9,1
43.4,-85.9,1
43.4,-85.9,1
43.4,-85.9,1
43.4,-85.9,1
43.4,-85.9,1
43.4,-85.9,1
43.4,-85.9,1
43.4,-85.9,1
43.4,-85.9,1
43.4,-85.9,1
43.4,-85.9,1
43.4,-85.9,1
43.4,-85.9,1
43.4,-85.9,1
43.4,-85.9,1
43.4,-85.9,1
43.4,-85.9,1
43.4,-85.9,1
43.4,-85.9,1
43.4,-85.9,1
43.4,-85.9,1
43.4,-85.9,1
43.4,-85.9,1
43.4,-85.9,1
43.4,-85.9,1
43.4,-85.9,1
43.4,-85.9,1
43.4,-85.9,1
43.4,-85.9,1
43.4,-85.9,1
43.4,-85.9,1
43.4,-85.9,1
43.4,-85.9,1
43.4,-85.9,1
43.4,-85.9,1
43.4,-85.9,1
43.4,-85.9,1
43.4,-85.9,1
43.4,-85.9,1
43.4,-85.9,1
43.4,-85.9,1
43.4,-85.9,1
43.4,-85.9,1
43.4,-85.9,1
43.4,-85.9,1
43.4,-85.9,1
43.4,-85.9,1
43.4,-85.9,1
43.4,-85.9,1
43.4,-85.9,1
43.4,-85.9,1
43.4,-85.9,1
43.4,-85.9,1
43.4,-85.9,1
43.4,-85.9,1
43.4,-85.9,1
43.4,-85.9,1
43.4,-85.9,1
43.4,-85.9,1
43.4,-85.9,1
43.4,-85.9,1
43.4,-85.9,1
43.4,-85.9,1
43.4,-85.9,1
43.4,-85.9,1
43.4,-85.9,1
43.4,-85.9,1
43.4,-85.9,1
43.4,-85.9,1
43.4,-85.9,1
43.4,-85.9,1
43.4,-85.9,1
43.4,-85.9,1
43.4,-85.9,1
43.4,-85.9,1
43.4,-85.9,1
43.4,-85.9,1
43.4,-85.9,1
43.4,-85.9,1
43.4,-85.9,1
43.4,-85.9,1
43.4,-85.9,1
43.4,-85.9,1
43.4,-85.9,1
43.4,-85.9,1
43.4,-85.9,1
43.4,-85.9,1
43.4,-85.9,1
43.4,-85.9,1
43.4,-85.9,1
43.4,-85.9,1
43.4,-85.9,1
43.4,-85.9,1
43.4,-85.9,1
43.4,-85.9,1
43.4,-85.9,1
43.4,-85.9,1
43.4,-85.9,1
43.4,-85.9,1
43.4,-85.9,1
43.4,-85.9,1
43.4,-85.9,1
43.4,-85.9,1
43.4,-85.9,1
43.4,-85.9,1
43.4,-85.9,1
43.4,-85.9,1
43.4,-85.9,1
43.4,-85.9,1
43.4,-85.9,1
43.4,-85.9,1
43.4,-85.9,1
43.4,-85.9,1
43.4,-85.9,1
43.4,-85.9,1
43.4,-85.9,1
43.4,-85.9,1
43.4,-85.9,1
43.4,-85.9,1
43.4,-85.9,1
43.4,-85.9,1
43.4,-85.9,1
43.4,-85.9,1
43.4,-85.9,1
43.4,-85.9,1
43.4,-85.9,1
43.4,-85.9,1
43.4,-85.9,1
43.4,-85.9,1
43.4,-85.9,1
43.4,-85.9,1
43.4,-85.9,1
43.4,-85.9,1
43.4,-85.9,1
43.4,-85.9,1
43.4,-85.9,1
43.4,-85.9,1
43.4,-85.9,1
43.4,-85.9,1
43.4,-85.9,1
43.4,-85.9,1
43.4,-85.9,1
43.4,-85.9,1
43.4,-85.9,1
43.4,-85.9,1
43.4,-85.9,1
43.4,-85.9,1
43.4,-85.9,1
43.4,-85.9,1
43.4,-85.9,1
43.4,-85.9,1
43.4,-85.9,1
43.4,-85.9,1
43.4,-85.9,1
43.4,-85.9,1
43.4,-85.9,1
43.4,-85.9,1
43.4,-85.9,1
43.4,-85.9,1
43.4,-85.9,1
43.4,-85.9,1
43.4,-85.9,1
43.4,-85.9,1
43.4,-85.9,1
43.4,-85.9,1
43.4,-85.9,1
43.4,-85.9,1
43.4,-85.9,1
43.4,-85.9,1
43.4,-85.9,1
43.4,-85.9,1
43.4,-85.9,1
43.4,-85.9,1
43.4,-85.9,1
43.4,-85.9,1
43.4,-85.9,1
43.4,-85.9,1
43.4,-85.9,1
43.4,-85.9,1
43.4,-85.9,1
43.4,-85.9,1
43.4,-85.9,1
43.4,-85.9,1
43.4,-85.9,1
43.4,-85.9,1
43.4,-85.9,1
43.4,-85.9,1
43.4,-85.9,1
43.4,-85.9,1
43.4,-85.9,1
43.4,-85.9,1
43.4,-85.9,1
43.4,-85.9,1
43.4,-85.9,1
43.4,-85.9,1
43.4,-85.9,1
43.4,-85.9,1
43.4,-85.9,1
43.4,-85.9,1
43.4,-85.9,1
43.4,-85.9,1
43.4,-85.9,1
43.4,-85.9,1
43.4,-85.9,1
43.4,-85.9,1
43.4,-85.9,1
43.4,-85.9,1
43.4,-85.9,1
43.4,-85.9,1
43.4,-85.9,1
43.4,-85.9,1
43.4,-85.9,1
43.4,-85.9,1
43.4,-85.9,1
43.4,-85.9,1
43.4,-85.9,1
43.4,-85.9,1
43.4,-85.9,1
43.4,-85.9,1
43.4,-85.9,1
43.4,-85.9,1
43.4,-85.9,1
43.4,-85.9,1
43.4,-85.9,1
43.4,-85.9,1
43.4,-85.9,1
43.4,-85.9,1
43.4,-85.9,1
43.4,-85.9,1
43.4,-85.9,1
43.4,-85.9,1
43.4,-85.9,1
43.4,-85.9,1
43.4,-85.9,1
43.4,-85.9,1
43.4,-85.9,1
43.4,-85.9,1
43.4,-85.9,1
43.4,-85.9,1
43.4,-85.9,1
43.4,-85.9,1
43.4,-85.9,1
43.4,-85.9,1
43.4,-85.9,1
43.4,-85.9,1
43.4,-85.9,1
43.4,-85.9,1
43.4,-85.9,1
43.4,-85.9,1
43.4,-85.9,1
43.4,-85.9,1
43.4,-85.9,1
43.4,-85.9,1
43.4,-85.9,1
43.4,-85.9,1
43.4,-85.9,1
43.4,-85.9,1
43.4,-85.9,1
43.4,-85.9,1
43.4,-85.9,1
43.4,-85.9,1
43.4,-85.9,1
43.4,-85.9,1
43.4,-85.9,1
43.4,-85.9,1
43.4,-85.9,1
43.4,-85.9,1
43.4,-85.9,1
43.4,-85.9,1
43.4,-85.9,1
43.4,-85.9,1
43.4,-85.9,1
43.4,-85.9,1
43.4,-85.9,1
43.4,-85.9,1
43.4,-85.9,1
43.4,-85.9,1
43.4,-85.9,1
43.4,-85.9,1
43.4,-85.9,1
43.4,-85.9,1
43.4,-85.9,1
43.4,-85.9,1
43.4,-85.9,1
43.4,-85.9,1
43.4,-85.9,1
43.4,-85.9,1
43.4,-85.9,1
43.4,-85.9,1
43.4,-85.9,1
43.4,-85.9,1
43.4,-85.9,1
43.4,-85.9,1
43.4,-85.9,1
43.4,-85.9,1
43.4,-85.9,1
43.4,-85.9,1
43.4,-85.9,1
43.4,-85.9,1
43.4,-85.9,1
43.4,-85.9,1
43.4,-85.9,1
43.4,-85.9,1
43.4,-85.9,1
43.4,-85.9,1
43.4,-85.9,1
43.4,-85.9,1
43.4,-85.9,1
43.4,-85.9,1
43.4,-85.9,1
43.4,-85.9,1
43.4,-85.9,1
43.4,-85.9,1
43.4,-85.9,1
43.4,-85.9,1
43.4,-85.9,1
43.4,-85.9,1
43.4,-85.9,1
43.4,-85.9,1
43.4,-85.9,1
43.4,-85.9,1
43.4,-85.9,1
43.4,-85.9,1
43.4,-85.9,1
43.4,-85.9,1
43.4,-85.9,1
43.4,-85.9,1
43.4,-85.9,1
43.4,-85.9,1
43.4,-85.9,1
43.4,-85.9,1
43.4,-85.9,1
43.4,-85.9,1
43.4,-85.9,1
43.4,-85.9,1
43.4,-85.9,1
43.4,-85.9,1
43.4,-85.9,1
43.4,-85.9,1
43.4,-85.9,1
43.4,-85.9,1
43.4,-85.9,1
43.4,-85.9,1
43.4,-85.9,1
43.4,-85.9,1
43.4,-85.9,1
43.4,-85.9,1
43.4,-85.9,1
43.4,-85.9,1
43.4,-85.9,1
43.4,-85.9,1
43.4,-85.9,1
43.4,-85.9,1
43.4,-85.9,1
43.4,-85.9,1
43.4,-85.9,1
43.4,-85.9,1
43.4,-85.9,1
43.4,-85.9,1
43.4,-85.9,1
43.4,-85.9,1
43.4,-85.9,1
43.4,-85.9,1
43.4,-85.9,1
43.4,-85.9,1
43.4,-85.9,1
43.4,-85.9,1
43.4,-85.9,1
43.4,-85.9,1
43.4,-85.9,1
43.4,-85.9,1
43.4,-85.9,1
43.4,-85.9,1
43.4,-85.9,1
43.4,-85.9,1
43.4,-85.9,1
43.4,-85.9,1
43.4,-85.9,1
43.4,-85.9,1
43.4,-85.9,1
43.4,-85.9,1
43.4,-85.9,1
43.4,-85.9,1
43.4,-85.9,1
43.4,-85.9,1
43.4,-85.9,1
43.4,-85.9,1
43.4,-85.9,1
43.4,-85.9,1
43.4,-85.9,1
43.4,-85.9,1
43.4,-85.9,1
43.4,-85.9,1
43.4,-85.9,1
43.4,-85.9,1
43.4,-85.9,1
43.4,-85.9,1
43.4,-85.9,1
43.4,-85.9,1
43.4,-85.9,1
43.4,-85.9,1
43.4,-85.9,1
43.4,-85.9,1
43.4,-85.9,1
43.4,-85.9,1
43.4,-85.9,1
43.4,-85.9,1
43.4,-85.9,1
43.4,-85.9,1
43.4,-85.9,1
43.4,-85.9,1
43.4,-85.9,1
43.4,-85.9,1
43.4,-85.9,1
43.4,-85.9,1
43.4,-85.9,1
43.4,-85.9,1
43.4,-85.9,1
43.4,-85.9,1
43.4,-85.9,1
43.4,-85.9,1
43.4,-85.9,1
43.4,-85.9,1
43.4,-85.9,1
43.4,-85.9,1
43.4,-85.9,1
43.4,-85.9,1
43.4,-85.9,1
43.4,-85.9,1
43.4,-85.9,1
43.4,-85.9,1
43.4,-85.9,1
43.4,-85.9,1
43.4,-85.9,1
43.4,-85.9,1
43.4,-85.9,1
43.4,-85.9,1
43.4,-85.9,1
43.4,-85.9,1
43.4,-85.9,1
43.4,-85.9,1
43.4,-85.9,1
43.4,-85.9,1
43.4,-85.9,1
43.4,-85.9,1
43.4,-85.9,1
43.4,-85.9,1
43.4,-85.9,1
43.4,-85.9,1
43.4,-85.9,1
43.4,-85.9,1
43.4,-85.9,1
43.4,-85.9,1
43.4,-85.9,1
43.4,-85.9,1
43.4,-85.9,1
43.4,-85.9,1
43.4,-85.9,1
43.4,-85.9,1
43.4,-85.9,1
43.4,-85.9,1
43.4,-85.9,1
43.4,-85.9,1
43.4,-85.9,1
43.4,-85.9,1
43.4,-85.9,1
43.4,-85.9,1
43.4,-85.9,1
43.4,-85.9,1
43.4,-85.9,1
43.4,-85.9,1
43.4,-85.9,1
43.4,-85.9,1
43.4,-85.9,1
43.4,-85.9,1
43.4,-85.9,1
43.4,-85.9,1
43.4,-85.9,1
43.4,-85.9,1
43.4,-85.9,1
43.4,-85.9,1
43.4,-85.9,1
43.4,-85.9,1
43.4,-85.9,1
43.4,-85.9,1
43.4,-85.9,1
43.4,-85.9,1
43.4,-85.9,1
43.4,-85.9,1
43.4,-85.9,1
43.4,-85.9,1
43.4,-85.9,1
43.4,-85.9,1
43.4,-85.9,1
43.4,-85.9,1
43.4,-85.9,1
43.4,-85.9,1
43.4,-85.9,1
43.4,-85.9,1
43.4,-85.9,1
43.4,-85.9,1
43.4,-85.9,1
43.4,-85.9,1
43.4,-85.9,1
43.4,-85.9,1
43.4,-85.9,1
43.4,-85.9,1
43.4,-85.9,1
43.4,-85.9,1
43.4,-85.9,1
43.4,-85.9,1
43.4,-85.9,1
43.4,-85.9,1
43.4,-85.9,1
43.4,-85.9,1
43.4,-85.9,1
43.4,-85.9,1
43.4,-85.9,1
43.4,-85.9,1
43.4,-85.9,1
43.4,-85.9,1
43.4,-85.9,1
43.4,-85.9,1
43.4,-85.9,1
43.4,-85.9,1
43.4,-85.9,1
43.4,-85.9,1
43.4,-85.9,1
43.4,-85.9,1
43.4,-85.9,1
43.4,-85.9,1
43.4,-85.9,1
43.4,-85.9,1
43.4,-85.9,1
43.4,-85.9,1
43.4,-85.9,1
43.4,-85.9,1
43.4,-85.9,1
43.4,-85.9,1
43.4,-85.9,1
43.4,-85.9,1
43.4,-85.9,1
43.4,-85.9,1
43.4,-85.9,1
43.4,-85.9,1
43.4,-85.9,1
43.4,-85.9,1
43.4,-85.9,1
43.4,-85.9,1
43.4,-85.9,1
43.4,-85.9,1
43.4,-85.9,1
43.4,-85.9,1
43.4,-85.9,1
43.4,-85.9,1
43.4,-85.9,1
43.4,-85.9,1
43.4,-85.9,1
43.4,-85.9,1
43.4,-85.9,1
43.4,-85.9,1
43.4,-85.9,1
43.4,-85.9,1
43.4,-85.9,1
43.4,-85.9,1
43.4,-85.9,1
43.4,-85.9,1
43.4,-85.9,1
43.4,-85.9,1
43.4,-85.9,1
43.4,-85.9,1
43.4,-85.9,1
43.4,-85.9,1
43.4,-85.9,1
43.4,-85.9,1
43.4,-85.9,1
43.4,-85.9,1
43.4,-85.9,1
43.4,-85.9,1
43.4,-85.9,1
43.4,-85.9,1
43.4,-85.9,1
43.4,-85.9,1
43.4,-85.9,1
43.4,-85.9,1
43.4,-85.9,1
43.4,-85.9,1
43.4,-85.9,1
43.4,-85.9,1
43.4,-85.9,1
43.4,-85.9,1
43.4,-85.9,1
43.4,-85.9,1
43.4,-85.9,1
43.4,-85.9,1
43.4,-85.9,1
43.4,-85.9,1
43.4,-85.9,1
43.4,-85.9,1
43.4,-85.9,1
43.4,-85.9,1
43.4,-85.9,1
43.4,-85.9,1
43.4,-85.9,1
43.4,-85.9,1
43.4,-85.9,1
43.4,-85.9,1
43.4,-85.9,1
43.4,-85.9,1
43.4,-85.9,1
43.4,-85.9,1
43.4,-85.9,1
43.4,-85.9,1
43.4,-85.9,1
43.4,-85.9,1
43.4,-85.9,1
43.4,-85.9,1
43.4,-85.9,1
43.4,-85.9,1
43.4,-85.9,1
43.4,-85.9,1
43.4,-85.9,1
43.4,-85.9,1
43.4,-85.9,1
43.4,-85.9,1
43.4,-85.9,1
43.4,-85.9,1
43.4,-85.9,1
43.4,-85.9,1
43.4,-85.9,1
43.4,-85.9,1
43.4,-85.9,1
43.4,-85.9,1
43.4,-85.9,1
43.4,-85.9,1
43.4,-85.9,1
43.4,-85.9,1
43.4,-85.9,1
43.4,-85.9,1
43.4,-85.9,1
43.4,-85.9,1
43.4,-85.9,1
43.4,-85.9,1
43.4,-85.9,1
43.4,-85.9,1
43.4,-85.9,1
43.4,-85.9,1
43.4,-85.9,1
43.4,-85.9,1
43.4,-85.9,1
43.4,-85.9,1
43.4,-85.9,1
43.4,-85.9,1
43.4,-85.9,1
43.4,-85.9,1
43.4,-85.9,1
43.4,-85.9,1
43.4,-85.9,1
43.4,-85.9,1
43.4,-85.9,1
43.4,-85.9,1
43.4,-85.9,1
43.4,-85.9,1
43.4,-85.9,1
43.4,-85.9,1
43.4,-85.9,1
43.4,-85.9,1
43.4,-85.9,1
43.4,-85.9,1
43.4,-85.9,1
43.4,-85.9,1
43.4,-85.9,1
43.4,-85.9,1
43.4,-85.9,1
43.4,-85.9,1
43.4,-85.9,1
43.4,-85.9,1
43.4,-85.9,1
43.4,-85.9,1
43.4,-85.9,1
43.4,-85.9,1
43.4,-85.9,1
43.4,-85.9,1
43.4,-85.9,1
43.4,-85.9,1
43.4,-85.9,1
43.4,-85.9,1
43.4,-85.9,1
43.4,-85.9,1
43.4,-85.9,1
43.4,-85.9,1
43.4,-85.9,1
43.4,-85.9,1
43.4,-85.9,1
43.4,-85.9,1
43.4,-85.9,1
43.4,-85.9,1
43.4,-85.9,1
43.4,-85.9,1
43.4,-85.9,1
43.4,-85.9,1
43.4,-85.9,1
43.4,-85.9,1
43.4,-85.9,1
43.4,-85.9,1
43.4,-85.9,1
43.4,-85.9,1
43.4,-85.9,1
43.4,-85.9,1
43.4,-85.9,1
43.4,-85.9,1
43.4,-85.9,1
43.4,-85.9,1
43.4,-85.9,1
43.4,-85.9,1
43.4,-85.9,1
43.4,-85.9,1
43.4,-85.9,1
43.4,-85.9,1
43.4,-85.9,1
43.4,-85.9,1
43.4,-85.9,1
43.4,-85.9,1
43.4,-85.9,1
43.4,-85.9,1
43.4,-85.9,1
43.4,-85.9,1
43.4,-85.9,1
43.4,-85.9,1
43.4,-85.9,1
43.4,-85.9,1
43.4,-85.9,1
43.4,-85.9,1
43.4,-85.9,1
43.4,-85.9,1
43.4,-85.9,1
43.4,-85.9,1
43.4,-85.9,1
43.4,-85.9,1
43.4,-85.9,1
43.4,-85.9,1
43.4,-85.9,1
43.4,-85.9,1
43.4,-85.9,1
43.4,-85.9,1
43.4,-85.9,1
43.4,-85.9,1
43.4,-85.9,1
43.4,-85.9,1
43.4,-85.9,1
43.4,-85.9,1
43.4,-85.9,1
43.4,-85.9,1
43.4,-85.9,1
43.4,-85.9,1
43.4,-85.9,1
43.4,-85.9,1
43.4,-85.9,1
43.4,-85.9,1
43.4,-85.9,1
43.4,-85.9,1
43.4,-85.9,1
43.4,-85.9,1
43.4,-85.9,1
43.4,-85.9,1
43.4,-85.9,1
43.4,-85.9,1
43.4,-85.9,1
43.4,-85.9,1
43.4,-85.9,1
43.4,-85.9,1
43.4,-85.9,1
43.4,-85.9,1
43.4,-85.9,1
43.4,-85.9,1
43.4,-85.9,1
43.4,-85.9,1
43.4,-85.9,1
43.4,-85.9,1
43.4,-85.9,1
43.4,-85.9,1
43.4,-85.9,1
43.4,-85.9,1
43.4,-85.9,1
43.4,-85.9,1
43.4,-85.9,1
43.4,-85.9,1
43.4,-85.9,1
43.4,-85.9,1
43.4,-85.9,1
43.4,-85.9,1
43.4,-85.9,1
43.4,-85.9,1
43.4,-85.9,1
43.4,-85.9,1
43.4,-85.9,1
43.4,-85.9,1
43.4,-85.9,1
43.4,-85.9,1
43.4,-85.9,1
43.4,-85.9,1
43.4,-85.9,1
43.4,-85.9,1
43.4,-85.9,1
43.4,-85.9,1
43.4,-85.9,1
43.4,-85.9,1
43.4,-85.9,1
43.4,-85.9,1
43.4,-85.9,1
43.4,-85.9,1
43.4,-85.9,1
43.4,-85.9,1
43.4,-85.9,1
43.4,-85.9,1
43.4,-85.9,1
43.4,-85.9,1
43.4,-85.9,1
43.4,-85.9,1
43.4,-85.9,1
43.4,-85.9,1
43.4,-85.9,1
43.4,-85.9,1
43.4,-85.9,1
43.4,-85.9,1
43.4,-85.9,1
43.4,-85.9,1
43.4,-85.9,1
43.4,-85.9,1
43.4,-85.9,1
43.4,-85.9,1
43.4,-85.9,1
43.4,-85.9,1
43.4,-85.9,1
43.4,-85.9,1
43.4,-85.9,1
43.4,-85.9,1
43.4,-85.9,1
43.4,-85.9,1
43.4,-85.9,1
43.4,-85.9,1
43.4,-85.9,1
43.4,-85.9,1
43.4,-85.9,1
43.4,-85.9,1
43.4,-85.9,1
43.4,-85.9,1
43.4,-85.9,1
43.4,-85.9,1
43.4,-85.9,1
43.4,-85.9,1
43.4,-85.9,1
43.4,-85.9,1
43.4,-85.9,1
43.4,-85.9,1
43.4,-85.9,1
43.4,-85.9,1
43.4,-85.9,1
43.4,-85.9,1
43.4,-85.9,1
43.4,-85.9,1
43.4,-85.9,1
43.4,-85.9,1
43.4,-85.9,1
43.4,-85.9,1
43.4,-85.9,1
43.4,-85.9,1
43.4,-85.9,1
43.4,-85.9,1
43.4,-85.9,1
43.4,-85.9,1
43.4,-85.9,1
43.4,-85.9,1
43.4,-85.9,1
43.4,-85.9,1
43.4,-85.9,1
43.4,-85.9,1
43.4,-85.9,1
43.4,-85.9,1
43.4,-85.9,1
43.4,-85.9,1
43.4,-85.9,1
43.4,-85.9,1
43.4,-85.9,1
43.4,-85.9,1
43.4,-85.9,1
43.4,-85.9,1
43.4,-85.9,1
43.4,-85.9,1
43.4,-85.9,1
43.4,-85.9,1
43.4,-85.9,1
43.4,-85.9,1
43.4,-85.9,1
43.4,-85.9,1
43.4,-85.9,1
43.4,-85.9,1
43.4,-85.9,1
43.4,-85.9,1
43.4,-85.9,1
43.4,-85.9,1
43.4,-85.9,1
43.4,-85.9,1
43.4,-85.9,1
43.4,-85.9,1
43.4,-85.9,1
43.4,-85.9,1
43.4,-85.9,1
43.4,-85.9,1
43.4,-85.9,1
43.4,-85.9,1
43.4,-85.9,1
43.4,-85.9,1
43.4,-85.9,1
43.4,-85.9,1
43.4,-85.9,1
43.4,-85.9,1
43.4,-85.9,1
43.4,-85.9,1
43.4,-85.9,1
43.4,-85.9,1
43.4,-85.9,1
43.4,-85.9,1
43.4,-85.9,1
43.4,-85.9,1
43.4,-85.9,1
43.4,-85.9,1
43.4,-85.9,1
43.4,-85.9,1
43.4,-85.9,1
43.4,-85.9,1
43.4,-85.9,1
43.4,-85.9,1
43.4,-85.9,1
43.4,-85.9,1
43.4,-85.9,1
43.4,-85.9,1
43.4,-85.9,1
43.4,-85.9,1
43.4,-85.9,1
43.4,-85.9,1
43.4,-85.9,1
43.4,-85.9,1
43.4,-85.9,1
43.4,-85.9,1
43.4,-85.9,1
43.4,-85.9,1
43.4,-85.9,1
43.4,-85.9,1
43.4,-85.9,1
43.4,-85.9,1
43.4,-85.9,1
43.4,-85.9,1
43.4,-85.9,1
43.4,-85.9,1
43.4,-85.9,1
43.4,-85.9,1
43.4,-85.9,1
43.4,-85.9,1
43.4,-85.9,1
43.4,-85.9,1
43.4,-85.9,1
43.4,-85.9,1
43.4,-85.9,1
43.4,-85.9,1
43.4,-85.9,1
43.4,-85.9,1
43.4,-85.9,1
43.4,-85.9,1
43.4,-85.9,1
43.4,-85.9,1
43.4,-85.9,1
43.4,-85.9,1
43.4,-85.9,1
43.4,-85.9,1
43.4,-85.9,1
43.4,-85.9,1
43.4,-85.9,1
43.4,-85.9,1
43.4,-85.9,1
43.4,-85.9,1
43.4,-85.9,1
43.4,-85.9,1
43.4,-85.9,1
43.4,-85.9,1
43.4,-85.9,1
43.4,-85.9,1
43.4,-85.9,1
43.4,-85.9,1
43.4,-85.9,1
43.4,-85.9,1
43.4,-85.9,1
43.4,-85.9,1
43.4,-85.9,1
43.4,-85.9,1
43.4,-85.9,1
43.4,-85.9,1
43.4,-85.9,1
43.4,-85.9,1
43.4,-85.9,1
43.4,-85.9,1
43.4,-85.9,1
43.4,-85.9,1
43.4,-85.9,1
43.4,-85.9,1
43.4,-85.9,1
43.4,-85.9,1
43.4,-85.9,1
43.4,-85.9,1
43.4,-85.9,1
43.4,-85.9,1
43.4,-85.9,1
43.4,-85.9,1
43.4,-85.9,1
43.4,-85.9,1
43.4,-85.9,1
43.4,-85.9,1
43.4,-85.9,1
43.4,-85.9,1
43.4,-85.9,1
43.4,-85.9,1
43.4,-85.9,1
43.4,-85.9,1
43.4,-85.9,1
43.4,-85.9,1
43.4,-85.9,1
43.4,-85.9,1
43.4,-85.9,1
43.4,-85.9,1
43.4,-85.9,1
43.4,-85.9,1
43.4,-85.9,1
43.4,-85.9,1
43.4,-85.9,1
43.4,-85.9,1
43.4,-85.9,1
43.4,-85.9,1
43.4,-85.9,1
43.4,-85.9,1
43.4,-85.9,1
43.4,-85.9,1
43.4,-85.9,1
43.4,-85.9,1
43.4,-85.9,1
43.4,-85.9,1
43.4,-85.9,1
43.4,-85.9,1
43.4,-85.9,1
43.4,-85.9,1
43.4,-85.9,1
43.4,-85.9,1
43.4,-85.9,1
43.4,-85.9,1
43.4,-85.9,1
43.4,-85.9,1
43.4,-85.9,1
43.4,-85.9,1
43.4,-85.9,1
43.4,-85.9,1
43.4,-85.9,1
43.4,-85.9,1
43.4,-85.9,1
43.4,-85.9,1
43.4,-85.9,1
43.4,-85.9,1
43.4,-85.9,1
43.4,-85.9,1
43.4,-85.9,1
43.4,-85.9,1
43.4,-85.9,1
43.4,-85.9,1
43.4,-85.9,1
43.4,-85.9,1
43.4,-85.9,1
43.4,-85.9,1
43.4,-85.9,1
43.4,-85.9,1
43.4,-85.9,1
43.4,-85.9,1
43.4,-85.9,1
43.4,-85.9,1
43.4,-85.9,1
43.4,-85.9,1
43.4,-85.9,1
43.4,-85.9,1
43.4,-85.9,1
43.4,-85.9,1
43.4,-85.9,1
43.4,-85.9,1
43.4,-85.9,1
43.4,-85.9,1
43.4,-85.9,1
43.4,-85.9,1
43.4,-85.9,1
43.4,-85.9,1
43.4,-85.9,1
43.4,-85.9,1
43.4,-85.9,1
43.4,-85.9,1
43.4,-85.9,1
43.4,-85.9,1
43.4,-85.9,1
43.4,-85.9,1
43.4,-85.9,1
43.4,-85.9,1
43.4,-85.9,1
43.4,-85.9,1
43.4,-85.9,1
43.4,-85.9,1
43.4,-85.9,1
43.4,-85.9,1
43.4,-85.9,1
43.4,-85.9,1
43.4,-85.9,1
43.4,-85.9,1
43.4,-85.9,1
43.4,-85.9,1
43.4,-85.9,1
43.4,-85.9,1
43.4,-85.9,1
43.4,-85.9,1
43.4,-85.9,1
43.4,-85.9,1
43.4,-85.9,1
43.4,-85.9,1
43.4,-85.9,1
43.4,-85.9,1
43.4,-85.9,1
43.4,-85.9,1
43.4,-85.9,1
43.4,-85.9,1
43.4,-85.9,1
43.4,-85.9,1
43.4,-85.9,1
43.4,-85.9,1
43.4,-85.9,1
43.4,-85.9,1
43.4,-85.9,1
43.4,-85.9,1
43.4,-85.9,1
43.4,-85.9,1
43.4,-85.9,1
43.4,-85.9,1
43.4,-85.9,1
43.4,-85.9,1
43.4,-85.9,1
43.4,-85.9,1
43.4,-85.9,1
43.4,-85.9,1
43.4,-85.9,1
43.4,-85.9,1
43.4,-85.9,1
43.4,-85.9,1
43.4,-85.9,1
43.4,-85.9,1
43.4,-85.9,1
43.4,-85.9,1
43.4,-85.9,1
43.4,-85.9,1
43.4,-85.9,1
43.4,-85.9,1
43.4,-85.9,1
43.4,-85.9,1
43.4,-85.9,1
43.4,-85.9,1
43.4,-85.9,1
43.4,-85.9,1
43.4,-85.9,1
43.4,-85.9,1
43.4,-85.9,1
43.4,-85.9,1
43.4,-85.9,1
43.4,-85.9,1
43.4,-85.9,1
43.4,-85.9,1
43.4,-85.9,1
43.4,-85.9,1
43.4,-85.9,1
43.4,-85.9,1
43.4,-85.9,1
43.4,-85.9,1
43.4,-85.9,1
43.4,-85.9,1
43.4,-85.9,1
43.4,-85.9,1
43.4,-85.9,1
43.4,-85.9,1
43.4,-85.9,1
43.4,-85.9,1
43.4,-85.9,1
43.4,-85.9,1
43.4,-85.9,1
43.4,-85.9,1
43.4,-85.9,1
43.4,-85.9,1
43.4,-85.9,1
43.4,-85.9,1
43.4,-85.9,1
43.4,-85.9,1
43.4,-85.9,1
43.4,-85.9,1
43.4,-85.9,1
43.4,-85.9,1
43.4,-85.9,1
43.4,-85.9,1
43.4,-85.9,1
43.4,-85.9,1
43.4,-85.9,1
43.4,-85.9,1
43.4,-85.9,1
43.4,-85.9,1
43.4,-85.9,1
43.4,-85.9,1
43.4,-85.9,1
43.4,-85.9,1
43.4,-85.9,1
43.4,-85.9,1
43.4,-85.9,1
43.4,-85.9,1
43.4,-85.9,1
43.4,-85.9,1
43.4,-85.9,1
43.4,-85.9,1
43.4,-85.9,1
43.4,-85.9,1
43.4,-85.9,1
43.4,-85.9,1
43.4,-85.9,1
43.4,-85.9,1
43.4,-85.9,1
43.4,-85.9,1
43.4,-85.9,1
43.4,-85.9,1
43.4,-85.9,1
43.4,-85.9,1
43.4,-85.9,1
43.4,-85.9,1
43.4,-85.9,1
43.4,-85.9,1
43.4,-85.9,1
43.4,-85.9,1
43.4,-85.9,1
43.4,-85.9,1
43.4,-85.9,1
43.4,-85.9,1
43.4,-85.9,1
43.4,-85.9,1
43.4,-85.9,1
43.4,-85.9,1
43.4,-85.9,1
43.4,-85.9,1
43.4,-85.9,1
43.4,-85.9,1
43.4,-85.9,1
43.4,-85.9,1
43.4,-85.9,1
43.4,-85.9,1
43.4,-85.9,1
43.4,-85.9,1
43.4,-85.9,1
43.4,-85.9,1
43.4,-85.9,1
43.4,-85.9,1
43.4,-85.9,1
43.4,-85.9,1
43.4,-85.9,1
43.4,-85.9,1
43.4,-85.9,1
43.4,-85.9,1
43.4,-85.9,1
43.4,-85.9,1
43.4,-85.9,1
43.4,-85.9,1
43.4,-85.9,1
43.4,-85.9,1
43.4,-85.9,1
43.4,-85.9,1
43.4,-85.9,1
43.4,-85.9,1
43.4,-85.9,1
43.4,-85.9,1
43.4,-85.9,1
43.4,-85.9,1
43.4,-85.9,1
43.4,-85.9,1
43.4,-85.9,1
43.4,-85.9,1
43.4,-85.9,1
43.4,-85.9,1
43.4,-85.9,1
43.4,-85.9,1
43.4,-85.9,1
43.4,-85.9,1
43.4,-85.9,1
43.4,-85.9,1
43.4,-85.9,1
43.4,-85.9,1
43.4,-85.9,1
43.4,-85.9,1
43.4,-85.9,1
43.4,-85.9,1
43.4,-85.9,1
43.4,-85.9,1
43.4,-85.9,1
43.4,-85.9,1
43.4,-85.9,1
43.4,-85.9,1
43.4,-85.9,1
43.4,-85.9,1
43.4,-85.9,1
43.4,-85.9,1
43.4,-85.9,1
43.4,-85.9,1
43.4,-85.9,1
43.4,-85.9,1
43.4,-85.9,1
43.4,-85.9,1
43.4,-85.9,1
43.4,-85.9,1
43.4,-85.9,1
43.4,-85.9,1
43.4,-85.9,1
43.4,-85.9,1
43.4,-85.9,1
43.4,-85.9,1
43.4,-85.9,1
43.4,-85.9,1
43.4,-85.9,1
43.4,-85.9,1
43.4,-85.9,1
43.4,-85.9,1
43.4,-85.9,1
43.4,-85.9,1
43.4,-85.9,1
43.4,-85.9,1
43.4,-85.9,1
43.4,-85.9,1
43.4,-85.9,1
43.4,-85.9,1
43.4,-85.9,1
43.4,-85.9,1
43.4,-85.9,1
43.4,-85.9,1
43.4,-85.9,1
43.4,-85.9,1
43.4,-85.9,1
43.4,-85.9,1
43.4,-85.9,1
43.4,-85.9,1
43.4,-85.9,1
43.4,-85.9,1
43.4,-85.9,1
43.4,-85.9,1
43.4,-85.9,1
43.4,-85.9,1
43.4,-85.9,1
43.4,-85.9,1
43.4,-85.9,1
43.4,-85.9,1
43.4,-85.9,1
43.4,-85.9,1
43.4,-85.9,1
43.4,-85.9,1
43.4,-85.9,1
43.4,-85.9,1
43.4,-85.9,1
43.4,-85.9,1
43.4,-85.9,1
43.4,-85.9,1
43.4,-85.9,1
43.4,-85.9,1
43.4,-85.9,1
43.4,-85.9,1
43.4,-85.9,1
43.4,-85.9,1
43.4,-85.9,1
43.4,-85.9,1
43.4,-85.9,1
43.4,-85.9,1
43.4,-85.9,1
43.4,-85.9,1
43.4,-85.9,1
43.4,-85.9,1
43.4,-85.9,1
43.4,-85.9,1
43.4,-85.9,1
43.4,-85.9,1
43.4,-85.9,1
43.4,-85.9,1
43.4,-85.9,1
43.4,-85.9,1
43.4,-85.9,1
43.4,-85.9,1
43.4,-85.9,1
43.4,-85.9,1
43.4,-85.9,1
43.4,-85.9,1
43.4,-85.9,1
43.4,-85.9,1
43.4,-85.9,1
43.4,-85.9,1
43.4,-85.9,1
43.4,-85.9,1
43.4,-85.9,1
43.4,-85.9,1
43.4,-85.9,1
43.4,-85.9,1
43.4,-85.9,1
43.4,-85.9,1
43.4,-85.9,1
43.4,-85.9,1
43.4,-85.9,1
43.4,-85.9,1
43.4,-85.9,1
43.4,-85.9,1
43.4,-85.9,1
43.4,-85.9,1
43.4,-85.9,1
43.4,-85.9,1
43.4,-85.9,1
43.4,-85.9,1
43.4,-85.9,1
43.4,-85.9,1
43.4,-85.9,1
43.4,-85.9,1
43.4,-85.9,1
43.4,-85.9,1
43.4,-85.9,1
43.4,-85.9,1
43.4,-85.9,1
43.4,-85.9,1
43.4,-85.9,1
43.4,-85.9,1
43.4,-85.9,1
43.4,-85.9,1
43.4,-85.9,1
43.4,-85.9,1
43.4,-85.9,1
43.4,-85.9,1
43.4,-85.9,1
43.4,-85.9,1
43.4,-85.9,1
43.4,-85.9,1
43.4,-85.9,1
43.4,-85.9,1
43.4,-85.9,1
43.4,-85.9,1
43.4,-85.9,1
43.4,-85.9,1
43.4,-85.9,1
43.4,-85.9,1
43.4,-85.9,1
43.4,-85.9,1
43.4,-85.9,1
43.4,-85.9,1
43.4,-85.9,1
43.4,-85.9,1
43.4,-85.9,1
43.4,-85.9,1
43.4,-85.9,1
43.4,-85.9,1
43.4,-85.9,1
43.4,-85.9,1
43.4,-85.9,1
43.4,-85.9,1
43.4,-85.9,1
43.4,-85.9,1
43.4,-85.9,1
43.4,-85.9,1
43.4,-85.9,1
43.4,-85.9,1
43.4,-85.9,1
43.4,-85.9,1
43.4,-85.9,1
43.4,-85.9,1
43.4,-85.9,1
43.4,-85.9,1
43.4,-85.9,1
43.4,-85.9,1
43.4,-85.9,1
43.4,-85.9,1
43.4,-85.9,1
43.4,-85.9,1
43.4,-85.9,1
43.4,-85.9,1
43.4,-85.9,1
43.4,-85.9,1
43.4,-85.9,1
43.4,-85.9,1
43.4,-85.9,1
43.4,-85.9,1
43.4,-85.9,1
43.4,-85.9,1
43.4,-85.9,1
43.4,-85.9,1
43.4,-85.9,1
43.4,-85.9,1
43.4,-85.9,1
43.4,-85.9,1
43.4,-85.9,1
43.4,-85.9,1
43.4,-85.9,1
43.4,-85.9,1
43.4,-85.9,1
43.4,-85.9,1
43.4,-85.9,1
43.4,-85.9,1
43.4,-85.9,1
43.4,-85.9,1
43.4,-85.9,1
43.4,-85.9,1
43.4,-85.9,1
43.4,-85.9,1
43.4,-85.9,1
43.4,-85.9,1
43.4,-85.9,1
43.4,-85.9,1
43.4,-85.9,1
43.4,-85.9,1
43.4,-85.9,1
43.4,-85.9,1
43.4,-85.9,1
43.4,-85.9,1
43.4,-85.9,1
43.4,-85.9,1
43.4,-85.9,1
43.4,-85.9,1
43.4,-85.9,1
43.4,-85.9,1
43.4,-85.9,1
43.4,-85.9,1
43.4,-85.9,1
43.4,-85.9,1
43.4,-85.9,1
43.4,-85.9,1
43.4,-85.9,1
43.4,-85.9,1
43.4,-85.9,1
43.4,-85.9,1
43.4,-85.9,1
43.4,-85.9,1
43.4,-85.9,1
43.4,-85.9,1
43.4,-85.9,1
43.4,-85.9,1
43.4,-85.9,1
43.4,-85.9,1
43.4,-85.9,1
43.4,-85.9,1
43.4,-85.9,1
43.4,-85.9,1
43.4,-85.9,1
43.4,-85.9,1
43.4,-85.9,1
43.4,-85.9,1
43.4,-85.9,1
43.4,-85.9,1
43.4,-85.9,1
43.4,-85.9,1
43.4,-85.9,1
43.4,-85.9,1
43.4,-85.9,1
43.4,-85.9,1
43.4,-85.9,1
43.4,-85.9,1
43.4,-85.9,1
43.4,-85.9,1
43.4,-85.9,1
43.4,-85.9,1
43.4,-85.9,1
43.4,-85.9,1
43.4,-85.9,1
43.4,-85.9,1
43.4,-85.9,1
43.4,-85.9,1
43.4,-85.9,1
43.4,-85.9,1
43.4,-85.9,1
43.4,-85.9,1
43.4,-85.9,1
43.4,-85.9,1
43.4,-85.9,1
43.4,-85.9,1
43.4,-85.9,1
43.4,-85.9,1
43.4,-85.9,1
43.4,-85.9,1
43.4,-85.9,1
43.4,-85.9,1
43.4,-85.9,1
43.4,-85.9,1
43.4,-85.9,1
43.4,-85.9,1
43.4,-85.9,1
43.4,-85.9,1
43.4,-85.9,1
43.4,-85.9,1
43.4,-85.9,1
43.4,-85.9,1
43.4,-85.9,1
43.4,-85.9,1
43.4,-85.9,1
43.4,-85.9,1
43.4,-85.9,1
43.4,-85.9,1
43.4,-85.9,1
43.4,-85.9,1
43.4,-85.9,1
43.4,-85.9,1
43.4,-85.9,1
43.4,-85.9,1
43.4,-85.9,1
43.4,-85.9,1
43.4,-85.9,1
43.4,-85.9,1
43.4,-85.9,1
43.4,-85.9,1
43.4,-85.9,1
43.4,-85.9,1
43.4,-85.9,1
43.4,-85.9,1
43.4,-85.9,1
43.4,-85.9,1
43.4,-85.9,1
43.4,-85.9,1
43.4,-85.9,1
43.4,-85.9,1
43.4,-85.9,1
43.4,-85.9,1
43.4,-85.9,1
43.4,-85.9,1
43.4,-85.9,1
43.4,-85.9,1
43.4,-85.9,1
43.4,-85.9,1
43.4,-85.9,1
43.4,-85.9,1
43.4,-85.9,1
43.4,-85.9,1
43.4,-85.9,1
43.4,-85.9,1
43.4,-85.9,1
43.4,-85.9,1
43.4,-85.9,1
43.4,-85.9,1
43.4,-85.9,1
43.4,-85.9,1
43.4,-85.9,1
43.4,-85.9,1
43.4,-85.9,1
43.4,-85.9,1
43.4,-85.9,1
43.4,-85.9,1
43.4,-85.9,1
43.4,-85.9,1
43.4,-85.9,1
43.4,-85.9,1
43.4,-85.9,1
43.4,-85.9,1
43.4,-85.9,1
43.4,-85.9,1
43.4,-85.9,1
43.4,-85.9,1
43.4,-85.9,1
43.4,-85.9,1
43.4,-85.9,1
43.4,-85.9,1
43.4,-85.9,1
43.4,-85.9,1
43.4,-85.9,1
43.4,-85.9,1
43.4,-85.9,1
43.4,-85.9,1
43.4,-85.9,1
43.4,-85.9,1
43.4,-85.9,1
43.4,-85.9,1
43.4,-85.9,1
43.4,-85.9,1
43.4,-85.9,1
43.4,-85.9,1
43.4,-85.9,1
43.4,-85.9,1
43.4,-85.9,1
43.4,-85.9,1
43.4,-85.9,1
43.4,-85.9,1
43.4,-85.9,1
43.4,-85.9,1
43.4,-85.9,1
43.4,-85.9,1
43.4,-85.9,1
43.4,-85.9,1
43.4,-85.9,1
43.4,-85.9,1
43.4,-85.9,1
43.4,-85.9,1
43.4,-85.9,1
43.4,-85.9,1
43.4,-85.9,1
43.4,-85.9,1
43.4,-85.9,1
43.4,-85.9,1
43.4,-85.9,1
43.4,-85.9,1
43.4,-85.9,1
43.4,-85.9,1
43.4,-85.9,1
43.4,-85.9,1
43.4,-85.9,1
43.4,-85.9,1
43.4,-85.9,1
43.4,-85.9,1
43.4,-85.9,1
43.4,-85.9,1
43.4,-85.9,1
43.4,-85.9,1
43.4,-85.9,1
43.4,-85.9,1
43.4,-85.9,1
43.4,-85.9,1
43.4,-85.9,1
43.4,-85.9,1
43.4,-85.9,1
43.4,-85.9,1
43.4,-85.9,1
43.4,-85.9,1
43.4,-85.9,1
43.4,-85.9,1
43.4,-85.9,1
43.4,-85.9,1
43.4,-85.9,1
43.4,-85.9,1
43.4,-85.9,1
43.4,-85.9,1
43.4,-85.9,1
43.4,-85.9,1
43.4,-85.9,1
43.4,-85.9,1
43.4,-85.9,1
43.4,-85.9,1
43.4,-85.9,1
43.4,-85.9,1
43.4,-85.9,1
43.4,-85.9,1
43.4,-85.9,1
43.4,-85.9,1
43.4,-85.9,1
43.4,-85.9,1
43.4,-85.9,1
43.4,-85.9,1
43.4,-85.9,1
43.4,-85.9,1
43.4,-85.9,1
43.4,-85.9,1
43.4,-85.9,1
43.4,-85.9,1
43.4,-85.9,1
43.4,-85.9,1
43.4,-85.9,1
43.4,-85.9,1
43.4,-85.9,1
43.4,-85.9,1
43.4,-85.9,1
43.4,-85.9,1
43.4,-85.9,1
43.4,-85.9,1
43.4,-85.9,1
43.4,-85.9,1
43.4,-85.9,1
43.4,-85.9,1
43.4,-85.9,1
43.4,-85.9,1
43.4,-85.9,1
43.4,-85.9,1
43.4,-85.9,1
43.4,-85.9,1
43.4,-85.9,1
43.4,-85.9,1
43.4,-85.9,1
43.4,-85.9,1
43.4,-85.9,1
43.4,-85.9,1
43.4,-85.9,1
43.4,-85.9,1
43.4,-85.9,1
43.4,-85.9,1
43.4,-85.9,1
43.4,-85.9,1
43.4,-85.9,1
43.4,-85.9,1
43.4,-85.9,1
43.4,-85.9,1
43.4,-85.9,1
43.4,-85.9,1
43.4,-85.9,1
43.4,-85.9,1
43.4,-85.9,1
43.4,-85.9,1
43.4,-85.9,1
43.4,-85.9,1
43.4,-85.9,1
43.4,-85.9,1
43.4,-85.9,1
43.4,-85.9,1
43.4,-85.9,1
43.4,-85.9,1
43.4,-85.9,1
43.4,-85.9,1
43.4,-85.9,1
43.4,-85.9,1
43.4,-85.9,1
43.4,-85.9,1
43.4,-85.9,1
43.4,-85.9,1
43.4,-85.9,1
43.4,-85.9,1
43.4,-85.9,1
43.4,-85.9,1
43.4,-85.9,1
43.4,-85.9,1
43.4,-85.9,1
43.4,-85.9,1
43.4,-85.9,1
43.4,-85.9,1
43.4,-85.9,1
43.4,-85.9,1
43.4,-85.9,1
43.4,-85.9,1
43.4,-85.9,1
43.4,-85.9,1
43.4,-85.9,1
43.4,-85.9,1
43.4,-85.9,1
43.4,-85.9,1
43.4,-85.9,1
43.4,-85.9,1
43.4,-85.9,1
43.4,-85.9,1
43.4,-85.9,1
43.4,-85.9,1
43.4,-85.9,1
43.4,-85.9,1
43.4,-85.9,1
43.4,-85.9,1
43.4,-85.9,1
43.4,-85.9,1
43.4,-85.9,1
43.4,-85.9,1
43.4,-85.9,1
43.4,-85.9,1
43.4,-85.9,1
43.4,-85.9,1
43.4,-85.9,1
43.4,-85.9,1
43.4,-85.9,1
43.4,-85.9,1
43.4,-85.9,1
43.4,-85.9,1
43.4,-85.9,1
43.4,-85.9,1
43.4,-85.9,1
43.4,-85.9,1
43.4,-85.9,1
43.4,-85.9,1
43.4,-85.9,1
43.4,-85.9,1
43.4,-85.9,1
43.4,-85.9,1
43.4,-85.9,1
43.4,-85.9,1
43.4,-85.9,1
43.4,-85.9,1
43.4,-85.9,1
43.4,-85.9,1
43.4,-85.9,1
43.4,-85.9,1
43.4,-85.9,1
43.4,-85.9,1
43.4,-85.9,1
43.4,-85.9,1
43.4,-85.9,1
43.4,-85.9,1
43.4,-85.9,1
43.4,-85.9,1
43.4,-85.9,1
43.4,-85.9,1
43.4,-85.9,1
43.4,-85.9,1
43.4,-85.9,1
43.4,-85.9,1
43.4,-85.9,1
43.4,-85.9,1
43.4,-85.9,1
43.4,-85.9,1
43.4,-85.9,1
43.4,-85.9,1
43.4,-85.9,1
43.4,-85.9,1
43.4,-85.9,1
43.4,-85.9,1
43.4,-85.9,1
43.4,-85.9,1
43.4,-85.9,1
43.4,-85.9,1
43.4,-85.9,1
43.4,-85.9,1
43.4,-85.9,1
43.4,-85.9,1
43.4,-85.9,1
43.4,-85.9,1
43.4,-85.9,1
43.4,-85.9,1
43.4,-85.9,1
43.4,-85.9,1
43.4,-85.9,1
43.4,-85.9,1
43.4,-85.9,1
43.4,-85.9,1
43.4,-85.9,1
43.4,-85.9,1
43.4,-85.9,1
43.4,-85.9,1
43.4,-85.9,1
43.4,-85.9,1
43.4,-85.9,1
43.4,-85.9,1
43.4,-85.9,1
43.4,-85.9,1
43.4,-85.9,1
43.4,-85.9,1
43.4,-85.9,1
43.4,-85.9,1
43.4,-85.9,1
43.4,-85.9,1
43.4,-85.9,1
43.4,-85.9,1
43.4,-85.9,1
43.4,-85.9,1
43.4,-85.9,1
43.4,-85.9,1
43.4,-85.9,1
43.4,-85.9,1
43.4,-85.9,1
43.4,-85.9,1
43.4,-85.9,1
43.4,-85.9,1
43.4,-85.9,1
43.4,-85.9,1
43.4,-85.9,1
43.4,-85.9,1
43.4,-85.9,1
43.4,-85.9,1
43.4,-85.9,1
43.4,-85.9,1
43.4,-85.9,1
43.4,-85.9,1
43.4,-85.9,1
43.4,-85.9,1
43.4,-85.9,1
43.4,-85.9,1
43.4,-85.9,1
43.4,-85.9,1
43.4,-85.9,1
43.4,-85.9,1
43.4,-85.9,1
43.4,-85.9,1
43.4,-85.9,1
43.4,-85.9,1
43.4,-85.9,1
43.4,-85.9,1
43.4,-85.9,1
43.4,-85.9,1
43.4,-85.9,1
43.4,-85.9,1
43.4,-85.9,1
43.4,-85.9,1
43.4,-85.9,1
43.4,-85.9,1
43.4,-85.9,1
43.4,-85.9,1
43.4,-85.9,1
43.4,-85.9,1
43.4,-85.9,1
43.4,-85.9,1
43.4,-85.9,1
43.4,-85.9,1
43.4,-85.9,1
43.4,-85.9,1
43.4,-85.9,1
43.4,-85.9,1
43.4,-85.9,1
43.4,-85.9,1
43.4,-85.9,1
43.4,-85.9,1
43.4,-85.9,1
43.4,-85.9,1
43.4,-85.9,1
43.4,-85.9,1
43.4,-85.9,1
43.4,-85.9,1
43.4,-85.9,1
43.4,-85.9,1
43.4,-85.9,1
43.4,-85.9,1
43.4,-85.9,1
43.4,-85.9,1
43.4,-85.9,1
43.4,-85.9,1
43.4,-85.9,1
43.4,-85.9,1
43.4,-85.9,1
43.4,-85.9,1
43.4,-85.9,1
43.4,-85.9,1
43.4,-85.9,1
43.4,-85.9,1
43.4,-85.9,1
43.4,-85.9,1
43.4,-85.9,1
43.4,-85.9,1
43.4,-85.9,1
43.4,-85.9,1
43.4,-85.9,1
43.4,-85.9,1
43.4,-85.9,1
43.4,-85.9,1
43.4,-85.9,1
43.4,-85.9,1
43.4,-85.9,1
43.4,-85.9,1
43.4,-85.9,1
43.4,-85.9,1
43.4,-85.9,1
43.4,-85.9,1
43.4,-85.9,1
43.4,-85.9,1
43.4,-85.9,1
43.4,-85.9,1
43.4,-85.9,1
43.4,-85.9,1
43.4,-85.9,1
43.4,-85.9,1
43.4,-85.9,1
43.4,-85.9,1
43.4,-85.9,1
43.4,-85.9,1
43.4,-85.9,1
43.4,-85.9,1
43.4,-85.9,1
43.4,-85.9,1
43.4,-85.9,1
43.4,-85.9,1
43.4,-85.9,1
43.4,-85.9,1
43.4,-85.9,1
43.4,-85.9,1
43.4,-85.9,1
43.4,-85.9,1
43.4,-85.9,1
43.4,-85.9,1
43.4,-85.9,1
43.4,-85.9,1
43.4,-85.9,1
43.4,-85.9,1
43.4,-85.9,1
43.4,-85.9,1
43.4,-85.9,1
43.4,-85.9,1
43.4,-85.9,1
43.4,-85.9,1
43.4,-85.9,1
43.4,-85.9,1
43.4,-85.9,1
43.4,-85.9,1
43.4,-85.9,1
43.4,-85.9,1
43.4,-85.9,1
43.4,-85.9,1
43.4,-85.9,1
43.4,-85.9,1
43.4,-85.9,1
43.4,-85.9,1
43.4,-85.9,1
43.4,-85.9,1
43.4,-85.9,1
43.4,-85.9,1
43.4,-85.9,1
43.4,-85.9,1
43.4,-85.9,1
43.4,-85.9,1
43.4,-85.9,1
43.4,-85.9,1
43.4,-85.9,1
43.4,-85.9,1
43.4,-85.9,1
43.4,-85.9,1
43.4,-85.9,1
43.4,-85.9,1
43.4,-85.9,1
43.4,-85.9,1
43.4,-85.9,1
43.4,-85.9,1
43.4,-85.9,1
43.4,-85.9,1
43.4,-85.9,1
43.4,-85.9,1
43.4,-85.9,1
43.4,-85.9,1
43.4,-85.9,1
43.4,-85.9,1
43.4,-85.9,1
43.4,-85.9,1
43.4,-85.9,1
43.4,-85.9,1
43.4,-85.9,1
43.4,-85.9,1
43.4,-85.9,1
43.4,-85.9,1
43.4,-85.9,1
43.4,-85.9,1
43.4,-85.9,1
43.4,-85.9,1
43.4,-85.9,1
43.4,-85.9,1
43.4,-85.9,1
43.4,-85.9,1
43.4,-85.9,1
43.4,-85.9,1
43.4,-85.9,1
43.4,-85.9,1
43.4,-85.9,1
43.4,-85.9,1
43.4,-85.9,1
43.4,-85.9,1
43.4,-85.9,1
43.4,-85.9,1
43.4,-85.9,1
43.4,-85.9,1
43.4,-85.9,1
43.4,-85.9,1
43.4,-85.9,1
43.4,-85.9,1
43.4,-85.9,1
43.4,-85.9,1
43.4,-85.9,1
43.4,-85.9,1
43.4,-85.9,1
43.4,-85.9,1
43.4,-85.9,1
43.4,-85.9,1
43.4,-85.9,1
43.4,-85.9,1
43.4,-85.9,1
43.4,-85.9,1
43.4,-85.9,1
43.4,-85.9,1
43.4,-85.9,1
43.4,-85.9,1
43.4,-85.9,1
43.4,-85.9,1
43.4,-85.9,1
43.4,-85.9,1
43.4,-85.9,1
43.4,-85.9,1
43.4,-85.9,1
43.4,-85.9,1
43.4,-85.9,1
43.4,-85.9,1
43.4,-85.9,1
43.4,-85.9,1
43.4,-85.9,1
43.4,-85.9,1
43.4,-85.9,1
43.4,-85.9,1
43.4,-85.9,1
43.4,-85.9,1
43.4,-85.9,1
43.4,-85.9,1
43.4,-85.9,1
43.4,-85.9,1
43.4,-85.9,1
43.4,-85.9,1
43.4,-85.9,1
43.4,-85.9,1
43.4,-85.9,1
43.4,-85.9,1
43.4,-85.9,1
43.4,-85.9,1
43.4,-85.9,1
43.4,-85.9,1
43.4,-85.9,1
43.4,-85.9,1
43.4,-85.9,1
43.4,-85.9,1
43.4,-85.9,1
43.4,-85.9,1
43.4,-85.9,1
43.4,-85.9,1
43.4,-85.9,1
43.4,-85.9,1
43.4,-85.9,1
43.4,-85.9,1
43.4,-85.9,1
43.4,-85.9,1
43.4,-85.9,1
43.4,-85.9,1
43.4,-85.9,1
43.4,-85.9,1
43.4,-85.9,1
43.4,-85.9,1
43.4,-85.9,1
43.4,-85.9,1
43.4,-85.9,1
43.4,-85.9,1
43.4,-85.9,1
43.4,-85.9,1
43.4,-85.9,1
43.4,-85.9,1
43.4,-85.9,1
43.4,-85.9,1
43.4,-85.9,1
43.4,-85.9,1
43.4,-85.9,1
43.4,-85.9,1
43.4,-85.9,1
43.4,-85.9,1
43.4,-85.9,1
43.4,-85.9,1
43.4,-85.9,1
43.4,-85.9,1
43.4,-85.9,1
43.4,-85.9,1
43.4,-85.9,1
43.4,-85.9,1
43.4,-85.9,1
43.4,-85.9,1
43.4,-85.9,1
43.4,-85.9,1
43.4,-85.9,1
43.4,-85.9,1
43.4,-85.9,1
43.4,-85.9,1
43.4,-85.9,1
43.4,-85.9,1
43.4,-85.9,1
43.4,-85.9,1
43.4,-85.9,1
43.4,-85.9,1
43.4,-85.9,1
43.4,-85.9,1
43.4,-85.9,1
43.4,-85.9,1
43.4,-85.9,1
43.4,-85.9,1
43.4,-85.9,1
43.4,-85.9,1
43.4,-85.9,1
43.4,-85.9,1
43.4,-85.9,1
43.4,-85.9,1
43.4,-85.9,1
43.4,-85.9,1
43.4,-85.9,1
43.4,-85.9,1
43.4,-85.9,1
43.4,-85.9,1
43.4,-85.9,1
43.4,-85.9,1
43.4,-85.9,1
43.4,-85.9,1
43.4,-85.9,1
43.4,-85.9,1
43.4,-85.9,1
43.4,-85.9,1
43.4,-85.9,1
43.4,-85.9,1
43.4,-85.9,1
43.4,-85.9,1
43.4,-85.9,1
43.4,-85.9,1
43.4,-85.9,1
43.4,-85.9,1
43.4,-85.9,1
43.4,-85.9,1
43.4,-85.9,1
43.4,-85.9,1
43.4,-85.9,1
43.4,-85.9,1
43.4,-85.9,1
43.4,-85.9,1
43.4,-85.9,1
43.4,-85.9,1
43.4,-85.9,1
43.4,-85.9,1
43.4,-85.9,1
43.4,-85.9,1
43.4,-85.9,1
43.4,-85.9,1
43.4,-85.9,1
43.4,-85.9,1
43.4,-85.9,1
43.4,-85.9,1
43.4,-85.9,1
43.4,-85.9,1
43.4,-85.9,1
43.4,-85.9,1
43.4,-85.9,1
43.4,-85.9,1
43.4,-85.9,1
43.4,-85.9,1
43.4,-85.9,1
43.4,-85.9,1
43.4,-85.9,1
43.4,-85.9,1
43.4,-85.9,1
43.4,-85.9,1
43.4,-85.9,1
43.4,-85.9,1
43.4,-85.9,1
43.4,-85.9,1
43.4,-85.9,1
43.4,-85.9,1
43.4,-85.9,1
43.4,-85.9,1
43.4,-85.9,1
43.4,-85.9,1
43.4,-85.9,1
43.4,-85.9,1
43.4,-85.9,1
43.4,-85.9,1
43.4,-85.9,1
43.4,-85.9,1
43.4,-85.9,1
43.4,-85.9,1
43.4,-85.9,1
43.4,-85.9,1
43.4,-85.9,1
43.4,-85.9,1
43.4,-85.9,1
43.4,-85.9,1
43.4,-85.9,1
43.4,-85.9,1
43.4,-85.9,1
43.4,-85.9,1
43.4,-85.9,1
43.4,-85.9,1
43.4,-85.9,1
43.4,-85.9,1
43.4,-85.9,1
43.4,-85.9,1
43.4,-85.9,1
43.4,-85.9,1
43.4,-85.9,1
43.4,-85.9,1
43.4,-85.9,1
43.4,-85.9,1
43.4,-85.9,1
43.4,-85.9,1
43.4,-85.9,1
43.4,-85.9,1
43.4,-85.9,1
43.4,-85.9,1
43.4,-85.9,1
43.4,-85.9,1
43.4,-85.9,1
43.4,-85.9,1
43.4,-85.9,1
43.4,-85.9,1
43.4,-85.9,1
43.4,-85.9,1
43.4,-85.9,1
43.4,-85.9,1
43.4,-85.9,1
43.4,-85.9,1
43.4,-85.9,1
43.4,-85.9,1
43.4,-85.9,1
43.4,-85.9,1
43.4,-85.9,1
43.4,-85.9,1
43.4,-85.9,1
43.4,-85.9,1
43.4,-85.9,1
43.4,-85.9,1
43.4,-85.9,1
43.4,-85.9,1
43.4,-85.9,1
43.4,-85.9,1
43.4,-85.9,1
43.4,-85.9,1
43.4,-85.9,1
43.4,-85.9,1
43.4,-85.9,1
43.4,-85.9,1
43.4,-85.9,1
43.4,-85.9,1
43.4,-85.9,1
43.4,-85.9,1
43.4,-85.9,1
43.4,-85.9,1
43.4,-85.9,1
43.4,-85.9,1
43.4,-85.9,1
43.4,-85.9,1
43.4,-85.9,1
43.4,-85.9,1
43.4,-85.9,1
43.4,-85.9,1
43.4,-85.9,1
43.4,-85.9,1
43.4,-85.9,1
43.4,-85.9,1
43.4,-85.9,1
43.4,-85.9,1
43.4,-85.9,1
43.4,-85.9,1
43.4,-85.9,1
43.4,-85.9,1
43.4,-85.9,1
43.4,-85.9,1
43.4,-85.9,1
43.4,-85.9,1
43.4,-85.9,1
43.4,-85.9,1
43.4,-85.9,1
43.4,-85.9,1
43.4,-85.9,1
43.4,-85.9,1
43.4,-85.9,1
43.4,-85.9,1
43.4,-85.9,1
43.4,-85.9,1
43.4,-85.9,1
43.4,-85.9,1
43.4,-85.9,1
43.4,-85.9,1
43.4,-85.9,1
43.4,-85.9,1
43.4,-85.9,1
43.4,-85.9,1
43.4,-85.9,1
43.4,-85.9,1
43.4,-85.9,1
43.4,-85.9,1
43.4,-85.9,1
43.4,-85.9,1
43.4,-85.9,1
43.4,-85.9,1
43.4,-85.9,1
43.4,-85.9,1
43.4,-85.9,1
43.4,-85.9,1
43.4,-85.9,1
43.4,-85.9,1
43.4,-85.9,1
43.4,-85.9,1
43.4,-85.9,1
43.4,-85.9,1
43.4,-85.9,1
43.4,-85.9,1
43.4,-85.9,1
43.4,-85.9,1
43.4,-85.9,1
43.4,-85.9,1
43.4,-85.9,1
43.4,-85.9,1
43.4,-85.9,1
43.4,-85.9,1
43.4,-85.9,1
43.4,-85.9,1
43.4,-85.9,1
43.4,-85.9,1
43.4,-85.9,1
43.4,-85.9,1
43.4,-85.9,1
43.4,-85.9,1
43.4,-85.9,1
43.4,-85.9,1
43.4,-85.9,1
43.4,-85.9,1
43.4,-85.9,1
43.4,-85.9,1
43.4,-85.9,1
43.4,-85.9,1
43.4,-85.9,1
43.4,-85.9,1
43.4,-85.9,1
43.4,-85.9,1
43.4,-85.9,1
43.4,-85.9,1
43.4,-85.9,1
43.4,-85.9,1
43.4,-85.9,1
43.4,-85.9,1
43.4,-85.9,1
43.4,-85.9,1
43.4,-85.9,1
43.4,-85.9,1
43.4,-85.9,1
43.4,-85.9,1
43.4,-85.9,1
43.4,-85.9,1
43.4,-85.9,1
43.4,-85.9,1
43.4,-85.9,1
43.4,-85.9,1
43.4,-85.9,1
43.4,-85.9,1
43.4,-85.9,1
43.4,-85.9,1
43.4,-85.9,1
43.4,-85.9,1
43.4,-85.9,1
43.4,-85.9,1
43.4,-85.9,1
43.4,-85.9,1
43.4,-85.9,1
43.4,-85.9,1
43.4,-85.9,1
43.4,-85.9,1
43.4,-85.9,1
43.4,-85.9,1
43.4,-85.9,1
43.4,-85.9,1
43.4,-85.9,1
43.4,-85.9,1
43.4,-85.9,1
43.4,-85.9,1
43.4,-85.9,1
43.4,-85.9,1
43.4,-85.9,1
43.4,-85.9,1
43.4,-85.9,1
43.4,-85.9,1
43.4,-85.9,1
43.4,-85.9,1
43.4,-85.9,1
43.4,-85.9,1
43.4,-85.9,1
43.4,-85.9,1
43.4,-85.9,1
43.4,-85.9,1
43.4,-85.9,1
43.4,-85.9,1
43.4,-85.9,1
43.4,-85.9,1
43.4,-85.9,1
43.4,-85.9,1
43.4,-85.9,1
43.4,-85.9,1
43.4,-85.9,1
43.4,-85.9,1
43.4,-85.9,1
43.4,-85.9,1
43.4,-85.9,1
43.4,-85.9,1
43.4,-85.9,1
43.4,-85.9,1
43.4,-85.9,1
43.4,-85.9,1
43.4,-85.9,1
43.4,-85.9,1
43.4,-85.9,1
43.4,-85.9,1
43.4,-85.9,1
43.4,-85.9,1
43.4,-85.9,1
43.4,-85.9,1
43.4,-85.9,1
43.4,-85.9,1
43.4,-85.9,1
43.4,-85.9,1
43.4,-85.9,1
43.4,-85.9,1
43.4,-85.9,1
43.4,-85.9,1
43.4,-85.9,1
43.4,-85.9,1
43.4,-85.9,1
43.4,-85.9,1
43.4,-85.9,1
43.4,-85.9,1
43.4,-85.9,1
43.4,-85.9,1
43.4,-85.9,1
43.4,-85.9,1
43.4,-85.9,1
43.4,-85.9,1
43.4,-85.9,1
43.4,-85.9,1
43.4,-85.9,1
43.4,-85.9,1
43.4,-85.9,1
43.4,-85.9,1
43.4,-85.9,1
43.4,-85.9,1
43.4,-85.9,1
43.4,-85.9,1
43.4,-85.9,1
43.4,-85.9,1
43.4,-85.9,1
43.4,-85.9,1
43.4,-85.9,1
43.4,-85.9,1
43.4,-85.9,1
43.4,-85.9,1
43.4,-85.9,1
43.4,-85.9,1
43.4,-85.9,1
43.4,-85.9,1
43.4,-85.9,1
43.4,-85.9,1
43.4,-85.9,1
43.4,-85.9,1
43.4,-85.9,1
43.4,-85.9,1
43.4,-85.9,1
43.4,-85.9,1
43.4,-85.9,1
43.4,-85.9,1
43.4,-85.9,1
43.4,-85.9,1
43.4,-85.9,1
43.4,-85.9,1
43.4,-85.9,1
43.4,-85.9,1
43.4,-85.9,1
43.4,-85.9,1
43.4,-85.9,1
43.4,-85.9,1
43.4,-85.9,1
43.4,-85.9,1
43.4,-85.9,1
43.4,-85.9,1
43.4,-85.9,1
43.4,-85.9,1
43.4,-85.9,1
43.4,-85.9,1
43.4,-85.9,1
43.4,-85.9,1
43.4,-85.9,1
43.4,-85.9,1
43.4,-85.9,1
43.4,-85.9,1
43.4,-85.9,1
43.4,-85.9,1
43.4,-85.9,1
43.4,-85.9,1
43.4,-85.9,1
43.4,-85.9,1
43.4,-85.9,1
43.4,-85.9,1
43.4,-85.9,1
43.4,-85.9,1
43.4,-85.9,1
43.4,-85.9,1
43.4,-85.9,1
43.4,-85.9,1
43.4,-85.9,1
43.4,-85.9,1
43.4,-85.9,1
43.4,-85.9,1
43.4,-85.9,1
43.4,-85.9,1
43.4,-85.9,1
43.4,-85.9,1
43.4,-85.9,1
43.4,-85.9,1
43.4,-85.9,1
43.4,-85.9,1
43.4,-85.9,1
43.4,-85.9,1
43.4,-85.9,1
43.4,-85.9,1
43.4,-85.9,1
43.4,-85.9,1
43.4,-85.9,1
43.4,-85.9,1
43.4,-85.9,1
43.4,-85.9,1
43.4,-85.9,1
43.4,-85.9,1
43.4,-85.9,1
43.4,-85.9,1
43.4,-85.9,1
43.4,-85.9,1
43.4,-85.9,1
43.4,-85.9,1
43.4,-85.9,1
43.4,-85.9,1
43.4,-85.9,1
43.4,-85.9,1
43.4,-85.9,1
43.4,-85.9,1
43.4,-85.9,1
43.4,-85.9,1
43.4,-85.9,1
43.4,-85.9,1
43.4,-85.9,1
43.4,-85.9,1
43.4,-85.9,1
43.4,-85.9,1
43.4,-85.9,1
43.4,-85.9,1
43.4,-85.9,1
43.4,-85.9,1
43.4,-85.9,1
43.4,-85.9,1
43.4,-85.9,1
43.4,-85.9,1
43.4,-85.9,1
43.4,-85.9,1
43.4,-85.9,1
43.4,-85.9,1
43.4,-85.9,1
43.4,-85.9,1
43.4,-85.9,1
43.4,-85.9,1
43.4,-85.9,1
43.4,-85.9,1
43.4,-85.9,1
43.4,-85.9,1
43.4,-85.9,1
43.4,-85.9,1
43.4,-85.9,1
43.4,-85.9,1
43.4,-85.9,1
43.4,-85.9,1
43.4,-85.9,1
43.4,-85.9,1
43.4,-85.9,1
43.4,-85.9,1
43.4,-85.9,1
43.4,-85.9,1
43.4,-85.9,1
43.4,-85.9,1
43.4,-85.9,1
43.4,-85.9,1
43.4,-85.9,1
43.4,-85.9,1
43.4,-85.9,1
43.4,-85.9,1
43.4,-85.9,1
43.4,-85.9,1
43.4,-85.9,1
43.4,-85.9,1
43.4,-85.9,1
43.4,-85.9,1
43.4,-85.9,1
43.4,-85.9,1
43.4,-85.9,1
43.4,-85.9,1
43.4,-85.9,1
43.4,-85.9,1
43.4,-85.9,1
43.4,-85.9,1
43.4,-85.9,1
43.4,-85.9,1
43.4,-85.9,1
43.4,-85.9,1
43.4,-85.9,1
43.4,-85.9,1
43.4,-85.9,1
43.4,-85.9,1
43.4,-85.9,1
43.4,-85.9,1
43.4,-85.9,1
43.4,-85.9,1
43.4,-85.9,1
43.4,-85.9,1
43.4,-85.9,1
43.4,-85.9,1
43.4,-85.9,1
43.4,-85.9,1
43.4,-85.9,1
43.4,-85.9,1
43.4,-85.9,1
43.4,-85.9,1
43.4,-85.9,1
43.4,-85.9,1
43.4,-85.9,1
43.4,-85.9,1
43.4,-85.9,1
43.4,-85.9,1
43.4,-85.9,1
43.4,-85.9,1
43.4,-85.9,1
43.4,-85.9,1
43.4,-85.9,1
43.4,-85.9,1
43.4,-85.9,1
43.4,-85.9,1
43.4,-85.9,1
43.4,-85.9,1
43.4,-85.9,1
43.4,-85.9,1
43.4,-85.9,1
43.4,-85.9,1
43.4,-85.9,1
43.4,-85.9,1
43.4,-85.9,1
43.4,-85.9,1
43.4,-85.9,1
43.4,-85.9,1
43.4,-85.9,1
43.4,-85.9,1
43.4,-85.9,1
43.4,-85.9,1
43.4,-85.9,1
43.4,-85.9,1
43.4,-85.9,1
43.4,-85.9,1
43.4,-85.9,1
43.4,-85.9,1
43.4,-85.9,1
43.4,-85.9,1
43.4,-85.9,1
43.4,-85.9,1
43.4,-85.9,1
43.4,-85.9,1
43.4,-85.9,1
43.4,-85.9,1
43.4,-85.9,1
43.4,-85.9,1
43.4,-85.9,1
43.4,-85.9,1
43.4,-85.9,1
43.4,-85.9,1
43.4,-85.9,1
43.4,-85.9,1
43.4,-85.9,1
43.4,-85.9,1
43.4,-85.9,1
43.4,-85.9,1
43.4,-85.9,1
43.4,-85.9,1
43.4,-85.9,1
43.4,-85.9,1
43.4,-85.9,1
43.4,-85.9,1
43.4,-85.9,1
43.4,-85.9,1
43.4,-85.9,1
43.4,-85.9,1
43.4,-85.9,1
43.4,-85.9,1
43.4,-85.9,1
43.4,-85.9,1
43.4,-85.9,1
43.4,-85.9,1
43.4,-85.9,1
43.4,-85.9,1
43.4,-85.9,1
43.4,-85.9,1
43.4,-85.9,1
43.4,-85.9,1
43.4,-85.9,1
43.4,-85.9,1
43.4,-85.9,1
43.4,-85.9,1
43.4,-85.9,1
43.4,-85.9,1
43.4,-85.9,1
43.4,-85.9,1
43.4,-85.9,1
43.4,-85.9,1
43.4,-85.9,1
43.4,-85.9,1
43.4,-85.9,1
43.4,-85.9,1
43.4,-85.9,1
43.4,-85.9,1
43.4,-85.9,1
43.4,-85.9,1
43.4,-85.9,1
43.4,-85.9,1
43.4,-85.9,1
43.4,-85.9,1
43.4,-85.9,1
43.4,-85.9,1
43.4,-85.9,1
43.4,-85.9,1
43.4,-85.9,1
43.4,-85.9,1
43.4,-85.9,1
43.4,-85.9,1
43.4,-85.9,1
43.4,-85.9,1
43.4,-85.9,1
43.4,-85.9,1
43.4,-85.9,1
43.4,-85.9,1
43.4,-85.9,1
43.4,-85.9,1
43.4,-85.9,1
43.4,-85.9,1
43.4,-85.9,1
43.4,-85.9,1
43.4,-85.9,1
43.4,-85.9,1
43.4,-85.9,1
43.4,-85.9,1
43.4,-85.9,1
43.4,-85.9,1
43.4,-85.9,1
43.4,-85.9,1
43.4,-85.9,1
43.4,-85.9,1
43.4,-85.9,1
43.4,-85.9,1
43.4,-85.9,1
43.4,-85.9,1
43.4,-85.9,1
43.4,-85.9,1
43.4,-85.9,1
43.4,-85.9,1
43.4,-85.9,1
43.4,-85.9,1
43.4,-85.9,1
43.4,-85.9,1
43.4,-85.9,1
43.4,-85.9,1
43.4,-85.9,1
43.4,-85.9,1
43.4,-85.9,1
43.4,-85.9,1
43.4,-85.9,1
43.4,-85.9,1
43.4,-85.9,1
43.4,-85.9,1
43.4,-85.9,1
43.4,-85.9,1
43.4,-85.9,1
43.4,-85.9,1
43.4,-85.9,1
43.4,-85.9,1
43.4,-85.9,1
43.4,-85.9,1
43.4,-85.9,1
43.4,-85.9,1
43.4,-85.9,1
43.4,-85.9,1
43.4,-85.9,1
43.4,-85.9,1
43.4,-85.9,1
43.4,-85.9,1
43.4,-85.9,1
43.4,-85.9,1
43.4,-85.9,1
43.4,-85.9,1
43.4,-85.9,1
43.4,-85.9,1
43.4,-85.9,1
43.4,-85.9,1
43.4,-85.9,1
43.4,-85.9,1
43.4,-85.9,1
43.4,-85.9,1
43.4,-85.9,1
43.4,-85.9,1
43.4,-85.9,1
43.4,-85.9,1
43.4,-85.9,1
43.4,-85.9,1
43.4,-85.9,1
43.4,-85.9,1
43.4,-85.9,1
43.4,-85.9,1
43.4,-85.9,1
43.4,-85.9,1
43.4,-85.9,1
43.4,-85.9,1
43.4,-85.9,1
43.4,-85.9,1
43.4,-85.9,1
43.4,-85.9,1
43.4,-85.9,1
43.4,-85.9,1
43.4,-85.9,1
43.4,-85.9,1
43.4,-85.9,1
43.4,-85.9,1
43.4,-85.9,1
43.4,-85.9,1
43.4,-85.9,1
43.4,-85.9,1
43.4,-85.9,1
43.4,-85.9,1
43.4,-85.9,1
43.4,-85.9,1
43.4,-85.9,1
43.4,-85.9,1
43.4,-85.9,1
43.4,-85.9,1
43.4,-85.9,1
43.4,-85.9,1
43.4,-85.9,1
43.4,-85.9,1
43.4,-85.9,1
43.4,-85.9,1
43.4,-85.9,1
43.4,-85.9,1
43.4,-85.9,1
43.4,-85.9,1
43.4,-85.9,1
43.4,-85.9,1
43.4,-85.9,1
43.4,-85.9,1
43.4,-85.9,1
43.4,-85.9,1
43.4,-85.9,1
43.4,-85.9,1
43.4,-85.9,1
43.4,-85.9,1
43.4,-85.9,1
43.4,-85.9,1
43.4,-85.9,1
43.4,-85.9,1
43.4,-85.9,1
43.4,-85.9,1
43.4,-85.9,1
43.4,-85.9,1
43.4,-85.9,1
43.4,-85.9,1
43.4,-85.9,1
43.4,-85.9,1
43.4,-85.9,1
43.4,-85.9,1
43.4,-85.9,1
43.4,-85.9,1
43.4,-85.9,1
43.4,-85.9,1
43.4,-85.9,1
43.4,-85.9,1
43.4,-85.9,1
43.4,-85.9,1
43.4,-85.9,1
43.4,-85.9,1
43.4,-85.9,1
43.4,-85.9,1
43.4,-85.9,1
43.4,-85.9,1
43.4,-85.9,1
43.4,-85.9,1
43.4,-85.9,1
43.4,-85.9,1
43.4,-85.9,1
43.4,-85.9,1
43.4,-85.9,1
43.4,-85.9,1
43.4,-85.9,1
43.4,-85.9,1
43.4,-85.9,1
43.4,-85.9,1
43.4,-85.9,1
43.4,-85.9,1
43.4,-85.9,1
43.4,-85.9,1
43.4,-85.9,1
43.4,-85.9,1
43.4,-85.9,1
43.4,-85.9,1
43.4,-85.9,1
43.4,-85.9,1
43.4,-85.9,1
43.4,-85.9,1
43.4,-85.9,1
43.4,-85.9,1
43.4,-85.9,1
43.4,-85.9,1
43.4,-85.9,1
43.4,-85.9,1
43.4,-85.9,1
43.4,-85.9,1
43.4,-85.9,1
43.4,-85.9,1
43.4,-85.9,1
43.4,-85.9,1
43.4,-85.9,1
43.4,-85.9,1
43.4,-85.9,1
43.4,-85.9,1
43.4,-85.9,1
43.4,-85.9,1
43.4,-85.9,1
43.4,-85.9,1
43.4,-85.9,1
43.4,-85.9,1
43.4,-85.9,1
43.4,-85.9,1
43.4,-85.9,1
43.4,-85.9,1
43.4,-85.9,1
43.4,-85.9,1
43.4,-85.9,1
43.4,-85.9,1
43.4,-85.9,1
43.4,-85.9,1
43.4,-85.9,1
43.4,-85.9,1
43.4,-85.9,1
43.4,-85.9,1
43.4,-85.9,1
43.4,-85.9,1
43.4,-85.9,1
43.4,-85.9,1
43.4,-85.9,1
43.4,-85.9,1
43.4,-85.9,1
43.4,-85.9,1
43.4,-85.9,1
43.4,-85.9,1
43.4,-85.9,1
43.4,-85.9,1
43.4,-85.9,1
43.4,-85.9,1
43.4,-85.9,1
43.4,-85.9,1
43.4,-85.9,1
43.4,-85.9,1
43.4,-85.9,1
43.4,-85.9,1
43.4,-85.9,1
43.4,-85.9,1
43.4,-85.9,1
43.4,-85.9,1
43.4,-85.9,1
43.4,-85.9,1
43.4,-85.9,1
43.4,-85.9,1
43.4,-85.9,1
43.4,-85.9,1
43.4,-85.9,1
43.4,-85.9,1
43.4,-85.9,1
43.4,-85.9,1
43.4,-85.9,1
43.4,-85.9,1
43.4,-85.9,1
43.4,-85.9,1
43.4,-85.9,1
43.4,-85.9,1
43.4,-85.9,1
43.4,-85.9,1
43.4,-85.9,1
43.4,-85.9,1
43.4,-85.9,1
43.4,-85.9,1
43.4,-85.9,1
43.4,-85.9,1
43.4,-85.9,1
43.4,-85.9,1
43.4,-85.9,1
43.4,-85.9,1
43.4,-85.9,1
43.4,-85.9,1
43.4,-85.9,1
43.4,-85.9,1
43.4,-85.9,1
43.4,-85.9,1
43.4,-85.9,1
43.4,-85.9,1
43.4,-85.9,1
43.4,-85.9,1
43.4,-85.9,1
43.4,-85.9,1
43.4,-85.9,1
43.4,-85.9,1
43.4,-85.9,1
43.4,-85.9,1
43.4,-85.9,1
43.4,-85.9,1
43.4,-85.9,1
43.4,-85.9,1
43.4,-85.9,1
43.4,-85.9,1
43.4,-85.9,1
43.4,-85.9,1
43.4,-85.9,1
43.4,-85.9,1
43.4,-85.9,1
43.4,-85.9,1
43.4,-85.9,1
43.4,-85.9,1
43.4,-85.9,1
43.4,-85.9,1
43.4,-85.9,1
43.4,-85.9,1
43.4,-85.9,1
43.4,-85.9,1
43.4,-85.9,1
43.4,-85.9,1
43.4,-85.9,1
43.4,-85.9,1
43.4,-85.9,1
43.4,-85.9,1
43.4,-85.9,1
43.4,-85.9,1
43.4,-85.9,1
43.4,-85.9,1
43.4,-85.9,1
43.4,-85.9,1
43.4,-85.9,1
43.4,-85.9,1
43.4,-85.9,1
43.4,-85.9,1
43.4,-85.9,1
43.4,-85.9,1
43.4,-85.9,1
43.4,-85.9,1
43.4,-85.9,1
43.4,-85.9,1
43.4,-85.9,1
43.4,-85.9,1
43.4,-85.9,1
43.4,-85.9,1
43.4,-85.9,1
43.4,-85.9,1
43.4,-85.9,1
43.4,-85.9,1
43.4,-85.9,1
43.4,-85.9,1
43.4,-85.9,1
43.4,-85.9,1
43.4,-85.9,1
43.4,-85.9,1
43.4,-85.9,1
43.4,-85.9,1
43.4,-85.9,1
43.4,-85.9,1
43.4,-85.9,1
43.4,-85.9,1
43.4,-85.9,1
43.4,-85.9,1
43.4,-85.9,1
43.4,-85.9,1
43.4,-85.9,1
43.4,-85.9,1
43.4,-85.9,1
43.4,-85.9,1
43.4,-85.9,1
43.4,-85.9,1
43.4,-85.9,1
43.4,-85.9,1
43.4,-85.9,1
43.4,-85.9,1
43.4,-85.9,1
43.4,-85.9,1
43.4,-85.9,1
43.4,-85.9,1
43.4,-85.9,1
43.4,-85.9,1
43.4,-85.9,1
43.4,-85.9,1
43.4,-85.9,1
43.4,-85.9,1
43.4,-85.9,1
43.4,-85.9,1
43.4,-85.9,1
43.4,-85.9,1
43.4,-85.9,1
43.4,-85.9,1
43.4,-85.9,1
43.4,-85.9,1
43.4,-85.9,1
43.4,-85.9,1
43.4,-85.9,1
43.4,-85.9,1
43.4,-85.9,1
43.4,-85.9,1
43.4,-85.9,1
43.4,-85.9,1
43.4,-85.9,1
43.4,-85.9,1
43.4,-85.9,1
43.4,-85.9,1
43.4,-85.9,1
43.4,-85.9,1
43.4,-85.9,1
43.4,-85.9,1
43.4,-85.9,1
43.4,-85.9,1
43.4,-85.9,1
43.4,-85.9,1
43.4,-85.9,1
43.4,-85.9,1
43.4,-85.9,1
43.4,-85.9,1
43.4,-85.9,1
43.4,-85.9,1
43.4,-85.9,1
43.4,-85.9,1
43.4,-85.9,1
43.4,-85.9,1
43.4,-85.9,1
43.4,-85.9,1
43.4,-85.9,1
43.4,-85.9,1
43.4,-85.9,1
43.4,-85.9,1
43.4,-85.9,1
43.4,-85.9,1
43.4,-85.9,1
43.4,-85.9,1
43.4,-85.9,1
43.4,-85.9,1
43.4,-85.9,1
43.4,-85.9,1
43.4,-85.9,1
43.4,-85.9,1
43.4,-85.9,1
43.4,-85.9,1
43.4,-85.9,1
43.4,-85.9,1
43.4,-85.9,1
43.4,-85.9,1
43.4,-85.9,1
43.4,-85.9,1
43.4,-85.9,1
43.4,-85.9,1
43.4,-85.9,1
43.4,-85.9,1
43.4,-85.9,1
43.4,-85.9,1
43.4,-85.9,1
43.4,-85.9,1
43.4,-85.9,1
43.4,-85.9,1
43.4,-85.9,1
43.4,-85.9,1
43.4,-85.9,1
43.4,-85.9,1
43.4,-85.9,1
43.4,-85.9,1
43.4,-85.9,1
43.4,-85.9,1
43.4,-85.9,1
43.4,-85.9,1
43.4,-85.9,1
43.4,-85.9,1
43.4,-85.9,1
43.4,-85.9,1
43.4,-85.9,1
43.4,-85.9,1
43.4,-85.9,1
43.4,-85.9,1
43.4,-85.9,1
43.4,-85.9,1
43.4,-85.9,1
43.4,-85.9,1
43.4,-85.9,1
43.4,-85.9,1
43.4,-85.9,1
43.4,-85.9,1
43.4,-85.9,1
43.4,-85.9,1
43.4,-85.9,1
43.4,-85.9,1
43.4,-85.9,1
43.4,-85.9,1
43.4,-85.9,1
43.4,-85.9,1
43.4,-85.9,1
43.4,-85.9,1
43.4,-85.9,1
43.4,-85.9,1
43.4,-85.9,1
43.4,-85.9,1
43.4,-85.9,1
43.4,-85.9,1
43.4,-85.9,1
43.4,-85.9,1
43.4,-85.9,1
43.4,-85.9,1
43.4,-85.9,1
43.4,-85.9,1
43.4,-85.9,1
43.4,-85.9,1
43.4,-85.9,1
43.4,-85.9,1
43.4,-85.9,1
43.4,-85.9,1
43.4,-85.9,1
43.4,-85.9,1
43.4,-85.9,1
43.4,-85.9,1
43.4,-85.9,1
43.4,-85.9,1
43.4,-85.9,1
43.4,-85.9,1
43.4,-85.9,1
43.4,-85.9,1
43.4,-85.9,1
43.4,-85.9,1
43.4,-85.9,1
43.4,-85.9,1
43.4,-85.9,1
43.4,-85.9,1
43.4,-85.9,1
43.4,-85.9,1
43.4,-85.9,1
43.4,-85.9,1
43.4,-85.9,1
43.4,-85.9,1
43.4,-85.9,1
43.4,-85.9,1
43.4,-85.9,1
43.4,-85.9,1
43.4,-85.9,1
43.4,-85.9,1
43.4,-85.9,1
43.4,-85.9,1
43.4,-85.9,1
43.4,-85.9,1
43.4,-85.9,1
43.4,-85.9,1
43.4,-85.9,1
43.4,-85.9,1
43.4,-85.9,1
43.4,-85.9,1
43.4,-85.9,1
43.4,-85.9,1
43.4,-85.9,1
43.4,-85.9,1
43.4,-85.9,1
43.4,-85.9,1
43.4,-85.9,1
43.4,-85.9,1
43.4,-85.9,1
43.4,-85.9,1
43.4,-85.9,1
43.4,-85.9,1
43.4,-85.9,1
43.4,-85.9,1
43.4,-85.9,1
43.4,-85.9,1
43.4,-85.9,1
43.4,-85.9,1
43.4,-85.9,1
43.4,-85.9,1
43.4,-85.9,1
43.4,-85.9,1
43.4,-85.9,1
43.4,-85.9,1
43.4,-85.9,1
43.4,-85.9,1
43.4,-85.9,1
43.4,-85.9,1
43.4,-85.9,1
43.4,-85.9,1
43.4,-85.9,1
43.4,-85.9,1
43.4,-85.9,1
43.4,-85.9,1
43.4,-85.9,1
43.4,-85.9,1
43.4,-85.9,1
43.4,-85.9,1
43.4,-85.9,1
43.4,-85.9,1
43.4,-85.9,1
43.4,-85.9,1
43.4,-85.9,1
43.4,-85.9,1
43.4,-85.9,1
43.4,-85.9,1
43.4,-85.9,1
43.4,-85.9,1
43.4,-85.9,1
43.4,-85.9,1
43.4,-85.9,1
43.4,-85.9,1
43.4,-85.9,1
43.4,-85.9,1
43.4,-85.9,1
43.4,-85.9,1
43.4,-85.9,1
43.4,-85.9,1
43.4,-85.9,1
43.4,-85.9,1
43.4,-85.9,1
43.4,-85.9,1
43.4,-85.9,1
43.4,-85.9,1
43.4,-85.9,1
43.4,-85.9,1
43.4,-85.9,1
43.4,-85.9,1
43.4,-85.9,1
43.4,-85.9,1
43.4,-85.9,1
43.4,-85.9,1
43.4,-85.9,1
43.4,-85.9,1
43.4,-85.9,1
43.4,-85.9,1
43.4,-85.9,1
43.4,-85.9,1
43.4,-85.9,1
43.4,-85.9,1
43.4,-85.9,1
43.4,-85.9,1
43.4,-85.9,1
43.4,-85.9,1
43.4,-85.9,1
43.4,-85.9,1
43.4,-85.9,1
43.4,-85.9,1
43.4,-85.9,1
43.4,-85.9,1
43.4,-85.9,1
43.4,-85.9,1
43.4,-85.9,1
43.4,-85.9,1
43.4,-85.9,1
43.4,-85.9,1
43.4,-85.9,1
43.4,-85.9,1
43.4,-85.9,1
43.4,-85.9,1
43.4,-85.9,1
43.4,-85.9,1
43.4,-85.9,1
43.4,-85.9,1
43.4,-85.9,1
43.4,-85.9,1
43.4,-85.9,1
43.4,-85.9,1
43.4,-85.9,1
43.4,-85.9,1
43.4,-85.9,1
43.4,-85.9,1
43.4,-85.9,1
43.4,-85.9,1
43.4,-85.9,1
43.4,-85.9,1
43.4,-85.9,1
43.4,-85.9,1
43.4,-85.9,1
43.4,-85.9,1
43.4,-85.9,1
43.4,-85.9,1
43.4,-85.9,1
43.4,-85.9,1
43.4,-85.9,1
43.4,-85.9,1
43.4,-85.9,1
43.4,-85.9,1
43.4,-85.9,1
43.4,-85.9,1
43.4,-85.9,1
43.4,-85.9,1
43.4,-85.9,1
43.4,-85.9,1
43.4,-85.9,1
43.4,-85.9,1
43.4,-85.9,1
43.4,-85.9,1
43.4,-85.9,1
43.4,-85.9,1
43.4,-85.9,1
43.4,-85.9,1
43.4,-85.9,1
43.4,-85.9,1
43.4,-85.9,1
43.4,-85.9,1
43.4,-85.9,1
43.4,-85.9,1
43.4,-85.9,1
43.4,-85.9,1
43.4,-85.9,1
43.4,-85.9,1
43.4,-85.9,1
43.4,-85.9,1
43.4,-85.9,1
43.4,-85.9,1
43.4,-85.9,1
43.4,-85.9,1
43.4,-85.9,1
43.4,-85.9,1
43.4,-85.9,1
43.4,-85.9,1
43.4,-85.9,1
43.4,-85.9,1
43.4,-85.9,1
43.4,-85.9,1
43.4,-85.9,1
43.4,-85.9,1
43.4,-85.9,1
43.4,-85.9,1
43.4,-85.9,1
43.4,-85.9,1
43.4,-85.9,1
43.4,-85.9,1
43.4,-85.9,1
43.4,-85.9,1
43.4,-85.9,1
43.4,-85.9,1
43.4,-85.9,1
43.4,-85.9,1
43.4,-85.9,1
43.4,-85.9,1
43.4,-85.9,1
43.4,-85.9,1
43.4,-85.9,1
43.4,-85.9,1
43.4,-85.9,1
43.4,-85.9,1
43.4,-85.9,1
43.4,-85.9,1
43.4,-85.9,1
43.4,-85.9,1
43.4,-85.9,1
43.4,-85.9,1
43.4,-85.9,1
43.4,-85.9,1
43.4,-85.9,1
43.4,-85.9,1
43.4,-85.9,1
43.4,-85.9,1
43.4,-85.9,1
43.4,-85.9,1
43.4,-85.9,1
43.4,-85.9,1
43.4,-85.9,1
43.4,-85.9,1
43.4,-85.9,1
43.4,-85.9,1
43.4,-85.9,1
43.4,-85.9,1
43.4,-85.9,1
43.4,-85.9,1
43.4,-85.9,1
43.4,-85.9,1
43.4,-85.9,1
43.4,-85.9,1
43.4,-85.9,1
43.4,-85.9,1
43.4,-85.9,1
43.4,-85.9,1
43.4,-85.9,1
43.4,-85.9,1
43.4,-85.9,1
43.4,-85.9,1
43.4,-85.9,1
43.4,-85.9,1
43.4,-85.9,1
43.4,-85.9,1
43.4,-85.9,1
43.4,-85.9,1
43.4,-85.9,1
43.4,-85.9,1
43.4,-85.9,1
43.4,-85.9,1
43.4,-85.9,1
43.4,-85.9,1
43.4,-85.9,1
43.4,-85.9,1
43.4,-85.9,1
43.4,-85.9,1
43.4,-85.9,1
43.4,-85.9,1
43.4,-85.9,1
43.4,-85.9,1
43.4,-85.9,1
43.4,-85.9,1
43.4,-85.9,1
43.4,-85.9,1
43.4,-85.9,1
43.4,-85.9,1
43.4,-85.9,1
43.4,-85.9,1
43.4,-85.9,1
43.4,-85.9,1
43.4,-85.9,1
43.4,-85.9,1
43.4,-85.9,1
43.4,-85.9,1
43.4,-85.9,1
43.4,-85.9,1
43.4,-85.9,1
43.4,-85.9,1
43.4,-85.9,1
43.4,-85.9,1
43.4,-85.9,1
43.4,-85.9,1
43.4,-85.9,1
43.4,-85.9,1
43.4,-85.9,1
43.4,-85.9,1
43.4,-85.9,1
43.4,-85.9,1
43.4,-85.9,1
43.4,-85.9,1
43.4,-85.9,1
43.4,-85.9,1
43.4,-85.9,1
43.4,-85.9,1
43.4,-85.9,1
43.4,-85.9,1
43.4,-85.9,1
43.4,-85.9,1
43.4,-85.9,1
43.4,-85.9,1
43.4,-85.9,1
43.4,-85.9,1
43.4,-85.9,1
43.4,-85.9,1
43.4,-85.9,1
43.4,-85.9,1
43.4,-85.9,1
43.4,-85.9,1
43.4,-85.9,1
43.4,-85.9,1
43.4,-85.9,1
43.4,-85.9,1
43.4,-85.9,1
43.4,-85.9,1
43.4,-85.9,1
43.4,-85.9,1
43.4,-85.9,1
43.4,-85.9,1
43.4,-85.9,1
43.4,-85.9,1
43.4,-85.9,1
43.4,-85.9,1
43.4,-85.9,1
43.4,-85.9,1
43.4,-85.9,1
43.4,-85.9,1
43.4,-85.9,1
43.4,-85.9,1
43.4,-85.9,1
43.4,-85.9,1
43.4,-85.9,1
43.4,-85.9,1
43.4,-85.9,1
43.4,-85.9,1
43.4,-85.9,1
43.4,-85.9,1
43.4,-85.9,1
43.4,-85.9,1
43.4,-85.9,1
43.4,-85.9,1
43.4,-85.9,1
43.4,-85.9,1
43.4,-85.9,1
43.4,-85.9,1
43.4,-85.9,1
43.4,-85.9,1
43.4,-85.9,1
43.4,-85.9,1
43.4,-85.9,1
43.4,-85.9,1
43.4,-85.9,1
43.4,-85.9,1
43.4,-85.9,1
43.4,-85.9,1
43.4,-85.9,1
43.4,-85.9,1
43.4,-85.9,1
43.4,-85.9,1
43.4,-85.9,1
43.4,-85.9,1
43.4,-85.9,1
43.4,-85.9,1
43.4,-85.9,1
43.4,-85.9,1
43.4,-85.9,1
43.4,-85.9,1
43.4,-85.9,1
43.4,-85.9,1
43.4,-85.9,1
43.4,-85.9,1
43.4,-85.9,1
43.4,-85.9,1
43.4,-85.9,1
43.4,-85.9,1
43.4,-85.9,1
43.4,-85.9,1
43.4,-85.9,1
43.4,-85.9,1
43.4,-85.9,1
43.4,-85.9,1
43.4,-85.9,1
43.4,-85.9,1
43.4,-85.9,1
43.4,-85.9,1
43.4,-85.9,1
43.4,-85.9,1
43.4,-85.9,1
43.4,-85.9,1
43.4,-85.9,1
43.4,-85.9,1
43.4,-85.9,1
43.4,-85.9,1
43.4,-85.9,1
43.4,-85.9,1
43.4,-85.9,1
43.4,-85.9,1
43.4,-85.9,1
43.4,-85.9,1
43.4,-85.9,1
43.4,-85.9,1
43.4,-85.9,1
43.4,-85.9,1
43.4,-85.9,1
43.4,-85.9,1
43.4,-85.9,1
43.4,-85.9,1
43.4,-85.9,1
43.4,-85.9,1
43.4,-85.9,1
43.4,-85.9,1
43.4,-85.9,1
43.4,-85.9,1
43.4,-85.9,1
43.4,-85.9,1
43.4,-85.9,1
43.4,-85.9,1
43.4,-85.9,1
43.4,-85.9,1
43.4,-85.9,1
43.4,-85.9,1
43.4,-85.9,1
43.4,-85.9,1
43.4,-85.9,1
43.4,-85.9,1
43.4,-85.9,1
43.4,-85.9,1
43.4,-85.9,1
43.4,-85.9,1
43.4,-85.9,1
43.4,-85.9,1
43.4,-85.9,1
43.4,-85.9,1
43.4,-85.9,1
43.4,-85.9,1
43.4,-85.9,1
43.4,-85.9,1
43.4,-85.9,1
43.4,-85.9,1
43.4,-85.9,1
43.4,-85.9,1
43.4,-85.9,1
43.4,-85.9,1
43.4,-85.9,1
43.4,-85.9,1
43.4,-85.9,1
43.4,-85.9,1
43.4,-85.9,1
43.4,-85.9,1
43.4,-85.9,1
43.4,-85.9,1
43.4,-85.9,1
43.4,-85.9,1
43.4,-85.9,1
43.4,-85.9,1
43.4,-85.9,1
43.4,-85.9,1
43.4,-85.9,1
43.4,-85.9,1
43.4,-85.9,1
43.4,-85.9,1
43.4,-85.9,1
43.4,-85.9,1
43.4,-85.9,1
43.4,-85.9,1
43.4,-85.9,1
43.4,-85.9,1
43.4,-85.9,1
43.4,-85.9,1
43.4,-85.9,1
43.4,-85.9,1
43.4,-85.9,1
43.4,-85.9,1
43.4,-85.9,1
43.4,-85.9,1
43.4,-85.9,1
43.4,-85.9,1
43.4,-85.9,1
43.4,-85.9,1
43.4,-85.9,1
43.4,-85.9,1
43.4,-85.9,1
43.4,-85.9,1
43.4,-85.9,1
43.4,-85.9,1
43.4,-85.9,1
43.4,-85.9,1
43.4,-85.9,1
43.4,-85.9,1
43.4,-85.9,1
43.4,-85.9,1
43.4,-85.9,1
43.4,-85.9,1
43.4,-85.9,1
43.4,-85.9,1
43.4,-85.9,1
43.4,-85.9,1
43.4,-85.9,1
43.4,-85.9,1
43.4,-85.9,1
43.4,-85.9,1
43.4,-85.9,1
43.4,-85.9,1
43.4,-85.9,1
43.4,-85.9,1
43.4,-85.9,1
43.4,-85.9,1
43.4,-85.9,1
43.4,-85.9,1
43.4,-85.9,1
43.4,-85.9,1
43.4,-85.9,1
43.4,-85.9,1
43.4,-85.9,1
43.4,-85.9,1
43.4,-85.9,1
43.4,-85.9,1
43.4,-85.9,1
43.4,-85.9,1
43.4,-85.9,1
43.4,-85.9,1
43.4,-85.9,1
43.4,-85.9,1
43.4,-85.9,1
43.4,-85.9,1
43.4,-85.9,1
43.4,-85.9,1
43.4,-85.9,1
43.4,-85.9,1
43.4,-85.9,1
43.4,-85.9,1
43.4,-85.9,1
43.4,-85.9,1
43.4,-85.9,1
43.4,-85.9,1
43.4,-85.9,1
43.4,-85.9,1
43.4,-85.9,1
43.4,-85.9,1
43.4,-85.9,1
43.4,-85.9,1
43.4,-85.9,1
43.4,-85.9,1
43.4,-85.9,1
43.4,-85.9,1
43.4,-85.9,1
43.4,-85.9,1
43.4,-85.9,1
43.4,-85.9,1
43.4,-85.9,1
43.4,-85.9,1
43.4,-85.9,1
43.4,-85.9,1
43.4,-85.9,1
43.4,-85.9,1
43.4,-85.9,1
43.4,-85.9,1
43.4,-85.9,1
43.4,-85.9,1
43.4,-85.9,1
43.4,-85.9,1
43.4,-85.9,1
43.4,-85.9,1
43.4,-85.9,1
43.4,-85.9,1
43.4,-85.9,1
43.4,-85.9,1
43.4,-85.9,1
43.4,-85.9,1
43.4,-85.9,1
43.4,-85.9,1
43.4,-85.9,1
43.4,-85.9,1
43.4,-85.9,1
43.4,-85.9,1
43.4,-85.9,1
43.4,-85.9,1
43.4,-85.9,1
43.4,-85.9,1
43.4,-85.9,1
43.4,-85.9,1
43.4,-85.9,1
43.4,-85.9,1
43.4,-85.9,1
43.4,-85.9,1
43.4,-85.9,1
43.4,-85.9,1
43.4,-85.9,1
43.4,-85.9,1
43.4,-85.9,1
43.4,-85.9,1
43.4,-85.9,1
43.4,-85.9,1
43.4,-85.9,1
43.4,-85.9,1
43.4,-85.9,1
43.4,-85.9,1
43.4,-85.9,1
43.4,-85.9,1
43.4,-85.9,1
43.4,-85.9,1
43.4,-85.9,1
43.4,-85.9,1
43.4,-85.9,1
43.4,-85.9,1
43.4,-85.9,1
43.4,-85.9,1
43.4,-85.9,1
43.4,-85.9,1
43.4,-85.9,1
43.4,-85.9,1
43.4,-85.9,1
43.4,-85.9,1
43.4,-85.9,1
43.4,-85.9,1
43.4,-85.9,1
43.4,-85.9,1
43.4,-85.9,1
43.4,-85.9,1
43.4,-85.9,1
43.4,-85.9,1
43.4,-85.9,1
43.4,-85.9,1
43.4,-85.9,1
43.4,-85.9,1
43.4,-85.9,1
43.4,-85.9,1
43.4,-85.9,1
43.4,-85.9,1
43.4,-85.9,1
43.4,-85.9,1
43.4,-85.9,1
43.4,-85.9,1
43.4,-85.9,1
43.4,-85.9,1
43.4,-85.9,1
43.4,-85.9,1
43.4,-85.9,1
43.4,-85.9,1
43.4,-85.9,1
43.4,-85.9,1
43.4,-85.9,1
43.4,-85.9,1
43.4,-85.9,1
43.4,-85.9,1
43.4,-85.9,1
43.4,-85.9,1
43.4,-85.9,1
43.4,-85.9,1
43.4,-85.9,1
43.4,-85.9,1
43.4,-85.9,1
43.4,-85.9,1
43.4,-85.9,1
43.4,-85.9,1
43.4,-85.9,1
43.4,-85.9,1
43.4,-85.9,1
43.4,-85.9,1
43.4,-85.9,1
43.4,-85.9,1
43.4,-85.9,1
43.4,-85.9,1
43.4,-85.9,1
43.4,-85.9,1
43.4,-85.9,1
43.4,-85.9,1
43.4,-85.9,1
43.4,-85.9,1
43.4,-85.9,1
43.4,-85.9,1
43.4,-85.9,1
43.4,-85.9,1
43.4,-85.9,1
43.4,-85.9,1
43.4,-85.9,1
43.4,-85.9,1
43.4,-85.9,1
43.4,-85.9,1
43.4,-85.9,1
43.4,-85.9,1
43.4,-85.9,1
43.4,-85.9,1
43.4,-85.9,1
43.4,-85.9,1
43.4,-85.9,1
43.4,-85.9,1
43.4,-85.9,1
43.4,-85.9,1
43.4,-85.9,1
43.4,-85.9,1
43.4,-85.9,1
43.4,-85.9,1
43.4,-85.9,1
43.4,-85.9,1
43.4,-85.9,1
43.4,-85.9,1
43.4,-85.9,1
43.4,-85.9,1
43.4,-85.9,1
43.4,-85.9,1
43.4,-85.9,1
43.4,-85.9,1
43.4,-85.9,1
43.4,-85.9,1
43.4,-85.9,1
43.4,-85.9,1
43.4,-85.9,1
43.4,-85.9,1
43.4,-85.9,1
43.4,-85.9,1
43.4,-85.9,1
43.4,-85.9,1
43.4,-85.9,1
43.4,-85.9,1
43.4,-85.9,1
43.4,-85.9,1
43.4,-85.9,1
43.4,-85.9,1
43.4,-85.9,1
43.4,-85.9,1
43.4,-85.9,1
43.4,-85.9,1
43.4,-85.9,1
43.4,-85.9,1
43.4,-85.9,1
43.4,-85.9,1
43.4,-85.9,1
43.4,-85.9,1
43.4,-85.9,1
43.4,-85.9,1
43.4,-85.9,1
43.4,-85.9,1
43.4,-85.9,1
43.4,-85.9,1
43.4,-85.9,1
43.4,-85.9,1
43.4,-85.9,1
43.4,-85.9,1
43.4,-85.9,1
43.4,-85.9,1
43.4,-85.9,1
43.4,-85.9,1
43.4,-85.9,1
43.4,-85.9,1
43.4,-85.9,1
43.4,-85.9,1
43.4,-85.9,1
43.4,-85.9,1
43.4,-85.9,1
43.4,-85.9,1
43.4,-85.9,1
43.4,-85.9,1
43.4,-85.9,1
43.4,-85.9,1
43.4,-85.9,1
43.4,-85.9,1
43.4,-85.9,1
43.4,-85.9,1
43.4,-85.9,1
43.4,-85.9,1
43.4,-85.9,1
43.4,-85.9,1
43.4,-85.9,1
43.4,-85.9,1
43.4,-85.9,1
43.4,-85.9,1
43.4,-85.9,1
43.4,-85.9,1
43.4,-85.9,1
43.4,-85.9,1
43.4,-85.9,1
43.4,-85.9,1
43.4,-85.9,1
43.4,-85.9,1
43.4,-85.9,1
43.4,-85.9,1
43.4,-85.9,1
43.4,-85.9,1
43.4,-85.9,1
43.4,-85.9,1
43.4,-85.9,1
43.4,-85.9,1
43.4,-85.9,1
43.4,-85.9,1
43.4,-85.9,1
43.4,-85.9,1
43.4,-85.9,1
43.4,-85.9,1
43.4,-85.9,1
43.4,-85.9,1
43.4,-85.9,1
43.4,-85.9,1
43.4,-85.9,1
43.4,-85.9,1
43.4,-85.9,1
43.4,-85.9,1
43.4,-85.9,1
43.4,-85.9,1
43.4,-85.9,1
43.4,-85.9,1
43.4,-85.9,1
43.4,-85.9,1
43.4,-85.9,1
43.4,-85.9,1
43.4,-85.9,1
43.4,-85.9,1
43.4,-85.9,1
43.4,-85.9,1
43.4,-85.9,1
43.4,-85.9,1
43.4,-85.9,1
43.4,-85.9,1
43.4,-85.9,1
43.4,-85.9,1
43.4,-85.9,1
43.4,-85.9,1
43.4,-85.9,1
43.4,-85.9,1
43.4,-85.9,1
43.4,-85.9,1
43.4,-85.9,1
43.4,-85.9,1
43.4,-85.9,1
43.4,-85.9,1
43.4,-85.9,1
43.4,-85.9,1
43.4,-85.9,1
43.4,-85.9,1
43.4,-85.9,1
43.4,-85.9,1
43.4,-85.9,1
43.4,-85.9,1
43.4,-85.9,1
43.4,-85.9,1
43.4,-85.9,1
43.4,-85.9,1
43.4,-85.9,1
43.4,-85.9,1
43.4,-85.9,1
43.4,-85.9,1
43.4,-85.9,1
43.4,-85.9,1
43.4,-85.9,1
43.4,-85.9,1
43.4,-85.9,1
43.4,-85.9,1
43.4,-85.9,1
43.4,-85.9,1
43.4,-85.9,1
43.4,-85.9,1
43.4,-85.9,1
43.4,-85.9,1
43.4,-85.9,1
43.4,-85.9,1
43.4,-85.9,1
43.4,-85.9,1
43.4,-85.9,1
43.4,-85.9,1
43.4,-85.9,1
43.4,-85.9,1
43.4,-85.9,1
43.4,-85.9,1
43.4,-85.9,1
43.4,-85.9,1
43.4,-85.9,1
43.4,-85.9,1
43.4,-85.9,1
43.4,-85.9,1
43.4,-85.9,1
43.4,-85.9,1
43.4,-85.9,1
43.4,-85.9,1
43.4,-85.9,1
43.4,-85.9,1
43.4,-85.9,1
43.4,-85.9,1
43.4,-85.9,1
43.4,-85.9,1
43.4,-85.9,1
43.4,-85.9,1
43.4,-85.9,1
43.4,-85.9,1
43.4,-85.9,1
43.4,-85.9,1
43.4,-85.9,1
43.4,-85.9,1
43.4,-85.9,1
43.4,-85.9,1
43.4,-85.9,1
43.4,-85.9,1
43.4,-85.9,1
43.4,-85.9,1
43.4,-85.9,1
43.4,-85.9,1
43.4,-85.9,1
43.4,-85.9,1
43.4,-85.9,1
43.4,-85.9,1
43.4,-85.9,1
43.4,-85.9,1
43.4,-85.9,1
43.4,-85.9,1
43.4,-85.9,1
43.4,-85.9,1
43.4,-85.9,1
43.4,-85.9,1
43.4,-85.9,1
43.4,-85.9,1
43.4,-85.9,1
43.4,-85.9,1
43.4,-85.9,1
43.4,-85.9,1
43.4,-85.9,1
43.4,-85.9,1
43.4,-85.9,1
43.4,-85.9,1
43.4,-85.9,1
43.4,-85.9,1
43.4,-85.9,1
43.4,-85.9,1
43.4,-85.9,1
43.4,-85.9,1
43.4,-85.9,1
43.4,-85.9,1
43.4,-85.9,1
43.4,-85.9,1
43.4,-85.9,1
43.4,-85.9,1
43.4,-85.9,1
43.4,-85.9,1
43.4,-85.9,1
43.4,-85.9,1
43.4,-85.9,1
43.4,-85.9,1
43.4,-85.9,1
43.4,-85.9,1
43.4,-85.9,1
43.4,-85.9,1
43.4,-85.9,1
43.4,-85.9,1
43.4,-85.9,1
43.4,-85.9,1
43.4,-85.9,1
43.4,-85.9,1
43.4,-85.9,1
43.4,-85.9,1
43.4,-85.9,1
43.4,-85.9,1
43.4,-85.9,1
43.4,-85.9,1
43.4,-85.9,1
43.4,-85.9,1
43.4,-85.9,1
43.4,-85.9,1
43.4,-85.9,1
43.4,-85.9,1
43.4,-85.9,1
43.4,-85.9,1
43.4,-85.9,1
43.4,-85.9,1
43.4,-85.9,1
43.4,-85.9,1
43.4,-85.9,1
43.4,-85.9,1
43.4,-85.9,1
43.4,-85.9,1
43.4,-85.9,1
43.4,-85.9,1
43.4,-85.9,1
43.4,-85.9,1
43.4,-85.9,1
43.4,-85.9,1
43.4,-85.9,1
43.4,-85.9,1
43.4,-85.9,1
43.4,-85.9,1
43.4,-85.9,1
43.4,-85.9,1
43.4,-85.9,1
43.4,-85.9,1
43.4,-85.9,1
43.4,-85.9,1
43.4,-85.9,1
43.4,-85.9,1
43.4,-85.9,1
43.4,-85.9,1
43.4,-85.9,1
43.4,-85.9,1
43.4,-85.9,1
43.4,-85.9,1
43.4,-85.9,1
43.4,-85.9,1
43.4,-85.9,1
43.4,-85.9,1
43.4,-85.9,1
43.4,-85.9,1
43.4,-85.9,1
43.4,-85.9,1
43.4,-85.9,1
43.4,-85.9,1
43.4,-85.9,1
43.4,-85.9,1
43.4,-85.9,1
43.4,-85.9,1
43.4,-85.9,1
43.4,-85.9,1
43.4,-85.9,1
43.4,-85.9,1
43.4,-85.9,1
43.4,-85.9,1
43.4,-85.9,1
43.4,-85.9,1
43.4,-85.9,1
43.4,-85.9,1
43.4,-85.9,1
43.4,-85.9,1
43.4,-85.9,1
43.4,-85.9,1
43.4,-85.9,1
43.4,-85.9,1
43.4,-85.9,1
43.4,-85.9,1
43.4,-85.9,1
43.4,-85.9,1
43.4,-85.9,1
43.4,-85.9,1
43.4,-85.9,1
43.4,-85.9,1
43.4,-85.9,1
43.4,-85.9,1
43.4,-85.9,1
43.4,-85.9,1
43.4,-85.9,1
43.4,-85.9,1
43.4,-85.9,1
43.4,-85.9,1
43.4,-85.9,1
43.4,-85.9,1
43.4,-85.9,1
43.4,-85.9,1
43.4,-85.9,1
43.4,-85.9,1
43.4,-85.9,1
43.4,-85.9,1
43.4,-85.9,1
43.4,-85.9,1
43.4,-85.9,1
43.4,-85.9,1
43.4,-85.9,1
43.4,-85.9,1
43.4,-85.9,1
43.4,-85.9,1
43.4,-85.9,1
43.4,-85.9,1
43.4,-85.9,1
43.4,-85.9,1
43.4,-85.9,1
43.4,-85.9,1
43.4,-85.9,1
43.4,-85.9,1
43.4,-85.9,1
43.4,-85.9,1
43.4,-85.9,1
43.4,-85.9,1
43.4,-85.9,1
43.4,-85.9,1
43.4,-85.9,1
43.4,-85.9,1
43.4,-85.9,1
43.4,-85.9,1
43.4,-85.9,1
43.4,-85.9,1
43.4,-85.9,1
43.4,-85.9,1
43.4,-85.9,1
43.4,-85.9,1
43.4,-85.9,1
43.4,-85.9,1
43.4,-85.9,1
43.4,-85.9,1
43.4,-85.9,1
43.4,-85.9,1
43.4,-85.9,1
43.4,-85.9,1
43.4,-85.9,1
43.4,-85.9,1
43.4,-85.9,1
43.4,-85.9,1
43.4,-85.9,1
43.4,-85.9,1
43.4,-85.9,1
43.4,-85.9,1
43.4,-85.9,1
43.4,-85.9,1
43.4,-85.9,1
43.4,-85.9,1
43.4,-85.9,1
43.4,-85.9,1
43.4,-85.9,1
43.4,-85.9,1
43.4,-85.9,1
43.4,-85.9,1
43.4,-85.9,1
43.4,-85.9,1
43.4,-85.9,1
43.4,-85.9,1
43.4,-85.9,1
43.4,-85.9,1
43.4,-85.9,1
43.4,-85.9,1
43.4,-85.9,1
43.4,-85.9,1
43.4,-85.9,1
43.4,-85.9,1
43.4,-85.9,1
43.4,-85.9,1
43.4,-85.9,1
43.4,-85.9,1
43.4,-85.9,1
43.4,-85.9,1
43.4,-85.9,1
43.4,-85.9,1
43.4,-85.9,1
43.4,-85.9,1
43.4,-85.9,1
43.4,-85.9,1
43.4,-85.9,1
43.4,-85.9,1
43.4,-85.9,1
43.4,-85.9,1
43.4,-85.9,1
43.4,-85.9,1
43.4,-85.9,1
43.4,-85.9,1
43.4,-85.9,1
43.4,-85.9,1
43.4,-85.9,1
43.4,-85.9,1
43.4,-85.9,1
43.4,-85.9,1
43.4,-85.9,1
43.4,-85.9,1
43.4,-85.9,1
43.4,-85.9,1
43.4,-85.9,1
43.4,-85.9,1
43.4,-85.9,1
43.4,-85.9,1
43.4,-85.9,1
43.4,-85.9,1
43.4,-85.9,1
43.4,-85.9,1
43.4,-85.9,1
43.4,-85.9,1
43.4,-85.9,1
43.4,-85.9,1
43.4,-85.9,1
43.4,-85.9,1
43.4,-85.9,1
43.4,-85.9,1
43.4,-85.9,1
43.4,-85.9,1
43.4,-85.9,1
43.4,-85.9,1
43.4,-85.9,1
43.4,-85.9,1
43.4,-85.9,1
43.4,-85.9,1
43.4,-85.9,1
43.4,-85.9,1
43.4,-85.9,1
43.4,-85.9,1
43.4,-85.9,1
43.4,-85.9,1
43.4,-85.9,1
43.4,-85.9,1
43.4,-85.9,1
43.4,-85.9,1
43.4,-85.9,1
43.4,-85.9,1
43.4,-85.9,1
43.4,-85.9,1
43.4,-85.9,1
43.4,-85.9,1
43.4,-85.9,1
43.4,-85.9,1
43.4,-85.9,1
43.4,-85.9,1
43.4,-85.9,1
43.4,-85.9,1
43.4,-85.9,1
43.4,-85.9,1
43.4,-85.9,1
43.4,-85.9,1
43.4,-85.9,1
43.4,-85.9,1
43.4,-85.9,1
43.4,-85.9,1
43.4,-85.9,1
43.4,-85.9,1
43.4,-85.9,1
43.4,-85.9,1
43.4,-85.9,1
43.4,-85.9,1
43.4,-85.9,1
43.4,-85.9,1
43.4,-85.9,1
43.4,-85.9,1
43.4,-85.9,1
43.4,-85.9,1
43.4,-85.9,1
43.4,-85.9,1
43.4,-85.9,1
43.4,-85.9,1
43.4,-85.9,1
43.4,-85.9,1
43.4,-85.9,1
43.4,-85.9,1
43.4,-85.9,1
43.4,-85.9,1
43.4,-85.9,1
43.4,-85.9,1
43.4,-85.9,1
43.4,-85.9,1
43.4,-85.9,1
43.4,-85.9,1
43.4,-85.9,1
43.4,-85.9,1
43.4,-85.9,1
43.4,-85.9,1
43.4,-85.9,1
43.4,-85.9,1
43.4,-85.9,1
43.4,-85.9,1
43.4,-85.9,1
43.4,-85.9,1
43.4,-85.9,1
43.4,-85.9,1
43.4,-85.9,1
43.4,-85.9,1
43.4,-85.9,1
43.4,-85.9,1
43.4,-85.9,1
43.4,-85.9,1
43.4,-85.9,1
43.4,-85.9,1
43.4,-85.9,1
43.4,-85.9,1
43.4,-85.9,1
43.4,-85.9,1
43.4,-85.9,1
43.4,-85.9,1
43.4,-85.9,1
43.4,-85.9,1
43.4,-85.9,1
43.4,-85.9,1
43.4,-85.9,1
43.4,-85.9,1
43.4,-85.9,1
43.4,-85.9,1
43.4,-85.9,1
43.4,-85.9,1
43.4,-85.9,1
43.4,-85.9,1
43.4,-85.9,1
43.4,-85.9,1
43.4,-85.9,1
43.4,-85.9,1
43.4,-85.9,1
43.4,-85.9,1
43.4,-85.9,1
43.4,-85.9,1
43.4,-85.9,1
43.4,-85.9,1
43.4,-85.9,1
43.4,-85.9,1
43.4,-85.9,1
43.4,-85.9,1
43.4,-85.9,1
43.4,-85.9,1
43.4,-85.9,1
43.4,-85.9,1
43.4,-85.9,1
43.4,-85.9,1
43.4,-85.9,1
43.4,-85.9,1
43.4,-85.9,1
43.4,-85.9,1
43.4,-85.9,1
43.4,-85.9,1
43.4,-85.9,1
43.4,-85.9,1
43.4,-85.9,1
43.4,-85.9,1
43.4,-85.9,1
43.4,-85.9,1
43.4,-85.9,1
43.4,-85.9,1
43.4,-85.9,1
43.4,-85.9,1
43.4,-85.9,1
43.4,-85.9,1
43.4,-85.9,1
43.4,-85.9,1
43.4,-85.9,1
43.4,-85.9,1
43.4,-85.9,1
43.4,-85.9,1
43.4,-85.9,1
43.4,-85.9,1
43.4,-85.9,1
43.4,-85.9,1
43.4,-85.9,1
43.4,-85.9,1
43.4,-85.9,1
43.4,-85.9,1
43.4,-85.9,1
43.4,-85.9,1
43.4,-85.9,1
43.4,-85.9,1
43.4,-85.9,1
43.4,-85.9,1
43.4,-85.9,1
43.4,-85.9,1
43.4,-85.9,1
43.4,-85.9,1
43.4,-85.9,1
43.4,-85.9,1
43.4,-85.9,1
43.4,-85.9,1
43.4,-85.9,1
43.4,-85.9,1
43.4,-85.9,1
43.4,-85.9,1
43.4,-85.9,1
43.4,-85.9,1
43.4,-85.9,1
43.4,-85.9,1
43.4,-85.9,1
43.4,-85.9,1
43.4,-85.9,1
43.4,-85.9,1
43.4,-85.9,1
43.4,-85.9,1
43.4,-85.9,1
43.4,-85.9,1
43.4,-85.9,1
43.4,-85.9,1
43.4,-85.9,1
43.4,-85.9,1
43.4,-85.9,1
43.4,-85.9,1
43.4,-85.9,1
43.4,-85.9,1
43.4,-85.9,1
43.4,-85.9,1
43.4,-85.9,1
43.4,-85.9,1
43.4,-85.9,1
43.4,-85.9,1
43.4,-85.9,1
43.4,-85.9,1
43.4,-85.9,1
43.4,-85.9,1
43.4,-85.9,1
43.4,-85.9,1
43.4,-85.9,1
43.4,-85.9,1
43.4,-85.9,1
43.4,-85.9,1
43.4,-85.9,1
43.4,-85.9,1
43.4,-85.9,1
43.4,-85.9,1
43.4,-85.9,1
43.4,-85.9,1
43.4,-85.9,1
43.4,-85.9,1
43.4,-85.9,1
43.4,-85.9,1
43.4,-85.9,1
43.4,-85.9,1
43.4,-85.9,1
43.4,-85.9,1
43.4,-85.9,1
43.4,-85.9,1
43.4,-85.9,1
43.4,-85.9,1
43.4,-85.9,1
43.4,-85.9,1
43.4,-85.9,1
43.4,-85.9,1
43.4,-85.9,1
43.4,-85.9,1
43.4,-85.9,1
43.4,-85.9,1
43.4,-85.9,1
43.4,-85.9,1
43.4,-85.9,1
43.4,-85.9,1
43.4,-85.9,1
43.4,-85.9,1
43.4,-85.9,1
43.4,-85.9,1
43.4,-85.9,1
43.4,-85.9,1
43.4,-85.9,1
43.4,-85.9,1
43.4,-85.9,1
43.4,-85.9,1
43.4,-85.9,1
43.4,-85.9,1
43.4,-85.9,1
43.4,-85.9,1
43.4,-85.9,1
43.4,-85.9,1
43.4,-85.9,1
43.4,-85.9,1
43.4,-85.9,1
43.4,-85.9,1
43.4,-85.9,1
43.4,-85.9,1
43.4,-85.9,1
43.4,-85.9,1
43.4,-85.9,1
43.4,-85.9,1
43.4,-85.9,1
43.4,-85.9,1
43.4,-85.9,1
43.4,-85.9,1
43.4,-85.9,1
43.4,-85.9,1
43.4,-85.9,1
43.4,-85.9,1
43.4,-85.9,1
43.4,-85.9,1
43.4,-85.9,1
43.4,-85.9,1
43.4,-85.9,1
43.4,-85.9,1
43.4,-85.9,1
43.4,-85.9,1
43.4,-85.9,1
43.4,-85.9,1
43.4,-85.9,1
43.4,-85.9,1
43.4,-85.9,1
43.4,-85.9,1
43.4,-85.9,1
43.4,-85.9,1
43.4,-85.9,1
43.4,-85.9,1
43.4,-85.9,1
43.4,-85.9,1
43.4,-85.9,1
43.4,-85.9,1
43.4,-85.9,1
43.4,-85.9,1
43.4,-85.9,1
43.4,-85.9,1
43.4,-85.9,1
43.4,-85.9,1
43.4,-85.9,1
43.4,-85.9,1
43.4,-85.9,1
43.4,-85.9,1
43.4,-85.9,1
43.4,-85.9,1
43.4,-85.9,1
43.4,-85.9,1
43.4,-85.9,1
43.4,-85.9,1
43.4,-85.9,1
43.4,-85.9,1
43.4,-85.9,1
43.4,-85.9,1
43.4,-85.9,1
43.4,-85.9,1
43.4,-85.9,1
43.4,-85.9,1
43.4,-85.9,1
43.4,-85.9,1
43.4,-85.9,1
43.4,-85.9,1
43.4,-85.9,1
43.4,-85.9,1
43.4,-85.9,1
43.4,-85.9,1
43.4,-85.9,1
43.4,-85.9,1
43.4,-85.9,1
43.4,-85.9,1
43.4,-85.9,1
43.4,-85.9,1
43.4,-85.9,1
43.4,-85.9,1
43.4,-85.9,1
43.4,-85.9,1
43.4,-85.9,1
43.4,-85.9,1
43.4,-85.9,1
43.4,-85.9,1
43.4,-85.9,1
43.4,-85.9,1
43.4,-85.9,1
43.4,-85.9,1
43.4,-85.9,1
43.4,-85.9,1
43.4,-85.9,1
43.4,-85.9,1
43.4,-85.9,1
43.4,-85.9,1
43.4,-85.9,1
43.4,-85.9,1
43.4,-85.9,1
43.4,-85.9,1
43.4,-85.9,1
43.4,-85.9,1
43.4,-85.9,1
43.4,-85.9,1
43.4,-85.9,1
43.4,-85.9,1
43.4,-85.9,1
43.4,-85.9,1
43.4,-85.9,1
43.4,-85.9,1
43.4,-85.9,1
43.4,-85.9,1
43.4,-85.9,1
43.4,-85.9,1
43.4,-85.9,1
43.4,-85.9,1
43.4,-85.9,1
43.4,-85.9,1
43.4,-85.9,1
43.4,-85.9,1
43.4,-85.9,1
43.4,-85.9,1
43.4,-85.9,1
43.4,-85.9,1
43.4,-85.9,1
43.4,-85.9,1
43.4,-85.9,1
43.4,-85.9,1
43.4,-85.9,1
43.4,-85.9,1
43.4,-85.9,1
43.4,-85.9,1
43.4,-85.9,1
43.4,-85.9,1
43.4,-85.9,1
43.4,-85.9,1
43.4,-85.9,1
43.4,-85.9,1
43.4,-85.9,1
43.4,-85.9,1
43.4,-85.9,1
43.4,-85.9,1
43.4,-85.9,1
43.4,-85.9,1
43.4,-85.9,1
43.4,-85.9,1
43.4,-85.9,1
43.4,-85.9,1
43.4,-85.9,1
43.4,-85.9,1
43.4,-85.9,1
43.4,-85.9,1
43.4,-85.9,1
43.4,-85.9,1
43.4,-85.9,1
43.4,-85.9,1
43.4,-85.9,1
43.4,-85.9,1
43.4,-85.9,1
43.4,-85.9,1
43.4,-85.9,1
43.4,-85.9,1
43.4,-85.9,1
43.4,-85.9,1
43.4,-85.9,1
43.4,-85.9,1
43.4,-85.9,1
43.4,-85.9,1
43.4,-85.9,1
43.4,-85.9,1
43.4,-85.9,1
43.4,-85.9,1
43.4,-85.9,1
43.4,-85.9,1
43.4,-85.9,1
43.4,-85.9,1
43.4,-85.9,1
43.4,-85.9,1
43.4,-85.9,1
43.4,-85.9,1
43.4,-85.9,1
43.4,-85.9,1
43.4,-85.9,1
43.4,-85.9,1
43.4,-85.9,1
43.4,-85.9,1
43.4,-85.9,1
43.4,-85.9,1
43.4,-85.9,1
43.4,-85.9,1
43.4,-85.9,1
43.4,-85.9,1
43.4,-85.9,1
43.4,-85.9,1
43.4,-85.9,1
43.4,-85.9,1
43.4,-85.9,1
43.4,-85.9,1
43.4,-85.9,1
43.4,-85.9,1
43.4,-85.9,1
43.4,-85.9,1
43.4,-85.9,1
43.4,-85.9,1
43.4,-85.9,1
43.4,-85.9,1
43.4,-85.9,1
43.4,-85.9,1
43.4,-85.9,1
43.4,-85.9,1
43.4,-85.9,1
43.4,-85.9,1
43.4,-85.9,1
43.4,-85.9,1
43.4,-85.9,1
43.4,-85.9,1
43.4,-85.9,1
43.4,-85.9,1
43.4,-85.9,1
43.4,-85.9,1
43.4,-85.9,1
43.4,-85.9,1
43.4,-85.9,1
43.4,-85.9,1
43.4,-85.9,1
43.4,-85.9,1
43.4,-85.9,1
43.4,-85.9,1
43.4,-85.9,1
43.4,-85.9,1
43.4,-85.9,1
43.4,-85.9,1
43.4,-85.9,1
43.4,-85.9,1
43.4,-85.9,1
43.4,-85.9,1
43.4,-85.9,1
43.4,-85.9,1
43.4,-85.9,1
43.4,-85.9,1
43.4,-85.9,1
43.4,-85.9,1
43.4,-85.9,1
43.4,-85.9,1
43.4,-85.9,1
43.4,-85.9,1
43.4,-85.9,1
43.4,-85.9,1
43.4,-85.9,1
43.4,-85.9,1
43.4,-85.9,1
43.4,-85.9,1
43.4,-85.9,1
43.4,-85.9,1
43.4,-85.9,1
43.4,-85.9,1
43.4,-85.9,1
43.4,-85.9,1
43.4,-85.9,1
43.4,-85.9,1
43.4,-85.9,1
43.4,-85.9,1
43.4,-85.9,1
43.4,-85.9,1
43.4,-85.9,1
43.4,-85.9,1
43.4,-85.9,1
43.4,-85.9,1
43.4,-85.9,1
43.4,-85.9,1
43.4,-85.9,1
43.4,-85.9,1
43.4,-85.9,1
43.4,-85.9,1
43.4,-85.9,1
43.4,-85.9,1
43.4,-85.9,1
43.4,-85.9,1
43.4,-85.9,1
43.4,-85.9,1
43.4,-85.9,1
43.4,-85.9,1
43.4,-85.9,1
43.4,-85.9,1
43.4,-85.9,1
43.4,-85.9,1
43.4,-85.9,1
43.4,-85.9,1
43.4,-85.9,1
43.4,-85.9,1
43.4,-85.9,1
43.4,-85.9,1
43.4,-85.9,1
43.4,-85.9,1
43.4,-85.9,1
43.4,-85.9,1
43.4,-85.9,1
43.4,-85.9,1
43.4,-85.9,1
43.4,-85.9,1
43.4,-85.9,1
43.4,-85.9,1
43.4,-85.9,1
43.4,-85.9,1
43.4,-85.9,1
43.4,-85.9,1
43.4,-85.9,1
43.4,-85.9,1
43.4,-85.9,1
43.4,-85.9,1
43.4,-85.9,1
43.4,-85.9,1
43.4,-85.9,1
43.4,-85.9,1
43.4,-85.9,1
43.4,-85.9,1
43.4,-85.9,1
43.4,-85.9,1
43.4,-85.9,1
43.4,-85.9,1
43.4,-85.9,1
43.4,-85.9,1
43.4,-85.9,1
43.4,-85.9,1
43.4,-85.9,1
43.4,-85.9,1
43.4,-85.9,1
43.4,-85.9,1
43.4,-85.9,1
43.4,-85.9,1
43.4,-85.9,1
43.4,-85.9,1
43.4,-85.9,1
43.4,-85.9,1
43.4,-85.9,1
43.4,-85.9,1
43.4,-85.9,1
43.4,-85.9,1
43.4,-85.9,1
43.4,-85.9,1
43.4,-85.9,1
43.4,-85.9,1
43.4,-85.9,1
43.4,-85.9,1
43.4,-85.9,1
43.4,-85.9,1
43.4,-85.9,1
43.4,-85.9,1
43.4,-85.9,1
43.4,-85.9,1
43.4,-85.9,1
43.4,-85.9,1
43.4,-85.9,1
43.4,-85.9,1
43.4,-85.9,1
43.4,-85.9,1
43.4,-85.9,1
43.4,-85.9,1
43.4,-85.9,1
43.4,-85.9,1
43.4,-85.9,1
43.4,-85.9,1
43.4,-85.9,1
43.4,-85.9,1
43.4,-85.9,1
43.4,-85.9,1
43.4,-85.9,1
43.4,-85.9,1
43.4,-85.9,1
43.4,-85.9,1
43.4,-85.9,1
43.4,-85.9,1
43.4,-85.9,1
43.4,-85.9,1
43.4,-85.9,1
43.4,-85.9,1
43.4,-85.9,1
43.4,-85.9,1
43.4,-85.9,1
43.4,-85.9,1
43.4,-85.9,1
43.4,-85.9,1
43.4,-85.9,1
43.4,-85.9,1
43.4,-85.9,1
43.4,-85.9,1
43.4,-85.9,1
43.4,-85.9,1
43.4,-85.9,1
43.4,-85.9,1
43.4,-85.9,1
43.4,-85.9,1
43.4,-85.9,1
43.4,-85.9,1
43.4,-85.9,1
43.4,-85.9,1
43.4,-85.9,1
43.4,-85.9,1
43.4,-85.9,1
43.4,-85.9,1
43.4,-85.9,1
43.4,-85.9,1
43.4,-85.9,1
43.4,-85.9,1
43.4,-85.9,1
43.4,-85.9,1
43.4,-85.9,1
43.4,-85.9,1
43.4,-85.9,1
43.4,-85.9,1
43.4,-85.9,1
43.4,-85.9,1
43.4,-85.9,1
43.4,-85.9,1
43.4,-85.9,1
43.4,-85.9,1
43.4,-85.9,1
43.4,-85.9,1
43.4,-85.9,1
43.4,-85.9,1
43.4,-85.9,1
43.4,-85.9,1
43.4,-85.9,1
43.4,-85.9,1
43.4,-85.9,1
43.4,-85.9,1
43.4,-85.9,1
43.4,-85.9,1
43.4,-85.9,1
43.4,-85.9,1
43.4,-85.9,1
43.4,-85.9,1
43.4,-85.9,1
43.4,-85.9,1
43.4,-85.9,1
43.4,-85.9,1
43.4,-85.9,1
43.4,-85.9,1
43.4,-85.9,1
43.4,-85.9,1
43.4,-85.9,1
43.4,-85.9,1
43.4,-85.9,1
43.4,-85.9,1
43.4,-85.9,1
43.4,-85.9,1
43.4,-85.9,1
43.4,-85.9,1
43.4,-85.9,1
43.4,-85.9,1
43.4,-85.9,1
43.4,-85.9,1
43.4,-85.9,1
43.4,-85.9,1
43.4,-85.9,1
43.4,-85.9,1
43.4,-85.9,1
43.4,-85.9,1
43.4,-85.9,1
43.4,-85.9,1
43.4,-85.9,1
43.4,-85.9,1
43.4,-85.9,1
43.4,-85.9,1
43.4,-85.9,1
43.4,-85.9,1
43.4,-85.9,1
43.4,-85.9,1
43.4,-85.9,1
43.4,-85.9,1
43.4,-85.9,1
43.4,-85.9,1
43.4,-85.9,1
43.4,-85.9,1
43.4,-85.9,1
43.4,-85.9,1
43.4,-85.9,1
43.4,-85.9,1
43.4,-85.9,1
43.4,-85.9,1
43.4,-85.9,1
43.4,-85.9,1
43.4,-85.9,1
43.4,-85.9,1
43.4,-85.9,1
43.4,-85.9,1
43.4,-85.9,1
43.4,-85.9,1
43.4,-85.9,1
43.4,-85.9,1
43.4,-85.9,1
43.4,-85.9,1
43.4,-85.9,1
43.4,-85.9,1
43.4,-85.9,1
43.4,-85.9,1
43.4,-85.9,1
43.4,-85.9,1
43.4,-85.9,1
43.4,-85.9,1
43.4,-85.9,1
43.4,-85.9,1
43.4,-85.9,1
43.4,-85.9,1
43.4,-85.9,1
43.4,-85.9,1
43.4,-85.9,1
43.4,-85.9,1
43.4,-85.9,1
43.4,-85.9,1
43.4,-85.9,1
43.4,-85.9,1
43.4,-85.9,1
43.4,-85.9,1
43.4,-85.9,1
43.4,-85.9,1
43.4,-85.9,1
43.4,-85.9,1
43.4,-85.9,1
43.4,-85.9,1
43.4,-85.9,1
43.4,-85.9,1
43.4,-85.9,1
43.4,-85.9,1
43.4,-85.9,1
43.4,-85.9,1
43.4,-85.9,1
43.4,-85.9,1
43.4,-85.9,1
43.4,-85.9,1
43.4,-85.9,1
43.4,-85.9,1
43.4,-85.9,1
43.4,-85.9,1
43.4,-85.9,1
43.4,-85.9,1
43.4,-85.9,1
43.4,-85.9,1
43.4,-85.9,1
43.4,-85.9,1
43.4,-85.9,1
43.4,-85.9,1
43.4,-85.9,1
43.4,-85.9,1
43.4,-85.9,1
43.4,-85.9,1
43.4,-85.9,1
43.4,-85.9,1
43.4,-85.9,1
43.4,-85.9,1
43.4,-85.9,1
43.4,-85.9,1
43.4,-85.9,1
43.4,-85.9,1
43.4,-85.9,1
43.4,-85.9,1
43.4,-85.9,1
43.4,-85.9,1
43.4,-85.9,1
43.4,-85.9,1
43.4,-85.9,1
43.4,-85.9,1
43.4,-85.9,1
43.4,-85.9,1
43.4,-85.9,1
43.4,-85.9,1
43.4,-85.9,1
43.4,-85.9,1
43.4,-85.9,1
43.4,-85.9,1
43.4,-85.9,1
43.4,-85.9,1
43.4,-85.9,1
43.4,-85.9,1
43.4,-85.9,1
43.4,-85.9,1
43.4,-85.9,1
43.4,-85.9,1
43.4,-85.9,1
43.4,-85.9,1
43.4,-85.9,1
43.4,-85.9,1
43.4,-85.9,1
43.4,-85.9,1
43.4,-85.9,1
43.4,-85.9,1
43.4,-85.9,1
43.4,-85.9,1
43.4,-85.9,1
43.4,-85.9,1
43.4,-85.9,1
43.4,-85.9,1
43.4,-85.9,1
43.4,-85.9,1
43.4,-85.9,1
43.4,-85.9,1
43.4,-85.9,1
43.4,-85.9,1
43.4,-85.9,1
43.4,-85.9,1
43.4,-85.9,1
43.4,-85.9,1
43.4,-85.9,1
43.4,-85.9,1
43.4,-85.9,1
43.4,-85.9,1
43.4,-85.9,1
43.4,-85.9,1
43.4,-85.9,1
43.4,-85.9,1
43.4,-85.9,1
43.4,-85.9,1
43.4,-85.9,1
43.4,-85.9,1
43.4,-85.9,1
43.4,-85.9,1
43.4,-85.9,1
43.4,-85.9,1
43.4,-85.9,1
43.4,-85.9,1
43.4,-85.9,1
43.4,-85.9,1
43.4,-85.9,1
43.4,-85.9,1
43.4,-85.9,1
43.4,-85.9,1
43.4,-85.9,1
43.4,-85.9,1
43.4,-85.9,1
43.4,-85.9,1
43.4,-85.9,1
43.4,-85.9,1
43.4,-85.9,1
43.4,-85.9,1
43.4,-85.9,1
43.4,-85.9,1
43.4,-85.9,1
43.4,-85.9,1
43.4,-85.9,1
43.4,-85.9,1
43.4,-85.9,1
43.4,-85.9,1
43.4,-85.9,1
43.4,-85.9,1
43.4,-85.9,1
43.4,-85.9,1
43.4,-85.9,1
43.4,-85.9,1
43.4,-85.9,1
43.4,-85.9,1
43.4,-85.9,1
43.4,-85.9,1
43.4,-85.9,1
43.4,-85.9,1
43.4,-85.9,1
43.4,-85.9,1
43.4,-85.9,1
43.4,-85.9,1
43.4,-85.9,1
43.4,-85.9,1
43.4,-85.9,1
43.4,-85.9,1
43.4,-85.9,1
43.4,-85.9,1
43.4,-85.9,1
43.4,-85.9,1
43.4,-85.9,1
43.4,-85.9,1
43.4,-85.9,1
43.4,-85.9,1
43.4,-85.9,1
43.4,-85.9,1
43.4,-85.9,1
43.4,-85.9,1
43.4,-85.9,1
43.4,-85.9,1
43.4,-85.9,1
43.4,-85.9,1
43.4,-85.9,1
43.4,-85.9,1
43.4,-85.9,1
43.4,-85.9,1
43.4,-85.9,1
43.4,-85.9,1
43.4,-85.9,1
43.4,-85.9,1
43.4,-85.9,1
43.4,-85.9,1
43.4,-85.9,1
43.4,-85.9,1
43.4,-85.9,1
43.4,-85.9,1
43.4,-85.9,1
43.4,-85.9,1
43.4,-85.9,1
43.4,-85.9,1
43.4,-85.9,1
43.4,-85.9,1
43.4,-85.9,1
43.4,-85.9,1
43.4,-85.9,1
43.4,-85.9,1
43.4,-85.9,1
43.4,-85.9,1
43.4,-85.9,1
43.4,-85.9,1
43.4,-85.9,1
43.4,-85.9,1
43.4,-85.9,1
43.4,-85.9,1
43.4,-85.9,1
43.4,-85.9,1
43.4,-85.9,1
43.4,-85.9,1
43.4,-85.9,1
43.4,-85.9,1
43.4,-85.9,1
43.4,-85.9,1
43.4,-85.9,1
43.4,-85.9,1
43.4,-85.9,1
43.4,-85.9,1
43.4,-85.9,1
43.4,-85.9,1
43.4,-85.9,1
43.4,-85.9,1
43.4,-85.9,1
43.4,-85.9,1
43.4,-85.9,1
43.4,-85.9,1
43.4,-85.9,1
43.4,-85.9,1
43.4,-85.9,1
43.4,-85.9,1
43.4,-85.9,1
43.4,-85.9,1
43.4,-85.9,1
43.4,-85.9,1
43.4,-85.9,1
43.4,-85.9,1
43.4,-85.9,1
43.4,-85.9,1
43.4,-85.9,1
43.4,-85.9,1
43.4,-85.9,1
43.4,-85.9,1
43.4,-85.9,1
43.4,-85.9,1
43.4,-85.9,1
43.4,-85.9,1
43.4,-85.9,1
43.4,-85.9,1
43.4,-85.9,1
43.4,-85.9,1
43.4,-85.9,1
43.4,-85.9,1
43.4,-85.9,1
43.4,-85.9,1
43.4,-85.9,1
43.4,-85.9,1
43.4,-85.9,1
43.4,-85.9,1
43.4,-85.9,1
43.4,-85.9,1
43.4,-85.9,1
43.4,-85.9,1
43.4,-85.9,1
43.4,-85.9,1
43.4,-85.9,1
43.4,-85.9,1
43.4,-85.9,1
43.4,-85.9,1
43.4,-85.9,1
43.4,-85.9,1
43.4,-85.9,1
43.4,-85.9,1
43.4,-85.9,1
43.4,-85.9,1
43.4,-85.9,1
43.4,-85.9,1
43.4,-85.9,1
43.4,-85.9,1
43.4,-85.9,1
43.4,-85.9,1
43.4,-85.9,1
43.4,-85.9,1
43.4,-85.9,1
43.4,-85.9,1
43.4,-85.9,1
43.4,-85.9,1
43.4,-85.9,1
43.4,-85.9,1
43.4,-85.9,1
43.4,-85.9,1
43.4,-85.9,1
43.4,-85.9,1
43.4,-85.9,1
43.4,-85.9,1
43.4,-85.9,1
43.4,-85.9,1
43.4,-85.9,1
43.4,-85.9,1
43.4,-85.9,1
43.4,-85.9,1
43.4,-85.9,1
43.4,-85.9,1
43.4,-85.9,1
43.4,-85.9,1
43.4,-85.9,1
43.4,-85.9,1
43.4,-85.9,1
43.4,-85.9,1
43.4,-85.9,1
43.4,-85.9,1
43.4,-85.9,1
43.4,-85.9,1
43.4,-85.9,1
43.4,-85.9,1
43.4,-85.9,1
43.4,-85.9,1
43.4,-85.9,1
43.4,-85.9,1
43.4,-85.9,1
43.4,-85.9,1
43.4,-85.9,1
43.4,-85.9,1
43.4,-85.9,1
43.4,-85.9,1
43.4,-85.9,1
43.4,-85.9,1
43.4,-85.9,1
43.4,-85.9,1
43.4,-85.9,1
43.4,-85.9,1
43.4,-85.9,1
43.4,-85.9,1
43.4,-85.9,1
43.4,-85.9,1
43.4,-85.9,1
43.4,-85.9,1
43.4,-85.9,1
43.4,-85.9,1
43.4,-85.9,1
43.4,-85.9,1
43.4,-85.9,1
43.4,-85.9,1
43.4,-85.9,1
43.4,-85.9,1
43.4,-85.9,1
43.4,-85.9,1
43.4,-85.9,1
43.4,-85.9,1
43.4,-85.9,1
43.4,-85.9,1
43.4,-85.9,1
43.4,-85.9,1
43.4,-85.9,1
43.4,-85.9,1
43.4,-85.9,1
43.4,-85.9,1
43.4,-85.9,1
43.4,-85.9,1
43.4,-85.9,1
43.4,-85.9,1
43.4,-85.9,1
43.4,-85.9,1
43.4,-85.9,1
43.4,-85.9,1
43.4,-85.9,1
43.4,-85.9,1
43.4,-85.9,1
43.4,-85.9,1
43.4,-85.9,1
43.4,-85.9,1
43.4,-85.9,1
43.4,-85.9,1
43.4,-85.9,1
43.4,-85.9,1
43.4,-85.9,1
43.4,-85.9,1
43.4,-85.9,1
43.4,-85.9,1
43.4,-85.9,1
43.4,-85.9,1
43.4,-85.9,1
43.4,-85.9,1
43.4,-85.9,1
43.4,-85.9,1
43.4,-85.9,1
43.4,-85.9,1
43.4,-85.9,1
43.4,-85.9,1
43.4,-85.9,1
43.4,-85.9,1
43.4,-85.9,1
43.4,-85.9,1
43.4,-85.9,1
43.4,-85.9,1
43.4,-85.9,1
43.4,-85.9,1
43.4,-85.9,1
43.4,-85.9,1
43.4,-85.9,1
43.4,-85.9,1
43.4,-85.9,1
43.4,-85.9,1
43.4,-85.9,1
43.4,-85.9,1
43.4,-85.9,1
43.4,-85.9,1
43.4,-85.9,1
43.4,-85.9,1
43.4,-85.9,1
43.4,-85.9,1
43.4,-85.9,1
43.4,-85.9,1
43.4,-85.9,1
43.4,-85.9,1
43.4,-85.9,1
43.4,-85.9,1
43.4,-85.9,1
43.4,-85.9,1
43.4,-85.9,1
43.4,-85.9,1
43.4,-85.9,1
43.4,-85.9,1
43.4,-85.9,1
43.4,-85.9,1
43.4,-85.9,1
43.4,-85.9,1
43.4,-85.9,1
43.4,-85.9,1
43.4,-85.9,1
43.4,-85.9,1
43.4,-85.9,1
43.4,-85.9,1
43.4,-85.9,1
43.4,-85.9,1
43.4,-85.9,1
43.4,-85.9,1
43.4,-85.9,1
43.4,-85.9,1
43.4,-85.9,1
43.4,-85.9,1
43.4,-85.9,1
43.4,-85.9,1
43.4,-85.9,1
43.4,-85.9,1
43.4,-85.9,1
43.4,-85.9,1
43.4,-85.9,1
43.4,-85.9,1
43.4,-85.9,1
43.4,-85.9,1
43.4,-85.9,1
43.4,-85.9,1
43.4,-85.9,1
43.4,-85.9,1
43.4,-85.9,1
43.4,-85.9,1
43.4,-85.9,1
43.4,-85.9,1
43.4,-85.9,1
43.4,-85.9,1
43.4,-85.9,1
43.4,-85.9,1
43.4,-85.9,1
43.4,-85.9,1
43.4,-85.9,1
43.4,-85.9,1
43.4,-85.9,1
43.4,-85.9,1
43.4,-85.9,1
43.4,-85.9,1
43.4,-85.9,1
43.4,-85.9,1
43.4,-85.9,1
43.4,-85.9,1
43.4,-85.9,1
43.4,-85.9,1
43.4,-85.9,1
43.4,-85.9,1
43.4,-85.9,1
43.4,-85.9,1
43.4,-85.9,1
43.4,-85.9,1
43.4,-85.9,1
43.4,-85.9,1
43.4,-85.9,1
43.4,-85.9,1
43.4,-85.9,1
43.4,-85.9,1
43.4,-85.9,1
43.4,-85.9,1
43.4,-85.9,1
43.4,-85.9,1
43.4,-85.9,1
43.4,-85.9,1
43.4,-85.9,1
43.4,-85.9,1
43.4,-85.9,1
43.4,-85.9,1
43.4,-85.9,1
43.4,-85.9,1
43.4,-85.9,1
43.4,-85.9,1
43.4,-85.9,1
43.4,-85.9,1
43.4,-85.9,1
43.4,-85.9,1
43.4,-85.9,1
43.4,-85.9,1
43.4,-85.9,1
43.4,-85.9,1
43.4,-85.9,1
43.4,-85.9,1
43.4,-85.9,1
43.4,-85.9,1
43.4,-85.9,1
43.4,-85.9,1
43.4,-85.9,1
43.4,-85.9,1
43.4,-85.9,1
43.4,-85.9,1
43.4,-85.9,1
43.4,-85.9,1
43.4,-85.9,1
43.4,-85.9,1
43.4,-85.9,1
43.4,-85.9,1
43.4,-85.9,1
43.4,-85.9,1
43.4,-85.9,1
43.4,-85.9,1
43.4,-85.9,1
43.4,-85.9,1
43.4,-85.9,1
43.4,-85.9,1
43.4,-85.9,1
43.4,-85.9,1
43.4,-85.9,1
43.4,-85.9,1
43.4,-85.9,1
43.4,-85.9,1
43.4,-85.9,1
43.4,-85.9,1
43.4,-85.9,1
43.4,-85.9,1
43.4,-85.9,1
43.4,-85.9,1
43.4,-85.9,1
43.4,-85.9,1
43.4,-85.9,1
43.4,-85.9,1
43.4,-85.9,1
43.4,-85.9,1
43.4,-85.9,1
43.4,-85.9,1
43.4,-85.9,1
43.4,-85.9,1
43.4,-85.9,1
43.4,-85.9,1
43.4,-85.9,1
43.4,-85.9,1
43.4,-85.9,1
43.4,-85.9,1
43.4,-85.9,1
43.4,-85.9,1
43.4,-85.9,1
43.4,-85.9,1
43.4,-85.9,1
43.4,-85.9,1
43.4,-85.9,1
43.4,-85.9,1
43.4,-85.9,1
43.4,-85.9,1
43.4,-85.9,1
43.4,-85.9,1
43.4,-85.9,1
43.4,-85.9,1
43.4,-85.9,1
43.4,-85.9,1
43.4,-85.9,1
43.4,-85.9,1
43.4,-85.9,1
43.4,-85.9,1
43.4,-85.9,1
43.4,-85.9,1
43.4,-85.9,1
43.4,-85.9,1
43.4,-85.9,1
43.4,-85.9,1
43.4,-85.9,1
43.4,-85.9,1
43.4,-85.9,1
43.4,-85.9,1
43.4,-85.9,1
43.4,-85.9,1
43.4,-85.9,1
43.4,-85.9,1
43.4,-85.9,1
43.4,-85.9,1
43.4,-85.9,1
43.4,-85.9,1
43.4,-85.9,1
43.4,-85.9,1
43.4,-85.9,1
43.4,-85.9,1
43.4,-85.9,1
43.4,-85.9,1
43.4,-85.9,1
43.4,-85.9,1
43.4,-85.9,1
43.4,-85.9,1
43.4,-85.9,1
43.4,-85.9,1
43.4,-85.9,1
43.4,-85.9,1
43.4,-85.9,1
43.4,-85.9,1
43.4,-85.9,1
43.4,-85.9,1
43.4,-85.9,1
43.4,-85.9,1
43.4,-85.9,1
43.4,-85.9,1
43.4,-85.9,1
43.4,-85.9,1
43.4,-85.9,1
43.4,-85.9,1
43.4,-85.9,1
43.4,-85.9,1
43.4,-85.9,1
43.4,-85.9,1
43.4,-85.9,1
43.4,-85.9,1
43.4,-85.9,1
43.4,-85.9,1
43.4,-85.9,1
43.4,-85.9,1
43.4,-85.9,1
43.4,-85.9,1
43.4,-85.9,1
43.4,-85.9,1
43.4,-85.9,1
43.4,-85.9,1
43.4,-85.9,1
43.4,-85.9,1
43.4,-85.9,1
43.4,-85.9,1
43.4,-85.9,1
43.4,-85.9,1
43.4,-85.9,1
43.4,-85.9,1
43.4,-85.9,1
43.4,-85.9,1
43.4,-85.9,1
43.4,-85.9,1
43.4,-85.9,1
43.4,-85.9,1
43.4,-85.9,1
43.4,-85.9,1
43.4,-85.9,1
43.4,-85.9,1
43.4,-85.9,1
43.4,-85.9,1
43.4,-85.9,1
43.4,-85.9,1
43.4,-85.9,1
43.4,-85.9,1
43.4,-85.9,1
43.4,-85.9,1
43.4,-85.9,1
43.4,-85.9,1
43.4,-85.9,1
43.4,-85.9,1
43.4,-85.9,1
43.4,-85.9,1
43.4,-85.9,1
43.4,-85.9,1
43.4,-85.9,1
43.4,-85.9,1
43.4,-85.9,1
43.4,-85.9,1
43.4,-85.9,1
43.4,-85.9,1
43.4,-85.9,1
43.4,-85.9,1
43.4,-85.9,1
43.4,-85.9,1
43.4,-85.9,1
43.4,-85.9,1
43.4,-85.9,1
43.4,-85.9,1
43.4,-85.9,1
43.4,-85.9,1
43.4,-85.9,1
43.4,-85.9,1
43.4,-85.9,1
43.4,-85.9,1
43.4,-85.9,1
43.4,-85.9,1
43.4,-85.9,1
43.4,-85.9,1
43.4,-85.9,1
43.4,-85.9,1
43.4,-85.9,1
43.4,-85.9,1
43.4,-85.9,1
43.4,-85.9,1
43.4,-85.9,1
43.4,-85.9,1
43.4,-85.9,1
43.4,-85.9,1
43.4,-85.9,1
43.4,-85.9,1
43.4,-85.9,1
43.4,-85.9,1
43.4,-85.9,1
43.4,-85.9,1
43.4,-85.9,1
43.4,-85.9,1
43.4,-85.9,1
43.4,-85.9,1
43.4,-85.9,1
43.4,-85.9,1
43.4,-85.9,1
43.4,-85.9,1
43.4,-85.9,1
43.4,-85.9,1
43.4,-85.9,1
43.4,-85.9,1
43.4,-85.9,1
43.4,-85.9,1
43.4,-85.9,1
43.4,-85.9,1
43.4,-85.9,1
43.4,-85.9,1
43.4,-85.9,1
43.4,-85.9,1
43.4,-85.9,1
43.4,-85.9,1
43.4,-85.9,1
43.4,-85.9,1
43.4,-85.9,1
43.4,-85.9,1
43.4,-85.9,1
43.4,-85.9,1
43.4,-85.9,1
43.4,-85.9,1
43.4,-85.9,1
43.4,-85.9,1
43.4,-85.9,1
43.4,-85.9,1
43.4,-85.9,1
43.4,-85.9,1
43.4,-85.9,1
43.4,-85.9,1
43.4,-85.9,1
43.4,-85.9,1
43.4,-85.9,1
43.4,-85.9,1
43.4,-85.9,1
43.4,-85.9,1
43.4,-85.9,1
43.4,-85.9,1
43.4,-85.9,1
43.4,-85.9,1
43.4,-85.9,1
43.4,-85.9,1
43.4,-85.9,1
43.4,-85.9,1
43.4,-85.9,1
43.4,-85.9,1
43.4,-85.9,1
43.4,-85.9,1
43.4,-85.9,1
43.4,-85.9,1
43.4,-85.9,1
43.4,-85.9,1
43.4,-85.9,1
43.4,-85.9,1
43.4,-85.9,1
43.4,-85.9,1
43.4,-85.9,1
43.4,-85.9,1
43.4,-85.9,1
43.4,-85.9,1
43.4,-85.9,1
43.4,-85.9,1
43.4,-85.9,1
43.4,-85.9,1
43.4,-85.9,1
43.4,-85.9,1
43.4,-85.9,1
43.4,-85.9,1
43.4,-85.9,1
43.4,-85.9,1
43.4,-85.9,1
43.4,-85.9,1
43.4,-85.9,1
43.4,-85.9,1
43.4,-85.9,1
43.4,-85.9,1
43.4,-85.9,1
43.4,-85.9,1
43.4,-85.9,1
43.4,-85.9,1
43.4,-85.9,1
43.4,-85.9,1
43.4,-85.9,1
43.4,-85.9,1
43.4,-85.9,1
43.4,-85.9,1
43.4,-85.9,1
43.4,-85.9,1
43.4,-85.9,1
43.4,-85.9,1
43.4,-85.9,1
43.4,-85.9,1
43.4,-85.9,1
43.4,-85.9,1
43.4,-85.9,1
43.4,-85.9,1
43.4,-85.9,1
43.4,-85.9,1
43.4,-85.9,1
43.4,-85.9,1
43.4,-85.9,1
43.4,-85.9,1
43.4,-85.9,1
43.4,-85.9,1
43.4,-85.9,1
43.4,-85.9,1
43.4,-85.9,1
43.4,-85.9,1
43.4,-85.9,1
43.4,-85.9,1
43.4,-85.9,1
43.4,-85.9,1
43.4,-85.9,1
43.4,-85.9,1
43.4,-85.9,1
43.4,-85.9,1
43.4,-85.9,1
43.4,-85.9,1
43.4,-85.9,1
43.4,-85.9,1
43.4,-85.9,1
43.4,-85.9,1
43.4,-85.9,1
43.4,-85.9,1
43.4,-85.9,1
43.4,-85.9,1
43.4,-85.9,1
43.4,-85.9,1
43.4,-85.9,1
43.4,-85.9,1
43.4,-85.9,1
43.4,-85.9,1
43.4,-85.9,1
43.4,-85.9,1
43.4,-85.9,1
43.4,-85.9,1
43.4,-85.9,1
43.4,-85.9,1
43.4,-85.9,1
43.4,-85.9,1
43.4,-85.9,1
43.4,-85.9,1
43.4,-85.9,1
43.4,-85.9,1
43.4,-85.9,1
43.4,-85.9,1
43.4,-85.9,1
43.4,-85.9,1
43.4,-85.9,1
43.4,-85.9,1
43.4,-85.9,1
43.4,-85.9,1
43.4,-85.9,1
43.4,-85.9,1
43.4,-85.9,1
43.4,-85.9,1
43.4,-85.9,1
43.4,-85.9,1
43.4,-85.9,1
43.4,-85.9,1
43.4,-85.9,1
43.4,-85.9,1
43.4,-85.9,1
43.4,-85.9,1
43.4,-85.9,1
43.4,-85.9,1
43.4,-85.9,1
43.4,-85.9,1
43.4,-85.9,1
43.4,-85.9,1
43.4,-85.9,1
43.4,-85.9,1
43.4,-85.9,1
43.4,-85.9,1
43.4,-85.9,1
43.4,-85.9,1
43.4,-85.9,1
43.4,-85.9,1
43.4,-85.9,1
43.4,-85.9,1
43.4,-85.9,1
43.4,-85.9,1
43.4,-85.9,1
43.4,-85.9,1
43.4,-85.9,1
43.4,-85.9,1
43.4,-85.9,1
43.4,-85.9,1
43.4,-85.9,1
43.4,-85.9,1
43.4,-85.9,1
43.4,-85.9,1
43.4,-85.9,1
43.4,-85.9,1
43.4,-85.9,1
43.4,-85.9,1
43.4,-85.9,1
43.4,-85.9,1
43.4,-85.9,1
43.4,-85.9,1
43.4,-85.9,1
43.4,-85.9,1
43.4,-85.9,1
43.4,-85.9,1
43.4,-85.9,1
43.4,-85.9,1
43.4,-85.9,1
43.4,-85.9,1
43.4,-85.9,1
43.4,-85.9,1
43.4,-85.9,1
43.4,-85.9,1
43.4,-85.9,1
43.4,-85.9,1
43.4,-85.9,1
43.4,-85.9,1
43.4,-85.9,1
43.4,-85.9,1
43.4,-85.9,1
43.4,-85.9,1
43.4,-85.9,1
43.4,-85.9,1
43.4,-85.9,1
43.4,-85.9,1
43.4,-85.9,1
43.4,-85.9,1
43.4,-85.9,1
43.4,-85.9,1
43.4,-85.9,1
43.4,-85.9,1
43.4,-85.9,1
43.4,-85.9,1
43.4,-85.9,1
43.4,-85.9,1
43.4,-85.9,1
43.4,-85.9,1
43.4,-85.9,1
43.4,-85.9,1
43.4,-85.9,1
43.4,-85.9,1
43.4,-85.9,1
43.4,-85.9,1
43.4,-85.9,1
43.4,-85.9,1
43.4,-85.9,1
43.4,-85.9,1
43.4,-85.9,1
43.4,-85.9,1
43.4,-85.9,1
43.4,-85.9,1
43.4,-85.9,1
43.4,-85.9,1
43.4,-85.9,1
43.4,-85.9,1
43.4,-85.9,1
43.4,-85.9,1
43.4,-85.9,1
43.4,-85.9,1
43.4,-85.9,1
43.4,-85.9,1
43.4,-85.9,1
43.4,-85.9,1
43.4,-85.9,1
43.4,-85.9,1
43.4,-85.9,1
43.4,-85.9,1
43.4,-85.9,1
43.4,-85.9,1
43.4,-85.9,1
43.4,-85.9,1
43.4,-85.9,1
43.4,-85.9,1
43.4,-85.9,1
43.4,-85.9,1
43.4,-85.9,1
43.4,-85.9,1
43.4,-85.9,1
43.4,-85.9,1
43.4,-85.9,1
43.4,-85.9,1
43.4,-85.9,1
43.4,-85.9,1
43.4,-85.9,1
43.4,-85.9,1
43.4,-85.9,1
43.4,-85.9,1
43.4,-85.9,1
43.4,-85.9,1
43.4,-85.9,1
43.4,-85.9,1
43.4,-85.9,1
43.4,-85.9,1
43.4,-85.9,1
43.4,-85.9,1
43.4,-85.9,1
43.4,-85.9,1
43.4,-85.9,1
43.4,-85.9,1
43.4,-85.9,1
43.4,-85.9,1
43.4,-85.9,1
43.4,-85.9,1
43.4,-85.9,1
43.4,-85.9,1
43.4,-85.9,1
43.4,-85.9,1
43.4,-85.9,1
43.4,-85.9,1
43.4,-85.9,1
43.4,-85.9,1
43.4,-85.9,1
43.4,-85.9,1
43.4,-85.9,1
43.4,-85.9,1
43.4,-85.9,1
43.4,-85.9,1
43.4,-85.9,1
43.4,-85.9,1
43.4,-85.9,1
43.4,-85.9,1
43.4,-85.9,1
43.4,-85.9,1
43.4,-85.9,1
43.4,-85.9,1
43.4,-85.9,1
43.4,-85.9,1
43.4,-85.9,1
43.4,-85.9,1
43.4,-85.9,1
43.4,-85.9,1
43.4,-85.9,1
43.4,-85.9,1
43.4,-85.9,1
43.4,-85.9,1
43.4,-85.9,1
43.4,-85.9,1
43.4,-85.9,1
43.4,-85.9,1
43.4,-85.9,1
43.4,-85.9,1
43.4,-85.9,1
43.4,-85.9,1
43.4,-85.9,1
43.4,-85.9,1
43.4,-85.9,1
43.4,-85.9,1
43.4,-85.9,1
43.4,-85.9,1
43.4,-85.9,1
43.4,-85.9,1
43.4,-85.9,1
43.4,-85.9,1
43.4,-85.9,1
43.4,-85.9,1
43.4,-85.9,1
43.4,-85.9,1
43.4,-85.9,1
43.4,-85.9,1
43.4,-85.9,1
43.4,-85.9,1
43.4,-85.9,1
43.4,-85.9,1
43.4,-85.9,1
43.4,-85.9,1
43.4,-85.9,1
43.4,-85.9,1
43.4,-85.9,1
43.4,-85.9,1
43.4,-85.9,1
43.4,-85.9,1
43.4,-85.9,1
43.4,-85.9,1
43.4,-85.9,1
43.4,-85.9,1
43.4,-85.9,1
43.4,-85.9,1
43.4,-85.9,1
43.4,-85.9,1
43.4,-85.9,1
43.4,-85.9,1
43.4,-85.9,1
43.4,-85.9,1
43.4,-85.9,1
43.4,-85.9,1
43.4,-85.9,1
43.4,-85.9,1
43.4,-85.9,1
43.4,-85.9,1
43.4,-85.9,1
43.4,-85.9,1
43.4,-85.9,1
43.4,-85.9,1
43.4,-85.9,1
43.4,-85.9,1
43.4,-85.9,1
43.4,-85.9,1
43.4,-85.9,1
43.4,-85.9,1
43.4,-85.9,1
43.4,-85.9,1
43.4,-85.9,1
43.4,-85.9,1
43.4,-85.9,1
43.4,-85.9,1
43.4,-85.9,1
43.4,-85.9,1
43.4,-85.9,1
43.4,-85.9,1
43.4,-85.9,1
43.4,-85.9,1
43.4,-85.9,1
43.4,-85.9,1
43.4,-85.9,1
43.4,-85.9,1
43.4,-85.9,1
43.4,-85.9,1
43.4,-85.9,1
43.4,-85.9,1
43.4,-85.9,1
43.4,-85.9,1
43.4,-85.9,1
43.4,-85.9,1
43.4,-85.9,1
43.4,-85.9,1
43.4,-85.9,1
43.4,-85.9,1
43.4,-85.9,1
43.4,-85.9,1
43.4,-85.9,1
43.4,-85.9,1
43.4,-85.9,1
43.4,-85.9,1
43.4,-85.9,1
43.4,-85.9,1
43.4,-85.9,1
43.4,-85.9,1
43.4,-85.9,1
43.4,-85.9,1
43.4,-85.9,1
43.4,-85.9,1
43.4,-85.9,1
43.4,-85.9,1
43.4,-85.9,1
43.4,-85.9,1
43.4,-85.9,1
43.4,-85.9,1
43.4,-85.9,1
43.4,-85.9,1
43.4,-85.9,1
43.4,-85.9,1
43.4,-85.9,1
43.4,-85.9,1
43.4,-85.9,1
43.4,-85.9,1
43.4,-85.9,1
43.4,-85.9,1
43.4,-85.9,1
43.4,-85.9,1
43.4,-85.9,1
43.4,-85.9,1
43.4,-85.9,1
43.4,-85.9,1
43.4,-85.9,1
43.4,-85.9,1
43.4,-85.9,1
43.4,-85.9,1
43.4,-85.9,1
43.4,-85.9,1
43.4,-85.9,1
43.4,-85.9,1
43.4,-85.9,1
43.4,-85.9,1
43.4,-85.9,1
43.4,-85.9,1
43.4,-85.9,1
43.4,-85.9,1
43.4,-85.9,1
43.4,-85.9,1
43.4,-85.9,1
43.4,-85.9,1
43.4,-85.9,1
43.4,-85.9,1
43.4,-85.9,1
43.4,-85.9,1
43.4,-85.9,1
43.4,-85.9,1
43.4,-85.9,1
43.4,-85.9,1
43.4,-85.9,1
43.4,-85.9,1
43.4,-85.9,1
43.4,-85.9,1
43.4,-85.9,1
43.4,-85.9,1
43.4,-85.9,1
43.4,-85.9,1
43.4,-85.9,1
43.4,-85.9,1
43.4,-85.9,1
43.4,-85.9,1
43.4,-85.9,1
43.4,-85.9,1
43.4,-85.9,1
43.4,-85.9,1
43.4,-85.9,1
43.4,-85.9,1
43.4,-85.9,1
43.4,-85.9,1
43.4,-85.9,1
43.4,-85.9,1
43.4,-85.9,1
43.4,-85.9,1
43.4,-85.9,1
43.4,-85.9,1
43.4,-85.9,1
43.4,-85.9,1
43.4,-85.9,1
43.4,-85.9,1
43.4,-85.9,1
43.4,-85.9,1
43.4,-85.9,1
43.4,-85.9,1
43.4,-85.9,1
43.4,-85.9,1
43.4,-85.9,1
43.4,-85.9,1
43.4,-85.9,1
43.4,-85.9,1
43.4,-85.9,1
43.4,-85.9,1
43.4,-85.9,1
43.4,-85.9,1
43.4,-85.9,1
43.4,-85.9,1
43.4,-85.9,1
43.4,-85.9,1
43.4,-85.9,1
43.4,-85.9,1
43.4,-85.9,1
43.4,-85.9,1
43.4,-85.9,1
43.4,-85.9,1
43.4,-85.9,1
43.4,-85.9,1
43.4,-85.9,1
43.4,-85.9,1
43.4,-85.9,1
43.4,-85.9,1
43.4,-85.9,1
43.4,-85.9,1
43.4,-85.9,1
43.4,-85.9,1
43.4,-85.9,1
43.4,-85.9,1
43.4,-85.9,1
43.4,-85.9,1
43.4,-85.9,1
43.4,-85.9,1
43.4,-85.9,1
43.4,-85.9,1
43.4,-85.9,1
43.4,-85.9,1
43.4,-85.9,1
43.4,-85.9,1
43.4,-85.9,1
43.4,-85.9,1
43.4,-85.9,1
43.4,-85.9,1
43.4,-85.9,1
43.4,-85.9,1
43.4,-85.9,1
43.4,-85.9,1
43.4,-85.9,1
43.4,-85.9,1
43.4,-85.9,1
43.4,-85.9,1
43.4,-85.9,1
43.4,-85.9,1
43.4,-85.9,1
43.4,-85.9,1
43.4,-85.9,1
43.4,-85.9,1
43.4,-85.9,1
43.4,-85.9,1
43.4,-85.9,1
43.4,-85.9,1
43.4,-85.9,1
43.4,-85.9,1
43.4,-85.9,1
43.4,-85.9,1
43.4,-85.9,1
43.4,-85.9,1
43.4,-85.9,1
43.4,-85.9,1
43.4,-85.9,1
43.4,-85.9,1
43.4,-85.9,1
43.4,-85.9,1
43.4,-85.9,1
43.4,-85.9,1
43.4,-85.9,1
43.4,-85.9,1
43.4,-85.9,1
43.4,-85.9,1
43.4,-85.9,1
43.4,-85.9,1
43.4,-85.9,1
43.4,-85.9,1
43.4,-85.9,1
43.4,-85.9,1
43.4,-85.9,1
43.4,-85.9,1
43.4,-85.9,1
43.4,-85.9,1
43.4,-85.9,1
43.4,-85.9,1
43.4,-85.9,1
43.4,-85.9,1
43.4,-85.9,1
43.4,-85.9,1
43.4,-85.9,1
43.4,-85.9,1
43.4,-85.9,1
43.4,-85.9,1
43.4,-85.9,1
43.4,-85.9,1
43.4,-85.9,1
43.4,-85.9,1
43.4,-85.9,1
43.4,-85.9,1
43.4,-85.9,1
43.4,-85.9,1
43.4,-85.9,1
43.4,-85.9,1
43.4,-85.9,1
43.4,-85.9,1
43.4,-85.9,1
43.4,-85.9,1
43.4,-85.9,1
43.4,-85.9,1
43.4,-85.9,1
43.4,-85.9,1
43.4,-85.9,1
43.4,-85.9,1
43.4,-85.9,1
43.4,-85.9,1
43.4,-85.9,1
43.4,-85.9,1
43.4,-85.9,1
43.4,-85.9,1
43.4,-85.9,1
43.4,-85.9,1
43.4,-85.9,1
43.4,-85.9,1
43.4,-85.9,1
43.4,-85.9,1
43.4,-85.9,1
43.4,-85.9,1
43.4,-85.9,1
43.4,-85.9,1
43.4,-85.9,1
43.4,-85.9,1
43.4,-85.9,1
43.4,-85.9,1
43.4,-85.9,1
43.4,-85.9,1
43.4,-85.9,1
43.4,-85.9,1
43.4,-85.9,1
43.4,-85.9,1
43.4,-85.9,1
43.4,-85.9,1
43.4,-85.9,1
43.4,-85.9,1
43.4,-85.9,1
43.4,-85.9,1
43.4,-85.9,1
43.4,-85.9,1
43.4,-85.9,1
43.4,-85.9,1
43.4,-85.9,1
43.4,-85.9,1
43.4,-85.9,1
43.4,-85.9,1
43.4,-85.9,1
43.4,-85.9,1
43.4,-85.9,1
43.4,-85.9,1
43.4,-85.9,1
43.4,-85.9,1
43.4,-85.9,1
43.4,-85.9,1
43.4,-85.9,1
43.4,-85.9,1
43.4,-85.9,1
43.4,-85.9,1
43.4,-85.9,1
43.4,-85.9,1
43.4,-85.9,1
43.4,-85.9,1
43.4,-85.9,1
43.4,-85.9,1
43.4,-85.9,1
43.4,-85.9,1
43.4,-85.9,1
43.4,-85.9,1
43.4,-85.9,1
43.4,-85.9,1
43.4,-85.9,1
43.4,-85.9,1
43.4,-85.9,1
43.4,-85.9,1
43.4,-85.9,1
43.4,-85.9,1
43.4,-85.9,1
43.4,-85.9,1
43.4,-85.9,1
43.4,-85.9,1
43.4,-85.9,1
43.4,-85.9,1
43.4,-85.9,1
43.4,-85.9,1
43.4,-85.9,1
43.4,-85.9,1
43.4,-85.9,1
43.4,-85.9,1
43.4,-85.9,1
43.4,-85.9,1
43.4,-85.9,1
43.4,-85.9,1
43.4,-85.9,1
43.4,-85.9,1
43.4,-85.9,1
43.4,-85.9,1
43.4,-85.9,1
43.4,-85.9,1
43.4,-85.9,1
43.4,-85.9,1
43.4,-85.9,1
43.4,-85.9,1
43.4,-85.9,1
43.4,-85.9,1
43.4,-85.9,1
43.4,-85.9,1
43.4,-85.9,1
43.4,-85.9,1
43.4,-85.9,1
43.4,-85.9,1
43.4,-85.9,1
43.4,-85.9,1
43.4,-85.9,1
43.4,-85.9,1
43.4,-85.9,1
43.4,-85.9,1
43.4,-85.9,1
43.4,-85.9,1
43.4,-85.9,1
43.4,-85.9,1
43.4,-85.9,1
43.4,-85.9,1
43.4,-85.9,1
43.4,-85.9,1
43.4,-85.9,1
43.4,-85.9,1
43.4,-85.9,1
43.4,-85.9,1
43.4,-85.9,1
43.4,-85.9,1
43.4,-85.9,1
43.4,-85.9,1
43.4,-85.9,1
43.4,-85.9,1
43.4,-85.9,1
43.4,-85.9,1
43.4,-85.9,1
43.4,-85.9,1
43.4,-85.9,1
43.4,-85.9,1
43.4,-85.9,1
43.4,-85.9,1
43.4,-85.9,1
43.4,-85.9,1
43.4,-85.9,1
43.4,-85.9,1
43.4,-85.9,1
43.4,-85.9,1
43.4,-85.9,1
43.4,-85.9,1
43.4,-85.9,1
43.4,-85.9,1
43.4,-85.9,1
43.4,-85.9,1
43.4,-85.9,1
43.4,-85.9,1
43.4,-85.9,1
43.4,-85.9,1
43.4,-85.9,1
43.4,-85.9,1
43.4,-85.9,1
43.4,-85.9,1
43.4,-85.9,1
43.4,-85.9,1
43.4,-85.9,1
43.4,-85.9,1
43.4,-85.9,1
43.4,-85.9,1
43.4,-85.9,1
43.4,-85.9,1
43.4,-85.9,1
43.4,-85.9,1
43.4,-85.9,1
43.4,-85.9,1
43.4,-85.9,1
43.4,-85.9,1
43.4,-85.9,1
43.4,-85.9,1
43.4,-85.9,1
43.4,-85.9,1
43.4,-85.9,1
43.4,-85.9,1
43.4,-85.9,1
43.4,-85.9,1
43.4,-85.9,1
43.4,-85.9,1
43.4,-85.9,1
43.4,-85.9,1
43.4,-85.9,1
43.4,-85.9,1
43.4,-85.9,1
43.4,-85.9,1
43.4,-85.9,1
43.4,-85.9,1
43.4,-85.9,1
43.4,-85.9,1
43.4,-85.9,1
43.4,-85.9,1
43.4,-85.9,1
43.4,-85.9,1
43.4,-85.9,1
43.4,-85.9,1
43.4,-85.9,1
43.4,-85.9,1
43.4,-85.9,1
43.4,-85.9,1
43.4,-85.9,1
43.4,-85.9,1
43.4,-85.9,1
43.4,-85.9,1
43.4,-85.9,1
43.4,-85.9,1
43.4,-85.9,1
43.4,-85.9,1
43.4,-85.9,1
43.4,-85.9,1
43.4,-85.9,1
43.4,-85.9,1
43.4,-85.9,1
43.4,-85.9,1
43.4,-85.9,1
43.4,-85.9,1
43.4,-85.9,1
43.4,-85.9,1
43.4,-85.9,1
43.4,-85.9,1
43.4,-85.9,1
43.4,-85.9,1
43.4,-85.9,1
43.4,-85.9,1
43.4,-85.9,1
43.4,-85.9,1
43.4,-85.9,1
43.4,-85.9,1
43.4,-85.9,1
43.4,-85.9,1
43.4,-85.9,1
43.4,-85.9,1
43.4,-85.9,1
43.4,-85.9,1
43.4,-85.9,1
43.4,-85.9,1
43.4,-85.9,1
43.4,-85.9,1
43.4,-85.9,1
43.4,-85.9,1
43.4,-85.9,1
43.4,-85.9,1
43.4,-85.9,1
43.4,-85.9,1
43.4,-85.9,1
43.4,-85.9,1
43.4,-85.9,1
43.4,-85.9,1
43.4,-85.9,1
43.4,-85.9,1
43.4,-85.9,1
43.4,-85.9,1
43.4,-85.9,1
43.4,-85.9,1
43.4,-85.9,1
43.4,-85.9,1
43.4,-85.9,1
43.4,-85.9,1
43.4,-85.9,1
43.4,-85.9,1
43.4,-85.9,1
43.4,-85.9,1
43.4,-85.9,1
43.4,-85.9,1
43.4,-85.9,1
43.4,-85.9,1
43.4,-85.9,1
43.4,-85.9,1
43.4,-85.9,1
43.4,-85.9,1
43.4,-85.9,1
43.4,-85.9,1
43.4,-85.9,1
43.4,-85.9,1
43.4,-85.9,1
43.4,-85.9,1
43.4,-85.9,1
43.4,-85.9,1
43.4,-85.9,1
43.4,-85.9,1
43.4,-85.9,1
43.4,-85.9,1
43.4,-85.9,1
43.4,-85.9,1
43.4,-85.9,1
43.4,-85.9,1
43.4,-85.9,1
43.4,-85.9,1
43.4,-85.9,1
43.4,-85.9,1
43.4,-85.9,1
43.4,-85.9,1
43.4,-85.9,1
43.4,-85.9,1
43.4,-85.9,1
43.4,-85.9,1
43.4,-85.9,1
43.4,-85.9,1
43.4,-85.9,1
43.4,-85.9,1
43.4,-85.9,1
43.4,-85.9,1
43.4,-85.9,1
43.4,-85.9,1
43.4,-85.9,1
43.4,-85.9,1
43.4,-85.9,1
43.4,-85.9,1
43.4,-85.9,1
43.4,-85.9,1
43.4,-85.9,1
43.4,-85.9,1
43.4,-85.9,1
43.4,-85.9,1
43.4,-85.9,1
43.4,-85.9,1
43.4,-85.9,1
43.4,-85.9,1
43.4,-85.9,1
43.4,-85.9,1
43.4,-85.9,1
43.4,-85.9,1
43.4,-85.9,1
43.4,-85.9,1
43.4,-85.9,1
43.4,-85.9,1
43.4,-85.9,1
43.4,-85.9,1
43.4,-85.9,1
43.4,-85.9,1
43.4,-85.9,1
43.4,-85.9,1
43.4,-85.9,1
43.4,-85.9,1
43.4,-85.9,1
43.4,-85.9,1
43.4,-85.9,1
43.4,-85.9,1
43.4,-85.9,1
43.4,-85.9,1
43.4,-85.9,1
43.4,-85.9,1
43.4,-85.9,1
43.4,-85.9,1
43.4,-85.9,1
43.4,-85.9,1
43.4,-85.9,1
43.4,-85.9,1
43.4,-85.9,1
43.4,-85.9,1
43.4,-85.9,1
43.4,-85.9,1
43.4,-85.9,1
43.4,-85.9,1
43.4,-85.9,1
43.4,-85.9,1
43.4,-85.9,1
43.4,-85.9,1
43.4,-85.9,1
43.4,-85.9,1
43.4,-85.9,1
43.4,-85.9,1
43.4,-85.9,1
43.4,-85.9,1
43.4,-85.9,1
43.4,-85.9,1
43.4,-85.9,1
43.4,-85.9,1
43.4,-85.9,1
43.4,-85.9,1
43.4,-85.9,1
43.4,-85.9,1
43.4,-85.9,1
43.4,-85.9,1
43.4,-85.9,1
43.4,-85.9,1
43.4,-85.9,1
43.4,-85.9,1
43.4,-85.9,1
43.4,-85.9,1
43.4,-85.9,1
43.4,-85.9,1
43.4,-85.9,1
43.4,-85.9,1
43.4,-85.9,1
43.4,-85.9,1
43.4,-85.9,1
43.4,-85.9,1
43.4,-85.9,1
43.4,-85.9,1
43.4,-85.9,1
43.4,-85.9,1
43.4,-85.9,1
43.4,-85.9,1
43.4,-85.9,1
43.4,-85.9,1
43.4,-85.9,1
43.4,-85.9,1
43.4,-85.9,1
43.4,-85.9,1
43.4,-85.9,1
43.4,-85.9,1
43.4,-85.9,1
43.4,-85.9,1
43.4,-85.9,1
43.4,-85.9,1
43.4,-85.9,1
43.4,-85.9,1
43.4,-85.9,1
43.4,-85.9,1
43.4,-85.9,1
43.4,-85.9,1
43.4,-85.9,1
43.4,-85.9,1
43.4,-85.9,1
43.4,-85.9,1
43.4,-85.9,1
43.4,-85.9,1
43.4,-85.9,1
43.4,-85.9,1
43.4,-85.9,1
43.4,-85.9,1
43.4,-85.9,1
43.4,-85.9,1
43.4,-85.9,1
43.4,-85.9,1
43.4,-85.9,1
43.4,-85.9,1
43.4,-85.9,1
43.4,-85.9,1
43.4,-85.9,1
43.4,-85.9,1
43.4,-85.9,1
43.4,-85.9,1
43.4,-85.9,1
43.4,-85.9,1
43.4,-85.9,1
43.4,-85.9,1
43.4,-85.9,1
43.4,-85.9,1
43.4,-85.9,1
43.4,-85.9,1
43.4,-85.9,1
43.4,-85.9,1
43.4,-85.9,1
43.4,-85.9,1
43.4,-85.9,1
43.4,-85.9,1
43.4,-85.9,1
43.4,-85.9,1
43.4,-85.9,1
43.4,-85.9,1
43.4,-85.9,1
43.4,-85.9,1
43.4,-85.9,1
43.4,-85.9,1
43.4,-85.9,1
43.4,-85.9,1
43.4,-85.9,1
43.4,-85.9,1
43.4,-85.9,1
43.4,-85.9,1
43.4,-85.9,1
43.4,-85.9,1
43.4,-85.9,1
43.4,-85.9,1
43.4,-85.9,1
43.4,-85.9,1
43.4,-85.9,1
43.4,-85.9,1
43.4,-85.9,1
43.4,-85.9,1
43.4,-85.9,1
43.4,-85.9,1
43.4,-85.9,1
43.4,-85.9,1
43.4,-85.9,1
43.4,-85.9,1
43.4,-85.9,1
43.4,-85.9,1
43.4,-85.9,1
43.4,-85.9,1
43.4,-85.9,1
43.4,-85.9,1
43.4,-85.9,1
43.4,-85.9,1
43.4,-85.9,1
43.4,-85.9,1
43.4,-85.9,1
43.4,-85.9,1
43.4,-85.9,1
43.4,-85.9,1
43.4,-85.9,1
43.4,-85.9,1
43.4,-85.9,1
43.4,-85.9,1
43.4,-85.9,1
43.4,-85.9,1
43.4,-85.9,1
43.4,-85.9,1
43.4,-85.9,1
43.4,-85.9,1
43.4,-85.9,1
43.4,-85.9,1
43.4,-85.9,1
43.4,-85.9,1
43.4,-85.9,1
43.4,-85.9,1
43.4,-85.9,1
43.4,-85.9,1
43.4,-85.9,1
43.4,-85.9,1
43.4,-85.9,1
43.4,-85.9,1
43.4,-85.9,1
43.4,-85.9,1
43.4,-85.9,1
43.4,-85.9,1
43.4,-85.9,1
43.4,-85.9,1
43.4,-85.9,1
43.4,-85.9,1
43.4,-85.9,1
43.4,-85.9,1
43.4,-85.9,1
43.4,-85.9,1
43.4,-85.9,1
43.4,-85.9,1
43.4,-85.9,1
43.4,-85.9,1
43.4,-85.9,1
43.4,-85.9,1
43.4,-85.9,1
43.4,-85.9,1
43.4,-85.9,1
43.4,-85.9,1
43.4,-85.9,1
43.4,-85.9,1
43.4,-85.9,1
43.4,-85.9,1
43.4,-85.9,1
43.4,-85.9,1
43.4,-85.9,1
43.4,-85.9,1
43.4,-85.9,1
43.4,-85.9,1
43.4,-85.9,1
43.4,-85.9,1
43.4,-85.9,1
43.4,-85.9,1
43.4,-85.9,1
43.4,-85.9,1
43.4,-85.9,1
43.4,-85.9,1
43.4,-85.9,1
43.4,-85.9,1
43.4,-85.9,1
43.4,-85.9,1
43.4,-85.9,1
43.4,-85.9,1
43.4,-85.9,1
43.4,-85.9,1
43.4,-85.9,1
43.4,-85.9,1
43.4,-85.9,1
43.4,-85.9,1
43.4,-85.9,1
43.4,-85.9,1
43.4,-85.9,1
43.4,-85.9,1
43.4,-85.9,1
43.4,-85.9,1
43.4,-85.9,1
43.4,-85.9,1
43.4,-85.9,1
43.4,-85.9,1
43.4,-85.9,1
43.4,-85.9,1
43.4,-85.9,1
43.4,-85.9,1
43.4,-85.9,1
43.4,-85.9,1
43.4,-85.9,1
43.4,-85.9,1
43.4,-85.9,1
43.4,-85.9,1
43.4,-85.9,1
43.4,-85.9,1
43.4,-85.9,1
43.4,-85.9,1
43.4,-85.9,1
43.4,-85.9,1
43.4,-85.9,1
43.4,-85.9,1
43.4,-85.9,1
43.4,-85.9,1
43.4,-85.9,1
43.4,-85.9,1
43.4,-85.9,1
43.4,-85.9,1
43.4,-85.9,1
43.4,-85.9,1
43.4,-85.9,1
43.4,-85.9,1
43.4,-85.9,1
43.4,-85.9,1
43.4,-85.9,1
43.4,-85.9,1
43.4,-85.9,1
43.4,-85.9,1
43.4,-85.9,1
43.4,-85.9,1
43.4,-85.9,1
43.4,-85.9,1
43.4,-85.9,1
43.4,-85.9,1
43.4,-85.9,1
43.4,-85.9,1
43.4,-85.9,1
43.4,-85.9,1
43.4,-85.9,1
43.4,-85.9,1
43.4,-85.9,1
43.4,-85.9,1
43.4,-85.9,1
43.4,-85.9,1
43.4,-85.9,1
43.4,-85.9,1
43.4,-85.9,1
43.4,-85.9,1
43.4,-85.9,1
43.4,-85.9,1
43.4,-85.9,1
43.4,-85.9,1
43.4,-85.9,1
43.4,-85.9,1
43.4,-85.9,1
43.4,-85.9,1
43.4,-85.9,1
43.4,-85.9,1
43.4,-85.9,1
43.4,-85.9,1
43.4,-85.9,1
43.4,-85.9,1
43.4,-85.9,1
43.4,-85.9,1
43.4,-85.9,1
43.4,-85.9,1
43.4,-85.9,1
43.4,-85.9,1
43.4,-85.9,1
43.4,-85.9,1
43.4,-85.9,1
43.4,-85.9,1
43.4,-85.9,1
43.4,-85.9,1
43.4,-85.9,1
43.4,-85.9,1
43.4,-85.9,1
43.4,-85.9,1
43.4,-85.9,1
43.4,-85.9,1
43.4,-85.9,1
43.4,-85.9,1
43.4,-85.9,1
43.4,-85.9,1
43.4,-85.9,1
43.4,-85.9,1
43.4,-85.9,1
43.4,-85.9,1
43.4,-85.9,1
43.4,-85.9,1
43.4,-85.9,1
43.4,-85.9,1
43.4,-85.9,1
43.4,-85.9,1
43.4,-85.9,1
43.4,-85.9,1
43.4,-85.9,1
43.4,-85.9,1
43.4,-85.9,1
43.4,-85.9,1
43.4,-85.9,1
43.4,-85.9,1
43.4,-85.9,1
43.4,-85.9,1
43.4,-85.9,1
43.4,-85.9,1
43.4,-85.9,1
43.4,-85.9,1
43.4,-85.9,1
43.4,-85.9,1
43.4,-85.9,1
43.4,-85.9,1
43.4,-85.9,1
43.4,-85.9,1
43.4,-85.9,1
43.4,-85.9,1
43.4,-85.9,1
43.4,-85.9,1
43.4,-85.9,1
43.4,-85.9,1
43.4,-85.9,1
43.4,-85.9,1
43.4,-85.9,1
43.4,-85.9,1
43.4,-85.9,1
43.4,-85.9,1
43.4,-85.9,1
43.4,-85.9,1
43.4,-85.9,1
43.4,-85.9,1
43.4,-85.9,1
43.4,-85.9,1
43.4,-85.9,1
43.4,-85.9,1
43.4,-85.9,1
43.4,-85.9,1
43.4,-85.9,1
43.4,-85.9,1
43.4,-85.9,1
43.4,-85.9,1
43.4,-85.9,1
43.4,-85.9,1
43.4,-85.9,1
43.4,-85.9,1
43.4,-85.9,1
43.4,-85.9,1
43.4,-85.9,1
43.4,-85.9,1
43.4,-85.9,1
43.4,-85.9,1
43.4,-85.9,1
43.4,-85.9,1
43.4,-85.9,1
43.4,-85.9,1
43.4,-85.9,1
43.4,-85.9,1
43.4,-85.9,1
43.4,-85.9,1
43.4,-85.9,1
43.4,-85.9,1
43.4,-85.9,1
43.4,-85.9,1
43.4,-85.9,1
43.4,-85.9,1
43.4,-85.9,1
43.4,-85.9,1
43.4,-85.9,1
43.4,-85.9,1
43.4,-85.9,1
43.4,-85.9,1
43.4,-85.9,1
43.4,-85.9,1
43.4,-85.9,1
43.4,-85.9,1
43.4,-85.9,1
43.4,-85.9,1
43.4,-85.9,1
43.4,-85.9,1
43.4,-85.9,1
43.4,-85.9,1
43.4,-85.9,1
43.4,-85.9,1
43.4,-85.9,1
43.4,-85.9,1
43.4,-85.9,1
43.4,-85.9,1
43.4,-85.9,1
43.4,-85.9,1
43.4,-85.9,1
43.4,-85.9,1
43.4,-85.9,1
43.4,-85.9,1
43.4,-85.9,1
43.4,-85.9,1
43.4,-85.9,1
43.4,-85.9,1
43.4,-85.9,1
43.4,-85.9,1
43.4,-85.9,1
43.4,-85.9,1
43.4,-85.9,1
43.4,-85.9,1
43.4,-85.9,1
43.4,-85.9,1
43.4,-85.9,1
43.4,-85.9,1
43.4,-85.9,1
43.4,-85.9,1
43.4,-85.9,1
43.4,-85.9,1
43.4,-85.9,1
43.4,-85.9,1
43.4,-85.9,1
43.4,-85.9,1
43.4,-85.9,1
43.4,-85.9,1
43.4,-85.9,1
43.4,-85.9,1
43.4,-85.9,1
43.4,-85.9,1
43.4,-85.9,1
43.4,-85.9,1
43.4,-85.9,1
43.4,-85.9,1
43.4,-85.9,1
43.4,-85.9,1
43.4,-85.9,1
43.4,-85.9,1
43.4,-85.9,1
43.4,-85.9,1
43.4,-85.9,1
43.4,-85.9,1
43.4,-85.9,1
43.4,-85.9,1
43.4,-85.9,1
43.4,-85.9,1
43.4,-85.9,1
43.4,-85.9,1
43.4,-85.9,1
43.4,-85.9,1
43.4,-85.9,1
43.4,-85.9,1
43.4,-85.9,1
43.4,-85.9,1
43.4,-85.9,1
43.4,-85.9,1
43.4,-85.9,1
43.4,-85.9,1
43.4,-85.9,1
43.4,-85.9,1
43.4,-85.9,1
43.4,-85.9,1
43.4,-85.9,1
43.4,-85.9,1
43.4,-85.9,1
43.4,-85.9,1
43.4,-85.9,1
43.4,-85.9,1
43.4,-85.9,1
43.4,-85.9,1
43.4,-85.9,1
43.4,-85.9,1
43.4,-85.9,1
43.4,-85.9,1
43.4,-85.9,1
43.4,-85.9,1
43.4,-85.9,1
43.4,-85.9,1
43.4,-85.9,1
43.4,-85.9,1
43.4,-85.9,1
43.4,-85.9,1
43.4,-85.9,1
43.4,-85.9,1
43.4,-85.9,1
43.4,-85.9,1
43.4,-85.9,1
43.4,-85.9,1
43.4,-85.9,1
43.4,-85.9,1
43.4,-85.9,1
43.4,-85.9,1
43.4,-85.9,1
43.4,-85.9,1
43.4,-85.9,1
43.4,-85.9,1
43.4,-85.9,1
43.4,-85.9,1
43.4,-85.9,1
43.4,-85.9,1
43.4,-85.9,1
43.4,-85.9,1
43.4,-85.9,1
43.4,-85.9,1
43.4,-85.9,1
43.4,-85.9,1
43.4,-85.9,1
43.4,-85.9,1
43.4,-85.9,1
43.4,-85.9,1
43.4,-85.9,1
43.4,-85.9,1
43.4,-85.9,1
43.4,-85.9,1
43.4,-85.9,1
43.4,-85.9,1
43.4,-85.9,1
43.4,-85.9,1
43.4,-85.9,1
43.4,-85.9,1
43.4,-85.9,1
43.4,-85.9,1
43.4,-85.9,1
43.4,-85.9,1
43.4,-85.9,1
43.4,-85.9,1
43.4,-85.9,1
43.4,-85.9,1
43.4,-85.9,1
43.4,-85.9,1
43.4,-85.9,1
43.4,-85.9,1
43.4,-85.9,1
43.4,-85.9,1
43.4,-85.9,1
43.4,-85.9,1
43.4,-85.9,1
43.4,-85.9,1
43.4,-85.9,1
43.4,-85.9,1
43.4,-85.9,1
43.4,-85.9,1
43.4,-85.9,1
43.4,-85.9,1
43.4,-85.9,1
43.4,-85.9,1
43.4,-85.9,1
43.4,-85.9,1
43.4,-85.9,1
43.4,-85.9,1
43.4,-85.9,1
43.4,-85.9,1
43.4,-85.9,1
43.4,-85.9,1
43.4,-85.9,1
43.4,-85.9,1
43.4,-85.9,1
43.4,-85.9,1
43.4,-85.9,1
43.4,-85.9,1
43.4,-85.9,1
43.4,-85.9,1
43.4,-85.9,1
43.4,-85.9,1
43.4,-85.9,1
43.4,-85.9,1
43.4,-85.9,1
43.4,-85.9,1
43.4,-85.9,1
43.4,-85.9,1
43.4,-85.9,1
43.4,-85.9,1
43.4,-85.9,1
43.4,-85.9,1
43.4,-85.9,1
43.4,-85.9,1
43.4,-85.9,1
43.4,-85.9,1
43.4,-85.9,1
43.4,-85.9,1
43.4,-85.9,1
43.4,-85.9,1
43.4,-85.9,1
43.4,-85.9,1
43.4,-85.9,1
43.4,-85.9,1
43.4,-85.9,1
43.4,-85.9,1
43.4,-85.9,1
43.4,-85.9,1
43.4,-85.9,1
43.4,-85.9,1
43.4,-85.9,1
43.4,-85.9,1
43.4,-85.9,1
43.4,-85.9,1
43.4,-85.9,1
43.4,-85.9,1
43.4,-85.9,1
43.4,-85.9,1
43.4,-85.9,1
43.4,-85.9,1
43.4,-85.9,1
43.4,-85.9,1
43.4,-85.9,1
43.4,-85.9,1
43.4,-85.9,1
43.4,-85.9,1
43.4,-85.9,1
43.4,-85.9,1
43.4,-85.9,1
43.4,-85.9,1
43.4,-85.9,1
43.4,-85.9,1
43.4,-85.9,1
43.4,-85.9,1
43.4,-85.9,1
43.4,-85.9,1
43.4,-85.9,1
43.4,-85.9,1
43.4,-85.9,1
43.4,-85.9,1
43.4,-85.9,1
43.4,-85.9,1
43.4,-85.9,1
43.4,-85.9,1
43.4,-85.9,1
43.4,-85.9,1
43.4,-85.9,1
43.4,-85.9,1
43.4,-85.9,1
43.4,-85.9,1
43.4,-85.9,1
43.4,-85.9,1
43.4,-85.9,1
43.4,-85.9,1
43.4,-85.9,1
43.4,-85.9,1
43.4,-85.9,1
43.4,-85.9,1
43.4,-85.9,1
43.4,-85.9,1
43.4,-85.9,1
43.4,-85.9,1
43.4,-85.9,1
43.4,-85.9,1
43.4,-85.9,1
43.4,-85.9,1
43.4,-85.9,1
43.4,-85.9,1
43.4,-85.9,1
43.4,-85.9,1
43.4,-85.9,1
43.4,-85.9,1
43.4,-85.9,1
43.4,-85.9,1
43.4,-85.9,1
43.4,-85.9,1
43.4,-85.9,1
43.4,-85.9,1
43.4,-85.9,1
43.4,-85.9,1
43.4,-85.9,1
43.4,-85.9,1
43.4,-85.9,1
43.4,-85.9,1
43.4,-85.9,1
43.4,-85.9,1
43.4,-85.9,1
43.4,-85.9,1
43.4,-85.9,1
43.4,-85.9,1
43.4,-85.9,1
43.4,-85.9,1
43.4,-85.9,1
43.4,-85.9,1
43.4,-85.9,1
43.4,-85.9,1
43.4,-85.9,1
43.4,-85.9,1
43.4,-85.9,1
43.4,-85.9,1
43.4,-85.9,1
43.4,-85.9,1
43.4,-85.9,1
43.4,-85.9,1
43.4,-85.9,1
43.4,-85.9,1
43.4,-85.9,1
43.4,-85.9,1
43.4,-85.9,1
43.4,-85.9,1
43.4,-85.9,1
43.4,-85.9,1
43.4,-85.9,1
43.4,-85.9,1
43.4,-85.9,1
43.4,-85.9,1
43.4,-85.9,1
43.4,-85.9,1
43.4,-85.9,1
43.4,-85.9,1
43.4,-85.9,1
43.4,-85.9,1
43.4,-85.9,1
43.4,-85.9,1
43.4,-85.9,1
43.4,-85.9,1
43.4,-85.9,1
43.4,-85.9,1
43.4,-85.9,1
43.4,-85.9,1
43.4,-85.9,1
43.4,-85.9,1
43.4,-85.9,1
43.4,-85.9,1
43.4,-85.9,1
43.4,-85.9,1
43.4,-85.9,1
43.4,-85.9,1
43.4,-85.9,1
43.4,-85.9,1
43.4,-85.9,1
43.4,-85.9,1
43.4,-85.9,1
43.4,-85.9,1
43.4,-85.9,1
43.4,-85.9,1
43.4,-85.9,1
43.4,-85.9,1
43.4,-85.9,1
43.4,-85.9,1
43.4,-85.9,1
43.4,-85.9,1
43.4,-85.9,1
43.4,-85.9,1
43.4,-85.9,1
43.4,-85.9,1
43.4,-85.9,1
43.4,-85.9,1
43.4,-85.9,1
43.4,-85.9,1
43.4,-85.9,1
43.4,-85.9,1
43.4,-85.9,1
43.4,-85.9,1
43.4,-85.9,1
43.4,-85.9,1
43.4,-85.9,1
43.4,-85.9,1
43.4,-85.9,1
43.4,-85.9,1
43.4,-85.9,1
43.4,-85.9,1
43.4,-85.9,1
43.4,-85.9,1
43.4,-85.9,1
43.4,-85.9,1
43.4,-85.9,1
43.4,-85.9,1
43.4,-85.9,1
43.4,-85.9,1
43.4,-85.9,1
43.4,-85.9,1
43.4,-85.9,1
43.4,-85.9,1
43.4,-85.9,1
43.4,-85.9,1
43.4,-85.9,1
43.4,-85.9,1
43.4,-85.9,1
43.4,-85.9,1
43.4,-85.9,1
43.4,-85.9,1
43.4,-85.9,1
43.4,-85.9,1
43.4,-85.9,1
43.4,-85.9,1
43.4,-85.9,1
43.4,-85.9,1
43.4,-85.9,1
43.4,-85.9,1
43.4,-85.9,1
43.4,-85.9,1
43.4,-85.9,1
43.4,-85.9,1
43.4,-85.9,1
43.4,-85.9,1
43.4,-85.9,1
43.4,-85.9,1
43.4,-85.9,1
43.4,-85.9,1
43.4,-85.9,1
43.4,-85.9,1
43.4,-85.9,1
43.4,-85.9,1
43.4,-85.9,1
43.4,-85.9,1
43.4,-85.9,1
43.4,-85.9,1
43.4,-85.9,1
43.4,-85.9,1
43.4,-85.9,1
43.4,-85.9,1
43.4,-85.9,1
43.4,-85.9,1
43.4,-85.9,1
43.4,-85.9,1
43.4,-85.9,1
43.4,-85.9,1
43.4,-85.9,1
43.4,-85.9,1
43.4,-85.9,1
43.4,-85.9,1
43.4,-85.9,1
43.4,-85.9,1
43.4,-85.9,1
43.4,-85.9,1
43.4,-85.9,1
43.4,-85.9,1
43.4,-85.9,1
43.4,-85.9,1
43.4,-85.9,1
43.4,-85.9,1
43.4,-85.9,1
43.4,-85.9,1
43.4,-85.9,1
43.4,-85.9,1
43.4,-85.9,1
43.4,-85.9,1
43.4,-85.9,1
43.4,-85.9,1
43.4,-85.9,1
43.4,-85.9,1
43.4,-85.9,1
43.4,-85.9,1
43.4,-85.9,1
43.4,-85.9,1
43.4,-85.9,1
43.4,-85.9,1
43.4,-85.9,1
43.4,-85.9,1
43.4,-85.9,1
43.4,-85.9,1
43.4,-85.9,1
43.4,-85.9,1
43.4,-85.9,1
43.4,-85.9,1
43.4,-85.9,1
43.4,-85.9,1
43.4,-85.9,1
43.4,-85.9,1
43.4,-85.9,1
43.4,-85.9,1
43.4,-85.9,1
43.4,-85.9,1
43.4,-85.9,1
43.4,-85.9,1
43.4,-85.9,1
43.4,-85.9,1
43.4,-85.9,1
43.4,-85.9,1
43.4,-85.9,1
43.4,-85.9,1
43.4,-85.9,1
43.4,-85.9,1
43.4,-85.9,1
43.4,-85.9,1
43.4,-85.9,1
43.4,-85.9,1
43.4,-85.9,1
43.4,-85.9,1
43.4,-85.9,1
43.4,-85.9,1
43.4,-85.9,1
43.4,-85.9,1
43.4,-85.9,1
43.4,-85.9,1
43.4,-85.9,1
43.4,-85.9,1
43.4,-85.9,1
43.4,-85.9,1
43.4,-85.9,1
43.4,-85.9,1
43.4,-85.9,1
43.4,-85.9,1
43.4,-85.9,1
43.4,-85.9,1
43.4,-85.9,1
43.4,-85.9,1
43.4,-85.9,1
43.4,-85.9,1
43.4,-85.9,1
43.4,-85.9,1
43.4,-85.9,1
43.4,-85.9,1
43.4,-85.9,1
43.4,-85.9,1
43.4,-85.9,1
43.4,-85.9,1
43.4,-85.9,1
43.4,-85.9,1
43.4,-85.9,1
43.4,-85.9,1
43.4,-85.9,1
43.4,-85.9,1
43.4,-85.9,1
43.4,-85.9,1
43.4,-85.9,1
43.4,-85.9,1
43.4,-85.9,1
43.4,-85.9,1
43.4,-85.9,1
43.4,-85.9,1
43.4,-85.9,1
43.4,-85.9,1
43.4,-85.9,1
43.4,-85.9,1
43.4,-85.9,1
43.4,-85.9,1
43.4,-85.9,1
43.4,-85.9,1
43.4,-85.9,1
43.4,-85.9,1
43.4,-85.9,1
43.4,-85.9,1
43.4,-85.9,1
43.4,-85.9,1
43.4,-85.9,1
43.4,-85.9,1
43.4,-85.9,1
43.4,-85.9,1
43.4,-85.9,1
43.4,-85.9,1
43.4,-85.9,1
43.4,-85.9,1
43.4,-85.9,1
43.4,-85.9,1
43.4,-85.9,1
43.4,-85.9,1
43.4,-85.9,1
43.4,-85.9,1
43.4,-85.9,1
43.4,-85.9,1
43.4,-85.9,1
43.4,-85.9,1
43.4,-85.9,1
43.4,-85.9,1
43.4,-85.9,1
43.4,-85.9,1
43.4,-85.9,1
43.4,-85.9,1
43.4,-85.9,1
43.4,-85.9,1
43.4,-85.9,1
43.4,-85.9,1
43.4,-85.9,1
43.4,-85.9,1
43.4,-85.9,1
43.4,-85.9,1
43.4,-85.9,1
43.4,-85.9,1
43.4,-85.9,1
43.4,-85.9,1
43.4,-85.9,1
43.4,-85.9,1
43.4,-85.9,1
43.4,-85.9,1
43.4,-85.9,1
43.4,-85.9,1
43.4,-85.9,1
43.4,-85.9,1
43.4,-85.9,1
43.4,-85.9,1
43.4,-85.9,1
43.4,-85.9,1
43.4,-85.9,1
43.4,-85.9,1
43.4,-85.9,1
43.4,-85.9,1
43.4,-85.9,1
43.4,-85.9,1
43.4,-85.9,1
43.4,-85.9,1
43.4,-85.9,1
43.4,-85.9,1
43.4,-85.9,1
43.4,-85.9,1
43.4,-85.9,1
43.4,-85.9,1
43.4,-85.9,1
43.4,-85.9,1
43.4,-85.9,1
43.4,-85.9,1
43.4,-85.9,1
43.4,-85.9,1
43.4,-85.9,1
43.4,-85.9,1
43.4,-85.9,1
43.4,-85.9,1
43.4,-85.9,1
43.4,-85.9,1
43.4,-85.9,1
43.4,-85.9,1
43.4,-85.9,1
43.4,-85.9,1
43.4,-85.9,1
43.4,-85.9,1
43.4,-85.9,1
43.4,-85.9,1
43.4,-85.9,1
43.4,-85.9,1
43.4,-85.9,1
43.4,-85.9,1
43.4,-85.9,1
43.4,-85.9,1
43.4,-85.9,1
43.4,-85.9,1
43.4,-85.9,1
43.4,-85.9,1
43.4,-85.9,1
43.4,-85.9,1
43.4,-85.9,1
43.4,-85.9,1
43.4,-85.9,1
43.4,-85.9,1
43.4,-85.9,1
43.4,-85.9,1
43.4,-85.9,1
43.4,-85.9,1
43.4,-85.9,1
43.4,-85.9,1
43.4,-85.9,1
43.4,-85.9,1
43.4,-85.9,1
43.4,-85.9,1
43.4,-85.9,1
43.4,-85.9,1
43.4,-85.9,1
43.4,-85.9,1
43.4,-85.9,1
43.4,-85.9,1
43.4,-85.9,1
43.4,-85.9,1
43.4,-85.9,1
43.4,-85.9,1
43.4,-85.9,1
43.4,-85.9,1
43.4,-85.9,1
43.4,-85.9,1
43.4,-85.9,1
43.4,-85.9,1
43.4,-85.9,1
43.4,-85.9,1
43.4,-85.9,1
43.4,-85.9,1
43.4,-85.9,1
43.4,-85.9,1
43.4,-85.9,1
43.4,-85.9,1
43.4,-85.9,1
43.4,-85.9,1
43.4,-85.9,1
43.4,-85.9,1
43.4,-85.9,1
43.4,-85.9,1
43.4,-85.9,1
43.4,-85.9,1
43.4,-85.9,1
43.4,-85.9,1
43.4,-85.9,1
43.4,-85.9,1
43.4,-85.9,1
43.4,-85.9,1
43.4,-85.9,1
43.4,-85.9,1
43.4,-85.9,1
43.4,-85.9,1
43.4,-85.9,1
43.4,-85.9,1
43.4,-85.9,1
43.4,-85.9,1
43.4,-85.9,1
43.4,-85.9,1
43.4,-85.9,1
43.4,-85.9,1
43.4,-85.9,1
43.4,-85.9,1
43.4,-85.9,1
43.4,-85.9,1
43.4,-85.9,1
43.4,-85.9,1
43.4,-85.9,1
43.4,-85.9,1
43.4,-85.9,1
43.4,-85.9,1
43.4,-85.9,1
43.4,-85.9,1
43.4,-85.9,1
43.4,-85.9,1
43.4,-85.9,1
43.4,-85.9,1
43.4,-85.9,1
43.4,-85.9,1
43.4,-85.9,1
43.4,-85.9,1
43.4,-85.9,1
43.4,-85.9,1
43.4,-85.9,1
43.4,-85.9,1
43.4,-85.9,1
43.4,-85.9,1
43.4,-85.9,1
43.4,-85.9,1
43.4,-85.9,1
43.4,-85.9,1
43.4,-85.9,1
43.4,-85.9,1
43.4,-85.9,1
43.4,-85.9,1
43.4,-85.9,1
43.4,-85.9,1
43.4,-85.9,1
43.4,-85.9,1
43.4,-85.9,1
43.4,-85.9,1
43.4,-85.9,1
43.4,-85.9,1
43.4,-85.9,1
43.4,-85.9,1
43.4,-85.9,1
43.4,-85.9,1
43.4,-85.9,1
43.4,-85.9,1
43.4,-85.9,1
43.4,-85.9,1
43.4,-85.9,1
43.4,-85.9,1
43.4,-85.9,1
43.4,-85.9,1
43.4,-85.9,1
43.4,-85.9,1
43.4,-85.9,1
43.4,-85.9,1
43.4,-85.9,1
43.4,-85.9,1
43.4,-85.9,1
43.4,-85.9,1
43.4,-85.9,1
43.4,-85.9,1
43.4,-85.9,1
43.4,-85.9,1
43.4,-85.9,1
43.4,-85.9,1
43.4,-85.9,1
43.4,-85.9,1
43.4,-85.9,1
43.4,-85.9,1
43.4,-85.9,1
43.4,-85.9,1
43.4,-85.9,1
43.4,-85.9,1
43.4,-85.9,1
43.4,-85.9,1
43.4,-85.9,1
43.4,-85.9,1
43.4,-85.9,1
43.4,-85.9,1
43.4,-85.9,1
43.4,-85.9,1
43.4,-85.9,1
43.4,-85.9,1
43.4,-85.9,1
43.4,-85.9,1
43.4,-85.9,1
43.4,-85.9,1
43.4,-85.9,1
43.4,-85.9,1
43.4,-85.9,1
43.4,-85.9,1
43.4,-85.9,1
43.4,-85.9,1
43.4,-85.9,1
43.4,-85.9,1
43.4,-85.9,1
43.4,-85.9,1
43.4,-85.9,1
43.4,-85.9,1
43.4,-85.9,1
43.4,-85.9,1
43.4,-85.9,1
43.4,-85.9,1
43.4,-85.9,1
43.4,-85.9,1
43.4,-85.9,1
43.4,-85.9,1
43.4,-85.9,1
43.4,-85.9,1
43.4,-85.9,1
43.4,-85.9,1
43.4,-85.9,1
43.4,-85.9,1
43.4,-85.9,1
43.4,-85.9,1
43.4,-85.9,1
43.4,-85.9,1
43.4,-85.9,1
43.4,-85.9,1
43.4,-85.9,1
43.4,-85.9,1
43.4,-85.9,1
43.4,-85.9,1
43.4,-85.9,1
43.4,-85.9,1
43.4,-85.9,1
43.4,-85.9,1
43.4,-85.9,1
43.4,-85.9,1
43.4,-85.9,1
43.4,-85.9,1
43.4,-85.9,1
43.4,-85.9,1
43.4,-85.9,1
43.4,-85.9,1
43.4,-85.9,1
43.4,-85.9,1
43.4,-85.9,1
43.4,-85.9,1
43.4,-85.9,1
43.4,-85.9,1
43.4,-85.9,1
43.4,-85.9,1
43.4,-85.9,1
43.4,-85.9,1
43.4,-85.9,1
43.4,-85.9,1
43.4,-85.9,1
43.4,-85.9,1
43.4,-85.9,1
43.4,-85.9,1
43.4,-85.9,1
43.4,-85.9,1
43.4,-85.9,1
43.4,-85.9,1
43.4,-85.9,1
43.4,-85.9,1
43.4,-85.9,1
43.4,-85.9,1
43.4,-85.9,1
43.4,-85.9,1
43.4,-85.9,1
43.4,-85.9,1
43.4,-85.9,1
43.4,-85.9,1
43.4,-85.9,1
43.4,-85.9,1
43.4,-85.9,1
43.4,-85.9,1
43.4,-85.9,1
43.4,-85.9,1
43.4,-85.9,1
43.4,-85.9,1
43.4,-85.9,1
43.4,-85.9,1
43.4,-85.9,1
43.4,-85.9,1
43.4,-85.9,1
43.4,-85.9,1
43.4,-85.9,1
43.4,-85.9,1
43.4,-85.9,1
43.4,-85.9,1
43.4,-85.9,1
43.4,-85.9,1
43.4,-85.9,1
43.4,-85.9,1
43.4,-85.9,1
43.4,-85.9,1
43.4,-85.9,1
43.4,-85.9,1
43.4,-85.9,1
43.4,-85.9,1
43.4,-85.9,1
43.4,-85.9,1
43.4,-85.9,1
43.4,-85.9,1
43.4,-85.9,1
43.4,-85.9,1
43.4,-85.9,1
43.4,-85.9,1
43.4,-85.9,1
43.4,-85.9,1
43.4,-85.9,1
43.4,-85.9,1
43.4,-85.9,1
43.4,-85.9,1
43.4,-85.9,1
43.4,-85.9,1
43.4,-85.9,1
43.4,-85.9,1
43.4,-85.9,1
43.4,-85.9,1
43.4,-85.9,1
43.4,-85.9,1
43.4,-85.9,1
43.4,-85.9,1
43.4,-85.9,1
43.4,-85.9,1
43.4,-85.9,1
43.4,-85.9,1
43.4,-85.9,1
43.4,-85.9,1
43.4,-85.9,1
43.4,-85.9,1
43.4,-85.9,1
43.4,-85.9,1
43.4,-85.9,1
43.4,-85.9,1
43.4,-85.9,1
43.4,-85.9,1
43.4,-85.9,1
43.4,-85.9,1
43.4,-85.9,1
43.4,-85.9,1
43.4,-85.9,1
43.4,-85.9,1
43.4,-85.9,1
43.4,-85.9,1
43.4,-85.9,1
43.4,-85.9,1
43.4,-85.9,1
43.4,-85.9,1
43.4,-85.9,1
43.4,-85.9,1
43.4,-85.9,1
43.4,-85.9,1
43.4,-85.9,1
43.4,-85.9,1
43.4,-85.9,1
43.4,-85.9,1
43.4,-85.9,1
43.4,-85.9,1
43.4,-85.9,1
43.4,-85.9,1
43.4,-85.9,1
43.4,-85.9,1
43.4,-85.9,1
43.4,-85.9,1
43.4,-85.9,1
43.4,-85.9,1
43.4,-85.9,1
43.4,-85.9,1
43.4,-85.9,1
43.4,-85.9,1
43.4,-85.9,1
43.4,-85.9,1
43.4,-85.9,1
43.4,-85.9,1
43.4,-85.9,1
43.4,-85.9,1
43.4,-85.9,1
43.4,-85.9,1
43.4,-85.9,1
43.4,-85.9,1
43.4,-85.9,1
43.4,-85.9,1
43.4,-85.9,1
43.4,-85.9,1
43.4,-85.9,1
43.4,-85.9,1
43.4,-85.9,1
43.4,-85.9,1
43.4,-85.9,1
43.4,-85.9,1
43.4,-85.9,1
43.4,-85.9,1
43.4,-85.9,1
43.4,-85.9,1
43.4,-85.9,1
43.4,-85.9,1
43.4,-85.9,1
43.4,-85.9,1
43.4,-85.9,1
43.4,-85.9,1
43.4,-85.9,1
43.4,-85.9,1
43.4,-85.9,1
43.4,-85.9,1
43.4,-85.9,1
43.4,-85.9,1
43.4,-85.9,1
43.4,-85.9,1
43.4,-85.9,1
43.4,-85.9,1
43.4,-85.9,1
43.4,-85.9,1
43.4,-85.9,1
43.4,-85.9,1
43.4,-85.9,1
43.4,-85.9,1
43.4,-85.9,1
43.4,-85.9,1
43.4,-85.9,1
43.4,-85.9,1
43.4,-85.9,1
43.4,-85.9,1
43.4,-85.9,1
43.4,-85.9,1
43.4,-85.9,1
43.4,-85.9,1
43.4,-85.9,1
43.4,-85.9,1
43.4,-85.9,1
43.4,-85.9,1
43.4,-85.9,1
43.4,-85.9,1
43.4,-85.9,1
43.4,-85.9,1
43.4,-85.9,1
43.4,-85.9,1
43.4,-85.9,1
43.4,-85.9,1
43.4,-85.9,1
43.4,-85.9,1
43.4,-85.9,1
43.4,-85.9,1
43.4,-85.9,1
43.4,-85.9,1
43.4,-85.9,1
43.4,-85.9,1
43.4,-85.9,1
43.4,-85.9,1
43.4,-85.9,1
43.4,-85.9,1
43.4,-85.9,1
43.4,-85.9,1
43.4,-85.9,1
43.4,-85.9,1
43.4,-85.9,1
43.4,-85.9,1
43.4,-85.9,1
43.4,-85.9,1
43.4,-85.9,1
43.4,-85.9,1
43.4,-85.9,1
43.4,-85.9,1
43.4,-85.9,1
43.4,-85.9,1
43.4,-85.9,1
43.4,-85.9,1
43.4,-85.9,1
43.4,-85.9,1
43.4,-85.9,1
43.4,-85.9,1
43.4,-85.9,1
43.4,-85.9,1
43.4,-85.9,1
43.4,-85.9,1
43.4,-85.9,1
43.4,-85.9,1
43.4,-85.9,1
43.4,-85.9,1
43.4,-85.9,1
43.4,-85.9,1
43.4,-85.9,1
43.4,-85.9,1
43.4,-85.9,1
43.4,-85.9,1
43.4,-85.9,1
43.4,-85.9,1
43.4,-85.9,1
43.4,-85.9,1
43.4,-85.9,1
43.4,-85.9,1
43.4,-85.9,1
43.4,-85.9,1
43.4,-85.9,1
43.4,-85.9,1
43.4,-85.9,1
43.4,-85.9,1
43.4,-85.9,1
43.4,-85.9,1
43.4,-85.9,1
43.4,-85.9,1
43.4,-85.9,1
43.4,-85.9,1
43.4,-85.9,1
43.4,-85.9,1
43.4,-85.9,1
43.4,-85.9,1
43.4,-85.9,1
43.4,-85.9,1
43.4,-85.9,1
43.4,-85.9,1
43.4,-85.9,1
43.4,-85.9,1
43.4,-85.9,1
43.4,-85.9,1
43.4,-85.9,1
43.4,-85.9,1
43.4,-85.9,1
43.4,-85.9,1
43.4,-85.9,1
43.4,-85.9,1
43.4,-85.9,1
43.4,-85.9,1
43.4,-85.9,1
43.4,-85.9,1
43.4,-85.9,1
43.4,-85.9,1
43.4,-85.9,1
43.4,-85.9,1
43.4,-85.9,1
43.4,-85.9,1
43.4,-85.9,1
43.4,-85.9,1
43.4,-85.9,1
43.4,-85.9,1
43.4,-85.9,1
43.4,-85.9,1
43.4,-85.9,1
43.4,-85.9,1
43.4,-85.9,1
43.4,-85.9,1
43.4,-85.9,1
43.4,-85.9,1
43.4,-85.9,1
43.4,-85.9,1
43.4,-85.9,1
43.4,-85.9,1
43.4,-85.9,1
43.4,-85.9,1
43.4,-85.9,1
43.4,-85.9,1
43.4,-85.9,1
43.4,-85.9,1
43.4,-85.9,1
43.4,-85.9,1
43.4,-85.9,1
43.4,-85.9,1
43.4,-85.9,1
43.4,-85.9,1
43.4,-85.9,1
43.4,-85.9,1
43.4,-85.9,1
43.4,-85.9,1
43.4,-85.9,1
43.4,-85.9,1
43.4,-85.9,1
43.4,-85.9,1
43.4,-85.9,1
43.4,-85.9,1
43.4,-85.9,1
43.4,-85.9,1
43.4,-85.9,1
43.4,-85.9,1
43.4,-85.9,1
43.4,-85.9,1
43.4,-85.9,1
43.4,-85.9,1
43.4,-85.9,1
43.4,-85.9,1
43.4,-85.9,1
43.4,-85.9,1
43.4,-85.9,1
43.4,-85.9,1
43.4,-85.9,1
43.4,-85.9,1
43.4,-85.9,1
43.4,-85.9,1
43.4,-85.9,1
43.4,-85.9,1
43.4,-85.9,1
43.4,-85.9,1
43.4,-85.9,1
43.4,-85.9,1
43.4,-85.9,1
43.4,-85.9,1
43.4,-85.9,1
43.4,-85.9,1
43.4,-85.9,1
43.4,-85.9,1
43.4,-85.9,1
43.4,-85.9,1
43.4,-85.9,1
43.4,-85.9,1
43.4,-85.9,1
43.4,-85.9,1
43.4,-85.9,1
43.4,-85.9,1
43.4,-85.9,1
43.4,-85.9,1
43.4,-85.9,1
43.4,-85.9,1
43.4,-85.9,1
43.4,-85.9,1
43.4,-85.9,1
43.4,-85.9,1
43.4,-85.9,1
43.4,-85.9,1
43.4,-85.9,1
43.4,-85.9,1
43.4,-85.9,1
43.4,-85.9,1
43.4,-85.9,1
43.4,-85.9,1
43.4,-85.9,1
43.4,-85.9,1
43.4,-85.9,1
43.4,-85.9,1
43.4,-85.9,1
43.4,-85.9,1
43.4,-85.9,1
43.4,-85.9,1
43.4,-85.9,1
43.4,-85.9,1
43.4,-85.9,1
43.4,-85.9,1
43.4,-85.9,1
43.4,-85.9,1
43.4,-85.9,1
43.4,-85.9,1
43.4,-85.9,1
43.4,-85.9,1
43.4,-85.9,1
43.4,-85.9,1
43.4,-85.9,1
43.4,-85.9,1
43.4,-85.9,1
43.4,-85.9,1
43.4,-85.9,1
43.4,-85.9,1
43.4,-85.9,1
43.4,-85.9,1
43.4,-85.9,1
43.4,-85.9,1
43.4,-85.9,1
43.4,-85.9,1
43.4,-85.9,1
43.4,-85.9,1
43.4,-85.9,1
43.4,-85.9,1
43.4,-85.9,1
43.4,-85.9,1
43.4,-85.9,1
43.4,-85.9,1
43.4,-85.9,1
43.4,-85.9,1
43.4,-85.9,1
43.4,-85.9,1
43.4,-85.9,1
43.4,-85.9,1
43.4,-85.9,1
43.4,-85.9,1
43.4,-85.9,1
43.4,-85.9,1
43.4,-85.9,1
43.4,-85.9,1
43.4,-85.9,1
43.4,-85.9,1
43.4,-85.9,1
43.4,-85.9,1
43.4,-85.9,1
43.4,-85.9,1
43.4,-85.9,1
43.4,-85.9,1
43.4,-85.9,1
43.4,-85.9,1
43.4,-85.9,1
43.4,-85.9,1
43.4,-85.9,1
43.4,-85.9,1
43.4,-85.9,1
43.4,-85.9,1
43.4,-85.9,1
43.4,-85.9,1
43.4,-85.9,1
43.4,-85.9,1
43.4,-85.9,1
43.4,-85.9,1
43.4,-85.9,1
43.4,-85.9,1
43.4,-85.9,1
43.4,-85.9,1
43.4,-85.9,1
43.4,-85.9,1
43.4,-85.9,1
43.4,-85.9,1
43.4,-85.9,1
43.4,-85.9,1
43.4,-85.9,1
43.4,-85.9,1
43.4,-85.9,1
43.4,-85.9,1
43.4,-85.9,1
43.4,-85.9,1
43.4,-85.9,1
43.4,-85.9,1
43.4,-85.9,1
43.4,-85.9,1
43.4,-85.9,1
43.4,-85.9,1
43.4,-85.9,1
43.4,-85.9,1
43.4,-85.9,1
43.4,-85.9,1
43.4,-85.9,1
43.4,-85.9,1
43.4,-85.9,1
43.4,-85.9,1
43.4,-85.9,1
43.4,-85.9,1
43.4,-85.9,1
43.4,-85.9,1
43.4,-85.9,1
43.4,-85.9,1
43.4,-85.9,1
43.4,-85.9,1
43.4,-85.9,1
43.4,-85.9,1
43.4,-85.9,1
43.4,-85.9,1
43.4,-85.9,1
43.4,-85.9,1
43.4,-85.9,1
43.4,-85.9,1
43.4,-85.9,1
43.4,-85.9,1
43.4,-85.9,1
43.4,-85.9,1
43.4,-85.9,1
43.4,-85.9,1
43.4,-85.9,1
43.4,-85.9,1
43.4,-85.9,1
43.4,-85.9,1
43.4,-85.9,1
43.4,-85.9,1
43.4,-85.9,1
43.4,-85.9,1
43.4,-85.9,1
43.4,-85.9,1
43.4,-85.9,1
43.4,-85.9,1
43.4,-85.9,1
43.4,-85.9,1
43.4,-85.9,1
43.4,-85.9,1
43.4,-85.9,1
43.4,-85.9,1
43.4,-85.9,1
43.4,-85.9,1
43.4,-85.9,1
43.4,-85.9,1
43.4,-85.9,1
43.4,-85.9,1
43.4,-85.9,1
43.4,-85.9,1
43.4,-85.9,1
43.4,-85.9,1
43.4,-85.9,1
43.4,-85.9,1
43.4,-85.9,1
43.4,-85.9,1
43.4,-85.9,1
43.4,-85.9,1
43.4,-85.9,1
43.4,-85.9,1
43.4,-85.9,1
43.4,-85.9,1
43.4,-85.9,1
43.4,-85.9,1
43.4,-85.9,1
43.4,-85.9,1
43.4,-85.9,1
43.4,-85.9,1
43.4,-85.9,1
43.4,-85.9,1
43.4,-85.9,1
43.4,-85.9,1
43.4,-85.9,1
43.4,-85.9,1
43.4,-85.9,1
43.4,-85.9,1
43.4,-85.9,1
43.4,-85.9,1
43.4,-85.9,1
43.4,-85.9,1
43.4,-85.9,1
43.4,-85.9,1
43.4,-85.9,1
43.4,-85.9,1
43.4,-85.9,1
43.4,-85.9,1
43.4,-85.9,1
43.4,-85.9,1
43.4,-85.9,1
43.4,-85.9,1
43.4,-85.9,1
43.4,-85.9,1
43.4,-85.9,1
43.4,-85.9,1
43.4,-85.9,1
43.4,-85.9,1
43.4,-85.9,1
43.4,-85.9,1
43.4,-85.9,1
43.4,-85.9,1
43.4,-85.9,1
43.4,-85.9,1
43.4,-85.9,1
43.4,-85.9,1
43.4,-85.9,1
43.4,-85.9,1
43.4,-85.9,1
43.4,-85.9,1
43.4,-85.9,1
43.4,-85.9,1
43.4,-85.9,1
43.4,-85.9,1
43.4,-85.9,1
43.4,-85.9,1
43.4,-85.9,1
43.4,-85.9,1
43.4,-85.9,1
43.4,-85.9,1
43.4,-85.9,1
43.4,-85.9,1
43.4,-85.9,1
43.4,-85.9,1
43.4,-85.9,1
43.4,-85.9,1
43.4,-85.9,1
43.4,-85.9,1
43.4,-85.9,1
43.4,-85.9,1
43.4,-85.9,1
43.4,-85.9,1
43.4,-85.9,1
43.4,-85.9,1
43.4,-85.9,1
43.4,-85.9,1
43.4,-85.9,1
43.4,-85.9,1
43.4,-85.9,1
43.4,-85.9,1
43.4,-85.9,1
43.4,-85.9,1
43.4,-85.9,1
43.4,-85.9,1
43.4,-85.9,1
43.4,-85.9,1
43.4,-85.9,1
43.4,-85.9,1
43.4,-85.9,1
43.4,-85.9,1
43.4,-85.9,1
43.4,-85.9,1
43.4,-85.9,1
43.4,-85.9,1
43.4,-85.9,1
43.4,-85.9,1
43.4,-85.9,1
43.4,-85.9,1
43.4,-85.9,1
43.4,-85.9,1
43.4,-85.9,1
43.4,-85.9,1
43.4,-85.9,1
43.4,-85.9,1
43.4,-85.9,1
43.4,-85.9,1
43.4,-85.9,1
43.4,-85.9,1
43.4,-85.9,1
43.4,-85.9,1
43.4,-85.9,1
43.4,-85.9,1
43.4,-85.9,1
43.4,-85.9,1
43.4,-85.9,1
43.4,-85.9,1
43.4,-85.9,1
43.4,-85.9,1
43.4,-85.9,1
43.4,-85.9,1
43.4,-85.9,1
43.4,-85.9,1
43.4,-85.9,1
43.4,-85.9,1
43.4,-85.9,1
43.4,-85.9,1
43.4,-85.9,1
43.4,-85.9,1
43.4,-85.9,1
43.4,-85.9,1
43.4,-85.9,1
43.4,-85.9,1
43.4,-85.9,1
43.4,-85.9,1
43.4,-85.9,1
43.4,-85.9,1
43.4,-85.9,1
43.4,-85.9,1
43.4,-85.9,1
43.4,-85.9,1
43.4,-85.9,1
43.4,-85.9,1
43.4,-85.9,1
43.4,-85.9,1
43.4,-85.9,1
43.4,-85.9,1
43.4,-85.9,1
43.4,-85.9,1
43.4,-85.9,1
43.4,-85.9,1
43.4,-85.9,1
43.4,-85.9,1
43.4,-85.9,1
43.4,-85.9,1
43.4,-85.9,1
43.4,-85.9,1
43.4,-85.9,1
43.4,-85.9,1
43.4,-85.9,1
43.4,-85.9,1
43.4,-85.9,1
43.4,-85.9,1
43.4,-85.9,1
43.4,-85.9,1
43.4,-85.9,1
43.4,-85.9,1
43.4,-85.9,1
43.4,-85.9,1
43.4,-85.9,1
43.4,-85.9,1
43.4,-85.9,1
43.4,-85.9,1
43.4,-85.9,1
43.4,-85.9,1
43.4,-85.9,1
43.4,-85.9,1
43.4,-85.9,1
43.4,-85.9,1
43.4,-85.9,1
43.4,-85.9,1
43.4,-85.9,1
43.4,-85.9,1
43.4,-85.9,1
43.4,-85.9,1
43.4,-85.9,1
43.4,-85.9,1
43.4,-85.9,1
43.4,-85.9,1
43.4,-85.9,1
43.4,-85.9,1
43.4,-85.9,1
43.4,-85.9,1
43.4,-85.9,1
43.4,-85.9,1
43.4,-85.9,1
43.4,-85.9,1
43.4,-85.9,1
43.4,-85.9,1
43.4,-85.9,1
43.4,-85.9,1
43.4,-85.9,1
43.4,-85.9,1
43.4,-85.9,1
43.4,-85.9,1
43.4,-85.9,1
43.4,-85.9,1
43.4,-85.9,1
43.4,-85.9,1
43.4,-85.9,1
43.4,-85.9,1
43.4,-85.9,1
43.4,-85.9,1
43.4,-85.9,1
43.4,-85.9,1
43.4,-85.9,1
43.4,-85.9,1
43.4,-85.9,1
43.4,-85.9,1
43.4,-85.9,1
43.4,-85.9,1
43.4,-85.9,1
43.4,-85.9,1
43.4,-85.9,1
43.4,-85.9,1
43.4,-85.9,1
43.4,-85.9,1
43.4,-85.9,1
43.4,-85.9,1
43.4,-85.9,1
43.4,-85.9,1
43.4,-85.9,1
43.4,-85.9,1
43.4,-85.9,1
43.4,-85.9,1
43.4,-85.9,1
43.4,-85.9,1
43.4,-85.9,1
43.4,-85.9,1
43.4,-85.9,1
43.4,-85.9,1
43.4,-85.9,1
43.4,-85.9,1
43.4,-85.9,1
43.4,-85.9,1
43.4,-85.9,1
43.4,-85.9,1
43.4,-85.9,1
43.4,-85.9,1
43.4,-85.9,1
43.4,-85.9,1
43.4,-85.9,1
43.4,-85.9,1
43.4,-85.9,1
43.4,-85.9,1
43.4,-85.9,1
43.4,-85.9,1
43.4,-85.9,1
43.4,-85.9,1
43.4,-85.9,1
43.4,-85.9,1
43.4,-85.9,1
43.4,-85.9,1
43.4,-85.9,1
43.4,-85.9,1
43.4,-85.9,1
43.4,-85.9,1
43.4,-85.9,1
43.4,-85.9,1
43.4,-85.9,1
43.4,-85.9,1
43.4,-85.9,1
43.4,-85.9,1
43.4,-85.9,1
43.4,-85.9,1
43.4,-85.9,1
43.4,-85.9,1
43.4,-85.9,1
43.4,-85.9,1
43.4,-85.9,1
43.4,-85.9,1
43.4,-85.9,1
43.4,-85.9,1
43.4,-85.9,1
43.4,-85.9,1
43.4,-85.9,1
43.4,-85.9,1
43.4,-85.9,1
43.4,-85.9,1
43.4,-85.9,1
43.4,-85.9,1
43.4,-85.9,1
43.4,-85.9,1
43.4,-85.9,1
43.4,-85.9,1
43.4,-85.9,1
43.4,-85.9,1
43.4,-85.9,1
43.4,-85.9,1
43.4,-85.9,1
43.4,-85.9,1
43.4,-85.9,1
43.4,-85.9,1
43.4,-85.9,1
43.4,-85.9,1
43.4,-85.9,1
43.4,-85.9,1
43.4,-85.9,1
43.4,-85.9,1
43.4,-85.9,1
43.4,-85.9,1
43.4,-85.9,1
43.4,-85.9,1
43.4,-85.9,1
43.4,-85.9,1
43.4,-85.9,1
43.4,-85.9,1
43.4,-85.9,1
43.4,-85.9,1
43.4,-85.9,1
43.4,-85.9,1
43.4,-85.9,1
43.4,-85.9,1
43.4,-85.9,1
43.4,-85.9,1
43.4,-85.9,1
43.4,-85.9,1
43.4,-85.9,1
43.4,-85.9,1
43.4,-85.9,1
43.4,-85.9,1
43.4,-85.9,1
43.4,-85.9,1
43.4,-85.9,1
43.4,-85.9,1
43.4,-85.9,1
43.4,-85.9,1
43.4,-85.9,1
43.4,-85.9,1
43.4,-85.9,1
43.4,-85.9,1
43.4,-85.9,1
43.4,-85.9,1
43.4,-85.9,1
43.4,-85.9,1
43.4,-85.9,1
43.4,-85.9,1
43.4,-85.9,1
43.4,-85.9,1
43.4,-85.9,1
43.4,-85.9,1
43.4,-85.9,1
43.4,-85.9,1
43.4,-85.9,1
43.4,-85.9,1
43.4,-85.9,1
43.4,-85.9,1
43.4,-85.9,1
43.4,-85.9,1
43.4,-85.9,1
43.4,-85.9,1
43.4,-85.9,1
43.4,-85.9,1
43.4,-85.9,1
43.4,-85.9,1
43.4,-85.9,1
43.4,-85.9,1
43.4,-85.9,1
43.4,-85.9,1
43.4,-85.9,1
43.4,-85.9,1
43.4,-85.9,1
43.4,-85.9,1
43.4,-85.9,1
43.4,-85.9,1
43.4,-85.9,1
43.4,-85.9,1
43.4,-85.9,1
43.4,-85.9,1
43.4,-85.9,1
43.4,-85.9,1
43.4,-85.9,1
43.4,-85.9,1
43.4,-85.9,1
43.4,-85.9,1
43.4,-85.9,1
43.4,-85.9,1
43.4,-85.9,1
43.4,-85.9,1
43.4,-85.9,1
43.4,-85.9,1
43.4,-85.9,1
43.4,-85.9,1
43.4,-85.9,1
43.4,-85.9,1
43.4,-85.9,1
43.4,-85.9,1
43.4,-85.9,1
43.4,-85.9,1
43.4,-85.9,1
43.4,-85.9,1
43.4,-85.9,1
43.4,-85.9,1
43.4,-85.9,1
43.4,-85.9,1
43.4,-85.9,1
43.4,-85.9,1
43.4,-85.9,1
43.4,-85.9,1
43.4,-85.9,1
43.4,-85.9,1
43.4,-85.9,1
43.4,-85.9,1
43.4,-85.9,1
43.4,-85.9,1
43.4,-85.9,1
43.4,-85.9,1
43.4,-85.9,1
43.4,-85.9,1
43.4,-85.9,1
43.4,-85.9,1
43.4,-85.9,1
43.4,-85.9,1
43.4,-85.9,1
43.4,-85.9,1
43.4,-85.9,1
43.4,-85.9,1
43.4,-85.9,1
43.4,-85.9,1
43.4,-85.9,1
43.4,-85.9,1
43.4,-85.9,1
43.4,-85.9,1
43.4,-85.9,1
43.4,-85.9,1
43.4,-85.9,1
43.4,-85.9,1
43.4,-85.9,1
43.4,-85.9,1
43.4,-85.9,1
43.4,-85.9,1
43.4,-85.9,1
43.4,-85.9,1
43.4,-85.9,1
43.4,-85.9,1
43.4,-85.9,1
43.4,-85.9,1
43.4,-85.9,1
43.4,-85.9,1
43.4,-85.9,1
43.4,-85.9,1
43.4,-85.9,1
43.4,-85.9,1
43.4,-85.9,1
43.4,-85.9,1
43.4,-85.9,1
43.4,-85.9,1
43.4,-85.9,1
43.4,-85.9,1
43.4,-85.9,1
43.4,-85.9,1
43.4,-85.9,1
43.4,-85.9,1
43.4,-85.9,1
43.4,-85.9,1
43.4,-85.9,1
43.4,-85.9,1
43.4,-85.9,1
43.4,-85.9,1
43.4,-85.9,1
43.4,-85.9,1
43.4,-85.9,1
43.4,-85.9,1
43.4,-85.9,1
43.4,-85.9,1
43.4,-85.9,1
43.4,-85.9,1
43.4,-85.9,1
43.4,-85.9,1
43.4,-85.9,1
43.4,-85.9,1
43.4,-85.9,1
43.4,-85.9,1
43.4,-85.9,1
43.4,-85.9,1
43.4,-85.9,1
43.4,-85.9,1
43.4,-85.9,1
43.4,-85.9,1
43.4,-85.9,1
43.4,-85.9,1
43.4,-85.9,1
43.4,-85.9,1
43.4,-85.9,1
43.4,-85.9,1
43.4,-85.9,1
43.4,-85.9,1
43.4,-85.9,1
43.4,-85.9,1
43.4,-85.9,1
43.4,-85.9,1
43.4,-85.9,1
43.4,-85.9,1
43.4,-85.9,1
43.4,-85.9,1
43.4,-85.9,1
43.4,-85.9,1
43.4,-85.9,1
43.4,-85.9,1
43.4,-85.9,1
43.4,-85.9,1
43.4,-85.9,1
43.4,-85.9,1
43.4,-85.9,1
43.4,-85.9,1
43.4,-85.9,1
43.4,-85.9,1
43.4,-85.9,1
43.4,-85.9,1
43.4,-85.9,1
43.4,-85.9,1
43.4,-85.9,1
43.4,-85.9,1
43.4,-85.9,1
43.4,-85.9,1
43.4,-85.9,1
43.4,-85.9,1
43.4,-85.9,1
43.4,-85.9,1
43.4,-85.9,1
43.4,-85.9,1
43.4,-85.9,1
43.4,-85.9,1
43.4,-85.9,1
43.4,-85.9,1
43.4,-85.9,1
43.4,-85.9,1
43.4,-85.9,1
43.4,-85.9,1
43.4,-85.9,1
43.4,-85.9,1
43.4,-85.9,1
43.4,-85.9,1
43.4,-85.9,1
43.4,-85.9,1
43.4,-85.9,1
43.4,-85.9,1
43.4,-85.9,1
43.4,-85.9,1
43.4,-85.9,1
43.4,-85.9,1
43.4,-85.9,1
43.4,-85.9,1
43.4,-85.9,1
43.4,-85.9,1
43.4,-85.9,1
43.4,-85.9,1
43.4,-85.9,1
43.4,-85.9,1
43.4,-85.9,1
43.4,-85.9,1
43.4,-85.9,1
43.4,-85.9,1
43.4,-85.9,1
43.4,-85.9,1
43.4,-85.9,1
43.4,-85.9,1
43.4,-85.9,1
43.4,-85.9,1
43.4,-85.9,1
43.4,-85.9,1
43.4,-85.9,1
43.4,-85.9,1
43.4,-85.9,1
43.4,-85.9,1
43.4,-85.9,1
43.4,-85.9,1
43.4,-85.9,1
43.4,-85.9,1
43.4,-85.9,1
43.4,-85.9,1
43.4,-85.9,1
43.4,-85.9,1
43.4,-85.9,1
43.4,-85.9,1
43.4,-85.9,1
43.4,-85.9,1
43.4,-85.9,1
43.4,-85.9,1
43.4,-85.9,1
43.4,-85.9,1
43.4,-85.9,1
43.4,-85.9,1
43.4,-85.9,1
43.4,-85.9,1
43.4,-85.9,1
43.4,-85.9,1
43.4,-85.9,1
43.4,-85.9,1
43.4,-85.9,1
43.4,-85.9,1
43.4,-85.9,1
43.4,-85.9,1
43.4,-85.9,1
43.4,-85.9,1
43.4,-85.9,1
43.4,-85.9,1
43.4,-85.9,1
43.4,-85.9,1
43.4,-85.9,1
43.4,-85.9,1
43.4,-85.9,1
43.4,-85.9,1
43.4,-85.9,1
43.4,-85.9,1
43.4,-85.9,1
43.4,-85.9,1
43.4,-85.9,1
43.4,-85.9,1
43.4,-85.9,1
43.4,-85.9,1
43.4,-85.9,1
43.4,-85.9,1
43.4,-85.9,1
43.4,-85.9,1
43.4,-85.9,1
43.4,-85.9,1
43.4,-85.9,1
43.4,-85.9,1
43.4,-85.9,1
43.4,-85.9,1
43.4,-85.9,1
43.4,-85.9,1
43.4,-85.9,1
43.4,-85.9,1
43.4,-85.9,1
43.4,-85.9,1
43.4,-85.9,1
43.4,-85.9,1
43.4,-85.9,1
43.4,-85.9,1
43.4,-85.9,1
43.4,-85.9,1
43.4,-85.9,1
43.4,-85.9,1
43.4,-85.9,1
43.4,-85.9,1
43.4,-85.9,1
43.4,-85.9,1
43.4,-85.9,1
43.4,-85.9,1
43.4,-85.9,1
43.4,-85.9,1
43.4,-85.9,1
43.4,-85.9,1
43.4,-85.9,1
43.4,-85.9,1
43.4,-85.9,1
43.4,-85.9,1
43.4,-85.9,1
43.4,-85.9,1
43.4,-85.9,1
43.4,-85.9,1
43.4,-85.9,1
43.4,-85.9,1
43.4,-85.9,1
43.4,-85.9,1
43.4,-85.9,1
43.4,-85.9,1
43.4,-85.9,1
43.4,-85.9,1
43.4,-85.9,1
43.4,-85.9,1
43.4,-85.9,1
43.4,-85.9,1
43.4,-85.9,1
43.4,-85.9,1
43.4,-85.9,1
43.4,-85.9,1
43.4,-85.9,1
43.4,-85.9,1
43.4,-85.9,1
43.4,-85.9,1
43.4,-85.9,1
43.4,-85.9,1
43.4,-85.9,1
43.4,-85.9,1
43.4,-85.9,1
43.4,-85.9,1
43.4,-85.9,1
43.4,-85.9,1
43.4,-85.9,1
43.4,-85.9,1
43.4,-85.9,1
43.4,-85.9,1
43.4,-85.9,1
43.4,-85.9,1
43.4,-85.9,1
43.4,-85.9,1
43.4,-85.9,1
43.4,-85.9,1
43.4,-85.9,1
43.4,-85.9,1
43.4,-85.9,1
43.4,-85.9,1
43.4,-85.9,1
43.4,-85.9,1
43.4,-85.9,1
43.4,-85.9,1
43.4,-85.9,1
43.4,-85.9,1
43.4,-85.9,1
43.4,-85.9,1
43.4,-85.9,1
43.4,-85.9,1
43.4,-85.9,1
43.4,-85.9,1
43.4,-85.9,1
43.4,-85.9,1
43.4,-85.9,1
43.4,-85.9,1
43.4,-85.9,1
43.4,-85.9,1
43.4,-85.9,1
43.4,-85.9,1
43.4,-85.9,1
43.4,-85.9,1
43.4,-85.9,1
43.4,-85.9,1
43.4,-85.9,1
43.4,-85.9,1
43.4,-85.9,1
43.4,-85.9,1
43.4,-85.9,1
43.4,-85.9,1
43.4,-85.9,1
43.4,-85.9,1
43.4,-85.9,1
43.4,-85.9,1
43.4,-85.9,1
43.4,-85.9,1
43.4,-85.9,1
43.4,-85.9,1
43.4,-85.9,1
43.4,-85.9,1
43.4,-85.9,1
43.4,-85.9,1
43.4,-85.9,1
43.4,-85.9,1
43.4,-85.9,1
43.4,-85.9,1
43.4,-85.9,1
43.4,-85.9,1
43.4,-85.9,1
43.4,-85.9,1
43.4,-85.9,1
43.4,-85.9,1
43.4,-85.9,1
43.4,-85.9,1
43.4,-85.9,1
43.4,-85.9,1
43.4,-85.9,1
43.4,-85.9,1
43.4,-85.9,1
43.4,-85.9,1
43.4,-85.9,1
43.4,-85.9,1
43.4,-85.9,1
43.4,-85.9,1
43.4,-85.9,1
43.4,-85.9,1
43.4,-85.9,1
43.4,-85.9,1
43.4,-85.9,1
43.4,-85.9,1
43.4,-85.9,1
43.4,-85.9,1
43.4,-85.9,1
43.4,-85.9,1
43.4,-85.9,1
43.4,-85.9,1
43.4,-85.9,1
43.4,-85.9,1
43.4,-85.9,1
43.4,-85.9,1
43.4,-85.9,1
43.4,-85.9,1
43.4,-85.9,1
43.4,-85.9,1
43.4,-85.9,1
43.4,-85.9,1
43.4,-85.9,1
43.4,-85.9,1
43.4,-85.9,1
43.4,-85.9,1
43.4,-85.9,1
43.4,-85.9,1
43.4,-85.9,1
43.4,-85.9,1
43.4,-85.9,1
43.4,-85.9,1
43.4,-85.9,1
43.4,-85.9,1
43.4,-85.9,1
43.4,-85.9,1
43.4,-85.9,1
43.4,-85.9,1
43.4,-85.9,1
43.4,-85.9,1
43.4,-85.9,1
43.4,-85.9,1
43.4,-85.9,1
43.4,-85.9,1
43.4,-85.9,1
43.4,-85.9,1
43.4,-85.9,1
43.4,-85.9,1
43.4,-85.9,1
43.4,-85.9,1
43.4,-85.9,1
43.4,-85.9,1
43.4,-85.9,1
43.4,-85.9,1
43.4,-85.9,1
43.4,-85.9,1
43.4,-85.9,1
43.4,-85.9,1
43.4,-85.9,1
43.4,-85.9,1
43.4,-85.9,1
43.4,-85.9,1
43.4,-85.9,1
43.4,-85.9,1
43.4,-85.9,1
43.4,-85.9,1
43.4,-85.9,1
43.4,-85.9,1
43.4,-85.9,1
43.4,-85.9,1
43.4,-85.9,1
43.4,-85.9,1
43.4,-85.9,1
43.4,-85.9,1
43.4,-85.9,1
43.4,-85.9,1
43.4,-85.9,1
43.4,-85.9,1
43.4,-85.9,1
43.4,-85.9,1
43.4,-85.9,1
43.4,-85.9,1
43.4,-85.9,1
43.4,-85.9,1
43.4,-85.9,1
43.4,-85.9,1
43.4,-85.9,1
43.4,-85.9,1
43.4,-85.9,1
43.4,-85.9,1
43.4,-85.9,1
43.4,-85.9,1
43.4,-85.9,1
43.4,-85.9,1
43.4,-85.9,1
43.4,-85.9,1
43.4,-85.9,1
43.4,-85.9,1
43.4,-85.9,1
43.4,-85.9,1
43.4,-85.9,1
43.4,-85.9,1
43.4,-85.9,1
43.4,-85.9,1
43.4,-85.9,1
43.4,-85.9,1
43.4,-85.9,1
43.4,-85.9,1
43.4,-85.9,1
43.4,-85.9,1
43.4,-85.9,1
43.4,-85.9,1
43.4,-85.9,1
43.4,-85.9,1
43.4,-85.9,1
43.4,-85.9,1
43.4,-85.9,1
43.4,-85.9,1
43.4,-85.9,1
43.4,-85.9,1
43.4,-85.9,1
43.4,-85.9,1
43.4,-85.9,1
43.4,-85.9,1
43.4,-85.9,1
43.4,-85.9,1
43.4,-85.9,1
43.4,-85.9,1
43.4,-85.9,1
43.4,-85.9,1
43.4,-85.9,1
43.4,-85.9,1
43.4,-85.9,1
43.4,-85.9,1
43.4,-85.9,1
43.4,-85.9,1
43.4,-85.9,1
43.4,-85.9,1
43.4,-85.9,1
43.4,-85.9,1
43.4,-85.9,1
43.4,-85.9,1
43.4,-85.9,1
43.4,-85.9,1
43.4,-85.9,1
43.4,-85.9,1
43.4,-85.9,1
43.4,-85.9,1
43.4,-85.9,1
43.4,-85.9,1
43.4,-85.9,1
43.4,-85.9,1
43.4,-85.9,1
43.4,-85.9,1
43.4,-85.9,1
43.4,-85.9,1
43.4,-85.9,1
43.4,-85.9,1
43.4,-85.9,1
43.4,-85.9,1
43.4,-85.9,1
43.4,-85.9,1
43.4,-85.9,1
43.4,-85.9,1
43.4,-85.9,1
43.4,-85.9,1
43.4,-85.9,1
43.4,-85.9,1
43.4,-85.9,1
43.4,-85.9,1
43.4,-85.9,1
43.4,-85.9,1
43.4,-85.9,1
43.4,-85.9,1
43.4,-85.9,1
43.4,-85.9,1
43.4,-85.9,1
43.4,-85.9,1
43.4,-85.9,1
43.4,-85.9,1
43.4,-85.9,1
43.4,-85.9,1
43.4,-85.9,1
43.4,-85.9,1
43.4,-85.9,1
43.4,-85.9,1
43.4,-85.9,1
43.4,-85.9,1
43.4,-85.9,1
43.4,-85.9,1
43.4,-85.9,1
43.4,-85.9,1
43.4,-85.9,1
43.4,-85.9,1
43.4,-85.9,1
43.4,-85.9,1
43.4,-85.9,1
43.4,-85.9,1
43.4,-85.9,1
43.4,-85.9,1
43.4,-85.9,1
43.4,-85.9,1
43.4,-85.9,1
43.4,-85.9,1
43.4,-85.9,1
43.4,-85.9,1
43.4,-85.9,1
43.4,-85.9,1
43.4,-85.9,1
43.4,-85.9,1
43.4,-85.9,1
43.4,-85.9,1
43.4,-85.9,1
43.4,-85.9,1
43.4,-85.9,1
43.4,-85.9,1
43.4,-85.9,1
43.4,-85.9,1
43.4,-85.9,1
43.4,-85.9,1
43.4,-85.9,1
43.4,-85.9,1
43.4,-85.9,1
43.4,-85.9,1
43.4,-85.9,1
43.4,-85.9,1
43.4,-85.9,1
43.4,-85.9,1
43.4,-85.9,1
43.4,-85.9,1
43.4,-85.9,1
43.4,-85.9,1
43.4,-85.9,1
43.4,-85.9,1
43.4,-85.9,1
43.4,-85.9,1
43.4,-85.9,1
43.4,-85.9,1
43.4,-85.9,1
43.4,-85.9,1
43.4,-85.9,1
43.4,-85.9,1
43.4,-85.9,1
43.4,-85.9,1
43.4,-85.9,1
43.4,-85.9,1
43.4,-85.9,1
43.4,-85.9,1
43.4,-85.9,1
43.4,-85.9,1
43.4,-85.9,1
43.4,-85.9,1
43.4,-85.9,1
43.4,-85.9,1
43.4,-85.9,1
43.4,-85.9,1
43.4,-85.9,1
43.4,-85.9,1
43.4,-85.9,1
43.4,-85.9,1
43.4,-85.9,1
43.4,-85.9,1
43.4,-85.9,1
43.4,-85.9,1
43.4,-85.9,1
43.4,-85.9,1
43.4,-85.9,1
43.4,-85.9,1
43.4,-85.9,1
43.4,-85.9,1
43.4,-85.9,1
43.4,-85.9,1
43.4,-85.9,1
43.4,-85.9,1
43.4,-85.9,1
43.4,-85.9,1
43.4,-85.9,1
43.4,-85.9,1
43.4,-85.9,1
43.4,-85.9,1
43.4,-85.9,1
43.4,-85.9,1
43.4,-85.9,1
43.4,-85.9,1
43.4,-85.9,1
43.4,-85.9,1
43.4,-85.9,1
43.4,-85.9,1
43.4,-85.9,1
43.4,-85.9,1
43.4,-85.9,1
43.4,-85.9,1
43.4,-85.9,1
43.4,-85.9,1
43.4,-85.9,1
43.4,-85.9,1
43.4,-85.9,1
43.4,-85.9,1
43.4,-85.9,1
43.4,-85.9,1
43.4,-85.9,1
43.4,-85.9,1
43.4,-85.9,1
43.4,-85.9,1
43.4,-85.9,1
43.4,-85.9,1
43.4,-85.9,1
43.4,-85.9,1
43.4,-85.9,1
43.4,-85.9,1
43.4,-85.9,1
43.4,-85.9,1
43.4,-85.9,1
43.4,-85.9,1
43.4,-85.9,1
43.4,-85.9,1
43.4,-85.9,1
43.4,-85.9,1
43.4,-85.9,1
43.4,-85.9,1
43.4,-85.9,1
43.4,-85.9,1
43.4,-85.9,1
43.4,-85.9,1
43.4,-85.9,1
43.4,-85.9,1
43.4,-85.9,1
43.4,-85.9,1
43.4,-85.9,1
43.4,-85.9,1
43.4,-85.9,1
43.4,-85.9,1
43.4,-85.9,1
43.4,-85.9,1
43.4,-85.9,1
43.4,-85.9,1
43.4,-85.9,1
43.4,-85.9,1
43.4,-85.9,1
43.4,-85.9,1
43.4,-85.9,1
43.4,-85.9,1
43.4,-85.9,1
43.4,-85.9,1
43.4,-85.9,1
43.4,-85.9,1
43.4,-85.9,1
43.4,-85.9,1
43.4,-85.9,1
43.4,-85.9,1
43.4,-85.9,1
43.4,-85.9,1
43.4,-85.9,1
43.4,-85.9,1
43.4,-85.9,1
43.4,-85.9,1
43.4,-85.9,1
43.4,-85.9,1
43.4,-85.9,1
43.4,-85.9,1
43.4,-85.9,1
43.4,-85.9,1
43.4,-85.9,1
43.4,-85.9,1
43.4,-85.9,1
43.4,-85.9,1
43.4,-85.9,1
43.4,-85.9,1
43.4,-85.9,1
43.4,-85.9,1
43.4,-85.9,1
43.4,-85.9,1
43.4,-85.9,1
43.4,-85.9,1
43.4,-85.9,1
43.4,-85.9,1
43.4,-85.9,1
43.4,-85.9,1
43.4,-85.9,1
43.4,-85.9,1
43.4,-85.9,1
43.4,-85.9,1
43.4,-85.9,1
43.4,-85.9,1
43.4,-85.9,1
43.4,-85.9,1
43.4,-85.9,1
43.4,-85.9,1
43.4,-85.9,1
43.4,-85.9,1
43.4,-85.9,1
43.4,-85.9,1
43.4,-85.9,1
43.4,-85.9,1
43.4,-85.9,1
43.4,-85.9,1
43.4,-85.9,1
43.4,-85.9,1
43.4,-85.9,1
43.4,-85.9,1
43.4,-85.9,1
43.4,-85.9,1
43.4,-85.9,1
43.4,-85.9,1
43.4,-85.9,1
43.4,-85.9,1
43.4,-85.9,1
43.4,-85.9,1
43.4,-85.9,1
43.4,-85.9,1
43.4,-85.9,1
43.4,-85.9,1
43.4,-85.9,1
43.4,-85.9,1
43.4,-85.9,1
43.4,-85.9,1
43.4,-85.9,1
43.4,-85.9,1
43.4,-85.9,1
43.4,-85.9,1
43.4,-85.9,1
43.4,-85.9,1
43.4,-85.9,1
43.4,-85.9,1
43.4,-85.9,1
43.4,-85.9,1
43.4,-85.9,1
43.4,-85.9,1
43.4,-85.9,1
43.4,-85.9,1
43.4,-85.9,1
43.4,-85.9,1
43.4,-85.9,1
43.4,-85.9,1
43.4,-85.9,1
43.4,-85.9,1
43.4,-85.9,1
43.4,-85.9,1
43.4,-85.9,1
43.4,-85.9,1
43.4,-85.9,1
43.4,-85.9,1
43.4,-85.9,1
43.4,-85.9,1
43.4,-85.9,1
43.4,-85.9,1
43.4,-85.9,1
43.4,-85.9,1
43.4,-85.9,1
43.4,-85.9,1
43.4,-85.9,1
43.4,-85.9,1
43.4,-85.9,1
43.4,-85.9,1
43.4,-85.9,1
43.4,-85.9,1
43.4,-85.9,1
43.4,-85.9,1
43.4,-85.9,1
43.4,-85.9,1
43.4,-85.9,1
43.4,-85.9,1
43.4,-85.9,1
43.4,-85.9,1
43.4,-85.9,1
43.4,-85.9,1
43.4,-85.9,1
43.4,-85.9,1
43.4,-85.9,1
43.4,-85.9,1
43.4,-85.9,1
43.4,-85.9,1
43.4,-85.9,1
43.4,-85.9,1
43.4,-85.9,1
43.4,-85.9,1
43.4,-85.9,1
43.4,-85.9,1
43.4,-85.9,1
43.4,-85.9,1
43.4,-85.9,1
43.4,-85.9,1
43.4,-85.9,1
43.4,-85.9,1
43.4,-85.9,1
43.4,-85.9,1
43.4,-85.9,1
43.4,-85.9,1
43.4,-85.9,1
43.4,-85.9,1
43.4,-85.9,1
43.4,-85.9,1
43.4,-85.9,1
43.4,-85.9,1
43.4,-85.9,1
43.4,-85.9,1
43.4,-85.9,1
43.4,-85.9,1
43.4,-85.9,1
43.4,-85.9,1
43.4,-85.9,1
43.4,-85.9,1
43.4,-85.9,1
43.4,-85.9,1
43.4,-85.9,1
43.4,-85.9,1
43.4,-85.9,1
43.4,-85.9,1
43.4,-85.9,1
43.4,-85.9,1
43.4,-85.9,1
43.4,-85.9,1
43.4,-85.9,1
43.4,-85.9,1
43.4,-85.9,1
43.4,-85.9,1
43.4,-85.9,1
43.4,-85.9,1
43.4,-85.9,1
43.4,-85.9,1
43.4,-85.9,1
43.4,-85.9,1
43.4,-85.9,1
43.4,-85.9,1
43.4,-85.9,1
43.4,-85.9,1
43.4,-85.9,1
43.4,-85.9,1
43.4,-85.9,1
43.4,-85.9,1
43.4,-85.9,1
43.4,-85.9,1
43.4,-85.9,1
43.4,-85.9,1
43.4,-85.9,1
43.4,-85.9,1
43.4,-85.9,1
43.4,-85.9,1
43.4,-85.9,1
43.4,-85.9,1
43.4,-85.9,1
43.4,-85.9,1
43.4,-85.9,1
43.4,-85.9,1
43.4,-85.9,1
43.4,-85.9,1
43.4,-85.9,1
43.4,-85.9,1
43.4,-85.9,1
43.4,-85.9,1
43.4,-85.9,1
43.4,-85.9,1
43.4,-85.9,1
43.4,-85.9,1
43.4,-85.9,1
43.4,-85.9,1
43.4,-85.9,1
43.4,-85.9,1
43.4,-85.9,1
43.4,-85.9,1
43.4,-85.9,1
43.4,-85.9,1
43.4,-85.9,1
43.4,-85.9,1
43.4,-85.9,1
43.4,-85.9,1
43.4,-85.9,1
43.4,-85.9,1
43.4,-85.9,1
43.4,-85.9,1
43.4,-85.9,1
43.4,-85.9,1
43.4,-85.9,1
43.4,-85.9,1
43.4,-85.9,1
43.4,-85.9,1
43.4,-85.9,1
43.4,-85.9,1
43.4,-85.9,1
43.4,-85.9,1
43.4,-85.9,1
43.4,-85.9,1
43.4,-85.9,1
43.4,-85.9,1
43.4,-85.9,1
43.4,-85.9,1
43.4,-85.9,1
43.4,-85.9,1
43.4,-85.9,1
43.4,-85.9,1
43.4,-85.9,1
43.4,-85.9,1
43.4,-85.9,1
43.4,-85.9,1
43.4,-85.9,1
43.4,-85.9,1
43.4,-85.9,1
43.4,-85.9,1
43.4,-85.9,1
43.4,-85.9,1
43.4,-85.9,1
43.4,-85.9,1
43.4,-85.9,1
43.4,-85.9,1
43.4,-85.9,1
43.4,-85.9,1
43.4,-85.9,1
43.4,-85.9,1
43.4,-85.9,1
43.4,-85.9,1
43.4,-85.9,1
43.4,-85.9,1
43.4,-85.9,1
43.4,-85.9,1
43.4,-85.9,1
43.4,-85.9,1
43.4,-85.9,1
43.4,-85.9,1
43.4,-85.9,1
43.4,-85.9,1
43.4,-85.9,1
43.4,-85.9,1
43.4,-85.9,1
43.4,-85.9,1
43.4,-85.9,1
43.4,-85.9,1
43.4,-85.9,1
43.4,-85.9,1
43.4,-85.9,1
43.4,-85.9,1
43.4,-85.9,1
43.4,-85.9,1
43.4,-85.9,1
43.4,-85.9,1
43.4,-85.9,1
43.4,-85.9,1
43.4,-85.9,1
43.4,-85.9,1
43.4,-85.9,1
43.4,-85.9,1
43.4,-85.9,1
43.4,-85.9,1
43.4,-85.9,1
43.4,-85.9,1
43.4,-85.9,1
43.4,-85.9,1
43.4,-85.9,1
43.4,-85.9,1
43.4,-85.9,1
43.4,-85.9,1
43.4,-85.9,1
43.4,-85.9,1
43.4,-85.9,1
43.4,-85.9,1
43.4,-85.9,1
43.4,-85.9,1
43.4,-85.9,1
43.4,-85.9,1
43.4,-85.9,1
43.4,-85.9,1
43.4,-85.9,1
43.4,-85.9,1
43.4,-85.9,1
43.4,-85.9,1
43.4,-85.9,1
43.4,-85.9,1
43.4,-85.9,1
43.4,-85.9,1
43.4,-85.9,1
43.4,-85.9,1
43.4,-85.9,1
43.4,-85.9,1
43.4,-85.9,1
43.4,-85.9,1
43.4,-85.9,1
43.4,-85.9,1
43.4,-85.9,1
43.4,-85.9,1
43.4,-85.9,1
43.4,-85.9,1
43.4,-85.9,1
43.4,-85.9,1
43.4,-85.9,1
43.4,-85.9,1
43.4,-85.9,1
43.4,-85.9,1
43.4,-85.9,1
43.4,-85.9,1
43.4,-85.9,1
43.4,-85.9,1
43.4,-85.9,1
43.4,-85.9,1
43.4,-85.9,1
43.4,-85.9,1
43.4,-85.9,1
43.4,-85.9,1
43.4,-85.9,1
43.4,-85.9,1
43.4,-85.9,1
43.4,-85.9,1
43.4,-85.9,1
43.4,-85.9,1
43.4,-85.9,1
43.4,-85.9,1
43.4,-85.9,1
43.4,-85.9,1
43.4,-85.9,1
43.4,-85.9,1
43.4,-85.9,1
43.4,-85.9,1
43.4,-85.9,1
43.4,-85.9,1
43.4,-85.9,1
43.4,-85.9,1
43.4,-85.9,1
43.4,-85.9,1
43.4,-85.9,1
43.4,-85.9,1
43.4,-85.9,1
43.4,-85.9,1
43.4,-85.9,1
43.4,-85.9,1
43.4,-85.9,1
43.4,-85.9,1
43.4,-85.9,1
43.4,-85.9,1
43.4,-85.9,1
43.4,-85.9,1
43.4,-85.9,1
43.4,-85.9,1
43.4,-85.9,1
43.4,-85.9,1
43.4,-85.9,1
43.4,-85.9,1
43.4,-85.9,1
43.4,-85.9,1
43.4,-85.9,1
43.4,-85.9,1
43.4,-85.9,1
43.4,-85.9,1
43.4,-85.9,1
43.4,-85.9,1
43.4,-85.9,1
43.4,-85.9,1
43.4,-85.9,1
43.4,-85.9,1
43.4,-85.9,1
43.4,-85.9,1
43.4,-85.9,1
43.4,-85.9,1
43.4,-85.9,1
43.4,-85.9,1
43.4,-85.9,1
43.4,-85.9,1
43.4,-85.9,1
43.4,-85.9,1
43.4,-85.9,1
43.4,-85.9,1
43.4,-85.9,1
43.4,-85.9,1
43.4,-85.9,1
43.4,-85.9,1
43.4,-85.9,1
43.4,-85.9,1
43.4,-85.9,1
43.4,-85.9,1
43.4,-85.9,1
43.4,-85.9,1
43.4,-85.9,1
43.4,-85.9,1
43.4,-85.9,1
43.4,-85.9,1
43.4,-85.9,1
43.4,-85.9,1
43.4,-85.9,1
43.4,-85.9,1
43.4,-85.9,1
43.4,-85.9,1
43.4,-85.9,1
43.4,-85.9,1
43.4,-85.9,1
43.4,-85.9,1
43.4,-85.9,1
43.4,-85.9,1
43.4,-85.9,1
43.4,-85.9,1
43.4,-85.9,1
43.4,-85.9,1
43.4,-85.9,1
43.4,-85.9,1
43.4,-85.9,1
43.4,-85.9,1
43.4,-85.9,1
43.4,-85.9,1
43.4,-85.9,1
43.4,-85.9,1
43.4,-85.9,1
43.4,-85.9,1
43.4,-85.9,1
43.4,-85.9,1
43.4,-85.9,1
43.4,-85.9,1
43.4,-85.9,1
43.4,-85.9,1
43.4,-85.9,1
43.4,-85.9,1
43.4,-85.9,1
43.4,-85.9,1
43.4,-85.9,1
43.4,-85.9,1
43.4,-85.9,1
43.4,-85.9,1
43.4,-85.9,1
43.4,-85.9,1
43.4,-85.9,1
43.4,-85.9,1
43.4,-85.9,1
43.4,-85.9,1
43.4,-85.9,1
43.4,-85.9,1
43.4,-85.9,1
43.4,-85.9,1
43.4,-85.9,1
43.4,-85.9,1
43.4,-85.9,1
43.4,-85.9,1
43.4,-85.9,1
43.4,-85.9,1
43.4,-85.9,1
43.4,-85.9,1
43.4,-85.9,1
43.4,-85.9,1
43.4,-85.9,1
43.4,-85.9,1
43.4,-85.9,1
43.4,-85.9,1
43.4,-85.9,1
43.4,-85.9,1
43.4,-85.9,1
43.4,-85.9,1
43.4,-85.9,1
43.4,-85.9,1
43.4,-85.9,1
43.4,-85.9,1
43.4,-85.9,1
43.4,-85.9,1
43.4,-85.9,1
43.4,-85.9,1
43.4,-85.9,1
43.4,-85.9,1
43.4,-85.9,1
43.4,-85.9,1
43.4,-85.9,1
43.4,-85.9,1
43.4,-85.9,1
43.4,-85.9,1
43.4,-85.9,1
43.4,-85.9,1
43.4,-85.9,1
43.4,-85.9,1
43.4,-85.9,1
43.4,-85.9,1
43.4,-85.9,1
43.4,-85.9,1
43.4,-85.9,1
43.4,-85.9,1
43.4,-85.9,1
43.4,-85.9,1
43.4,-85.9,1
43.4,-85.9,1
43.4,-85.9,1
43.4,-85.9,1
43.4,-85.9,1
43.4,-85.9,1
43.4,-85.9,1
43.4,-85.9,1
43.4,-85.9,1
43.4,-85.9,1
43.4,-85.9,1
43.4,-85.9,1
43.4,-85.9,1
43.4,-85.9,1
43.4,-85.9,1
43.4,-85.9,1
43.4,-85.9,1
43.4,-85.9,1
43.4,-85.9,1
43.4,-85.9,1
43.4,-85.9,1
43.4,-85.9,1
43.4,-85.9,1
43.4,-85.9,1
43.4,-85.9,1
43.4,-85.9,1
43.4,-85.9,1
43.4,-85.9,1
43.4,-85.9,1
43.4,-85.9,1
43.4,-85.9,1
43.4,-85.9,1
43.4,-85.9,1
43.4,-85.9,1
43.4,-85.9,1
43.4,-85.9,1
43.4,-85.9,1
43.4,-85.9,1
43.4,-85.9,1
43.4,-85.9,1
43.4,-85.9,1
43.4,-85.9,1
43.4,-85.9,1
43.4,-85.9,1
43.4,-85.9,1
43.4,-85.9,1
43.4,-85.9,1
43.4,-85.9,1
43.4,-85.9,1
43.4,-85.9,1
43.4,-85.9,1
43.4,-85.9,1
43.4,-85.9,1
43.4,-85.9,1
43.4,-85.9,1
43.4,-85.9,1
43.4,-85.9,1
43.4,-85.9,1
43.4,-85.9,1
43.4,-85.9,1
43.4,-85.9,1
43.4,-85.9,1
43.4,-85.9,1
43.4,-85.9,1
43.4,-85.9,1
43.4,-85.9,1
43.4,-85.9,1
43.4,-85.9,1
43.4,-85.9,1
43.4,-85.9,1
43.4,-85.9,1
43.4,-85.9,1
43.4,-85.9,1
43.4,-85.9,1
43.4,-85.9,1
43.4,-85.9,1
43.4,-85.9,1
43.4,-85.9,1
43.4,-85.9,1
43.4,-85.9,1
43.4,-85.9,1
43.4,-85.9,1
43.4,-85.9,1
43.4,-85.9,1
43.4,-85.9,1
43.4,-85.9,1
43.4,-85.9,1
43.4,-85.9,1
43.4,-85.9,1
43.4,-85.9,1
43.4,-85.9,1
43.4,-85.9,1
43.4,-85.9,1
43.4,-85.9,1
43.4,-85.9,1
43.4,-85.9,1
43.4,-85.9,1
43.4,-85.9,1
43.4,-85.9,1
43.4,-85.9,1
43.4,-85.9,1
43.4,-85.9,1
43.4,-85.9,1
43.4,-85.9,1
43.4,-85.9,1
43.4,-85.9,1
43.4,-85.9,1
43.4,-85.9,1
43.4,-85.9,1
43.4,-85.9,1
43.4,-85.9,1
43.4,-85.9,1
43.4,-85.9,1
43.4,-85.9,1
43.4,-85.9,1
43.4,-85.9,1
43.4,-85.9,1
43.4,-85.9,1
43.4,-85.9,1
43.4,-85.9,1
43.4,-85.9,1
43.4,-85.9,1
43.4,-85.9,1
43.4,-85.9,1
43.4,-85.9,1
43.4,-85.9,1
43.4,-85.9,1
43.4,-85.9,1
43.4,-85.9,1
43.4,-85.9,1
43.4,-85.9,1
43.4,-85.9,1
43.4,-85.9,1
43.4,-85.9,1
43.4,-85.9,1
43.4,-85.9,1
43.4,-85.9,1
43.4,-85.9,1
43.4,-85.9,1
43.4,-85.9,1
43.4,-85.9,1
43.4,-85.9,1
43.4,-85.9,1
43.4,-85.9,1
43.4,-85.9,1
43.4,-85.9,1
43.4,-85.9,1
43.4,-85.9,1
43.4,-85.9,1
43.4,-85.9,1
43.4,-85.9,1
43.4,-85.9,1
43.4,-85.9,1
43.4,-85.9,1
43.4,-85.9,1
43.4,-85.9,1
43.4,-85.9,1
43.4,-85.9,1
43.4,-85.9,1
43.4,-85.9,1
43.4,-85.9,1
43.4,-85.9,1
43.4,-85.9,1
43.4,-85.9,1
43.4,-85.9,1
43.4,-85.9,1
43.4,-85.9,1
43.4,-85.9,1
43.4,-85.9,1
43.4,-85.9,1
43.4,-85.9,1
43.4,-85.9,1
43.4,-85.9,1
43.4,-85.9,1
43.4,-85.9,1
43.4,-85.9,1
43.4,-85.9,1
43.4,-85.9,1
43.4,-85.9,1
43.4,-85.9,1
43.4,-85.9,1
43.4,-85.9,1
43.4,-85.9,1
43.4,-85.9,1
43.4,-85.9,1
43.4,-85.9,1
43.4,-85.9,1
43.4,-85.9,1
43.4,-85.9,1
43.4,-85.9,1
43.4,-85.9,1
43.4,-85.9,1
43.4,-85.9,1
43.4,-85.9,1
43.4,-85.9,1
43.4,-85.9,1
43.4,-85.9,1
43.4,-85.9,1
43.4,-85.9,1
43.4,-85.9,1
43.4,-85.9,1
43.4,-85.9,1
43.4,-85.9,1
43.4,-85.9,1
43.4,-85.9,1
43.4,-85.9,1
43.4,-85.9,1
43.4,-85.9,1
43.4,-85.9,1
43.4,-85.9,1
43.4,-85.9,1
43.4,-85.9,1
43.4,-85.9,1
43.4,-85.9,1
43.4,-85.9,1
43.4,-85.9,1
43.4,-85.9,1
43.4,-85.9,1
43.4,-85.9,1
43.4,-85.9,1
43.4,-85.9,1
43.4,-85.9,1
43.4,-85.9,1
43.4,-85.9,1
43.4,-85.9,1
43.4,-85.9,1
43.4,-85.9,1
43.4,-85.9,1
43.4,-85.9,1
43.4,-85.9,1
43.4,-85.9,1
43.4,-85.9,1
43.4,-85.9,1
43.4,-85.9,1
43.4,-85.9,1
43.4,-85.9,1
43.4,-85.9,1
43.4,-85.9,1
43.4,-85.9,1
43.4,-85.9,1
43.4,-85.9,1
43.4,-85.9,1
43.4,-85.9,1
43.4,-85.9,1
43.4,-85.9,1
43.4,-85.9,1
43.4,-85.9,1
43.4,-85.9,1
43.4,-85.9,1
43.4,-85.9,1
43.4,-85.9,1
43.4,-85.9,1
43.4,-85.9,1
43.4,-85.9,1
43.4,-85.9,1
43.4,-85.9,1
43.4,-85.9,1
43.4,-85.9,1
43.4,-85.9,1
43.4,-85.9,1
43.4,-85.9,1
43.4,-85.9,1
43.4,-85.9,1
43.4,-85.9,1
43.4,-85.9,1
43.4,-85.9,1
43.4,-85.9,1
43.4,-85.9,1
43.4,-85.9,1
43.4,-85.9,1
43.4,-85.9,1
43.4,-85.9,1
43.4,-85.9,1
43.4,-85.9,1
43.4,-85.9,1
43.4,-85.9,1
43.4,-85.9,1
43.4,-85.9,1
43.4,-85.9,1
43.4,-85.9,1
43.4,-85.9,1
43.4,-85.9,1
43.4,-85.9,1
43.4,-85.9,1
43.4,-85.9,1
43.4,-85.9,1
43.4,-85.9,1
43.4,-85.9,1
43.4,-85.9,1
43.4,-85.9,1
43.4,-85.9,1
43.4,-85.9,1
43.4,-85.9,1
43.4,-85.9,1
43.4,-85.9,1
43.4,-85.9,1
43.4,-85.9,1
43.4,-85.9,1
43.4,-85.9,1
43.4,-85.9,1
43.4,-85.9,1
43.4,-85.9,1
43.4,-85.9,1
43.4,-85.9,1
43.4,-85.9,1
43.4,-85.9,1
43.4,-85.9,1
43.4,-85.9,1
43.4,-85.9,1
43.4,-85.9,1
43.4,-85.9,1
43.4,-85.9,1
43.4,-85.9,1
43.4,-85.9,1
43.4,-85.9,1
43.4,-85.9,1
43.4,-85.9,1
43.4,-85.9,1
43.4,-85.9,1
43.4,-85.9,1
43.4,-85.9,1
43.4,-85.9,1
43.4,-85.9,1
43.4,-85.9,1
43.4,-85.9,1
43.4,-85.9,1
43.4,-85.9,1
43.4,-85.9,1
43.4,-85.9,1
43.4,-85.9,1
43.4,-85.9,1
43.4,-85.9,1
43.4,-85.9,1
43.4,-85.9,1
43.4,-85.9,1
43.4,-85.9,1
43.4,-85.9,1
43.4,-85.9,1
43.4,-85.9,1
43.4,-85.9,1
43.4,-85.9,1
43.4,-85.9,1
43.4,-85.9,1
43.4,-85.9,1
43.4,-85.9,1
43.4,-85.9,1
43.4,-85.9,1
43.4,-85.9,1
43.4,-85.9,1
43.4,-85.9,1
43.4,-85.9,1
43.4,-85.9,1
43.4,-85.9,1
43.4,-85.9,1
43.4,-85.9,1
43.4,-85.9,1
43.4,-85.9,1
43.4,-85.9,1
43.4,-85.9,1
43.4,-85.9,1
43.4,-85.9,1
43.4,-85.9,1
43.4,-85.9,1
43.4,-85.9,1
43.4,-85.9,1
43.4,-85.9,1
43.4,-85.9,1
43.4,-85.9,1
43.4,-85.9,1
43.4,-85.9,1
43.4,-85.9,1
43.4,-85.9,1
43.4,-85.9,1
43.4,-85.9,1
43.4,-85.9,1
43.4,-85.9,1
43.4,-85.9,1
43.4,-85.9,1
43.4,-85.9,1
43.4,-85.9,1
43.4,-85.9,1
43.4,-85.9,1
43.4,-85.9,1
43.4,-85.9,1
43.4,-85.9,1
43.4,-85.9,1
43.4,-85.9,1
43.4,-85.9,1
43.4,-85.9,1
43.4,-85.9,1
43.4,-85.9,1
43.4,-85.9,1
43.4,-85.9,1
43.4,-85.9,1
43.4,-85.9,1
43.4,-85.9,1
43.4,-85.9,1
43.4,-85.9,1
43.4,-85.9,1
43.4,-85.9,1
43.4,-85.9,1
43.4,-85.9,1
43.4,-85.9,1
43.4,-85.9,1
43.4,-85.9,1
43.4,-85.9,1
43.4,-85.9,1
43.4,-85.9,1
43.4,-85.9,1
43.4,-85.9,1
43.4,-85.9,1
43.4,-85.9,1
43.4,-85.9,1
43.4,-85.9,1
43.4,-85.9,1
43.4,-85.9,1
43.4,-85.9,1
43.4,-85.9,1
43.4,-85.9,1
43.4,-85.9,1
43.4,-85.9,1
43.4,-85.9,1
43.4,-85.9,1
43.4,-85.9,1
43.4,-85.9,1
43.4,-85.9,1
43.4,-85.9,1
43.4,-85.9,1
43.4,-85.9,1
43.4,-85.9,1
43.4,-85.9,1
43.4,-85.9,1
43.4,-85.9,1
43.4,-85.9,1
43.4,-85.9,1
43.4,-85.9,1
43.4,-85.9,1
43.4,-85.9,1
43.4,-85.9,1
43.4,-85.9,1
43.4,-85.9,1
43.4,-85.9,1
43.4,-85.9,1
43.4,-85.9,1
43.4,-85.9,1
43.4,-85.9,1
43.4,-85.9,1
43.4,-85.9,1
43.4,-85.9,1
43.4,-85.9,1
43.4,-85.9,1
43.4,-85.9,1
43.4,-85.9,1
43.4,-85.9,1
43.4,-85.9,1
43.4,-85.9,1
43.4,-85.9,1
43.4,-85.9,1
43.4,-85.9,1
43.4,-85.9,1
43.4,-85.9,1
43.4,-85.9,1
43.4,-85.9,1
43.4,-85.9,1
43.4,-85.9,1
43.4,-85.9,1
43.4,-85.9,1
43.4,-85.9,1
43.4,-85.9,1
43.4,-85.9,1
43.4,-85.9,1
43.4,-85.9,1
43.4,-85.9,1
43.4,-85.9,1
43.4,-85.9,1
43.4,-85.9,1
43.4,-85.9,1
43.4,-85.9,1
43.4,-85.9,1
43.4,-85.9,1
43.4,-85.9,1
43.4,-85.9,1
43.4,-85.9,1
43.4,-85.9,1
43.4,-85.9,1
43.4,-85.9,1
43.4,-85.9,1
43.4,-85.9,1
43.4,-85.9,1
43.4,-85.9,1
43.4,-85.9,1
43.4,-85.9,1
43.4,-85.9,1
43.4,-85.9,1
43.4,-85.9,1
43.4,-85.9,1
43.4,-85.9,1
43.4,-85.9,1
43.4,-85.9,1
43.4,-85.9,1
43.4,-85.9,1
43.4,-85.9,1
43.4,-85.9,1
43.4,-85.9,1
43.4,-85.9,1
43.4,-85.9,1
43.4,-85.9,1
43.4,-85.9,1
43.4,-85.9,1
43.4,-85.9,1
43.4,-85.9,1
43.4,-85.9,1
43.4,-85.9,1
43.4,-85.9,1
43.4,-85.9,1
43.4,-85.9,1
43.4,-85.9,1
43.4,-85.9,1
43.4,-85.9,1
43.4,-85.9,1
43.4,-85.9,1
43.4,-85.9,1
43.4,-85.9,1
43.4,-85.9,1
43.4,-85.9,1
43.4,-85.9,1
43.4,-85.9,1
43.4,-85.9,1
43.4,-85.9,1
43.4,-85.9,1
43.4,-85.9,1
43.4,-85.9,1
43.4,-85.9,1
43.4,-85.9,1
43.4,-85.9,1
43.4,-85.9,1
43.4,-85.9,1
43.4,-85.9,1
43.4,-85.9,1
43.4,-85.9,1
43.4,-85.9,1
43.4,-85.9,1
43.4,-85.9,1
43.4,-85.9,1
43.4,-85.9,1
43.4,-85.9,1
43.4,-85.9,1
43.4,-85.9,1
43.4,-85.9,1
43.4,-85.9,1
43.4,-85.9,1
43.4,-85.9,1
43.4,-85.9,1
43.4,-85.9,1
43.4,-85.9,1
43.4,-85.9,1
43.4,-85.9,1
43.4,-85.9,1
43.4,-85.9,1
43.4,-85.9,1
43.4,-85.9,1
43.4,-85.9,1
43.4,-85.9,1
43.4,-85.9,1
43.4,-85.9,1
43.4,-85.9,1
43.4,-85.9,1
43.4,-85.9,1
43.4,-85.9,1
43.4,-85.9,1
43.4,-85.9,1
43.4,-85.9,1
43.4,-85.9,1
43.4,-85.9,1
43.4,-85.9,1
43.4,-85.9,1
43.4,-85.9,1
43.4,-85.9,1
43.4,-85.9,1
43.4,-85.9,1
43.4,-85.9,1
43.4,-85.9,1
43.4,-85.9,1
43.4,-85.9,1
43.4,-85.9,1
43.4,-85.9,1
43.4,-85.9,1
43.4,-85.9,1
43.4,-85.9,1
43.4,-85.9,1
43.4,-85.9,1
43.4,-85.9,1
43.4,-85.9,1
43.4,-85.9,1
43.4,-85.9,1
43.4,-85.9,1
43.4,-85.9,1
43.4,-85.9,1
43.4,-85.9,1
43.4,-85.9,1
43.4,-85.9,1
43.4,-85.9,1
43.4,-85.9,1
43.4,-85.9,1
43.4,-85.9,1
43.4,-85.9,1
43.4,-85.9,1
43.4,-85.9,1
43.4,-85.9,1
43.4,-85.9,1
43.4,-85.9,1
43.4,-85.9,1
43.4,-85.9,1
43.4,-85.9,1
43.4,-85.9,1
43.4,-85.9,1
43.4,-85.9,1
43.4,-85.9,1
43.4,-85.9,1
43.4,-85.9,1
43.4,-85.9,1
43.4,-85.9,1
43.4,-85.9,1
43.4,-85.9,1
43.4,-85.9,1
43.4,-85.9,1
43.4,-85.9,1
43.4,-85.9,1
43.4,-85.9,1
43.4,-85.9,1
43.4,-85.9,1
43.4,-85.9,1
43.4,-85.9,1
43.4,-85.9,1
43.4,-85.9,1
43.4,-85.9,1
43.4,-85.9,1
43.4,-85.9,1
43.4,-85.9,1
43.4,-85.9,1
43.4,-85.9,1
43.4,-85.9,1
43.4,-85.9,1
43.4,-85.9,1
43.4,-85.9,1
43.4,-85.9,1
43.4,-85.9,1
43.4,-85.9,1
43.4,-85.9,1
43.4,-85.9,1
43.4,-85.9,1
43.4,-85.9,1
43.4,-85.9,1
43.4,-85.9,1
43.4,-85.9,1
43.4,-85.9,1
43.4,-85.9,1
43.4,-85.9,1
43.4,-85.9,1
43.4,-85.9,1
43.4,-85.9,1
43.4,-85.9,1
43.4,-85.9,1
43.4,-85.9,1
43.4,-85.9,1
43.4,-85.9,1
43.4,-85.9,1
43.4,-85.9,1
43.4,-85.9,1
43.4,-85.9,1
43.4,-85.9,1
43.4,-85.9,1
43.4,-85.9,1
43.4,-85.9,1
43.4,-85.9,1
43.4,-85.9,1
43.4,-85.9,1
43.4,-85.9,1
43.4,-85.9,1
43.4,-85.9,1
43.4,-85.9,1
43.4,-85.9,1
43.4,-85.9,1
43.4,-85.9,1
43.4,-85.9,1
43.4,-85.9,1
43.4,-85.9,1
43.4,-85.9,1
43.4,-85.9,1
43.4,-85.9,1
43.4,-85.9,1
43.4,-85.9,1
43.4,-85.9,1
43.4,-85.9,1
43.4,-85.9,1
43.4,-85.9,1
43.4,-85.9,1
43.4,-85.9,1
43.4,-85.9,1
43.4,-85.9,1
43.4,-85.9,1
43.4,-85.9,1
43.4,-85.9,1
43.4,-85.9,1
43.4,-85.9,1
43.4,-85.9,1
43.4,-85.9,1
43.4,-85.9,1
43.4,-85.9,1
43.4,-85.9,1
43.4,-85.9,1
43.4,-85.9,1
43.4,-85.9,1
43.4,-85.9,1
43.4,-85.9,1
43.4,-85.9,1
43.4,-85.9,1
43.4,-85.9,1
43.4,-85.9,1
43.4,-85.9,1
43.4,-85.9,1
43.4,-85.9,1
43.4,-85.9,1
43.4,-85.9,1
43.4,-85.9,1
43.4,-85.9,1
43.4,-85.9,1
43.4,-85.9,1
43.4,-85.9,1
43.4,-85.9,1
43.4,-85.9,1
43.4,-85.9,1
43.4,-85.9,1
43.4,-85.9,1
43.4,-85.9,1
43.4,-85.9,1
43.4,-85.9,1
43.4,-85.9,1
43.4,-85.9,1
43.4,-85.9,1
43.4,-85.9,1
43.4,-85.9,1
43.4,-85.9,1
43.4,-85.9,1
43.4,-85.9,1
43.4,-85.9,1
43.4,-85.9,1
43.4,-85.9,1
43.4,-85.9,1
43.4,-85.9,1
43.4,-85.9,1
43.4,-85.9,1
43.4,-85.9,1
43.4,-85.9,1
43.4,-85.9,1
43.4,-85.9,1
43.4,-85.9,1
43.4,-85.9,1
43.4,-85.9,1
43.4,-85.9,1
43.4,-85.9,1
43.4,-85.9,1
43.4,-85.9,1
43.4,-85.9,1
43.4,-85.9,1
43.4,-85.9,1
43.4,-85.9,1
43.4,-85.9,1
43.4,-85.9,1
43.4,-85.9,1
43.4,-85.9,1
43.4,-85.9,1
43.4,-85.9,1
43.4,-85.9,1
43.4,-85.9,1
43.4,-85.9,1
43.4,-85.9,1
43.4,-85.9,1
43.4,-85.9,1
43.4,-85.9,1
43.4,-85.9,1
43.4,-85.9,1
43.4,-85.9,1
43.4,-85.9,1
43.4,-85.9,1
43.4,-85.9,1
43.4,-85.9,1
43.4,-85.9,1
43.4,-85.9,1
43.4,-85.9,1
43.4,-85.9,1
43.4,-85.9,1
43.4,-85.9,1
43.4,-85.9,1
43.4,-85.9,1
43.4,-85.9,1
43.4,-85.9,1
43.4,-85.9,1
43.4,-85.9,1
43.4,-85.9,1
43.4,-85.9,1
43.4,-85.9,1
43.4,-85.9,1
43.4,-85.9,1
43.4,-85.9,1
43.4,-85.9,1
43.4,-85.9,1
43.4,-85.9,1
43.4,-85.9,1
43.4,-85.9,1
43.4,-85.9,1
43.4,-85.9,1
43.4,-85.9,1
43.4,-85.9,1
43.4,-85.9,1
43.4,-85.9,1
43.4,-85.9,1
43.4,-85.9,1
43.4,-85.9,1
43.4,-85.9,1
43.4,-85.9,1
43.4,-85.9,1
43.4,-85.9,1
43.4,-85.9,1
43.4,-85.9,1
43.4,-85.9,1
43.4,-85.9,1
43.4,-85.9,1
43.4,-85.9,1
43.4,-85.9,1
43.4,-85.9,1
43.4,-85.9,1
43.4,-85.9,1
43.4,-85.9,1
43.4,-85.9,1
43.4,-85.9,1
43.4,-85.9,1
43.4,-85.9,1
43.4,-85.9,1
43.4,-85.9,1
43.4,-85.9,1
43.4,-85.9,1
43.4,-85.9,1
43.4,-85.9,1
43.4,-85.9,1
43.4,-85.9,1
43.4,-85.9,1
43.4,-85.9,1
43.4,-85.9,1
43.4,-85.9,1
43.4,-85.9,1
43.4,-85.9,1
43.4,-85.9,1
43.4,-85.9,1
43.4,-85.9,1
43.4,-85.9,1
43.4,-85.9,1
43.4,-85.9,1
43.4,-85.9,1
43.4,-85.9,1
43.4,-85.9,1
43.4,-85.9,1
43.4,-85.9,1
43.4,-85.9,1
43.4,-85.9,1
43.4,-85.9,1
43.4,-85.9,1
43.4,-85.9,1
43.4,-85.9,1
43.4,-85.9,1
43.4,-85.9,1
43.4,-85.9,1
43.4,-85.9,1
43.4,-85.9,1
43.4,-85.9,1
43.4,-85.9,1
43.4,-85.9,1
43.4,-85.9,1
43.4,-85.9,1
43.4,-85.9,1
43.4,-85.9,1
43.4,-85.9,1
43.4,-85.9,1
43.4,-85.9,1
43.4,-85.9,1
43.4,-85.9,1
43.4,-85.9,1
43.4,-85.9,1
43.4,-85.9,1
43.4,-85.9,1
43.4,-85.9,1
43.4,-85.9,1
43.4,-85.9,1
43.4,-85.9,1
43.4,-85.9,1
43.4,-85.9,1
43.4,-85.9,1
43.4,-85.9,1
43.4,-85.9,1
43.4,-85.9,1
43.4,-85.9,1
43.4,-85.9,1
43.4,-85.9,1
43.4,-85.9,1
43.4,-85.9,1
43.4,-85.9,1
43.4,-85.9,1
43.4,-85.9,1
43.4,-85.9,1
43.4,-85.9,1
43.4,-85.9,1
43.4,-85.9,1
43.4,-85.9,1
43.4,-85.9,1
43.4,-85.9,1
43.4,-85.9,1
43.4,-85.9,1
43.4,-85.9,1
43.4,-85.9,1
43.4,-85.9,1
43.4,-85.9,1
43.4,-85.9,1
43.4,-85.9,1
43.4,-85.9,1
43.4,-85.9,1
43.4,-85.9,1
43.4,-85.9,1
43.4,-85.9,1
43.4,-85.9,1
43.4,-85.9,1
43.4,-85.9,1
43.4,-85.9,1
43.4,-85.9,1
43.4,-85.9,1
43.4,-85.9,1
43.4,-85.9,1
43.4,-85.9,1
43.4,-85.9,1
43.4,-85.9,1
43.4,-85.9,1
43.4,-85.9,1
43.4,-85.9,1
43.4,-85.9,1
43.4,-85.9,1
43.4,-85.9,1
43.4,-85.9,1
43.4,-85.9,1
43.4,-85.9,1
43.4,-85.9,1
43.4,-85.9,1
43.4,-85.9,1
43.4,-85.9,1
43.4,-85.9,1
43.4,-85.9,1
43.4,-85.9,1
43.4,-85.9,1
43.4,-85.9,1
43.4,-85.9,1
43.4,-85.9,1
43.4,-85.9,1
43.4,-85.9,1
43.4,-85.9,1
43.4,-85.9,1
43.4,-85.9,1
43.4,-85.9,1
43.4,-85.9,1
43.4,-85.9,1
43.4,-85.9,1
43.4,-85.9,1
43.4,-85.9,1
43.4,-85.9,1
43.4,-85.9,1
43.4,-85.9,1
43.4,-85.9,1
43.4,-85.9,1
43.4,-85.9,1
43.4,-85.9,1
43.4,-85.9,1
43.4,-85.9,1
43.4,-85.9,1
43.4,-85.9,1
43.4,-85.9,1
43.4,-85.9,1
43.4,-85.9,1
43.4,-85.9,1
43.4,-85.9,1
43.4,-85.9,1
43.4,-85.9,1
43.4,-85.9,1
43.4,-85.9,1
43.4,-85.9,1
43.4,-85.9,1
43.4,-85.9,1
43.4,-85.9,1
43.4,-85.9,1
43.4,-85.9,1
43.4,-85.9,1
43.4,-85.9,1
43.4,-85.9,1
43.4,-85.9,1
43.4,-85.9,1
43.4,-85.9,1
43.4,-85.9,1
43.4,-85.9,1
43.4,-85.9,1
43.4,-85.9,1
43.4,-85.9,1
43.4,-85.9,1
43.4,-85.9,1
43.4,-85.9,1
43.4,-85.9,1
43.4,-85.9,1
43.4,-85.9,1
43.4,-85.9,1
43.4,-85.9,1
43.4,-85.9,1
43.4,-85.9,1
43.4,-85.9,1
43.4,-85.9,1
43.4,-85.9,1
43.4,-85.9,1
43.4,-85.9,1
43.4,-85.9,1
43.4,-85.9,1
43.4,-85.9,1
43.4,-85.9,1
43.4,-85.9,1
43.4,-85.9,1
43.4,-85.9,1
43.4,-85.9,1
43.4,-85.9,1
43.4,-85.9,1
43.4,-85.9,1
43.4,-85.9,1
43.4,-85.9,1
43.4,-85.9,1
43.4,-85.9,1
43.4,-85.9,1
43.4,-85.9,1
43.4,-85.9,1
43.4,-85.9,1
43.4,-85.9,1
43.4,-85.9,1
43.4,-85.9,1
43.4,-85.9,1
43.4,-85.9,1
43.4,-85.9,1
43.4,-85.9,1
43.4,-85.9,1
43.4,-85.9,1
43.4,-85.9,1
43.4,-85.9,1
43.4,-85.9,1
43.4,-85.9,1
43.4,-85.9,1
43.4,-85.9,1
43.4,-85.9,1
43.4,-85.9,1
43.4,-85.9,1
43.4,-85.9,1
43.4,-85.9,1
43.4,-85.9,1
43.4,-85.9,1
43.4,-85.9,1
43.4,-85.9,1
43.4,-85.9,1
43.4,-85.9,1
43.4,-85.9,1
43.4,-85.9,1
43.4,-85.9,1
43.4,-85.9,1
43.4,-85.9,1
43.4,-85.9,1
43.4,-85.9,1
43.4,-85.9,1
43.4,-85.9,1
43.4,-85.9,1
43.4,-85.9,1
43.4,-85.9,1
43.4,-85.9,1
43.4,-85.9,1
43.4,-85.9,1
43.4,-85.9,1
43.4,-85.9,1
43.4,-85.9,1
43.4,-85.9,1
43.4,-85.9,1
43.4,-85.9,1
43.4,-85.9,1
43.4,-85.9,1
43.4,-85.9,1
43.4,-85.9,1
43.4,-85.9,1
43.4,-85.9,1
43.4,-85.9,1
43.4,-85.9,1
43.4,-85.9,1
43.4,-85.9,1
43.4,-85.9,1
43.4,-85.9,1
43.4,-85.9,1
43.4,-85.9,1
43.4,-85.9,1
43.4,-85.9,1
43.4,-85.9,1
43.4,-85.9,1
43.4,-85.9,1
43.4,-85.9,1
43.4,-85.9,1
43.4,-85.9,1
43.4,-85.9,1
43.4,-85.9,1
43.4,-85.9,1
43.4,-85.9,1
43.4,-85.9,1
43.4,-85.9,1
43.4,-85.9,1
43.4,-85.9,1
43.4,-85.9,1
43.4,-85.9,1
43.4,-85.9,1
43.4,-85.9,1
43.4,-85.9,1
43.4,-85.9,1
43.4,-85.9,1
43.4,-85.9,1
43.4,-85.9,1
43.4,-85.9,1
43.4,-85.9,1
43.4,-85.9,1
43.4,-85.9,1
43.4,-85.9,1
43.4,-85.9,1
43.4,-85.9,1
43.4,-85.9,1
43.4,-85.9,1
43.4,-85.9,1
43.4,-85.9,1
43.4,-85.9,1
43.4,-85.9,1
43.4,-85.9,1
43.4,-85.9,1
43.4,-85.9,1
43.4,-85.9,1
43.4,-85.9,1
43.4,-85.9,1
43.4,-85.9,1
43.4,-85.9,1
43.4,-85.9,1
43.4,-85.9,1
43.4,-85.9,1
43.4,-85.9,1
43.4,-85.9,1
43.4,-85.9,1
43.4,-85.9,1
43.4,-85.9,1
43.4,-85.9,1
43.4,-85.9,1
43.4,-85.9,1
43.4,-85.9,1
43.4,-85.9,1
43.4,-85.9,1
43.4,-85.9,1
43.4,-85.9,1
43.4,-85.9,1
43.4,-85.9,1
43.4,-85.9,1
43.4,-85.9,1
43.4,-85.9,1
43.4,-85.9,1
43.4,-85.9,1
43.4,-85.9,1
43.4,-85.9,1
43.4,-85.9,1
43.4,-85.9,1
43.4,-85.9,1
43.4,-85.9,1
43.4,-85.9,1
43.4,-85.9,1
43.4,-85.9,1
43.4,-85.9,1
43.4,-85.9,1
43.4,-85.9,1
43.4,-85.9,1
43.4,-85.9,1
43.4,-85.9,1
43.4,-85.9,1
43.4,-85.9,1
43.4,-85.9,1
43.4,-85.9,1
43.4,-85.9,1
43.4,-85.9,1
43.4,-85.9,1
43.4,-85.9,1
43.4,-85.9,1
43.4,-85.9,1
43.4,-85.9,1
43.4,-85.9,1
43.4,-85.9,1
43.4,-85.9,1
43.4,-85.9,1
43.4,-85.9,1
43.4,-85.9,1
43.4,-85.9,1
43.4,-85.9,1
43.4,-85.9,1
43.4,-85.9,1
43.4,-85.9,1
43.4,-85.9,1
43.4,-85.9,1
43.4,-85.9,1
43.4,-85.9,1
43.4,-85.9,1
43.4,-85.9,1
43.4,-85.9,1
43.4,-85.9,1
43.4,-85.9,1
43.4,-85.9,1
43.4,-85.9,1
43.4,-85.9,1
43.4,-85.9,1
43.4,-85.9,1
43.4,-85.9,1
43.4,-85.9,1
43.4,-85.9,1
43.4,-85.9,1
43.4,-85.9,1
43.4,-85.9,1
43.4,-85.9,1
43.4,-85.9,1
43.4,-85.9,1
43.4,-85.9,1
43.4,-85.9,1
43.4,-85.9,1
43.4,-85.9,1
43.4,-85.9,1
43.4,-85.9,1
43.4,-85.9,1
43.4,-85.9,1
43.4,-85.9,1
43.4,-85.9,1
43.4,-85.9,1
43.4,-85.9,1
43.4,-85.9,1
43.4,-85.9,1
43.4,-85.9,1
43.4,-85.9,1
43.4,-85.9,1
43.4,-85.9,1
43.4,-85.9,1
43.4,-85.9,1
43.4,-85.9,1
43.4,-85.9,1
43.4,-85.9,1
43.4,-85.9,1
43.4,-85.9,1
43.4,-85.9,1
43.4,-85.9,1
43.4,-85.9,1
43.4,-85.9,1
43.4,-85.9,1
43.4,-85.9,1
43.4,-85.9,1
43.4,-85.9,1
43.4,-85.9,1
43.4,-85.9,1
43.4,-85.9,1
43.4,-85.9,1
43.4,-85.9,1
43.4,-85.9,1
43.4,-85.9,1
43.4,-85.9,1
43.4,-85.9,1
43.4,-85.9,1
43.4,-85.9,1
43.4,-85.9,1
43.4,-85.9,1
43.4,-85.9,1
43.4,-85.9,1
43.4,-85.9,1
43.4,-85.9,1
43.4,-85.9,1
43.4,-85.9,1
43.4,-85.9,1
43.4,-85.9,1
43.4,-85.9,1
43.4,-85.9,1
43.4,-85.9,1
43.4,-85.9,1
43.4,-85.9,1
43.4,-85.9,1
43.4,-85.9,1
43.4,-85.9,1
43.4,-85.9,1
43.4,-85.9,1
43.4,-85.9,1
43.4,-85.9,1
43.4,-85.9,1
43.4,-85.9,1
43.4,-85.9,1
43.4,-85.9,1
43.4,-85.9,1
43.4,-85.9,1
43.4,-85.9,1
43.4,-85.9,1
43.4,-85.9,1
43.4,-85.9,1
43.4,-85.9,1
43.4,-85.9,1
43.4,-85.9,1
43.4,-85.9,1
43.4,-85.9,1
43.4,-85.9,1
43.4,-85.9,1
43.4,-85.9,1
43.4,-85.9,1
43.4,-85.9,1
43.4,-85.9,1
43.4,-85.9,1
43.4,-85.9,1
43.4,-85.9,1
43.4,-85.9,1
43.4,-85.9,1
43.4,-85.9,1
43.4,-85.9,1
43.4,-85.9,1
43.4,-85.9,1
43.4,-85.9,1
43.4,-85.9,1
43.4,-85.9,1
43.4,-85.9,1
43.4,-85.9,1
43.4,-85.9,1
43.4,-85.9,1
43.4,-85.9,1
43.4,-85.9,1
43.4,-85.9,1
43.4,-85.9,1
43.4,-85.9,1
43.4,-85.9,1
43.4,-85.9,1
43.4,-85.9,1
43.4,-85.9,1
43.4,-85.9,1
43.4,-85.9,1
43.4,-85.9,1
43.4,-85.9,1
43.4,-85.9,1
43.4,-85.9,1
43.4,-85.9,1
43.4,-85.9,1
43.4,-85.9,1
43.4,-85.9,1
43.4,-85.9,1
43.4,-85.9,1
43.4,-85.9,1
43.4,-85.9,1
43.4,-85.9,1
43.4,-85.9,1
43.4,-85.9,1
43.4,-85.9,1
43.4,-85.9,1
43.4,-85.9,1
43.4,-85.9,1
43.4,-85.9,1
43.4,-85.9,1
43.4,-85.9,1
43.4,-85.9,1
43.4,-85.9,1
43.4,-85.9,1
43.4,-85.9,1
43.4,-85.9,1
43.4,-85.9,1
43.4,-85.9,1
43.4,-85.9,1
43.4,-85.9,1
43.4,-85.9,1
43.4,-85.9,1
43.4,-85.9,1
43.4,-85.9,1
43.4,-85.9,1
43.4,-85.9,1
43.4,-85.9,1
43.4,-85.9,1
43.4,-85.9,1
43.4,-85.9,1
43.4,-85.9,1
43.4,-85.9,1
43.4,-85.9,1
43.4,-85.9,1
43.4,-85.9,1
43.4,-85.9,1
43.4,-85.9,1
43.4,-85.9,1
43.4,-85.9,1
43.4,-85.9,1
43.4,-85.9,1
43.4,-85.9,1
43.4,-85.9,1
43.4,-85.9,1
43.4,-85.9,1
43.4,-85.9,1
43.4,-85.9,1
43.4,-85.9,1
43.4,-85.9,1
43.4,-85.9,1
43.4,-85.9,1
43.4,-85.9,1
43.4,-85.9,1
43.4,-85.9,1
43.4,-85.9,1
43.4,-85.9,1
43.4,-85.9,1
43.4,-85.9,1
43.4,-85.9,1
43.4,-85.9,1
43.4,-85.9,1
43.4,-85.9,1
43.4,-85.9,1
43.4,-85.9,1
43.4,-85.9,1
43.4,-85.9,1
43.4,-85.9,1
43.4,-85.9,1
43.4,-85.9,1
43.4,-85.9,1
43.4,-85.9,1
43.4,-85.9,1
43.4,-85.9,1
43.4,-85.9,1
43.4,-85.9,1
43.4,-85.9,1
43.4,-85.9,1
43.4,-85.9,1
43.4,-85.9,1
43.4,-85.9,1
43.4,-85.9,1
43.4,-85.9,1
43.4,-85.9,1
43.4,-85.9,1
43.4,-85.9,1
43.4,-85.9,1
43.4,-85.9,1
43.4,-85.9,1
43.4,-85.9,1
43.4,-85.9,1
43.4,-85.9,1
43.4,-85.9,1
43.4,-85.9,1
43.4,-85.9,1
43.4,-85.9,1
43.4,-85.9,1
43.4,-85.9,1
43.4,-85.9,1
43.4,-85.9,1
43.4,-85.9,1
43.4,-85.9,1
43.4,-85.9,1
43.4,-85.9,1
43.4,-85.9,1
43.4,-85.9,1
43.4,-85.9,1
43.4,-85.9,1
43.4,-85.9,1
43.4,-85.9,1
43.4,-85.9,1
43.4,-85.9,1
43.4,-85.9,1
43.4,-85.9,1
43.4,-85.9,1
43.4,-85.9,1
43.4,-85.9,1
43.4,-85.9,1
43.4,-85.9,1
43.4,-85.9,1
43.4,-85.9,1
43.4,-85.9,1
43.4,-85.9,1
43.4,-85.9,1
43.4,-85.9,1
43.4,-85.9,1
43.4,-85.9,1
43.4,-85.9,1
43.4,-85.9,1
43.4,-85.9,1
43.4,-85.9,1
43.4,-85.9,1
43.4,-85.9,1
43.4,-85.9,1
43.4,-85.9,1
43.4,-85.9,1
43.4,-85.9,1
43.4,-85.9,1
43.4,-85.9,1
43.4,-85.9,1
43.4,-85.9,1
43.4,-85.9,1
43.4,-85.9,1
43.4,-85.9,1
43.4,-85.9,1
43.4,-85.9,1
43.4,-85.9,1
43.4,-85.9,1
43.4,-85.9,1
43.4,-85.9,1
43.4,-85.9,1
43.4,-85.9,1
43.4,-85.9,1
43.4,-85.9,1
43.4,-85.9,1
43.4,-85.9,1
43.4,-85.9,1
43.4,-85.9,1
43.4,-85.9,1
43.4,-85.9,1
43.4,-85.9,1
43.4,-85.9,1
43.4,-85.9,1
43.4,-85.9,1
43.4,-85.9,1
43.4,-85.9,1
43.4,-85.9,1
43.4,-85.9,1
43.4,-85.9,1
43.4,-85.9,1
43.4,-85.9,1
43.4,-85.9,1
43.4,-85.9,1
43.4,-85.9,1
43.4,-85.9,1
43.4,-85.9,1
43.4,-85.9,1
43.4,-85.9,1
43.4,-85.9,1
43.4,-85.9,1
43.4,-85.9,1
43.4,-85.9,1
43.4,-85.9,1
43.4,-85.9,1
43.4,-85.9,1
43.4,-85.9,1
43.4,-85.9,1
43.4,-85.9,1
43.4,-85.9,1
43.4,-85.9,1
43.4,-85.9,1
43.4,-85.9,1
43.4,-85.9,1
43.4,-85.9,1
43.4,-85.9,1
43.4,-85.9,1
43.4,-85.9,1
43.4,-85.9,1
43.4,-85.9,1
43.4,-85.9,1
43.4,-85.9,1
43.4,-85.9,1
43.4,-85.9,1
43.4,-85.9,1
43.4,-85.9,1
43.4,-85.9,1
43.4,-85.9,1
43.4,-85.9,1
43.4,-85.9,1
43.4,-85.9,1
43.4,-85.9,1
43.4,-85.9,1
43.4,-85.9,1
43.4,-85.9,1
43.4,-85.9,1
43.4,-85.9,1
43.4,-85.9,1
43.4,-85.9,1
43.4,-85.9,1
43.4,-85.9,1
43.4,-85.9,1
43.4,-85.9,1
43.4,-85.9,1
43.4,-85.9,1
43.4,-85.9,1
43.4,-85.9,1
43.4,-85.9,1
43.4,-85.9,1
43.4,-85.9,1
43.4,-85.9,1
43.4,-85.9,1
43.4,-85.9,1
43.4,-85.9,1
43.4,-85.9,1
43.4,-85.9,1
43.4,-85.9,1
43.4,-85.9,1
43.4,-85.9,1
43.4,-85.9,1
43.4,-85.9,1
43.4,-85.9,1
43.4,-85.9,1
43.4,-85.9,1
43.4,-85.9,1
43.4,-85.9,1
43.4,-85.9,1
43.4,-85.9,1
43.4,-85.9,1
43.4,-85.9,1
43.4,-85.9,1
43.4,-85.9,1
43.4,-85.9,1
43.4,-85.9,1
43.4,-85.9,1
43.4,-85.9,1
43.4,-85.9,1
43.4,-85.9,1
43.4,-85.9,1
43.4,-85.9,1
43.4,-85.9,1
43.4,-85.9,1
43.4,-85.9,1
43.4,-85.9,1
43.4,-85.9,1
43.4,-85.9,1
43.4,-85.9,1
43.4,-85.9,1
43.4,-85.9,1
43.4,-85.9,1
43.4,-85.9,1
43.4,-85.9,1
43.4,-85.9,1
43.4,-85.9,1
43.4,-85.9,1
43.4,-85.9,1
43.4,-85.9,1
43.4,-85.9,1
43.4,-85.9,1
43.4,-85.9,1
43.4,-85.9,1
43.4,-85.9,1
43.4,-85.9,1
43.4,-85.9,1
43.4,-85.9,1
43.4,-85.9,1
43.4,-85.9,1
43.4,-85.9,1
43.4,-85.9,1
43.4,-85.9,1
43.4,-85.9,1
43.4,-85.9,1
43.4,-85.9,1
43.4,-85.9,1
43.4,-85.9,1
43.4,-85.9,1
43.4,-85.9,1
43.4,-85.9,1
43.4,-85.9,1
43.4,-85.9,1
43.4,-85.9,1
43.4,-85.9,1
43.4,-85.9,1
43.4,-85.9,1
43.4,-85.9,1
43.4,-85.9,1
43.4,-85.9,1
43.4,-85.9,1
43.4,-85.9,1
43.4,-85.9,1
43.4,-85.9,1
43.4,-85.9,1
43.4,-85.9,1
43.4,-85.9,1
43.4,-85.9,1
43.4,-85.9,1
43.4,-85.9,1
43.4,-85.9,1
43.4,-85.9,1
43.4,-85.9,1
43.4,-85.9,1
43.4,-85.9,1
43.4,-85.9,1
43.4,-85.9,1
43.4,-85.9,1
43.4,-85.9,1
43.4,-85.9,1
43.4,-85.9,1
43.4,-85.9,1
43.4,-85.9,1
43.4,-85.9,1
43.4,-85.9,1
43.4,-85.9,1
43.4,-85.9,1
43.4,-85.9,1
43.4,-85.9,1
43.4,-85.9,1
43.4,-85.9,1
43.4,-85.9,1
43.4,-85.9,1
43.4,-85.9,1
43.4,-85.9,1
43.4,-85.9,1
43.4,-85.9,1
43.4,-85.9,1
43.4,-85.9,1
43.4,-85.9,1
43.4,-85.9,1
43.4,-85.9,1
43.4,-85.9,1
43.4,-85.9,1
43.4,-85.9,1
43.4,-85.9,1
43.4,-85.9,1
43.4,-85.9,1
43.4,-85.9,1
43.4,-85.9,1
43.4,-85.9,1
43.4,-85.9,1
43.4,-85.9,1
43.4,-85.9,1
43.4,-85.9,1
43.4,-85.9,1
43.4,-85.9,1
43.4,-85.9,1
43.4,-85.9,1
43.4,-85.9,1
43.4,-85.9,1
43.4,-85.9,1
43.4,-85.9,1
43.4,-85.9,1
43.4,-85.9,1
43.4,-85.9,1
43.4,-85.9,1
43.4,-85.9,1
43.4,-85.9,1
43.4,-85.9,1
43.4,-85.9,1
43.4,-85.9,1
43.4,-85.9,1
43.4,-85.9,1
43.4,-85.9,1
43.4,-85.9,1
43.4,-85.9,1
43.4,-85.9,1
43.4,-85.9,1
43.4,-85.9,1
43.4,-85.9,1
43.4,-85.9,1
43.4,-85.9,1
43.4,-85.9,1
43.4,-85.9,1
43.4,-85.9,1
43.4,-85.9,1
43.4,-85.9,1
43.4,-85.9,1
43.4,-85.9,1
43.4,-85.9,1
43.4,-85.9,1
43.4,-85.9,1
43.4,-85.9,1
43.4,-85.9,1
43.4,-85.9,1
43.4,-85.9,1
43.4,-85.9,1
43.4,-85.9,1
43.4,-85.9,1
43.4,-85.9,1
43.4,-85.9,1
43.4,-85.9,1
43.4,-85.9,1
43.4,-85.9,1
43.4,-85.9,1
43.4,-85.9,1
43.4,-85.9,1
43.4,-85.9,1
43.4,-85.9,1
43.4,-85.9,1
43.4,-85.9,1
43.4,-85.9,1
43.4,-85.9,1
43.4,-85.9,1
43.4,-85.9,1
43.4,-85.9,1
43.4,-85.9,1
43.4,-85.9,1
43.4,-85.9,1
43.4,-85.9,1
43.4,-85.9,1
43.4,-85.9,1
43.4,-85.9,1
43.4,-85.9,1
43.4,-85.9,1
43.4,-85.9,1
43.4,-85.9,1
43.4,-85.9,1
43.4,-85.9,1
43.4,-85.9,1
43.4,-85.9,1
43.4,-85.9,1
43.4,-85.9,1
43.4,-85.9,1
43.4,-85.9,1
43.4,-85.9,1
43.4,-85.9,1
43.4,-85.9,1
43.4,-85.9,1
43.4,-85.9,1
43.4,-85.9,1
43.4,-85.9,1
43.4,-85.9,1
43.4,-85.9,1
43.4,-85.9,1
43.4,-85.9,1
43.4,-85.9,1
43.4,-85.9,1
43.4,-85.9,1
43.4,-85.9,1
43.4,-85.9,1
43.4,-85.9,1
43.4,-85.9,1
43.4,-85.9,1
43.4,-85.9,1
43.4,-85.9,1
43.4,-85.9,1
43.4,-85.9,1
43.4,-85.9,1
43.4,-85.9,1
43.4,-85.9,1
43.4,-85.9,1
43.4,-85.9,1
43.4,-85.9,1
43.4,-85.9,1
43.4,-85.9,1
43.4,-85.9,1
43.4,-85.9,1
43.4,-85.9,1
43.4,-85.9,1
43.4,-85.9,1
43.4,-85.9,1
43.4,-85.9,1
43.4,-85.9,1
43.4,-85.9,1
43.4,-85.9,1
43.4,-85.9,1
43.4,-85.9,1
43.4,-85.9,1
43.4,-85.9,1
43.4,-85.9,1
43.4,-85.9,1
43.4,-85.9,1
43.4,-85.9,1
43.4,-85.9,1
43.4,-85.9,1
43.4,-85.9,1
43.4,-85.9,1
43.4,-85.9,1
43.4,-85.9,1
43.4,-85.9,1
43.4,-85.9,1
43.4,-85.9,1
43.4,-85.9,1
43.4,-85.9,1
43.4,-85.9,1
43.4,-85.9,1
43.4,-85.9,1
43.4,-85.9,1
43.4,-85.9,1
43.4,-85.9,1
43.4,-85.9,1
43.4,-85.9,1
43.4,-85.9,1
43.4,-85.9,1
43.4,-85.9,1
43.4,-85.9,1
43.4,-85.9,1
43.4,-85.9,1
43.4,-85.9,1
43.4,-85.9,1
43.4,-85.9,1
43.4,-85.9,1
43.4,-85.9,1
43.4,-85.9,1
43.4,-85.9,1
43.4,-85.9,1
43.4,-85.9,1
43.4,-85.9,1
43.4,-85.9,1
43.4,-85.9,1
43.4,-85.9,1
43.4,-85.9,1
43.4,-85.9,1
43.4,-85.9,1
43.4,-85.9,1
43.4,-85.9,1
43.4,-85.9,1
43.4,-85.9,1
43.4,-85.9,1
43.4,-85.9,1
43.4,-85.9,1
43.4,-85.9,1
43.4,-85.9,1
43.4,-85.9,1
43.4,-85.9,1
43.4,-85.9,1
43.4,-85.9,1
43.4,-85.9,1
43.4,-85.9,1
43.4,-85.9,1
43.4,-85.9,1
43.4,-85.9,1
43.4,-85.9,1
43.4,-85.9,1
43.4,-85.9,1
43.4,-85.9,1
43.4,-85.9,1
43.4,-85.9,1
43.4,-85.9,1
43.4,-85.9,1
43.4,-85.9,1
43.4,-85.9,1
43.4,-85.9,1
43.4,-85.9,1
43.4,-85.9,1
43.4,-85.9,1
43.4,-85.9,1
43.4,-85.9,1
43.4,-85.9,1
43.4,-85.9,1
43.4,-85.9,1
43.4,-85.9,1
43.4,-85.9,1
43.4,-85.9,1
43.4,-85.9,1
43.4,-85.9,1
43.4,-85.9,1
43.4,-85.9,1
43.4,-85.9,1
43.4,-85.9,1
43.4,-85.9,1
43.4,-85.9,1
43.4,-85.9,1
43.4,-85.9,1
43.4,-85.9,1
43.4,-85.9,1
43.4,-85.9,1
43.4,-85.9,1
43.4,-85.9,1
43.4,-85.9,1
43.4,-85.9,1
43.4,-85.9,1
43.4,-85.9,1
43.4,-85.9,1
43.4,-85.9,1
43.4,-85.9,1
43.4,-85.9,1
43.4,-85.9,1
43.4,-85.9,1
43.4,-85.9,1
43.4,-85.9,1
43.4,-85.9,1
43.4,-85.9,1
43.4,-85.9,1
43.4,-85.9,1
43.4,-85.9,1
43.4,-85.9,1
43.4,-85.9,1
43.4,-85.9,1
43.4,-85.9,1
43.4,-85.9,1
43.4,-85.9,1
43.4,-85.9,1
43.4,-85.9,1
43.4,-85.9,1
43.4,-85.9,1
43.4,-85.9,1
43.4,-85.9,1
43.4,-85.9,1
43.4,-85.9,1
43.4,-85.9,1
43.4,-85.9,1
43.4,-85.9,1
43.4,-85.9,1
43.4,-85.9,1
43.4,-85.9,1
43.4,-85.9,1
43.4,-85.9,1
43.4,-85.9,1
43.4,-85.9,1
43.4,-85.9,1
43.4,-85.9,1
43.4,-85.9,1
43.4,-85.9,1
43.4,-85.9,1
43.4,-85.9,1
43.4,-85.9,1
43.4,-85.9,1
43.4,-85.9,1
43.4,-85.9,1
43.4,-85.9,1
43.4,-85.9,1
43.4,-85.9,1
43.4,-85.9,1
43.4,-85.9,1
43.4,-85.9,1
43.4,-85.9,1
43.4,-85.9,1
43.4,-85.9,1
43.4,-85.9,1
43.4,-85.9,1
43.4,-85.9,1
43.4,-85.9,1
43.4,-85.9,1
43.4,-85.9,1
43.4,-85.9,1
43.4,-85.9,1
43.4,-85.9,1
43.4,-85.9,1
43.4,-85.9,1
43.4,-85.9,1
43.4,-85.9,1
43.4,-85.9,1
43.4,-85.9,1
43.4,-85.9,1
43.4,-85.9,1
43.4,-85.9,1
43.4,-85.9,1
43.4,-85.9,1
43.4,-85.9,1
43.4,-85.9,1
43.4,-85.9,1
43.4,-85.9,1
43.4,-85.9,1
43.4,-85.9,1
43.4,-85.9,1
43.4,-85.9,1
43.4,-85.9,1
43.4,-85.9,1
43.4,-85.9,1
43.4,-85.9,1
43.4,-85.9,1
43.4,-85.9,1
43.4,-85.9,1
43.4,-85.9,1
43.4,-85.9,1
43.4,-85.9,1
43.4,-85.9,1
43.4,-85.9,1
43.4,-85.9,1
43.4,-85.9,1
43.4,-85.9,1
43.4,-85.9,1
43.4,-85.9,1
43.4,-85.9,1
43.4,-85.9,1
43.4,-85.9,1
43.4,-85.9,1
43.4,-85.9,1
43.4,-85.9,1
43.4,-85.9,1
43.4,-85.9,1
43.4,-85.9,1
43.4,-85.9,1
43.4,-85.9,1
43.4,-85.9,1
43.4,-85.9,1
43.4,-85.9,1
43.4,-85.9,1
43.4,-85.9,1
43.4,-85.9,1
43.4,-85.9,1
43.4,-85.9,1
43.4,-85.9,1
43.4,-85.9,1
43.4,-85.9,1
43.4,-85.9,1
43.4,-85.9,1
43.4,-85.9,1
43.4,-85.9,1
43.4,-85.9,1
43.4,-85.9,1
43.4,-85.9,1
43.4,-85.9,1
43.4,-85.9,1
43.4,-85.9,1
43.4,-85.9,1
43.4,-85.9,1
43.4,-85.9,1
43.4,-85.9,1
43.4,-85.9,1
43.4,-85.9,1
43.4,-85.9,1
43.4,-85.9,1
43.4,-85.9,1
43.4,-85.9,1
43.4,-85.9,1
43.4,-85.9,1
43.4,-85.9,1
43.4,-85.9,1
43.4,-85.9,1
43.4,-85.9,1
43.4,-85.9,1
43.4,-85.9,1
43.4,-85.9,1
43.4,-85.9,1
43.4,-85.9,1
43.4,-85.9,1
43.4,-85.9,1
43.4,-85.9,1
43.4,-85.9,1
43.4,-85.9,1
43.4,-85.9,1
43.4,-85.9,1
43.4,-85.9,1
43.4,-85.9,1
43.4,-85.9,1
43.4,-85.9,1
43.4,-85.9,1
43.4,-85.9,1
43.4,-85.9,1
43.4,-85.9,1
43.4,-85.9,1
43.4,-85.9,1
43.4,-85.9,1
43.4,-85.9,1
43.4,-85.9,1
43.4,-85.9,1
43.4,-85.9,1
43.4,-85.9,1
43.4,-85.9,1
43.4,-85.9,1
43.4,-85.9,1
43.4,-85.9,1
43.4,-85.9,1
43.4,-85.9,1
43.4,-85.9,1
43.4,-85.9,1
43.4,-85.9,1
43.4,-85.9,1
43.4,-85.9,1
43.4,-85.9,1
43.4,-85.9,1
43.4,-85.9,1
43.4,-85.9,1
43.4,-85.9,1
43.4,-85.9,1
43.4,-85.9,1
43.4,-85.9,1
43.4,-85.9,1
43.4,-85.9,1
43.4,-85.9,1
43.4,-85.9,1
43.4,-85.9,1
43.4,-85.9,1
43.4,-85.9,1
43.4,-85.9,1
43.4,-85.9,1
43.4,-85.9,1
43.4,-85.9,1
43.4,-85.9,1
43.4,-85.9,1
43.4,-85.9,1
43.4,-85.9,1
43.4,-85.9,1
43.4,-85.9,1
43.4,-85.9,1
43.4,-85.9,1
43.4,-85.9,1
43.4,-85.9,1
43.4,-85.9,1
43.4,-85.9,1
43.4,-85.9,1
43.4,-85.9,1
43.4,-85.9,1
43.4,-85.9,1
43.4,-85.9,1
43.4,-85.9,1
43.4,-85.9,1
43.4,-85.9,1
43.4,-85.9,1
43.4,-85.9,1
43.4,-85.9,1
43.4,-85.9,1
43.4,-85.9,1
43.4,-85.9,1
43.4,-85.9,1
43.4,-85.9,1
43.4,-85.9,1
43.4,-85.9,1
43.4,-85.9,1
43.4,-85.9,1
43.4,-85.9,1
43.4,-85.9,1
43.4,-85.9,1
43.4,-85.9,1
43.4,-85.9,1
43.4,-85.9,1
43.4,-85.9,1
43.4,-85.9,1
43.4,-85.9,1
43.4,-85.9,1
43.4,-85.9,1
43.4,-85.9,1
43.4,-85.9,1
43.4,-85.9,1
43.4,-85.9,1
43.4,-85.9,1
43.4,-85.9,1
43.4,-85.9,1
43.4,-85.9,1
43.4,-85.9,1
43.4,-85.9,1
43.4,-85.9,1
43.4,-85.9,1
43.4,-85.9,1
43.4,-85.9,1
43.4,-85.9,1
43.4,-85.9,1
43.4,-85.9,1
43.4,-85.9,1
43.4,-85.9,1
43.4,-85.9,1
43.4,-85.9,1
43.4,-85.9,1
43.4,-85.9,1
43.4,-85.9,1
43.4,-85.9,1
43.4,-85.9,1
43.4,-85.9,1
43.4,-85.9,1
43.4,-85.9,1
43.4,-85.9,1
43.4,-85.9,1
43.4,-85.9,1
43.4,-85.9,1
43.4,-85.9,1
43.4,-85.9,1
43.4,-85.9,1
43.4,-85.9,1
43.4,-85.9,1
43.4,-85.9,1
43.4,-85.9,1
43.4,-85.9,1
43.4,-85.9,1
43.4,-85.9,1
43.4,-85.9,1
43.4,-85.9,1
43.4,-85.9,1
43.4,-85.9,1
43.4,-85.9,1
43.4,-85.9,1
43.4,-85.9,1
43.4,-85.9,1
43.4,-85.9,1
43.4,-85.9,1
43.4,-85.9,1
43.4,-85.9,1
43.4,-85.9,1
43.4,-85.9,1
43.4,-85.9,1
43.4,-85.9,1
43.4,-85.9,1
43.4,-85.9,1
43.4,-85.9,1
43.4,-85.9,1
43.4,-85.9,1
43.4,-85.9,1
43.4,-85.9,1
43.4,-85.9,1
43.4,-85.9,1
43.4,-85.9,1
43.4,-85.9,1
43.4,-85.9,1
43.4,-85.9,1
43.4,-85.9,1
43.4,-85.9,1
43.4,-85.9,1
43.4,-85.9,1
43.4,-85.9,1
43.4,-85.9,1
43.4,-85.9,1
43.4,-85.9,1
43.4,-85.9,1
43.4,-85.9,1
43.4,-85.9,1
43.4,-85.9,1
43.4,-85.9,1
43.4,-85.9,1
43.4,-85.9,1
43.4,-85.9,1
43.4,-85.9,1
43.4,-85.9,1
43.4,-85.9,1
43.4,-85.9,1
43.4,-85.9,1
43.4,-85.9,1
43.4,-85.9,1
43.4,-85.9,1
43.4,-85.9,1
43.4,-85.9,1
43.4,-85.9,1
43.4,-85.9,1
43.4,-85.9,1
43.4,-85.9,1
43.4,-85.9,1
43.4,-85.9,1
43.4,-85.9,1
43.4,-85.9,1
43.4,-85.9,1
43.4,-85.9,1
43.4,-85.9,1
43.4,-85.9,1
43.4,-85.9,1
43.4,-85.9,1
43.4,-85.9,1
43.4,-85.9,1
43.4,-85.9,1
43.4,-85.9,1
43.4,-85.9,1
43.4,-85.9,1
43.4,-85.9,1
43.4,-85.9,1
43.4,-85.9,1
43.4,-85.9,1
43.4,-85.9,1
43.4,-85.9,1
43.4,-85.9,1
43.4,-85.9,1
43.4,-85.9,1
43.4,-85.9,1
43.4,-85.9,1
43.4,-85.9,1
43.4,-85.9,1
43.4,-85.9,1
43.4,-85.9,1
43.4,-85.9,1
43.4,-85.9,1
43.4,-85.9,1
43.4,-85.9,1
43.4,-85.9,1
43.4,-85.9,1
43.4,-85.9,1
43.4,-85.9,1
43.4,-85.9,1
43.4,-85.9,1
43.4,-85.9,1
43.4,-85.9,1
43.4,-85.9,1
43.4,-85.9,1
43.4,-85.9,1
43.4,-85.9,1
43.4,-85.9,1
43.4,-85.9,1
43.4,-85.9,1
43.4,-85.9,1
43.4,-85.9,1
43.4,-85.9,1
43.4,-85.9,1
43.4,-85.9,1
43.4,-85.9,1
43.4,-85.9,1
43.4,-85.9,1
43.4,-85.9,1
43.4,-85.9,1
43.4,-85.9,1
43.4,-85.9,1
43.4,-85.9,1
43.4,-85.9,1
43.4,-85.9,1
43.4,-85.9,1
43.4,-85.9,1
43.4,-85.9,1
43.4,-85.9,1
43.4,-85.9,1
43.4,-85.9,1
43.4,-85.9,1
43.4,-85.9,1
43.4,-85.9,1
43.4,-85.9,1
43.4,-85.9,1
43.4,-85.9,1
43.4,-85.9,1
43.4,-85.9,1
43.4,-85.9,1
43.4,-85.9,1
43.4,-85.9,1
43.4,-85.9,1
43.4,-85.9,1
43.4,-85.9,1
43.4,-85.9,1
43.4,-85.9,1
43.4,-85.9,1
43.4,-85.9,1
43.4,-85.9,1
43.4,-85.9,1
43.4,-85.9,1
43.4,-85.9,1
43.4,-85.9,1
43.4,-85.9,1
43.4,-85.9,1
43.4,-85.9,1
43.4,-85.9,1
43.4,-85.9,1
43.4,-85.9,1
43.4,-85.9,1
43.4,-85.9,1
43.4,-85.9,1
43.4,-85.9,1
43.4,-85.9,1
43.4,-85.9,1
43.4,-85.9,1
43.4,-85.9,1
43.4,-85.9,1
43.4,-85.9,1
43.4,-85.9,1
43.4,-85.9,1
43.4,-85.9,1
43.4,-85.9,1
43.4,-85.9,1
43.4,-85.9,1
43.4,-85.9,1
43.4,-85.9,1
43.4,-85.9,1
43.4,-85.9,1
43.4,-85.9,1
43.4,-85.9,1
43.4,-85.9,1
43.4,-85.9,1
43.4,-85.9,1
43.4,-85.9,1
43.4,-85.9,1
43.4,-85.9,1
43.4,-85.9,1
43.4,-85.9,1
43.4,-85.9,1
43.4,-85.9,1
43.4,-85.9,1
43.4,-85.9,1
43.4,-85.9,1
43.4,-85.9,1
43.4,-85.9,1
43.4,-85.9,1
43.4,-85.9,1
43.4,-85.9,1
43.4,-85.9,1
43.4,-85.9,1
43.4,-85.9,1
43.4,-85.9,1
43.4,-85.9,1
43.4,-85.9,1
43.4,-85.9,1
43.4,-85.9,1
43.4,-85.9,1
43.4,-85.9,1
43.4,-85.9,1
43.4,-85.9,1
43.4,-85.9,1
43.4,-85.9,1
43.4,-85.9,1
43.4,-85.9,1
43.4,-85.9,1
43.4,-85.9,1
43.4,-85.9,1
43.4,-85.9,1
43.4,-85.9,1
43.4,-85.9,1
43.4,-85.9,1
43.4,-85.9,1
43.4,-85.9,1
43.4,-85.9,1
43.4,-85.9,1
43.4,-85.9,1
43.4,-85.9,1
43.4,-85.9,1
43.4,-85.9,1
43.4,-85.9,1
43.4,-85.9,1
43.4,-85.9,1
43.4,-85.9,1
43.4,-85.9,1
43.4,-85.9,1
43.4,-85.9,1
43.4,-85.9,1
43.4,-85.9,1
43.4,-85.9,1
43.4,-85.9,1
43.4,-85.9,1
43.4,-85.9,1
43.4,-85.9,1
43.4,-85.9,1
43.4,-85.9,1
43.4,-85.9,1
43.4,-85.9,1
43.4,-85.9,1
43.4,-85.9,1
43.4,-85.9,1
43.4,-85.9,1
43.4,-85.9,1
43.4,-85.9,1
43.4,-85.9,1
43.4,-85.9,1
43.4,-85.9,1
43.4,-85.9,1
43.4,-85.9,1
43.4,-85.9,1
43.4,-85.9,1
43.4,-85.9,1
43.4,-85.9,1
43.4,-85.9,1
43.4,-85.9,1
43.4,-85.9,1
43.4,-85.9,1
43.4,-85.9,1
43.4,-85.9,1
43.4,-85.9,1
43.4,-85.9,1
43.4,-85.9,1
43.4,-85.9,1
43.4,-85.9,1
43.4,-85.9,1
43.4,-85.9,1
43.4,-85.9,1
43.4,-85.9,1
43.4,-85.9,1
43.4,-85.9,1
43.4,-85.9,1
43.4,-85.9,1
43.4,-85.9,1
43.4,-85.9,1
43.4,-85.9,1
43.4,-85.9,1
43.4,-85.9,1
43.4,-85.9,1
43.4,-85.9,1
43.4,-85.9,1
43.4,-85.9,1
43.4,-85.9,1
43.4,-85.9,1
43.4,-85.9,1
43.4,-85.9,1
43.4,-85.9,1
43.4,-85.9,1
43.4,-85.9,1
43.4,-85.9,1
43.4,-85.9,1
43.4,-85.9,1
43.4,-85.9,1
43.4,-85.9,1
43.4,-85.9,1
43.4,-85.9,1
43.4,-85.9,1
43.4,-85.9,1
43.4,-85.9,1
43.4,-85.9,1
43.4,-85.9,1
43.4,-85.9,1
43.4,-85.9,1
43.4,-85.9,1
43.4,-85.9,1
43.4,-85.9,1
43.4,-85.9,1
43.4,-85.9,1
43.4,-85.9,1
43.4,-85.9,1
43.4,-85.9,1
43.4,-85.9,1
43.4,-85.9,1
43.4,-85.9,1
43.4,-85.9,1
43.4,-85.9,1
43.4,-85.9,1
43.4,-85.9,1
43.4,-85.9,1
43.4,-85.9,1
43.4,-85.9,1
43.4,-85.9,1
43.4,-85.9,1
43.4,-85.9,1
43.4,-85.9,1
43.4,-85.9,1
43.4,-85.9,1
43.4,-85.9,1
43.4,-85.9,1
43.4,-85.9,1
43.4,-85.9,1
43.4,-85.9,1
43.4,-85.9,1
43.4,-85.9,1
43.4,-85.9,1
43.4,-85.9,1
43.4,-85.9,1
43.4,-85.9,1
43.4,-85.9,1
43.4,-85.9,1
43.4,-85.9,1
43.4,-85.9,1
43.4,-85.9,1
43.4,-85.9,1
43.4,-85.9,1
43.4,-85.9,1
43.4,-85.9,1
43.4,-85.9,1
43.4,-85.9,1
43.4,-85.9,1
43.4,-85.9,1
43.4,-85.9,1
43.4,-85.9,1
43.4,-85.9,1
43.4,-85.9,1
43.4,-85.9,1
43.4,-85.9,1
43.4,-85.9,1
43.4,-85.9,1
43.4,-85.9,1
43.4,-85.9,1
43.4,-85.9,1
43.4,-85.9,1
43.4,-85.9,1
43.4,-85.9,1
43.4,-85.9,1
43.4,-85.9,1
43.4,-85.9,1
43.4,-85.9,1
43.4,-85.9,1
43.4,-85.9,1
43.4,-85.9,1
43.4,-85.9,1
43.4,-85.9,1
43.4,-85.9,1
43.4,-85.9,1
43.4,-85.9,1
43.4,-85.9,1
43.4,-85.9,1
43.4,-85.9,1
43.4,-85.9,1
43.4,-85.9,1
43.4,-85.9,1
43.4,-85.9,1
43.4,-85.9,1
43.4,-85.9,1
43.4,-85.9,1
43.4,-85.9,1
43.4,-85.9,1
43.4,-85.9,1
43.4,-85.9,1
43.4,-85.9,1
43.4,-85.9,1
43.4,-85.9,1
43.4,-85.9,1
43.4,-85.9,1
43.4,-85.9,1
43.4,-85.9,1
43.4,-85.9,1
43.4,-85.9,1
43.4,-85.9,1
43.4,-85.9,1
43.4,-85.9,1
43.4,-85.9,1
43.4,-85.9,1
43.4,-85.9,1
43.4,-85.9,1
43.4,-85.9,1
43.4,-85.9,1
43.4,-85.9,1
43.4,-85.9,1
43.4,-85.9,1
43.4,-85.9,1
43.4,-85.9,1
43.4,-85.9,1
43.4,-85.9,1
43.4,-85.9,1
43.4,-85.9,1
43.4,-85.9,1
43.4,-85.9,1
43.4,-85.9,1
43.4,-85.9,1
43.4,-85.9,1
43.4,-85.9,1
43.4,-85.9,1
43.4,-85.9,1
43.4,-85.9,1
43.4,-85.9,1
43.4,-85.9,1
43.4,-85.9,1
43.4,-85.9,1
43.4,-85.9,1
43.4,-85.9,1
43.4,-85.9,1
43.4,-85.9,1
43.4,-85.9,1
43.4,-85.9,1
43.4,-85.9,1
43.4,-85.9,1
43.4,-85.9,1
43.4,-85.9,1
43.4,-85.9,1
43.4,-85.9,1
43.4,-85.9,1
43.4,-85.9,1
43.4,-85.9,1
43.4,-85.9,1
43.4,-85.9,1
43.4,-85.9,1
43.4,-85.9,1
43.4,-85.9,1
43.4,-85.9,1
43.4,-85.9,1
43.4,-85.9,1
43.4,-85.9,1
43.4,-85.9,1
43.4,-85.9,1
43.4,-85.9,1
43.4,-85.9,1
43.4,-85.9,1
43.4,-85.9,1
43.4,-85.9,1
43.4,-85.9,1
43.4,-85.9,1
43.4,-85.9,1
43.4,-85.9,1
43.4,-85.9,1
43.4,-85.9,1
43.4,-85.9,1
43.4,-85.9,1
43.4,-85.9,1
43.4,-85.9,1
43.4,-85.9,1
43.4,-85.9,1
43.4,-85.9,1
43.4,-85.9,1
43.4,-85.9,1
43.4,-85.9,1
43.4,-85.9,1
43.4,-85.9,1
43.4,-85.9,1
43.4,-85.9,1
43.4,-85.9,1
43.4,-85.9,1
43.4,-85.9,1
43.4,-85.9,1
43.4,-85.9,1
43.4,-85.9,1
43.4,-85.9,1
43.4,-85.9,1
43.4,-85.9,1
43.4,-85.9,1
43.4,-85.9,1
43.4,-85.9,1
43.4,-85.9,1
43.4,-85.9,1
43.4,-85.9,1
43.4,-85.9,1
43.4,-85.9,1
43.4,-85.9,1
43.4,-85.9,1
43.4,-85.9,1
43.4,-85.9,1
43.4,-85.9,1
43.4,-85.9,1
43.4,-85.9,1
43.4,-85.9,1
43.4,-85.9,1
43.4,-85.9,1
43.4,-85.9,1
43.4,-85.9,1
43.4,-85.9,1
43.4,-85.9,1
43.4,-85.9,1
43.4,-85.9,1
43.4,-85.9,1
43.4,-85.9,1
43.4,-85.9,1
43.4,-85.9,1
43.4,-85.9,1
43.4,-85.9,1
43.4,-85.9,1
43.4,-85.9,1
43.4,-85.9,1
43.4,-85.9,1
43.4,-85.9,1
43.4,-85.9,1
43.4,-85.9,1
43.4,-85.9,1
43.4,-85.9,1
43.4,-85.9,1
43.4,-85.9,1
43.4,-85.9,1
43.4,-85.9,1
43.4,-85.9,1
43.4,-85.9,1
43.4,-85.9,1
43.4,-85.9,1
43.4,-85.9,1
43.4,-85.9,1
43.4,-85.9,1
43.4,-85.9,1
43.4,-85.9,1
43.4,-85.9,1
43.4,-85.9,1
43.4,-85.9,1
43.4,-85.9,1
43.4,-85.9,1
43.4,-85.9,1
43.4,-85.9,1
43.4,-85.9,1
43.4,-85.9,1
43.4,-85.9,1
43.4,-85.9,1
43.4,-85.9,1
43.4,-85.9,1
43.4,-85.9,1
43.4,-85.9,1
43.4,-85.9,1
43.4,-85.9,1
43.4,-85.9,1
43.4,-85.9,1
43.4,-85.9,1
43.4,-85.9,1
43.4,-85.9,1
43.4,-85.9,1
43.4,-85.9,1
43.4,-85.9,1
43.4,-85.9,1
43.4,-85.9,1
43.4,-85.9,1
43.4,-85.9,1
43.4,-85.9,1
43.4,-85.9,1
43.4,-85.9,1
43.4,-85.9,1
43.4,-85.9,1
43.4,-85.9,1
43.4,-85.9,1
43.4,-85.9,1
43.4,-85.9,1
43.4,-85.9,1
43.4,-85.9,1
43.4,-85.9,1
43.4,-85.9,1
43.4,-85.9,1
43.4,-85.9,1
43.4,-85.9,1
43.4,-85.9,1
43.4,-85.9,1
43.4,-85.9,1
43.4,-85.9,1
43.4,-85.9,1
43.4,-85.9,1
43.4,-85.9,1
43.4,-85.9,1
43.4,-85.9,1
43.4,-85.9,1
43.4,-85.9,1
43.4,-85.9,1
43.4,-85.9,1
43.4,-85.9,1
43.4,-85.9,1
43.4,-85.9,1
43.4,-85.9,1
43.4,-85.9,1
43.4,-85.9,1
43.4,-85.9,1
43.4,-85.9,1
43.4,-85.9,1
43.4,-85.9,1
43.4,-85.9,1
43.4,-85.9,1
43.4,-85.9,1
43.4,-85.9,1
43.4,-85.9,1
43.4,-85.9,1
43.4,-85.9,1
43.4,-85.9,1
43.4,-85.9,1
43.4,-85.9,1
43.4,-85.9,1
43.4,-85.9,1
43.4,-85.9,1
43.4,-85.9,1
43.4,-85.9,1
43.4,-85.9,1
43.4,-85.9,1
43.4,-85.9,1
43.4,-85.9,1
43.4,-85.9,1
43.4,-85.9,1
43.4,-85.9,1
43.4,-85.9,1
43.4,-85.9,1
43.4,-85.9,1
43.4,-85.9,1
43.4,-85.9,1
43.4,-85.9,1
43.4,-85.9,1
43.4,-85.9,1
43.4,-85.9,1
43.4,-85.9,1
43.4,-85.9,1
43.4,-85.9,1
43.4,-85.9,1
43.4,-85.9,1
43.4,-85.9,1
43.4,-85.9,1
43.4,-85.9,1
43.4,-85.9,1
43.4,-85.9,1
43.4,-85.9,1
43.4,-85.9,1
43.4,-85.9,1
43.4,-85.9,1
43.4,-85.9,1
43.4,-85.9,1
43.4,-85.9,1
43.4,-85.9,1
43.4,-85.9,1
43.4,-85.9,1
43.4,-85.9,1
43.4,-85.9,1
43.4,-85.9,1
43.4,-85.9,1
43.4,-85.9,1
43.4,-85.9,1
43.4,-85.9,1
43.4,-85.9,1
43.4,-85.9,1
43.4,-85.9,1
43.4,-85.9,1
43.4,-85.9,1
43.4,-85.9,1
43.4,-85.9,1
43.4,-85.9,1
43.4,-85.9,1
43.4,-85.9,1
43.4,-85.9,1
43.4,-85.9,1
43.4,-85.9,1
43.4,-85.9,1
43.4,-85.9,1
43.4,-85.9,1
43.4,-85.9,1
43.4,-85.9,1
43.4,-85.9,1
43.4,-85.9,1
43.4,-85.9,1
43.4,-85.9,1
43.4,-85.9,1
43.4,-85.9,1
43.4,-85.9,1
43.4,-85.9,1
43.4,-85.9,1
43.4,-85.9,1
43.4,-85.9,1
43.4,-85.9,1
43.4,-85.9,1
43.4,-85.9,1
43.4,-85.9,1
43.4,-85.9,1
43.4,-85.9,1
43.4,-85.9,1
43.4,-85.9,1
43.4,-85.9,1
43.4,-85.9,1
43.4,-85.9,1
43.4,-85.9,1
43.4,-85.9,1
43.4,-85.9,1
43.4,-85.9,1
43.4,-85.9,1
43.4,-85.9,1
43.4,-85.9,1
43.4,-85.9,1
43.4,-85.9,1
43.4,-85.9,1
43.4,-85.9,1
43.4,-85.9,1
43.4,-85.9,1
43.4,-85.9,1
43.4,-85.9,1
43.4,-85.9,1
43.4,-85.9,1
43.4,-85.9,1
43.4,-85.9,1
43.4,-85.9,1
43.4,-85.9,1
43.4,-85.9,1
43.4,-85.9,1
43.4,-85.9,1
43.4,-85.9,1
43.4,-85.9,1
43.4,-85.9,1
43.4,-85.9,1
43.4,-85.9,1
43.4,-85.9,1
43.4,-85.9,1
43.4,-85.9,1
43.4,-85.9,1
43.4,-85.9,1
43.4,-85.9,1
43.4,-85.9,1
43.4,-85.9,1
43.4,-85.9,1
43.4,-85.9,1
43.4,-85.9,1
43.4,-85.9,1
43.4,-85.9,1
43.4,-85.9,1
43.4,-85.9,1
43.4,-85.9,1
43.4,-85.9,1
43.4,-85.9,1
43.4,-85.9,1
43.4,-85.9,1
43.4,-85.9,1
43.4,-85.9,1
43.4,-85.9,1
43.4,-85.9,1
43.4,-85.9,1
43.4,-85.9,1
43.4,-85.9,1
43.4,-85.9,1
43.4,-85.9,1
43.4,-85.9,1
43.4,-85.9,1
43.4,-85.9,1
43.4,-85.9,1
43.4,-85.9,1
43.4,-85.9,1
43.4,-85.9,1
43.4,-85.9,1
43.4,-85.9,1
43.4,-85.9,1
43.4,-85.9,1
43.4,-85.9,1
43.4,-85.9,1
43.4,-85.9,1
43.4,-85.9,1
43.4,-85.9,1
43.4,-85.9,1
43.4,-85.9,1
43.4,-85.9,1
43.4,-85.9,1
43.4,-85.9,1
43.4,-85.9,1
43.4,-85.9,1
43.4,-85.9,1
43.4,-85.9,1
43.4,-85.9,1
43.4,-85.9,1
43.4,-85.9,1
43.4,-85.9,1
43.4,-85.9,1
43.4,-85.9,1
43.4,-85.9,1
43.4,-85.9,1
43.4,-85.9,1
43.4,-85.9,1
43.4,-85.9,1
43.4,-85.9,1
43.4,-85.9,1
43.4,-85.9,1
43.4,-85.9,1
43.4,-85.9,1
43.4,-85.9,1
43.4,-85.9,1
43.4,-85.9,1
43.4,-85.9,1
43.4,-85.9,1
43.4,-85.9,1
43.4,-85.9,1
43.4,-85.9,1
43.4,-85.9,1
43.4,-85.9,1
43.4,-85.9,1
43.4,-85.9,1
43.4,-85.9,1
43.4,-85.9,1
43.4,-85.9,1
43.4,-85.9,1
43.4,-85.9,1
43.4,-85.9,1
43.4,-85.9,1
43.4,-85.9,1
43.4,-85.9,1
43.4,-85.9,1
43.4,-85.9,1
43.4,-85.9,1
43.4,-85.9,1
43.4,-85.9,1
43.4,-85.9,1
43.4,-85.9,1
43.4,-85.9,1
43.4,-85.9,1
43.4,-85.9,1
43.4,-85.9,1
43.4,-85.9,1
43.4,-85.9,1
43.4,-85.9,1
43.4,-85.9,1
43.4,-85.9,1
43.4,-85.9,1
43.4,-85.9,1
43.4,-85.9,1
43.4,-85.9,1
43.4,-85.9,1
43.4,-85.9,1
43.4,-85.9,1
43.4,-85.9,1
43.4,-85.9,1
43.4,-85.9,1
43.4,-85.9,1
43.4,-85.9,1
43.4,-85.9,1
43.4,-85.9,1
43.4,-85.9,1
43.4,-85.9,1
43.4,-85.9,1
43.4,-85.9,1
43.4,-85.9,1
43.4,-85.9,1
43.4,-85.9,1
43.4,-85.9,1
43.4,-85.9,1
43.4,-85.9,1
43.4,-85.9,1
43.4,-85.9,1
43.4,-85.9,1
43.4,-85.9,1
43.4,-85.9,1
43.4,-85.9,1
43.4,-85.9,1
43.4,-85.9,1
43.4,-85.9,1
43.4,-85.9,1
43.4,-85.9,1
43.4,-85.9,1
43.4,-85.9,1
43.4,-85.9,1
43.4,-85.9,1
43.4,-85.9,1
43.4,-85.9,1
43.4,-85.9,1
43.4,-85.9,1
43.4,-85.9,1
43.4,-85.9,1
43.4,-85.9,1
43.4,-85.9,1
43.4,-85.9,1
43.4,-85.9,1
43.4,-85.9,1
43.4,-85.9,1
43.4,-85.9,1
43.4,-85.9,1
43.4,-85.9,1
43.4,-85.9,1
43.4,-85.9,1
43.4,-85.9,1
43.4,-85.9,1
43.4,-85.9,1
43.4,-85.9,1
43.4,-85.9,1
43.4,-85.9,1
43.4,-85.9,1
43.4,-85.9,1
43.4,-85.9,1
43.4,-85.9,1
43.4,-85.9,1
43.4,-85.9,1
43.4,-85.9,1
43.4,-85.9,1
43.4,-85.9,1
43.4,-85.9,1
43.4,-85.9,1
43.4,-85.9,1
43.4,-85.9,1
43.4,-85.9,1
43.4,-85.9,1
43.4,-85.9,1
43.4,-85.9,1
43.4,-85.9,1
43.4,-85.9,1
43.4,-85.9,1
43.4,-85.9,1
43.4,-85.9,1
43.4,-85.9,1
43.4,-85.9,1
43.4,-85.9,1
43.4,-85.9,1
43.4,-85.9,1
43.4,-85.9,1
43.4,-85.9,1
43.4,-85.9,1
43.4,-85.9,1
43.4,-85.9,1
43.4,-85.9,1
43.4,-85.9,1
43.4,-85.9,1
43.4,-85.9,1
43.4,-85.9,1
43.4,-85.9,1
43.4,-85.9,1
43.4,-85.9,1
43.4,-85.9,1
43.4,-85.9,1
43.4,-85.9,1
43.4,-85.9,1
43.4,-85.9,1
43.4,-85.9,1
43.4,-85.9,1
43.4,-85.9,1
43.4,-85.9,1
43.4,-85.9,1
43.4,-85.9,1
43.4,-85.9,1
43.4,-85.9,1
43.4,-85.9,1
43.4,-85.9,1
43.4,-85.9,1
43.4,-85.9,1
43.4,-85.9,1
43.4,-85.9,1
43.4,-85.9,1
43.4,-85.9,1
43.4,-85.9,1
43.4,-85.9,1
43.4,-85.9,1
43.4,-85.9,1
43.4,-85.9,1
43.4,-85.9,1
43.4,-85.9,1
43.4,-85.9,1
43.4,-85.9,1
43.4,-85.9,1
43.4,-85.9,1
43.4,-85.9,1
43.4,-85.9,1
43.4,-85.9,1
43.4,-85.9,1
43.4,-85.9,1
43.4,-85.9,1
43.4,-85.9,1
43.4,-85.9,1
43.4,-85.9,1
43.4,-85.9,1
43.4,-85.9,1
43.4,-85.9,1
43.4,-85.9,1
43.4,-85.9,1
43.4,-85.9,1
43.4,-85.9,1
43.4,-85.9,1
43.4,-85.9,1
43.4,-85.9,1
43.4,-85.9,1
43.4,-85.9,1
43.4,-85.9,1
43.4,-85.9,1
43.4,-85.9,1
43.4,-85.9,1
43.4,-85.9,1
43.4,-85.9,1
43.4,-85.9,1
43.4,-85.9,1
43.4,-85.9,1
43.4,-85.9,1
43.4,-85.9,1
43.4,-85.9,1
43.4,-85.9,1
43.4,-85.9,1
43.4,-85.9,1
43.4,-85.9,1
43.4,-85.9,1
43.4,-85.9,1
43.4,-85.9,1
43.4,-85.9,1
43.4,-85.9,1
43.4,-85.9,1
43.4,-85.9,1
43.4,-85.9,1
43.4,-85.9,1
43.4,-85.9,1
43.4,-85.9,1
43.4,-85.9,1
43.4,-85.9,1
43.4,-85.9,1
43.4,-85.9,1
43.4,-85.9,1
43.4,-85.9,1
43.4,-85.9,1
43.4,-85.9,1
43.4,-85.9,1
43.4,-85.9,1
43.4,-85.9,1
43.4,-85.9,1
43.4,-85.9,1
43.4,-85.9,1
43.4,-85.9,1
43.4,-85.9,1
43.4,-85.9,1
43.4,-85.9,1
43.4,-85.9,1
43.4,-85.9,1
43.4,-85.9,1
43.4,-85.9,1
43.4,-85.9,1
43.4,-85.9,1
43.4,-85.9,1
43.4,-85.9,1
43.4,-85.9,1
43.4,-85.9,1
43.4,-85.9,1
43.4,-85.9,1
43.4,-85.9,1
43.4,-85.9,1
43.4,-85.9,1
43.4,-85.9,1
43.4,-85.9,1
43.4,-85.9,1
43.4,-85.9,1
43.4,-85.9,1
43.4,-85.9,1
43.4,-85.9,1
43.4,-85.9,1
43.4,-85.9,1
43.4,-85.9,1
43.4,-85.9,1
43.4,-85.9,1
43.4,-85.9,1
43.4,-85.9,1
43.4,-85.9,1
43.4,-85.9,1
43.4,-85.9,1
43.4,-85.9,1
43.4,-85.9,1
43.4,-85.9,1
43.4,-85.9,1
43.4,-85.9,1
43.4,-85.9,1
43.4,-85.9,1
43.4,-85.9,1
43.4,-85.9,1
43.4,-85.9,1
43.4,-85.9,1
43.4,-85.9,1
43.4,-85.9,1
43.4,-85.9,1
43.4,-85.9,1
43.4,-85.9,1
43.4,-85.9,1
43.4,-85.9,1
43.4,-85.9,1
43.4,-85.9,1
43.4,-85.9,1
43.4,-85.9,1
43.4,-85.9,1
43.4,-85.9,1
43.4,-85.9,1
43.4,-85.9,1
43.4,-85.9,1
43.4,-85.9,1
43.4,-85.9,1
43.4,-85.9,1
43.4,-85.9,1
43.4,-85.9,1
43.4,-85.9,1
43.4,-85.9,1
43.4,-85.9,1
43.4,-85.9,1
43.4,-85.9,1
43.4,-85.9,1
43.4,-85.9,1
43.4,-85.9,1
43.4,-85.9,1
43.4,-85.9,1
43.4,-85.9,1
43.4,-85.9,1
43.4,-85.9,1
43.4,-85.9,1
43.4,-85.9,1
43.4,-85.9,1
43.4,-85.9,1
43.4,-85.9,1
43.4,-85.9,1
43.4,-85.9,1
43.4,-85.9,1
43.4,-85.9,1
43.4,-85.9,1
43.4,-85.9,1
43.4,-85.9,1
43.4,-85.9,1
43.4,-85.9,1
43.4,-85.9,1
43.4,-85.9,1
43.4,-85.9,1
43.4,-85.9,1
43.4,-85.9,1
43.4,-85.9,1
43.4,-85.9,1
43.4,-85.9,1
43.4,-85.9,1
43.4,-85.9,1
43.4,-85.9,1
43.4,-85.9,1
43.4,-85.9,1
43.4,-85.9,1
43.4,-85.9,1
43.4,-85.9,1
43.4,-85.9,1
43.4,-85.9,1
43.4,-85.9,1
43.4,-85.9,1
43.4,-85.9,1
43.4,-85.9,1
43.4,-85.9,1
43.4,-85.9,1
43.4,-85.9,1
43.4,-85.9,1
43.4,-85.9,1
43.4,-85.9,1
43.4,-85.9,1
43.4,-85.9,1
43.4,-85.9,1
43.4,-85.9,1
43.4,-85.9,1
43.4,-85.9,1
43.4,-85.9,1
43.4,-85.9,1
43.4,-85.9,1
43.4,-85.9,1
43.4,-85.9,1
43.4,-85.9,1
43.4,-85.9,1
43.4,-85.9,1
43.4,-85.9,1
43.4,-85.9,1
43.4,-85.9,1
43.4,-85.9,1
43.4,-85.9,1
43.4,-85.9,1
43.4,-85.9,1
43.4,-85.9,1
43.4,-85.9,1
43.4,-85.9,1
43.4,-85.9,1
43.4,-85.9,1
43.4,-85.9,1
43.4,-85.9,1
43.4,-85.9,1
43.4,-85.9,1
43.4,-85.9,1
43.4,-85.9,1
43.4,-85.9,1
43.4,-85.9,1
43.4,-85.9,1
43.4,-85.9,1
43.4,-85.9,1
43.4,-85.9,1
43.4,-85.9,1
43.4,-85.9,1
43.4,-85.9,1
43.4,-85.9,1
43.4,-85.9,1
43.4,-85.9,1
43.4,-85.9,1
43.4,-85.9,1
43.4,-85.9,1
43.4,-85.9,1
43.4,-85.9,1
43.4,-85.9,1
43.4,-85.9,1
43.4,-85.9,1
43.4,-85.9,1
43.4,-85.9,1
43.4,-85.9,1
43.4,-85.9,1
43.4,-85.9,1
43.4,-85.9,1
43.4,-85.9,1
43.4,-85.9,1
43.4,-85.9,1
43.4,-85.9,1
43.4,-85.9,1
43.4,-85.9,1
43.4,-85.9,1
43.4,-85.9,1
43.4,-85.9,1
43.4,-85.9,1
43.4,-85.9,1
43.4,-85.9,1
43.4,-85.9,1
43.4,-85.9,1
43.4,-85.9,1
43.4,-85.9,1
43.4,-85.9,1
43.4,-85.9,1
43.4,-85.9,1
43.4,-85.9,1
43.4,-85.9,1
43.4,-85.9,1
43.4,-85.9,1
43.4,-85.9,1
43.4,-85.9,1
43.4,-85.9,1
43.4,-85.9,1
43.4,-85.9,1
43.4,-85.9,1
43.4,-85.9,1
43.4,-85.9,1
43.4,-85.9,1
43.4,-85.9,1
43.4,-85.9,1
43.4,-85.9,1
43.4,-85.9,1
43.4,-85.9,1
43.4,-85.9,1
43.4,-85.9,1
43.4,-85.9,1
43.4,-85.9,1
43.4,-85.9,1
43.4,-85.9,1
43.4,-85.9,1
43.4,-85.9,1
43.4,-85.9,1
43.4,-85.9,1
43.4,-85.9,1
43.4,-85.9,1
43.4,-85.9,1
43.4,-85.9,1
43.4,-85.9,1
43.4,-85.9,1
43.4,-85.9,1
43.4,-85.9,1
43.4,-85.9,1
43.4,-85.9,1
43.4,-85.9,1
43.4,-85.9,1
43.4,-85.9,1
43.4,-85.9,1
43.4,-85.9,1
43.4,-85.9,1
43.4,-85.9,1
43.4,-85.9,1
43.4,-85.9,1
43.4,-85.9,1
43.4,-85.9,1
43.4,-85.9,1
43.4,-85.9,1
43.4,-85.9,1
43.4,-85.9,1
43.4,-85.9,1
43.4,-85.9,1
43.4,-85.9,1
43.4,-85.9,1
43.4,-85.9,1
43.4,-85.9,1
43.4,-85.9,1
43.4,-85.9,1
43.4,-85.9,1
43.4,-85.9,1
43.4,-85.9,1
43.4,-85.9,1
43.4,-85.9,1
43.4,-85.9,1
43.4,-85.9,1
43.4,-85.9,1
43.4,-85.9,1
43.4,-85.9,1
43.4,-85.9,1
43.4,-85.9,1
43.4,-85.9,1
43.4,-85.9,1
43.4,-85.9,1
43.4,-85.9,1
43.4,-85.9,1
43.4,-85.9,1
43.4,-85.9,1
43.4,-85.9,1
43.4,-85.9,1
43.4,-85.9,1
43.4,-85.9,1
43.4,-85.9,1
43.4,-85.9,1
43.4,-85.9,1
43.4,-85.9,1
43.4,-85.9,1
43.4,-85.9,1
43.4,-85.9,1
43.4,-85.9,1
43.4,-85.9,1
43.4,-85.9,1
43.4,-85.9,1
43.4,-85.9,1
43.4,-85.9,1
43.4,-85.9,1
43.4,-85.9,1
43.4,-85.9,1
43.4,-85.9,1
43.4,-85.9,1
43.4,-85.9,1
43.4,-85.9,1
43.4,-85.9,1
43.4,-85.9,1
43.4,-85.9,1
43.4,-85.9,1
43.4,-85.9,1
43.4,-85.9,1
43.4,-85.9,1
43.4,-85.9,1
43.4,-85.9,1
43.4,-85.9,1
43.4,-85.9,1
43.4,-85.9,1
43.4,-85.9,1
43.4,-85.9,1
43.4,-85.9,1
43.4,-85.9,1
43.4,-85.9,1
43.4,-85.9,1
43.4,-85.9,1
43.4,-85.9,1
43.4,-85.9,1
43.4,-85.9,1
43.4,-85.9,1
43.4,-85.9,1
43.4,-85.9,1
43.4,-85.9,1
43.4,-85.9,1
43.4,-85.9,1
43.4,-85.9,1
43.4,-85.9,1
43.4,-85.9,1
43.4,-85.9,1
43.4,-85.9,1
43.4,-85.9,1
43.4,-85.9,1
43.4,-85.9,1
43.4,-85.9,1
43.4,-85.9,1
43.4,-85.9,1
43.4,-85.9,1
43.4,-85.9,1
43.4,-85.9,1
43.4,-85.9,1
43.4,-85.9,1
43.4,-85.9,1
43.4,-85.9,1
43.4,-85.9,1
43.4,-85.9,1
43.4,-85.9,1
43.4,-85.9,1
43.4,-85.9,1
43.4,-85.9,1
43.4,-85.9,1
43.4,-85.9,1
43.4,-85.9,1
43.4,-85.9,1
43.4,-85.9,1
43.4,-85.9,1
43.4,-85.9,1
43.4,-85.9,1
43.4,-85.9,1
43.4,-85.9,1
43.4,-85.9,1
43.4,-85.9,1
43.4,-85.9,1
43.4,-85.9,1
43.4,-85.9,1
43.4,-85.9,1
43.4,-85.9,1
43.4,-85.9,1
43.4,-85.9,1
43.4,-85.9,1
43.4,-85.9,1
43.4,-85.9,1
43.4,-85.9,1
43.4,-85.9,1
43.4,-85.9,1
43.4,-85.9,1
43.4,-85.9,1
43.4,-85.9,1
43.4,-85.9,1
43.4,-85.9,1
43.4,-85.9,1
43.4,-85.9,1
43.4,-85.9,1
43.4,-85.9,1
43.4,-85.9,1
43.4,-85.9,1
43.4,-85.9,1
43.4,-85.9,1
43.4,-85.9,1
43.4,-85.9,1
43.4,-85.9,1
43.4,-85.9,1
43.4,-85.9,1
43.4,-85.9,1
43.4,-85.9,1
43.4,-85.9,1
43.4,-85.9,1
43.4,-85.9,1
43.4,-85.9,1
43.4,-85.9,1
43.4,-85.9,1
43.4,-85.9,1
43.4,-85.9,1
43.4,-85.9,1
43.4,-85.9,1
43.4,-85.9,1
43.4,-85.9,1
43.4,-85.9,1
43.4,-85.9,1
43.4,-85.9,1
43.4,-85.9,1
43.4,-85.9,1
43.4,-85.9,1
43.4,-85.9,1
43.4,-85.9,1
43.4,-85.9,1
43.4,-85.9,1
43.4,-85.9,1
43.4,-85.9,1
43.4,-85.9,1
43.4,-85.9,1
43.4,-85.9,1
43.4,-85.9,1
43.4,-85.9,1
43.4,-85.9,1
43.4,-85.9,1
43.4,-85.9,1
43.4,-85.9,1
43.4,-85.9,1
43.4,-85.9,1
43.4,-85.9,1
43.4,-85.9,1
43.4,-85.9,1
43.4,-85.9,1
43.4,-85.9,1
43.4,-85.9,1
43.4,-85.9,1
43.4,-85.9,1
43.4,-85.9,1
43.4,-85.9,1
43.4,-85.9,1
43.4,-85.9,1
43.4,-85.9,1
43.4,-85.9,1
43.4,-85.9,1
43.4,-85.9,1
43.4,-85.9,1
43.4,-85.9,1
43.4,-85.9,1
43.4,-85.9,1
43.4,-85.9,1
43.4,-85.9,1
43.4,-85.9,1
43.4,-85.9,1
43.4,-85.9,1
43.4,-85.9,1
43.4,-85.9,1
43.4,-85.9,1
43.4,-85.9,1
43.4,-85.9,1
43.4,-85.9,1
43.4,-85.9,1
43.4,-85.9,1
43.4,-85.9,1
43.4,-85.9,1
43.4,-85.9,1
43.4,-85.9,1
43.4,-85.9,1
43.4,-85.9,1
43.4,-85.9,1
43.4,-85.9,1
43.4,-85.9,1
43.4,-85.9,1
43.4,-85.9,1
43.4,-85.9,1
43.4,-85.9,1
43.4,-85.9,1
43.4,-85.9,1
43.4,-85.9,1
43.4,-85.9,1
43.4,-85.9,1
43.4,-85.9,1
43.4,-85.9,1
43.4,-85.9,1
43.4,-85.9,1
43.4,-85.9,1
43.4,-85.9,1
43.4,-85.9,1
43.4,-85.9,1
43.4,-85.9,1
43.4,-85.9,1
43.4,-85.9,1
43.4,-85.9,1
43.4,-85.9,1
43.4,-85.9,1
43.4,-85.9,1
43.4,-85.9,1
43.4,-85.9,1
43.4,-85.9,1
43.4,-85.9,1
43.4,-85.9,1
43.4,-85.9,1
43.4,-85.9,1
43.4,-85.9,1
43.4,-85.9,1
43.4,-85.9,1
43.4,-85.9,1
43.4,-85.9,1
43.4,-85.9,1
43.4,-85.9,1
43.4,-85.9,1
43.4,-85.9,1
43.4,-85.9,1
43.4,-85.9,1
43.4,-85.9,1
43.4,-85.9,1
43.4,-85.9,1
43.4,-85.9,1
43.4,-85.9,1
43.4,-85.9,1
43.4,-85.9,1
43.4,-85.9,1
43.4,-85.9,1
43.4,-85.9,1
43.4,-85.9,1
43.4,-85.9,1
43.4,-85.9,1
43.4,-85.9,1
43.4,-85.9,1
43.4,-85.9,1
43.4,-85.9,1
43.4,-85.9,1
43.4,-85.9,1
43.4,-85.9,1
43.4,-85.9,1
43.4,-85.9,1
43.4,-85.9,1
43.4,-85.9,1
43.4,-85.9,1
43.4,-85.9,1
43.4,-85.9,1
43.4,-85.9,1
43.4,-85.9,1
43.4,-85.9,1
43.4,-85.9,1
43.4,-85.9,1
43.4,-85.9,1
43.4,-85.9,1
43.4,-85.9,1
43.4,-85.9,1
43.4,-85.9,1
43.4,-85.9,1
43.4,-85.9,1
43.4,-85.9,1
43.4,-85.9,1
43.4,-85.9,1
43.4,-85.9,1
43.4,-85.9,1
43.4,-85.9,1
43.4,-85.9,1
43.4,-85.9,1
43.4,-85.9,1
43.4,-85.9,1
43.4,-85.9,1
43.4,-85.9,1
43.4,-85.9,1
43.4,-85.9,1
43.4,-85.9,1
43.4,-85.9,1
43.4,-85.9,1
43.4,-85.9,1
43.4,-85.9,1
43.4,-85.9,1
43.4,-85.9,1
43.4,-85.9,1
43.4,-85.9,1
43.4,-85.9,1
43.4,-85.9,1
43.4,-85.9,1
43.4,-85.9,1
43.4,-85.9,1
43.4,-85.9,1
43.4,-85.9,1
43.4,-85.9,1
43.4,-85.9,1
43.4,-85.9,1
43.4,-85.9,1
43.4,-85.9,1
43.4,-85.9,1
43.4,-85.9,1
43.4,-85.9,1
43.4,-85.9,1
43.4,-85.9,1
43.4,-85.9,1
43.4,-85.9,1
43.4,-85.9,1
43.4,-85.9,1
43.4,-85.9,1
43.4,-85.9,1
43.4,-85.9,1
43.4,-85.9,1
43.4,-85.9,1
43.4,-85.9,1
43.4,-85.9,1
43.4,-85.9,1
43.4,-85.9,1
43.4,-85.9,1
43.4,-85.9,1
43.4,-85.9,1
43.4,-85.9,1
43.4,-85.9,1
43.4,-85.9,1
43.4,-85.9,1
43.4,-85.9,1
43.4,-85.9,1
43.4,-85.9,1
43.4,-85.9,1
43.4,-85.9,1
43.4,-85.9,1
43.4,-85.9,1
43.4,-85.9,1
43.4,-85.9,1
43.4,-85.9,1
43.4,-85.9,1
43.4,-85.9,1
43.4,-85.9,1
43.4,-85.9,1
43.4,-85.9,1
43.4,-85.9,1
43.4,-85.9,1
43.4,-85.9,1
43.4,-85.9,1
43.4,-85.9,1
43.4,-85.9,1
43.4,-85.9,1
43.4,-85.9,1
43.4,-85.9,1
43.4,-85.9,1
43.4,-85.9,1
43.4,-85.9,1
43.4,-85.9,1
43.4,-85.9,1
43.4,-85.9,1
43.4,-85.9,1
43.4,-85.9,1
43.4,-85.9,1
43.4,-85.9,1
43.4,-85.9,1
43.4,-85.9,1
43.4,-85.9,1
43.4,-85.9,1
43.4,-85.9,1
43.4,-85.9,1
43.4,-85.9,1
43.4,-85.9,1
43.4,-85.9,1
43.4,-85.9,1
43.4,-85.9,1
43.4,-85.9,1
43.4,-85.9,1
43.4,-85.9,1
43.4,-85.9,1
43.4,-85.9,1
43.4,-85.9,1
43.4,-85.9,1
43.4,-85.9,1
43.4,-85.9,1
43.4,-85.9,1
43.4,-85.9,1
43.4,-85.9,1
43.4,-85.9,1
43.4,-85.9,1
43.4,-85.9,1
43.4,-85.9,1
43.4,-85.9,1
43.4,-85.9,1
43.4,-85.9,1
43.4,-85.9,1
43.4,-85.9,1
43.4,-85.9,1
43.4,-85.9,1
43.4,-85.9,1
43.4,-85.9,1
43.4,-85.9,1
43.4,-85.9,1
43.4,-85.9,1
43.4,-85.9,1
43.4,-85.9,1
43.4,-85.9,1
43.4,-85.9,1
43.4,-85.9,1
43.4,-85.9,1
43.4,-85.9,1
43.4,-85.9,1
43.4,-85.9,1
43.4,-85.9,1
43.4,-85.9,1
43.4,-85.9,1
43.4,-85.9,1
43.4,-85.9,1
43.4,-85.9,1
43.4,-85.9,1
43.4,-85.9,1
43.4,-85.9,1
43.4,-85.9,1
43.4,-85.9,1
43.4,-85.9,1
43.4,-85.9,1
43.4,-85.9,1
43.4,-85.9,1
43.4,-85.9,1
43.4,-85.9,1
43.4,-85.9,1
43.4,-85.9,1
43.4,-85.9,1
43.4,-85.9,1
43.4,-85.9,1
43.4,-85.9,1
43.4,-85.9,1
43.4,-85.9,1
43.4,-85.9,1
43.4,-85.9,1
43.4,-85.9,1
43.4,-85.9,1
43.4,-85.9,1
43.4,-85.9,1
43.4,-85.9,1
43.4,-85.9,1
43.4,-85.9,1
43.4,-85.9,1
43.4,-85.9,1
43.4,-85.9,1
43.4,-85.9,1
43.4,-85.9,1
43.4,-85.9,1
43.4,-85.9,1
43.4,-85.9,1
43.4,-85.9,1
43.4,-85.9,1
43.4,-85.9,1
43.4,-85.9,1
43.4,-85.9,1
43.4,-85.9,1
43.4,-85.9,1
43.4,-85.9,1
43.4,-85.9,1
43.4,-85.9,1
43.4,-85.9,1
43.4,-85.9,1
43.4,-85.9,1
43.4,-85.9,1
43.4,-85.9,1
43.4,-85.9,1
43.4,-85.9,1
43.4,-85.9,1
43.4,-85.9,1
43.4,-85.9,1
43.4,-85.9,1
43.4,-85.9,1
43.4,-85.9,1
43.4,-85.9,1
43.4,-85.9,1
43.4,-85.9,1
43.4,-85.9,1
43.4,-85.9,1
43.4,-85.9,1
43.4,-85.9,1
43.4,-85.9,1
43.4,-85.9,1
43.4,-85.9,1
43.4,-85.9,1
43.4,-85.9,1
43.4,-85.9,1
43.4,-85.9,1
43.4,-85.9,1
43.4,-85.9,1
43.4,-85.9,1
43.4,-85.9,1
43.4,-85.9,1
43.4,-85.9,1
43.4,-85.9,1
43.4,-85.9,1
43.4,-85.9,1
43.4,-85.9,1
43.4,-85.9,1
43.4,-85.9,1
43.4,-85.9,1
43.4,-85.9,1
43.4,-85.9,1
43.4,-85.9,1
43.4,-85.9,1
43.4,-85.9,1
43.4,-85.9,1
43.4,-85.9,1
43.4,-85.9,1
43.4,-85.9,1
43.4,-85.9,1
43.4,-85.9,1
43.4,-85.9,1
43.4,-85.9,1
43.4,-85.9,1
43.4,-85.9,1
43.4,-85.9,1
43.4,-85.9,1
43.4,-85.9,1
43.4,-85.9,1
43.4,-85.9,1
43.4,-85.9,1
43.4,-85.9,1
43.4,-85.9,1
43.4,-85.9,1
43.4,-85.9,1
43.4,-85.9,1
43.4,-85.9,1
43.4,-85.9,1
43.4,-85.9,1
43.4,-85.9,1
43.4,-85.9,1
43.4,-85.9,1
43.4,-85.9,1
43.4,-85.9,1
43.4,-85.9,1
43.4,-85.9,1
43.4,-85.9,1
43.4,-85.9,1
43.4,-85.9,1
43.4,-85.9,1
43.4,-85.9,1
43.4,-85.9,1
43.4,-85.9,1
43.4,-85.9,1
43.4,-85.9,1
43.4,-85.9,1
43.4,-85.9,1
43.4,-85.9,1
43.4,-85.9,1
43.4,-85.9,1
43.4,-85.9,1
43.4,-85.9,1
43.4,-85.9,1
43.4,-85.9,1
43.4,-85.9,1
43.4,-85.9,1
43.4,-85.9,1
43.4,-85.9,1
43.4,-85.9,1
43.4,-85.9,1
43.4,-85.9,1
43.4,-85.9,1
43.4,-85.9,1
43.4,-85.9,1
43.4,-85.9,1
43.4,-85.9,1
43.4,-85.9,1
43.4,-85.9,1
43.4,-85.9,1
43.4,-85.9,1
43.4,-85.9,1
43.4,-85.9,1
43.4,-85.9,1
43.4,-85.9,1
43.4,-85.9,1
43.4,-85.9,1
43.4,-85.9,1
43.4,-85.9,1
43.4,-85.9,1
43.4,-85.9,1
43.4,-85.9,1
43.4,-85.9,1
43.4,-85.9,1
43.4,-85.9,1
43.4,-85.9,1
43.4,-85.9,1
43.4,-85.9,1
43.4,-85.9,1
43.4,-85.9,1
43.4,-85.9,1
43.4,-85.9,1
43.4,-85.9,1
43.4,-85.9,1
43.4,-85.9,1
43.4,-85.9,1
43.4,-85.9,1
43.4,-85.9,1
43.4,-85.9,1
43.4,-85.9,1
43.4,-85.9,1
43.4,-85.9,1
43.4,-85.9,1
43.4,-85.9,1
43.4,-85.9,1
43.4,-85.9,1
43.4,-85.9,1
43.4,-85.9,1
43.4,-85.9,1
43.4,-85.9,1
43.4,-85.9,1
43.4,-85.9,1
43.4,-85.9,1
43.4,-85.9,1
43.4,-85.9,1
43.4,-85.9,1
43.4,-85.9,1
43.4,-85.9,1
43.4,-85.9,1
43.4,-85.9,1
43.4,-85.9,1
43.4,-85.9,1
43.4,-85.9,1
43.4,-85.9,1
43.4,-85.9,1
43.4,-85.9,1
43.4,-85.9,1
43.4,-85.9,1
43.4,-85.9,1
43.4,-85.9,1
43.4,-85.9,1
43.4,-85.9,1
43.4,-85.9,1
43.4,-85.9,1
43.4,-85.9,1
43.4,-85.9,1
43.4,-85.9,1
43.4,-85.9,1
43.4,-85.9,1
43.4,-85.9,1
43.4,-85.9,1
43.4,-85.9,1
43.4,-85.9,1
43.4,-85.9,1
43.4,-85.9,1
43.4,-85.9,1
43.4,-85.9,1
43.4,-85.9,1
43.4,-85.9,1
43.4,-85.9,1
43.4,-85.9,1
43.4,-85.9,1
43.4,-85.9,1
43.4,-85.9,1
43.4,-85.9,1
43.4,-85.9,1
43.4,-85.9,1
43.4,-85.9,1
43.4,-85.9,1
43.4,-85.9,1
43.4,-85.9,1
43.4,-85.9,1
43.4,-85.9,1
43.4,-85.9,1
43.4,-85.9,1
43.4,-85.9,1
43.4,-85.9,1
43.4,-85.9,1
43.4,-85.9,1
43.4,-85.9,1
43.4,-85.9,1
43.4,-85.9,1
43.4,-85.9,1
43.4,-85.9,1
43.4,-85.9,1
43.4,-85.9,1
43.4,-85.9,1
43.4,-85.9,1
43.4,-85.9,1
43.4,-85.9,1
43.4,-85.9,1
43.4,-85.9,1
43.4,-85.9,1
43.4,-85.9,1
43.4,-85.9,1
43.4,-85.9,1
43.4,-85.9,1
43.4,-85.9,1
43.4,-85.9,1
43.4,-85.9,1
43.4,-85.9,1
43.4,-85.9,1
43.4,-85.9,1
43.4,-85.9,1
43.4,-85.9,1
43.4,-85.9,1
43.4,-85.9,1
43.4,-85.9,1
43.4,-85.9,1
43.4,-85.9,1
43.4,-85.9,1
43.4,-85.9,1
43.4,-85.9,1
43.4,-85.9,1
43.4,-85.9,1
43.4,-85.9,1
43.4,-85.9,1
43.4,-85.9,1
43.4,-85.9,1
43.4,-85.9,1
43.4,-85.9,1
43.4,-85.9,1
43.4,-85.9,1
43.4,-85.9,1
43.4,-85.9,1
43.4,-85.9,1
43.4,-85.9,1
43.4,-85.9,1
43.4,-85.9,1
43.4,-85.9,1
43.4,-85.9,1
43.4,-85.9,1
43.4,-85.9,1
43.4,-85.9,1
43.4,-85.9,1
43.4,-85.9,1
43.4,-85.9,1
43.4,-85.9,1
43.4,-85.9,1
43.4,-85.9,1
43.4,-85.9,1
43.4,-85.9,1
43.4,-85.9,1
43.4,-85.9,1
43.4,-85.9,1
43.4,-85.9,1
43.4,-85.9,1
43.4,-85.9,1
43.4,-85.9,1
43.4,-85.9,1
43.4,-85.9,1
43.4,-85.9,1
43.4,-85.9,1
43.4,-85.9,1
43.4,-85.9,1
43.4,-85.9,1
43.4,-85.9,1
43.4,-85.9,1
43.4,-85.9,1
43.4,-85.9,1
43.4,-85.9,1
43.4,-85.9,1
43.4,-85.9,1
43.4,-85.9,1
43.4,-85.9,1
43.4,-85.9,1
43.4,-85.9,1
43.4,-85.9,1
43.4,-85.9,1
43.4,-85.9,1
43.4,-85.9,1
43.4,-85.9,1
43.4,-85.9,1
43.4,-85.9,1
43.4,-85.9,1
43.4,-85.9,1
43.4,-85.9,1
43.4,-85.9,1
43.4,-85.9,1
43.4,-85.9,1
43.4,-85.9,1
43.4,-85.9,1
43.4,-85.9,1
43.4,-85.9,1
43.4,-85.9,1
43.4,-85.9,1
43.4,-85.9,1
43.4,-85.9,1
43.4,-85.9,1
43.4,-85.9,1
43.4,-85.9,1
43.4,-85.9,1
43.4,-85.9,1
43.4,-85.9,1
43.4,-85.9,1
43.4,-85.9,1
43.4,-85.9,1
43.4,-85.9,1
43.4,-85.9,1
43.4,-85.9,1
43.4,-85.9,1
43.4,-85.9,1
43.4,-85.9,1
43.4,-85.9,1
43.4,-85.9,1
43.4,-85.9,1
43.4,-85.9,1
43.4,-85.9,1
43.4,-85.9,1
43.4,-85.9,1
43.4,-85.9,1
43.4,-85.9,1
43.4,-85.9,1
43.4,-85.9,1
43.4,-85.9,1
43.4,-85.9,1
43.4,-85.9,1
43.4,-85.9,1
43.4,-85.9,1
43.4,-85.9,1
43.4,-85.9,1
43.4,-85.9,1
43.4,-85.9,1
43.4,-85.9,1
43.4,-85.9,1
43.4,-85.9,1
43.4,-85.9,1
43.4,-85.9,1
43.4,-85.9,1
43.4,-85.9,1
43.4,-85.9,1
43.4,-85.9,1
43.4,-85.9,1
43.4,-85.9,1
43.4,-85.9,1
43.4,-85.9,1
43.4,-85.9,1
43.4,-85.9,1
43.4,-85.9,1
43.4,-85.9,1
43.4,-85.9,1
43.4,-85.9,1
43.4,-85.9,1
43.4,-85.9,1
43.4,-85.9,1
43.4,-85.9,1
43.4,-85.9,1
43.4,-85.9,1
43.4,-85.9,1
43.4,-85.9,1
43.4,-85.9,1
43.4,-85.9,1
43.4,-85.9,1
43.4,-85.9,1
43.4,-85.9,1
43.4,-85.9,1
43.4,-85.9,1
43.4,-85.9,1
43.4,-85.9,1
43.4,-85.9,1
43.4,-85.9,1
43.4,-85.9,1
43.4,-85.9,1
43.4,-85.9,1
43.4,-85.9,1
43.4,-85.9,1
43.4,-85.9,1
43.4,-85.9,1
43.4,-85.9,1
43.4,-85.9,1
43.4,-85.9,1
43.4,-85.9,1
43.4,-85.9,1
43.4,-85.9,1
43.4,-85.9,1
43.4,-85.9,1
43.4,-85.9,1
43.4,-85.9,1
43.4,-85.9,1
43.4,-85.9,1
43.4,-85.9,1
43.4,-85.9,1
43.4,-85.9,1
43.4,-85.9,1
43.4,-85.9,1
43.4,-85.9,1
43.4,-85.9,1
43.4,-85.9,1
43.4,-85.9,1
43.4,-85.9,1
43.4,-85.9,1
43.4,-85.9,1
43.4,-85.9,1
43.4,-85.9,1
43.4,-85.9,1
43.4,-85.9,1
43.4,-85.9,1
43.4,-85.9,1
43.4,-85.9,1
43.4,-85.9,1
43.4,-85.9,1
43.4,-85.9,1
43.4,-85.9,1
43.4,-85.9,1
43.4,-85.9,1
43.4,-85.9,1
43.4,-85.9,1
43.4,-85.9,1
43.4,-85.9,1
43.4,-85.9,1
43.4,-85.9,1
43.4,-85.9,1
43.4,-85.9,1
43.4,-85.9,1
43.4,-85.9,1
43.4,-85.9,1
43.4,-85.9,1
43.4,-85.9,1
43.4,-85.9,1
43.4,-85.9,1
43.4,-85.9,1
43.4,-85.9,1
43.4,-85.9,1
43.4,-85.9,1
43.4,-85.9,1
43.4,-85.9,1
43.4,-85.9,1
43.4,-85.9,1
43.4,-85.9,1
43.4,-85.9,1
43.4,-85.9,1
43.4,-85.9,1
43.4,-85.9,1
43.4,-85.9,1
43.4,-85.9,1
43.4,-85.9,1
43.4,-85.9,1
43.4,-85.9,1
43.4,-85.9,1
43.4,-85.9,1
43.4,-85.9,1
43.4,-85.9,1
43.4,-85.9,1
43.4,-85.9,1
43.4,-85.9,1
43.4,-85.9,1
43.4,-85.9,1
43.4,-85.9,1
43.4,-85.9,1
43.4,-85.9,1
43.4,-85.9,1
43.4,-85.9,1
43.4,-85.9,1
43.4,-85.9,1
43.4,-85.9,1
43.4,-85.9,1
43.4,-85.9,1
43.4,-85.9,1
43.4,-85.9,1
43.4,-85.9,1
43.4,-85.9,1
43.4,-85.9,1
43.4,-85.9,1
43.4,-85.9,1
43.4,-85.9,1
43.4,-85.9,1
43.4,-85.9,1
43.4,-85.9,1
43.4,-85.9,1
43.4,-85.9,1
43.4,-85.9,1
43.4,-85.9,1
43.4,-85.9,1
43.4,-85.9,1
43.4,-85.9,1
43.4,-85.9,1
43.4,-85.9,1
43.4,-85.9,1
43.4,-85.9,1
43.4,-85.9,1
43.4,-85.9,1
43.4,-85.9,1
43.4,-85.9,1
43.4,-85.9,1
43.4,-85.9,1
43.4,-85.9,1
43.4,-85.9,1
43.4,-85.9,1
43.4,-85.9,1
43.4,-85.9,1
43.4,-85.9,1
43.4,-85.9,1
43.4,-85.9,1
43.4,-85.9,1
43.4,-85.9,1
43.4,-85.9,1
43.4,-85.9,1
43.4,-85.9,1
43.4,-85.9,1
43.4,-85.9,1
43.4,-85.9,1
43.4,-85.9,1
43.4,-85.9,1
43.4,-85.9,1
43.4,-85.9,1
43.4,-85.9,1
43.4,-85.9,1
43.4,-85.9,1
43.4,-85.9,1
43.4,-85.9,1
43.4,-85.9,1
43.4,-85.9,1
43.4,-85.9,1
43.4,-85.9,1
43.4,-85.9,1
43.4,-85.9,1
43.4,-85.9,1
43.4,-85.9,1
43.4,-85.9,1
43.4,-85.9,1
43.4,-85.9,1
43.4,-85.9,1
43.4,-85.9,1
43.4,-85.9,1
43.4,-85.9,1
43.4,-85.9,1
43.4,-85.9,1
43.4,-85.9,1
43.4,-85.9,1
43.4,-85.9,1
43.4,-85.9,1
43.4,-85.9,1
43.4,-85.9,1
43.4,-85.9,1
43.4,-85.9,1
43.4,-85.9,1
43.4,-85.9,1
43.4,-85.9,1
43.4,-85.9,1
43.4,-85.9,1
43.4,-85.9,1
43.4,-85.9,1
43.4,-85.9,1
43.4,-85.9,1
43.4,-85.9,1
43.4,-85.9,1
43.4,-85.9,1
43.4,-85.9,1
43.4,-85.9,1
43.4,-85.9,1
43.4,-85.9,1
43.4,-85.9,1
43.4,-85.9,1
43.4,-85.9,1
43.4,-85.9,1
43.4,-85.9,1
43.4,-85.9,1
43.4,-85.9,1
43.4,-85.9,1
43.4,-85.9,1
43.4,-85.9,1
43.4,-85.9,1
43.4,-85.9,1
43.4,-85.9,1
43.4,-85.9,1
43.4,-85.9,1
43.4,-85.9,1
43.4,-85.9,1
43.4,-85.9,1
43.4,-85.9,1
43.4,-85.9,1
43.4,-85.9,1
43.4,-85.9,1
43.4,-85.9,1
43.4,-85.9,1
43.4,-85.9,1
43.4,-85.9,1
43.4,-85.9,1
43.4,-85.9,1
43.4,-85.9,1
43.4,-85.9,1
43.4,-85.9,1
43.4,-85.9,1
43.4,-85.9,1
43.4,-85.9,1
43.4,-85.9,1
43.4,-85.9,1
43.4,-85.9,1
43.4,-85.9,1
43.4,-85.9,1
43.4,-85.9,1
43.4,-85.9,1
43.4,-85.9,1
43.4,-85.9,1
43.4,-85.9,1
43.4,-85.9,1
43.4,-85.9,1
43.4,-85.9,1
43.4,-85.9,1
43.4,-85.9,1
43.4,-85.9,1
43.4,-85.9,1
43.4,-85.9,1
43.4,-85.9,1
43.4,-85.9,1
43.4,-85.9,1
43.4,-85.9,1
43.4,-85.9,1
43.4,-85.9,1
43.4,-85.9,1
43.4,-85.9,1
43.4,-85.9,1
43.4,-85.9,1
43.4,-85.9,1
43.4,-85.9,1
43.4,-85.9,1
43.4,-85.9,1
43.4,-85.9,1
43.4,-85.9,1
43.4,-85.9,1
43.4,-85.9,1
43.4,-85.9,1
43.4,-85.9,1
43.4,-85.9,1
43.4,-85.9,1
43.4,-85.9,1
43.4,-85.9,1
43.4,-85.9,1
43.4,-85.9,1
43.4,-85.9,1
43.4,-85.9,1
43.4,-85.9,1
43.4,-85.9,1
43.4,-85.9,1
43.4,-85.9,1
43.4,-85.9,1
43.4,-85.9,1
43.4,-85.9,1
43.4,-85.9,1
43.4,-85.9,1
43.4,-85.9,1
43.4,-85.9,1
43.4,-85.9,1
43.4,-85.9,1
43.4,-85.9,1
43.4,-85.9,1
43.4,-85.9,1
43.4,-85.9,1
43.4,-85.9,1
43.4,-85.9,1
43.4,-85.9,1
43.4,-85.9,1
43.4,-85.9,1
43.4,-85.9,1
43.4,-85.9,1
43.4,-85.9,1
43.4,-85.9,1
43.4,-85.9,1
43.4,-85.9,1
43.4,-85.9,1
43.4,-85.9,1
43.4,-85.9,1
43.4,-85.9,1
43.4,-85.9,1
43.4,-85.9,1
43.4,-85.9,1
43.4,-85.9,1
43.4,-85.9,1
43.4,-85.9,1
43.4,-85.9,1
43.4,-85.9,1
43.4,-85.9,1
43.4,-85.9,1
43.4,-85.9,1
43.4,-85.9,1
43.4,-85.9,1
43.4,-85.9,1
43.4,-85.9,1
43.4,-85.9,1
43.4,-85.9,1
43.4,-85.9,1
43.4,-85.9,1
43.4,-85.9,1
43.4,-85.9,1
43.4,-85.9,1
43.4,-85.9,1
43.4,-85.9,1
43.4,-85.9,1
43.4,-85.9,1
43.4,-85.9,1
43.4,-85.9,1
43.4,-85.9,1
43.4,-85.9,1
43.4,-85.9,1
43.4,-85.9,1
43.4,-85.9,1
43.4,-85.9,1
43.4,-85.9,1
43.4,-85.9,1
43.4,-85.9,1
43.4,-85.9,1
43.4,-85.9,1
43.4,-85.9,1
43.4,-85.9,1
43.4,-85.9,1
43.4,-85.9,1
43.4,-85.9,1
43.4,-85.9,1
43.4,-85.9,1
43.4,-85.9,1
43.4,-85.9,1
43.4,-85.9,1
43.4,-85.9,1
43.4,-85.9,1
43.4,-85.9,1
43.4,-85.9,1
43.4,-85.9,1
43.4,-85.9,1
43.4,-85.9,1
43.4,-85.9,1
43.4,-85.9,1
43.4,-85.9,1
43.4,-85.9,1
43.4,-85.9,1
43.4,-85.9,1
43.4,-85.9,1
43.4,-85.9,1
43.4,-85.9,1
43.4,-85.9,1
43.4,-85.9,1
43.4,-85.9,1
43.4,-85.9,1
43.4,-85.9,1
43.4,-85.9,1
43.4,-85.9,1
43.4,-85.9,1
43.4,-85.9,1
43.4,-85.9,1
43.4,-85.9,1
43.4,-85.9,1
43.4,-85.9,1
43.4,-85.9,1
43.4,-85.9,1
43.4,-85.9,1
43.4,-85.9,1
43.4,-85.9,1
43.4,-85.9,1
43.4,-85.9,1
43.4,-85.9,1
43.4,-85.9,1
43.4,-85.9,1
43.4,-85.9,1
43.4,-85.9,1
43.4,-85.9,1
43.4,-85.9,1
43.4,-85.9,1
43.4,-85.9,1
43.4,-85.9,1
43.4,-85.9,1
43.4,-85.9,1
43.4,-85.9,1
43.4,-85.9,1
43.4,-85.9,1
43.4,-85.9,1
43.4,-85.9,1
43.4,-85.9,1
43.4,-85.9,1
43.4,-85.9,1
43.4,-85.9,1
43.4,-85.9,1
43.4,-85.9,1
43.4,-85.9,1
43.4,-85.9,1
43.4,-85.9,1
43.4,-85.9,1
43.4,-85.9,1
43.4,-85.9,1
43.4,-85.9,1
43.4,-85.9,1
43.4,-85.9,1
43.4,-85.9,1
43.4,-85.9,1
43.4,-85.9,1
43.4,-85.9,1
43.4,-85.9,1
43.4,-85.9,1
43.4,-85.9,1
43.4,-85.9,1
43.4,-85.9,1
43.4,-85.9,1
43.4,-85.9,1
43.4,-85.9,1
43.4,-85.9,1
43.4,-85.9,1
43.4,-85.9,1
43.4,-85.9,1
43.4,-85.9,1
43.4,-85.9,1
43.4,-85.9,1
43.4,-85.9,1
43.4,-85.9,1
43.4,-85.9,1
43.4,-85.9,1
43.4,-85.9,1
43.4,-85.9,1
43.4,-85.9,1
43.4,-85.9,1
43.4,-85.9,1
43.4,-85.9,1
43.4,-85.9,1
43.4,-85.9,1
43.4,-85.9,1
43.4,-85.9,1
43.4,-85.9,1
43.4,-85.9,1
43.4,-85.9,1
43.4,-85.9,1
43.4,-85.9,1
43.4,-85.9,1
43.4,-85.9,1
43.4,-85.9,1
43.4,-85.9,1
43.4,-85.9,1
43.4,-85.9,1
43.4,-85.9,1
43.4,-85.9,1
43.4,-85.9,1
43.4,-85.9,1
43.4,-85.9,1
43.4,-85.9,1
43.4,-85.9,1
43.4,-85.9,1
43.4,-85.9,1
43.4,-85.9,1
43.4,-85.9,1
43.4,-85.9,1
43.4,-85.9,1
43.4,-85.9,1
43.4,-85.9,1
43.4,-85.9,1
43.4,-85.9,1
43.4,-85.9,1
43.4,-85.9,1
43.4,-85.9,1
43.4,-85.9,1
43.4,-85.9,1
43.4,-85.9,1
43.4,-85.9,1
43.4,-85.9,1
43.4,-85.9,1
43.4,-85.9,1
43.4,-85.9,1
43.4,-85.9,1
43.4,-85.9,1
43.4,-85.9,1
43.4,-85.9,1
43.4,-85.9,1
43.4,-85.9,1
43.4,-85.9,1
43.4,-85.9,1
43.4,-85.9,1
43.4,-85.9,1
43.4,-85.9,1
43.4,-85.9,1
43.4,-85.9,1
43.4,-85.9,1
43.4,-85.9,1
43.4,-85.9,1
43.4,-85.9,1
43.4,-85.9,1
43.4,-85.9,1
43.4,-85.9,1
43.4,-85.9,1
43.4,-85.9,1
43.4,-85.9,1
43.4,-85.9,1
43.4,-85.9,1
43.4,-85.9,1
43.4,-85.9,1
43.4,-85.9,1
43.4,-85.9,1
43.4,-85.9,1
43.4,-85.9,1
43.4,-85.9,1
43.4,-85.9,1
43.4,-85.9,1
43.4,-85.9,1
43.4,-85.9,1
43.4,-85.9,1
43.4,-85.9,1
43.4,-85.9,1
43.4,-85.9,1
43.4,-85.9,1
43.4,-85.9,1
43.4,-85.9,1
43.4,-85.9,1
43.4,-85.9,1
43.4,-85.9,1
43.4,-85.9,1
43.4,-85.9,1
43.4,-85.9,1
43.4,-85.9,1
43.4,-85.9,1
43.4,-85.9,1
43.4,-85.9,1
43.4,-85.9,1
43.4,-85.9,1
43.4,-85.9,1
43.4,-85.9,1
43.4,-85.9,1
43.4,-85.9,1
43.4,-85.9,1
43.4,-85.9,1
43.4,-85.9,1
43.4,-85.9,1
43.4,-85.9,1
43.4,-85.9,1
43.4,-85.9,1
43.4,-85.9,1
43.4,-85.9,1
43.4,-85.9,1
43.4,-85.9,1
43.4,-85.9,1
43.4,-85.9,1
43.4,-85.9,1
43.4,-85.9,1
43.4,-85.9,1
43.4,-85.9,1
43.4,-85.9,1
43.4,-85.9,1
43.4,-85.9,1
43.4,-85.9,1
43.4,-85.9,1
43.4,-85.9,1
43.4,-85.9,1
43.4,-85.9,1
43.4,-85.9,1
43.4,-85.9,1
43.4,-85.9,1
43.4,-85.9,1
43.4,-85.9,1
43.4,-85.9,1
43.4,-85.9,1
43.4,-85.9,1
43.4,-85.9,1
43.4,-85.9,1
43.4,-85.9,1
43.4,-85.9,1
43.4,-85.9,1
43.4,-85.9,1
43.4,-85.9,1
43.4,-85.9,1
43.4,-85.9,1
43.4,-85.9,1
43.4,-85.9,1
43.4,-85.9,1
43.4,-85.9,1
43.4,-85.9,1
43.4,-85.9,1
43.4,-85.9,1
43.4,-85.9,1
43.4,-85.9,1
43.4,-85.9,1
43.4,-85.9,1
43.4,-85.9,1
43.4,-85.9,1
43.4,-85.9,1
43.4,-85.9,1
43.4,-85.9,1
43.4,-85.9,1
43.4,-85.9,1
43.4,-85.9,1
43.4,-85.9,1
43.4,-85.9,1
43.4,-85.9,1
43.4,-85.9,1
43.4,-85.9,1
43.4,-85.9,1
43.4,-85.9,1
43.4,-85.9,1
43.4,-85.9,1
43.4,-85.9,1
43.4,-85.9,1
43.4,-85.9,1
43.4,-85.9,1
43.4,-85.9,1
43.4,-85.9,1
43.4,-85.9,1
43.4,-85.9,1
43.4,-85.9,1
43.4,-85.9,1
43.4,-85.9,1
43.4,-85.9,1
43.4,-85.9,1
43.4,-85.9,1
43.4,-85.9,1
43.4,-85.9,1
43.4,-85.9,1
43.4,-85.9,1
43.4,-85.9,1
43.4,-85.9,1
43.4,-85.9,1
43.4,-85.9,1
43.4,-85.9,1
43.4,-85.9,1
43.4,-85.9,1
43.4,-85.9,1
43.4,-85.9,1
43.4,-85.9,1
43.4,-85.9,1
43.4,-85.9,1
43.4,-85.9,1
43.4,-85.9,1
43.4,-85.9,1
43.4,-85.9,1
43.4,-85.9,1
43.4,-85.9,1
43.4,-85.9,1
43.4,-85.9,1
43.4,-85.9,1
43.4,-85.9,1
43.4,-85.9,1
43.4,-85.9,1
43.4,-85.9,1
43.4,-85.9,1
43.4,-85.9,1
43.4,-85.9,1
43.4,-85.9,1
43.4,-85.9,1
43.4,-85.9,1
43.4,-85.9,1
43.4,-85.9,1
43.4,-85.9,1
43.4,-85.9,1
43.4,-85.9,1
43.4,-85.9,1
43.4,-85.9,1
43.4,-85.9,1
43.4,-85.9,1
43.4,-85.9,1
43.4,-85.9,1
43.4,-85.9,1
43.4,-85.9,1
43.4,-85.9,1
43.4,-85.9,1
43.4,-85.9,1
43.4,-85.9,1
43.4,-85.9,1
43.4,-85.9,1
43.4,-85.9,1
43.4,-85.9,1
43.4,-85.9,1
43.4,-85.9,1
43.4,-85.9,1
43.4,-85.9,1
43.4,-85.9,1
43.4,-85.9,1
43.4,-85.9,1
43.4,-85.9,1
43.4,-85.9,1
43.4,-85.9,1
43.4,-85.9,1
43.4,-85.9,1
43.4,-85.9,1
43.4,-85.9,1
43.4,-85.9,1
43.4,-85.9,1
43.4,-85.9,1
43.4,-85.9,1
43.4,-85.9,1
43.4,-85.9,1
43.4,-85.9,1
43.4,-85.9,1
43.4,-85.9,1
43.4,-85.9,1
43.4,-85.9,1
43.4,-85.9,1
43.4,-85.9,1
43.4,-85.9,1
43.4,-85.9,1
43.4,-85.9,1
43.4,-85.9,1
43.4,-85.9,1
43.4,-85.9,1
43.4,-85.9,1
43.4,-85.9,1
43.4,-85.9,1
43.4,-85.9,1
43.4,-85.9,1
43.4,-85.9,1
43.4,-85.9,1
43.4,-85.9,1
43.4,-85.9,1
43.4,-85.9,1
43.4,-85.9,1
43.4,-85.9,1
43.4,-85.9,1
43.4,-85.9,1
43.4,-85.9,1
43.4,-85.9,1
43.4,-85.9,1
43.4,-85.9,1
43.4,-85.9,1
43.4,-85.9,1
43.4,-85.9,1
43.4,-85.9,1
43.4,-85.9,1
43.4,-85.9,1
43.4,-85.9,1
43.4,-85.9,1
43.4,-85.9,1
43.4,-85.9,1
43.4,-85.9,1
43.4,-85.9,1
43.4,-85.9,1
43.4,-85.9,1
43.4,-85.9,1
43.4,-85.9,1
43.4,-85.9,1
43.4,-85.9,1
43.4,-85.9,1
43.4,-85.9,1
43.4,-85.9,1
43.4,-85.9,1
43.4,-85.9,1
43.4,-85.9,1
43.4,-85.9,1
43.4,-85.9,1
43.4,-85.9,1
43.4,-85.9,1
43.4,-85.9,1
43.4,-85.9,1
43.4,-85.9,1
43.4,-85.9,1
43.4,-85.9,1
43.4,-85.9,1
43.4,-85.9,1
43.4,-85.9,1
43.4,-85.9,1
43.4,-85.9,1
43.4,-85.9,1
43.4,-85.9,1
43.4,-85.9,1
43.4,-85.9,1
43.4,-85.9,1
43.4,-85.9,1
43.4,-85.9,1
43.4,-85.9,1
43.4,-85.9,1
43.4,-85.9,1
43.4,-85.9,1
43.4,-85.9,1
43.4,-85.9,1
43.4,-85.9,1
43.4,-85.9,1
43.4,-85.9,1
43.4,-85.9,1
43.4,-85.9,1
43.4,-85.9,1
43.4,-85.9,1
43.4,-85.9,1
43.4,-85.9,1
43.4,-85.9,1
43.4,-85.9,1
43.4,-85.9,1
43.4,-85.9,1
43.4,-85.9,1
43.4,-85.9,1
43.4,-85.9,1
43.4,-85.9,1
43.4,-85.9,1
43.4,-85.9,1
43.4,-85.9,1
43.4,-85.9,1
43.4,-85.9,1
43.4,-85.9,1
43.4,-85.9,1
43.4,-85.9,1
43.4,-85.9,1
43.4,-85.9,1
43.4,-85.9,1
43.4,-85.9,1
43.4,-85.9,1
43.4,-85.9,1
43.4,-85.9,1
43.4,-85.9,1
43.4,-85.9,1
43.4,-85.9,1
43.4,-85.9,1
43.4,-85.9,1
43.4,-85.9,1
43.4,-85.9,1
43.4,-85.9,1
43.4,-85.9,1
43.4,-85.9,1
43.4,-85.9,1
43.4,-85.9,1
43.4,-85.9,1
43.4,-85.9,1
43.4,-85.9,1
43.4,-85.9,1
43.4,-85.9,1
43.4,-85.9,1
43.4,-85.9,1
43.4,-85.9,1
43.4,-85.9,1
43.4,-85.9,1
43.4,-85.9,1
43.4,-85.9,1
43.4,-85.9,1
43.4,-85.9,1
43.4,-85.9,1
43.4,-85.9,1
43.4,-85.9,1
43.4,-85.9,1
43.4,-85.9,1
43.4,-85.9,1
43.4,-85.9,1
43.4,-85.9,1
43.4,-85.9,1
43.4,-85.9,1
43.4,-85.9,1
43.4,-85.9,1
43.4,-85.9,1
43.4,-85.9,1
43.4,-85.9,1
43.4,-85.9,1
43.4,-85.9,1
43.4,-85.9,1
43.4,-85.9,1
43.4,-85.9,1
43.4,-85.9,1
43.4,-85.9,1
43.4,-85.9,1
43.4,-85.9,1
43.4,-85.9,1
43.4,-85.9,1
43.4,-85.9,1
43.4,-85.9,1
43.4,-85.9,1
43.4,-85.9,1
43.4,-85.9,1
43.4,-85.9,1
43.4,-85.9,1
43.4,-85.9,1
43.4,-85.9,1
43.4,-85.9,1
43.4,-85.9,1
43.4,-85.9,1
43.4,-85.9,1
43.4,-85.9,1
43.4,-85.9,1
43.4,-85.9,1
43.4,-85.9,1
43.4,-85.9,1
43.4,-85.9,1
43.4,-85.9,1
43.4,-85.9,1
43.4,-85.9,1
43.4,-85.9,1
43.4,-85.9,1
43.4,-85.9,1
43.4,-85.9,1
43.4,-85.9,1
43.4,-85.9,1
43.4,-85.9,1
43.4,-85.9,1
43.4,-85.9,1
43.4,-85.9,1
43.4,-85.9,1
43.4,-85.9,1
43.4,-85.9,1
43.4,-85.9,1
43.4,-85.9,1
43.4,-85.9,1
43.4,-85.9,1
43.4,-85.9,1
43.4,-85.9,1
43.4,-85.9,1
43.4,-85.9,1
43.4,-85.9,1
43.4,-85.9,1
43.4,-85.9,1
43.4,-85.9,1
43.4,-85.9,1
43.4,-85.9,1
43.4,-85.9,1
43.4,-85.9,1
43.4,-85.9,1
43.4,-85.9,1
43.4,-85.9,1
43.4,-85.9,1
43.4,-85.9,1
43.4,-85.9,1
43.4,-85.9,1
43.4,-85.9,1
43.4,-85.9,1
43.4,-85.9,1
43.4,-85.9,1
43.4,-85.9,1
43.4,-85.9,1
43.4,-85.9,1
43.4,-85.9,1
43.4,-85.9,1
43.4,-85.9,1
43.4,-85.9,1
43.4,-85.9,1
43.4,-85.9,1
43.4,-85.9,1
43.4,-85.9,1
43.4,-85.9,1
43.4,-85.9,1
43.4,-85.9,1
43.4,-85.9,1
43.4,-85.9,1
43.4,-85.9,1
43.4,-85.9,1
43.4,-85.9,1
43.4,-85.9,1
43.4,-85.9,1
43.4,-85.9,1
43.4,-85.9,1
43.4,-85.9,1
43.4,-85.9,1
43.4,-85.9,1
43.4,-85.9,1
43.4,-85.9,1
43.4,-85.9,1
43.4,-85.9,1
43.4,-85.9,1
43.4,-85.9,1
43.4,-85.9,1
43.4,-85.9,1
43.4,-85.9,1
43.4,-85.9,1
43.4,-85.9,1
43.4,-85.9,1
43.4,-85.9,1
43.4,-85.9,1
43.4,-85.9,1
43.4,-85.9,1
43.4,-85.9,1
43.4,-85.9,1
43.4,-85.9,1
43.4,-85.9,1
43.4,-85.9,1
43.4,-85.9,1
43.4,-85.9,1
43.4,-85.9,1
43.4,-85.9,1
43.4,-85.9,1
43.4,-85.9,1
43.4,-85.9,1
43.4,-85.9,1
43.4,-85.9,1
43.4,-85.9,1
43.4,-85.9,1
43.4,-85.9,1
43.4,-85.9,1
43.4,-85.9,1
43.4,-85.9,1
43.4,-85.9,1
43.4,-85.9,1
43.4,-85.9,1
43.4,-85.9,1
43.4,-85.9,1
43.4,-85.9,1
43.4,-85.9,1
43.4,-85.9,1
43.4,-85.9,1
43.4,-85.9,1
43.4,-85.9,1
43.4,-85.9,1
43.4,-85.9,1
43.4,-85.9,1
43.4,-85.9,1
43.4,-85.9,1
43.4,-85.9,1
43.4,-85.9,1
43.4,-85.9,1
43.4,-85.9,1
43.4,-85.9,1
43.4,-85.9,1
43.4,-85.9,1
43.4,-85.9,1
43.4,-85.9,1
43.4,-85.9,1
43.4,-85.9,1
43.4,-85.9,1
43.4,-85.9,1
43.4,-85.9,1
43.4,-85.9,1
43.4,-85.9,1
43.4,-85.9,1
43.4,-85.9,1
43.4,-85.9,1
43.4,-85.9,1
43.4,-85.9,1
43.4,-85.9,1
43.4,-85.9,1
43.4,-85.9,1
43.4,-85.9,1
43.4,-85.9,1
43.4,-85.9,1
43.4,-85.9,1
43.4,-85.9,1
43.4,-85.9,1
43.4,-85.9,1
43.4,-85.9,1
43.4,-85.9,1
43.4,-85.9,1
43.4,-85.9,1
43.4,-85.9,1
43.4,-85.9,1
43.4,-85.9,1
43.4,-85.9,1
43.4,-85.9,1
43.4,-85.9,1
43.4,-85.9,1
43.4,-85.9,1
43.4,-85.9,1
43.4,-85.9,1
43.4,-85.9,1
43.4,-85.9,1
43.4,-85.9,1
43.4,-85.9,1
43.4,-85.9,1
43.4,-85.9,1
43.4,-85.9,1
43.4,-85.9,1
43.4,-85.9,1
43.4,-85.9,1
43.4,-85.9,1
43.4,-85.9,1
43.4,-85.9,1
43.4,-85.9,1
43.4,-85.9,1
43.4,-85.9,1
43.4,-85.9,1
43.4,-85.9,1
43.4,-85.9,1
43.4,-85.9,1
43.4,-85.9,1
43.4,-85.9,1
43.4,-85.9,1
43.4,-85.9,1
43.4,-85.9,1
43.4,-85.9,1
43.4,-85.9,1
43.4,-85.9,1
43.4,-85.9,1
43.4,-85.9,1
43.4,-85.9,1
43.4,-85.9,1
43.4,-85.9,1
43.4,-85.9,1
43.4,-85.9,1
43.4,-85.9,1
43.4,-85.9,1
43.4,-85.9,1
43.4,-85.9,1
43.4,-85.9,1
43.4,-85.9,1
43.4,-85.9,1
43.4,-85.9,1
43.4,-85.9,1
43.4,-85.9,1
43.4,-85.9,1
43.4,-85.9,1
43.4,-85.9,1
43.4,-85.9,1
43.4,-85.9,1
43.4,-85.9,1
43.4,-85.9,1
43.4,-85.9,1
43.4,-85.9,1
43.4,-85.9,1
43.4,-85.9,1
43.4,-85.9,1
43.4,-85.9,1
43.4,-85.9,1
43.4,-85.9,1
43.4,-85.9,1
43.4,-85.9,1
43.4,-85.9,1
43.4,-85.9,1
43.4,-85.9,1
43.4,-85.9,1
43.4,-85.9,1
43.4,-85.9,1
43.4,-85.9,1
43.4,-85.9,1
43.4,-85.9,1
43.4,-85.9,1
43.4,-85.9,1
43.4,-85.9,1
43.4,-85.9,1
43.4,-85.9,1
43.4,-85.9,1
43.4,-85.9,1
43.4,-85.9,1
43.4,-85.9,1
43.4,-85.9,1
43.4,-85.9,1
43.4,-85.9,1
43.4,-85.9,1
43.4,-85.9,1
43.4,-85.9,1
43.4,-85.9,1
43.4,-85.9,1
43.4,-85.9,1
43.4,-85.9,1
43.4,-85.9,1
43.4,-85.9,1
43.4,-85.9,1
43.4,-85.9,1
43.4,-85.9,1
43.4,-85.9,1
43.4,-85.9,1
43.4,-85.9,1
43.4,-85.9,1
43.4,-85.9,1
43.4,-85.9,1
43.4,-85.9,1
43.4,-85.9,1
43.4,-85.9,1
43.4,-85.9,1
43.4,-85.9,1
43.4,-85.9,1
43.4,-85.9,1
43.4,-85.9,1
43.4,-85.9,1
43.4,-85.9,1
43.4,-85.9,1
43.4,-85.9,1
43.4,-85.9,1
43.4,-85.9,1
43.4,-85.9,1
43.4,-85.9,1
43.4,-85.9,1
43.4,-85.9,1
43.4,-85.9,1
43.4,-85.9,1
43.4,-85.9,1
43.4,-85.9,1
43.4,-85.9,1
43.4,-85.9,1
43.4,-85.9,1
43.4,-85.9,1
43.4,-85.9,1
43.4,-85.9,1
43.4,-85.9,1
43.4,-85.9,1
43.4,-85.9,1
43.4,-85.9,1
43.4,-85.9,1
43.4,-85.9,1
43.4,-85.9,1
43.4,-85.9,1
43.4,-85.9,1
43.4,-85.9,1
43.4,-85.9,1
43.4,-85.9,1
43.4,-85.9,1
43.4,-85.9,1
43.4,-85.9,1
43.4,-85.9,1
43.4,-85.9,1
43.4,-85.9,1
43.4,-85.9,1
43.4,-85.9,1
43.4,-85.9,1
43.4,-85.9,1
43.4,-85.9,1
43.4,-85.9,1
43.4,-85.9,1
43.4,-85.9,1
43.4,-85.9,1
43.4,-85.9,1
43.4,-85.9,1
43.4,-85.9,1
43.4,-85.9,1
43.4,-85.9,1
43.4,-85.9,1
43.4,-85.9,1
43.4,-85.9,1
43.4,-85.9,1
43.4,-85.9,1
43.4,-85.9,1
43.4,-85.9,1
43.4,-85.9,1
43.4,-85.9,1
43.4,-85.9,1
43.4,-85.9,1
43.4,-85.9,1
43.4,-85.9,1
43.4,-85.9,1
43.4,-85.9,1
43.4,-85.9,1
43.4,-85.9,1
43.4,-85.9,1
43.4,-85.9,1
43.4,-85.9,1
43.4,-85.9,1
43.4,-85.9,1
43.4,-85.9,1
43.4,-85.9,1
43.4,-85.9,1
43.4,-85.9,1
43.4,-85.9,1
43.4,-85.9,1
43.4,-85.9,1
43.4,-85.9,1
43.4,-85.9,1
43.4,-85.9,1
43.4,-85.9,1
43.4,-85.9,1
43.4,-85.9,1
43.4,-85.9,1
43.4,-85.9,1
43.4,-85.9,1
43.4,-85.9,1
43.4,-85.9,1
43.4,-85.9,1
43.4,-85.9,1
43.4,-85.9,1
43.4,-85.9,1
43.4,-85.9,1
43.4,-85.9,1
43.4,-85.9,1
43.4,-85.9,1
43.4,-85.9,1
43.4,-85.9,1
43.4,-85.9,1
43.4,-85.9,1
43.4,-85.9,1
43.4,-85.9,1
43.4,-85.9,1
43.4,-85.9,1
43.4,-85.9,1
43.4,-85.9,1
43.4,-85.9,1
43.4,-85.9,1
43.4,-85.9,1
43.4,-85.9,1
43.4,-85.9,1
43.4,-85.9,1
43.4,-85.9,1
43.4,-85.9,1
43.4,-85.9,1
43.4,-85.9,1
43.4,-85.9,1
43.4,-85.9,1
43.4,-85.9,1
43.4,-85.9,1
43.4,-85.9,1
43.4,-85.9,1
43.4,-85.9,1
43.4,-85.9,1
43.4,-85.9,1
43.4,-85.9,1
43.4,-85.9,1
43.4,-85.9,1
43.4,-85.9,1
43.4,-85.9,1
43.4,-85.9,1
43.4,-85.9,1
43.4,-85.9,1
43.4,-85.9,1
43.4,-85.9,1
43.4,-85.9,1
43.4,-85.9,1
43.4,-85.9,1
43.4,-85.9,1
43.4,-85.9,1
43.4,-85.9,1
43.4,-85.9,1
43.4,-85.9,1
43.4,-85.9,1
43.4,-85.9,1
43.4,-85.9,1
43.4,-85.9,1
43.4,-85.9,1
43.4,-85.9,1
43.4,-85.9,1
43.4,-85.9,1
43.4,-85.9,1
43.4,-85.9,1
43.4,-85.9,1
43.4,-85.9,1
43.4,-85.9,1
43.4,-85.9,1
43.4,-85.9,1
43.4,-85.9,1
43.4,-85.9,1
43.4,-85.9,1
43.4,-85.9,1
43.4,-85.9,1
43.4,-85.9,1
43.4,-85.9,1
43.4,-85.9,1
43.4,-85.9,1
43.4,-85.9,1
43.4,-85.9,1
43.4,-85.9,1
43.4,-85.9,1
43.4,-85.9,1
43.4,-85.9,1
43.4,-85.9,1
43.4,-85.9,1
43.4,-85.9,1
43.4,-85.9,1
43.4,-85.9,1
43.4,-85.9,1
43.4,-85.9,1
43.4,-85.9,1
43.4,-85.9,1
43.4,-85.9,1
43.4,-85.9,1
43.4,-85.9,1
43.4,-85.9,1
43.4,-85.9,1
43.4,-85.9,1
43.4,-85.9,1
43.4,-85.9,1
43.4,-85.9,1
43.4,-85.9,1
43.4,-85.9,1
43.4,-85.9,1
43.4,-85.9,1
43.4,-85.9,1
43.4,-85.9,1
43.4,-85.9,1
43.4,-85.9,1
43.4,-85.9,1
43.4,-85.9,1
43.4,-85.9,1
43.4,-85.9,1
43.4,-85.9,1
43.4,-85.9,1
43.4,-85.9,1
43.4,-85.9,1
43.4,-85.9,1
43.4,-85.9,1
43.4,-85.9,1
43.4,-85.9,1
43.4,-85.9,1
43.4,-85.9,1
43.4,-85.9,1
43.4,-85.9,1
43.4,-85.9,1
43.4,-85.9,1
43.4,-85.9,1
43.4,-85.9,1
43.4,-85.9,1
43.4,-85.9,1
43.4,-85.9,1
43.4,-85.9,1
43.4,-85.9,1
43.4,-85.9,1
43.4,-85.9,1
43.4,-85.9,1
43.4,-85.9,1
43.4,-85.9,1
43.4,-85.9,1
43.4,-85.9,1
43.4,-85.9,1
43.4,-85.9,1
43.4,-85.9,1
43.4,-85.9,1
43.4,-85.9,1
43.4,-85.9,1
43.4,-85.9,1
43.4,-85.9,1
43.4,-85.9,1
43.4,-85.9,1
43.4,-85.9,1
43.4,-85.9,1
43.4,-85.9,1
43.4,-85.9,1
43.4,-85.9,1
43.4,-85.9,1
43.4,-85.9,1
43.4,-85.9,1
43.4,-85.9,1
43.4,-85.9,1
43.4,-85.9,1
43.4,-85.9,1
43.4,-85.9,1
43.4,-85.9,1
43.4,-85.9,1
43.4,-85.9,1
43.4,-85.9,1
43.4,-85.9,1
43.4,-85.9,1
43.4,-85.9,1
43.4,-85.9,1
43.4,-85.9,1
43.4,-85.9,1
43.4,-85.9,1
43.4,-85.9,1
43.4,-85.9,1
43.4,-85.9,1
43.4,-85.9,1
43.4,-85.9,1
43.4,-85.9,1
43.4,-85.9,1
43.4,-85.9,1
43.4,-85.9,1
43.4,-85.9,1
43.4,-85.9,1
43.4,-85.9,1
43.4,-85.9,1
43.4,-85.9,1
43.4,-85.9,1
43.4,-85.9,1
43.4,-85.9,1
43.4,-85.9,1
43.4,-85.9,1
43.4,-85.9,1
43.4,-85.9,1
43.4,-85.9,1
43.4,-85.9,1
43.4,-85.9,1
43.4,-85.9,1
43.4,-85.9,1
43.4,-85.9,1
43.4,-85.9,1
43.4,-85.9,1
43.4,-85.9,1
43.4,-85.9,1
43.4,-85.9,1
43.4,-85.9,1
43.4,-85.9,1
43.4,-85.9,1
43.4,-85.9,1
43.4,-85.9,1
43.4,-85.9,1
43.4,-85.9,1
43.4,-85.9,1
43.4,-85.9,1
43.4,-85.9,1
43.4,-85.9,1
43.4,-85.9,1
43.4,-85.9,1
43.4,-85.9,1
43.4,-85.9,1
43.4,-85.9,1
43.4,-85.9,1
43.4,-85.9,1
43.4,-85.9,1
43.4,-85.9,1
43.4,-85.9,1
43.4,-85.9,1
43.4,-85.9,1
43.4,-85.9,1
43.4,-85.9,1
43.4,-85.9,1
43.4,-85.9,1
43.4,-85.9,1
43.4,-85.9,1
43.4,-85.9,1
43.4,-85.9,1
43.4,-85.9,1
43.4,-85.9,1
43.4,-85.9,1
43.4,-85.9,1
43.4,-85.9,1
43.4,-85.9,1
43.4,-85.9,1
43.4,-85.9,1
43.4,-85.9,1
43.4,-85.9,1
43.4,-85.9,1
43.4,-85.9,1
43.4,-85.9,1
43.4,-85.9,1
43.4,-85.9,1
43.4,-85.9,1
43.4,-85.9,1
43.4,-85.9,1
43.4,-85.9,1
43.4,-85.9,1
43.4,-85.9,1
43.4,-85.9,1
43.4,-85.9,1
43.4,-85.9,1
43.4,-85.9,1
43.4,-85.9,1
43.4,-85.9,1
43.4,-85.9,1
43.4,-85.9,1
43.4,-85.9,1
43.4,-85.9,1
43.4,-85.9,1
43.4,-85.9,1
43.4,-85.9,1
43.4,-85.9,1
43.4,-85.9,1
43.4,-85.9,1
43.4,-85.9,1
43.4,-85.9,1
43.4,-85.9,1
43.4,-85.9,1
43.4,-85.9,1
43.4,-85.9,1
43.4,-85.9,1
43.4,-85.9,1
43.4,-85.9,1
43.4,-85.9,1
43.4,-85.9,1
43.4,-85.9,1
43.4,-85.9,1
43.4,-85.9,1
43.4,-85.9,1
43.4,-85.9,1
43.4,-85.9,1
43.4,-85.9,1
43.4,-85.9,1
43.4,-85.9,1
43.4,-85.9,1
43.4,-85.9,1
43.4,-85.9,1
43.4,-85.9,1
43.4,-85.9,1
43.4,-85.9,1
43.4,-85.9,1
43.4,-85.9,1
43.4,-85.9,1
43.4,-85.9,1
43.4,-85.9,1
43.4,-85.9,1
43.4,-85.9,1
43.4,-85.9,1
43.4,-85.9,1
43.4,-85.9,1
43.4,-85.9,1
43.4,-85.9,1
43.4,-85.9,1
43.4,-85.9,1
43.4,-85.9,1
43.4,-85.9,1
43.4,-85.9,1
43.4,-85.9,1
43.4,-85.9,1
43.4,-85.9,1
43.4,-85.9,1
43.4,-85.9,1
43.4,-85.9,1
43.4,-85.9,1
43.4,-85.9,1
43.4,-85.9,1
43.4,-85.9,1
43.4,-85.9,1
43.4,-85.9,1
43.4,-85.9,1
43.4,-85.9,1
43.4,-85.9,1
43.4,-85.9,1
43.4,-85.9,1
43.4,-85.9,1
43.4,-85.9,1
43.4,-85.9,1
43.4,-85.9,1
43.4,-85.9,1
43.4,-85.9,1
43.4,-85.9,1
43.4,-85.9,1
43.4,-85.9,1
43.4,-85.9,1
43.4,-85.9,1
43.4,-85.9,1
43.4,-85.9,1
43.4,-85.9,1
43.4,-85.9,1
43.4,-85.9,1
43.4,-85.9,1
43.4,-85.9,1
43.4,-85.9,1
43.4,-85.9,1
43.4,-85.9,1
43.4,-85.9,1
43.4,-85.9,1
43.4,-85.9,1
43.4,-85.9,1
43.4,-85.9,1
43.4,-85.9,1
43.4,-85.9,1
43.4,-85.9,1
43.4,-85.9,1
43.4,-85.9,1
43.4,-85.9,1
43.4,-85.9,1
43.4,-85.9,1
43.4,-85.9,1
43.4,-85.9,1
43.4,-85.9,1
43.4,-85.9,1
43.4,-85.9,1
43.4,-85.9,1
43.4,-85.9,1
43.4,-85.9,1
43.4,-85.9,1
43.4,-85.9,1
43.4,-85.9,1
43.4,-85.9,1
43.4,-85.9,1
43.4,-85.9,1
43.4,-85.9,1
43.4,-85.9,1
43.4,-85.9,1
43.4,-85.9,1
43.4,-85.9,1
43.4,-85.9,1
43.4,-85.9,1
43.4,-85.9,1
43.4,-85.9,1
43.4,-85.9,1
43.4,-85.9,1
43.4,-85.9,1
43.4,-85.9,1
43.4,-85.9,1
43.4,-85.9,1
43.4,-85.9,1
43.4,-85.9,1
43.4,-85.9,1
43.4,-85.9,1
43.4,-85.9,1
43.4,-85.9,1
43.4,-85.9,1
43.4,-85.9,1
43.4,-85.9,1
43.4,-85.9,1
43.4,-85.9,1
43.4,-85.9,1
43.4,-85.9,1
43.4,-85.9,1
43.4,-85.9,1
43.4,-85.9,1
43.4,-85.9,1
43.4,-85.9,1
43.4,-85.9,1
43.4,-85.9,1
43.4,-85.9,1
43.4,-85.9,1
43.4,-85.9,1
43.4,-85.9,1
43.4,-85.9,1
43.4,-85.9,1
43.4,-85.9,1
43.4,-85.9,1
43.4,-85.9,1
43.4,-85.9,1
43.4,-85.9,1
43.4,-85.9,1
43.4,-85.9,1
43.4,-85.9,1
43.4,-85.9,1
43.4,-85.9,1
43.4,-85.9,1
43.4,-85.9,1
43.4,-85.9,1
43.4,-85.9,1
43.4,-85.9,1
43.4,-85.9,1
43.4,-85.9,1
43.4,-85.9,1
43.4,-85.9,1
43.4,-85.9,1
43.4,-85.9,1
43.4,-85.9,1
43.4,-85.9,1
43.4,-85.9,1
43.4,-85.9,1
43.4,-85.9,1
43.4,-85.9,1
43.4,-85.9,1
43.4,-85.9,1
43.4,-85.9,1
43.4,-85.9,1
43.4,-85.9,1
43.4,-85.9,1
43.4,-85.9,1
43.4,-85.9,1
43.4,-85.9,1
43.4,-85.9,1
43.4,-85.9,1
43.4,-85.9,1
43.4,-85.9,1
43.4,-85.9,1
43.4,-85.9,1
43.4,-85.9,1
43.4,-85.9,1
43.4,-85.9,1
43.4,-85.9,1
43.4,-85.9,1
43.4,-85.9,1
43.4,-85.9,1
43.4,-85.9,1
43.4,-85.9,1
43.4,-85.9,1
43.4,-85.9,1
43.4,-85.9,1
43.4,-85.9,1
43.4,-85.9,1
43.4,-85.9,1
43.4,-85.9,1
43.4,-85.9,1
43.4,-85.9,1
43.4,-85.9,1
43.4,-85.9,1
43.4,-85.9,1
43.4,-85.9,1
43.4,-85.9,1
43.4,-85.9,1
43.4,-85.9,1
43.4,-85.9,1
43.4,-85.9,1
43.4,-85.9,1
43.4,-85.9,1
43.4,-85.9,1
43.4,-85.9,1
43.4,-85.9,1
43.4,-85.9,1
43.4,-85.9,1
43.4,-85.9,1
43.4,-85.9,1
43.4,-85.9,1
43.4,-85.9,1
43.4,-85.9,1
43.4,-85.9,1
43.4,-85.9,1
43.4,-85.9,1
43.4,-85.9,1
43.4,-85.9,1
43.4,-85.9,1
43.4,-85.9,1
43.4,-85.9,1
43.4,-85.9,1
43.4,-85.9,1
43.4,-85.9,1
43.4,-85.9,1
43.4,-85.9,1
43.4,-85.9,1
43.4,-85.9,1
43.4,-85.9,1
43.4,-85.9,1
43.4,-85.9,1
43.4,-85.9,1
43.4,-85.9,1
43.4,-85.9,1
43.4,-85.9,1
43.4,-85.9,1
43.4,-85.9,1
43.4,-85.9,1
43.4,-85.9,1
43.4,-85.9,1
43.4,-85.9,1
43.4,-85.9,1
43.4,-85.9,1
43.4,-85.9,1
43.4,-85.9,1
43.4,-85.9,1
43.4,-85.9,1
43.4,-85.9,1
43.4,-85.9,1
43.4,-85.9,1
43.4,-85.9,1
43.4,-85.9,1
43.4,-85.9,1
43.4,-85.9,1
43.4,-85.9,1
43.4,-85.9,1
43.4,-85.9,1
43.4,-85.9,1
43.4,-85.9,1
43.4,-85.9,1
43.4,-85.9,1
43.4,-85.9,1
43.4,-85.9,1
43.4,-85.9,1
43.4,-85.9,1
43.4,-85.9,1
43.4,-85.9,1
43.4,-85.9,1
43.4,-85.9,1
43.4,-85.9,1
43.4,-85.9,1
43.4,-85.9,1
43.4,-85.9,1
43.4,-85.9,1
43.4,-85.9,1
43.4,-85.9,1
43.4,-85.9,1
43.4,-85.9,1
43.4,-85.9,1
43.4,-85.9,1
43.4,-85.9,1
43.4,-85.9,1
43.4,-85.9,1
43.4,-85.9,1
43.4,-85.9,1
43.4,-85.9,1
43.4,-85.9,1
43.4,-85.9,1
43.4,-85.9,1
43.4,-85.9,1
43.4,-85.9,1
43.4,-85.9,1
43.4,-85.9,1
43.4,-85.9,1
43.4,-85.9,1
43.4,-85.9,1
43.4,-85.9,1
43.4,-85.9,1
43.4,-85.9,1
43.4,-85.9,1
43.4,-85.9,1
43.4,-85.9,1
43.4,-85.9,1
43.4,-85.9,1
43.4,-85.9,1
43.4,-85.9,1
43.4,-85.9,1
43.4,-85.9,1
43.4,-85.9,1
43.4,-85.9,1
43.4,-85.9,1
43.4,-85.9,1
43.4,-85.9,1
43.4,-85.9,1
43.4,-85.9,1
43.4,-85.9,1
43.4,-85.9,1
43.4,-85.9,1
43.4,-85.9,1
43.4,-85.9,1
43.4,-85.9,1
43.4,-85.9,1
43.4,-85.9,1
43.4,-85.9,1
43.4,-85.9,1
43.4,-85.9,1
43.4,-85.9,1
43.4,-85.9,1
43.4,-85.9,1
43.4,-85.9,1
43.4,-85.9,1
43.4,-85.9,1
43.4,-85.9,1
43.4,-85.9,1
43.4,-85.9,1
43.4,-85.9,1
43.4,-85.9,1
43.4,-85.9,1
43.4,-85.9,1
43.4,-85.9,1
43.4,-85.9,1
43.4,-85.9,1
43.4,-85.9,1
43.4,-85.9,1
43.4,-85.9,1
43.4,-85.9,1
43.4,-85.9,1
43.4,-85.9,1
43.4,-85.9,1
43.4,-85.9,1
43.4,-85.9,1
43.4,-85.9,1
43.4,-85.9,1
43.4,-85.9,1
43.4,-85.9,1
43.4,-85.9,1
43.4,-85.9,1
43.4,-85.9,1
43.4,-85.9,1
43.4,-85.9,1
43.4,-85.9,1
43.4,-85.9,1
43.4,-85.9,1
43.4,-85.9,1
43.4,-85.9,1
43.4,-85.9,1
43.4,-85.9,1
43.4,-85.9,1
43.4,-85.9,1
43.4,-85.9,1
43.4,-85.9,1
43.4,-85.9,1
43.4,-85.9,1
43.4,-85.9,1
43.4,-85.9,1
43.4,-85.9,1
43.4,-85.9,1
43.4,-85.9,1
43.4,-85.9,1
43.4,-85.9,1
43.4,-85.9,1
43.4,-85.9,1
43.4,-85.9,1
43.4,-85.9,1
43.4,-85.9,1
43.4,-85.9,1
43.4,-85.9,1
43.4,-85.9,1
43.4,-85.9,1
43.4,-85.9,1
43.4,-85.9,1
43.4,-85.9,1
43.4,-85.9,1
43.4,-85.9,1
43.4,-85.9,1
43.4,-85.9,1
43.4,-85.9,1
43.4,-85.9,1
43.4,-85.9,1
43.4,-85.9,1
43.4,-85.9,1
43.4,-85.9,1
43.4,-85.9,1
43.4,-85.9,1
43.4,-85.9,1
43.4,-85.9,1
43.4,-85.9,1
43.4,-85.9,1
43.4,-85.9,1
43.4,-85.9,1
43.4,-85.9,1
43.4,-85.9,1
43.4,-85.9,1
43.4,-85.9,1
43.4,-85.9,1
43.4,-85.9,1
43.4,-85.9,1
43.4,-85.9,1
43.4,-85.9,1
43.4,-85.9,1
43.4,-85.9,1
43.4,-85.9,1
43.4,-85.9,1
43.4,-85.9,1
43.4,-85.9,1
43.4,-85.9,1
43.4,-85.9,1
43.4,-85.9,1
43.4,-85.9,1
43.4,-85.9,1
43.4,-85.9,1
43.4,-85.9,1
43.4,-85.9,1
43.4,-85.9,1
43.4,-85.9,1
43.4,-85.9,1
43.4,-85.9,1
43.4,-85.9,1
43.4,-85.9,1
43.4,-85.9,1
43.4,-85.9,1
43.4,-85.9,1
43.4,-85.9,1
43.4,-85.9,1
43.4,-85.9,1
43.4,-85.9,1
43.4,-85.9,1
43.4,-85.9,1
43.4,-85.9,1
43.4,-85.9,1
43.4,-85.9,1
43.4,-85.9,1
43.4,-85.9,1
43.4,-85.9,1
43.4,-85.9,1
43.4,-85.9,1
43.4,-85.9,1
43.4,-85.9,1
43.4,-85.9,1
43.4,-85.9,1
43.4,-85.9,1
43.4,-85.9,1
43.4,-85.9,1
43.4,-85.9,1
43.4,-85.9,1
43.4,-85.9,1
43.4,-85.9,1
43.4,-85.9,1
43.4,-85.9,1
43.4,-85.9,1
43.4,-85.9,1
43.4,-85.9,1
43.4,-85.9,1
43.4,-85.9,1
43.4,-85.9,1
43.4,-85.9,1
43.4,-85.9,1
43.4,-85.9,1
43.4,-85.9,1
43.4,-85.9,1
43.4,-85.9,1
43.4,-85.9,1
43.4,-85.9,1
43.4,-85.9,1
43.4,-85.9,1
43.4,-85.9,1
43.4,-85.9,1
43.4,-85.9,1
43.4,-85.9,1
43.4,-85.9,1
43.4,-85.9,1
43.4,-85.9,1
43.4,-85.9,1
43.4,-85.9,1
43.4,-85.9,1
43.4,-85.9,1
43.4,-85.9,1
43.4,-85.9,1
43.4,-85.9,1
43.4,-85.9,1
43.4,-85.9,1
43.4,-85.9,1
43.4,-85.9,1
43.4,-85.9,1
43.4,-85.9,1
43.4,-85.9,1
43.4,-85.9,1
43.4,-85.9,1
43.4,-85.9,1
43.4,-85.9,1
43.4,-85.9,1
43.4,-85.9,1
43.4,-85.9,1
43.4,-85.9,1
43.4,-85.9,1
43.4,-85.9,1
43.4,-85.9,1
43.4,-85.9,1
43.4,-85.9,1
43.4,-85.9,1
43.4,-85.9,1
43.4,-85.9,1
43.4,-85.9,1
43.4,-85.9,1
43.4,-85.9,1
43.4,-85.9,1
43.4,-85.9,1
43.4,-85.9,1
43.4,-85.9,1
43.4,-85.9,1
43.4,-85.9,1
43.4,-85.9,1
43.4,-85.9,1
43.4,-85.9,1
43.4,-85.9,1
43.4,-85.9,1
43.4,-85.9,1
43.4,-85.9,1
43.4,-85.9,1
43.4,-85.9,1
43.4,-85.9,1
43.4,-85.9,1
43.4,-85.9,1
43.4,-85.9,1
43.4,-85.9,1
43.4,-85.9,1
43.4,-85.9,1
43.4,-85.9,1
43.4,-85.9,1
43.4,-85.9,1
43.4,-85.9,1
43.4,-85.9,1
43.4,-85.9,1
43.4,-85.9,1
43.4,-85.9,1
43.4,-85.9,1
43.4,-85.9,1
43.4,-85.9,1
43.4,-85.9,1
43.4,-85.9,1
43.4,-85.9,1
43.4,-85.9,1
43.4,-85.9,1
43.4,-85.9,1
43.4,-85.9,1
43.4,-85.9,1
43.4,-85.9,1
43.4,-85.9,1
43.4,-85.9,1
43.4,-85.9,1
43.4,-85.9,1
43.4,-85.9,1
43.4,-85.9,1
43.4,-85.9,1
43.4,-85.9,1
43.4,-85.9,1
43.4,-85.9,1
43.4,-85.9,1
43.4,-85.9,1
43.4,-85.9,1
43.4,-85.9,1
43.4,-85.9,1
43.4,-85.9,1
43.4,-85.9,1
43.4,-85.9,1
43.4,-85.9,1
43.4,-85.9,1
43.4,-85.9,1
43.4,-85.9,1
43.4,-85.9,1
43.4,-85.9,1
43.4,-85.9,1
43.4,-85.9,1
43.4,-85.9,1
43.4,-85.9,1
43.4,-85.9,1
43.4,-85.9,1
43.4,-85.9,1
43.4,-85.9,1
43.4,-85.9,1
43.4,-85.9,1
43.4,-85.9,1
43.4,-85.9,1
43.4,-85.9,1
43.4,-85.9,1
43.4,-85.9,1
43.4,-85.9,1
43.4,-85.9,1
43.4,-85.9,1
43.4,-85.9,1
43.4,-85.9,1
43.4,-85.9,1
43.4,-85.9,1
43.4,-85.9,1
43.4,-85.9,1
43.4,-85.9,1
43.4,-85.9,1
43.4,-85.9,1
43.4,-85.9,1
43.4,-85.9,1
43.4,-85.9,1
43.4,-85.9,1
43.4,-85.9,1
43.4,-85.9,1
43.4,-85.9,1
43.4,-85.9,1
43.4,-85.9,1
43.4,-85.9,1
43.4,-85.9,1
43.4,-85.9,1
43.4,-85.9,1
43.4,-85.9,1
43.4,-85.9,1
43.4,-85.9,1
43.4,-85.9,1
43.4,-85.9,1
43.4,-85.9,1
43.4,-85.9,1
43.4,-85.9,1
43.4,-85.9,1
43.4,-85.9,1
43.4,-85.9,1
43.4,-85.9,1
43.4,-85.9,1
43.4,-85.9,1
43.4,-85.9,1
43.4,-85.9,1
43.4,-85.9,1
43.4,-85.9,1
43.4,-85.9,1
43.4,-85.9,1
43.4,-85.9,1
43.4,-85.9,1
43.4,-85.9,1
43.4,-85.9,1
43.4,-85.9,1
43.4,-85.9,1
43.4,-85.9,1
43.4,-85.9,1
43.4,-85.9,1
43.4,-85.9,1
43.4,-85.9,1
43.4,-85.9,1
43.4,-85.9,1
43.4,-85.9,1
43.4,-85.9,1
43.4,-85.9,1
43.4,-85.9,1
43.4,-85.9,1
43.4,-85.9,1
43.4,-85.9,1
43.4,-85.9,1
43.4,-85.9,1
43.4,-85.9,1
43.4,-85.9,1
43.4,-85.9,1
43.4,-85.9,1
43.4,-85.9,1
43.4,-85.9,1
43.4,-85.9,1
43.4,-85.9,1
43.4,-85.9,1
43.4,-85.9,1
43.4,-85.9,1
43.4,-85.9,1
43.4,-85.9,1
43.4,-85.9,1
43.4,-85.9,1
43.4,-85.9,1
43.4,-85.9,1
43.4,-85.9,1
43.4,-85.9,1
43.4,-85.9,1
43.4,-85.9,1
43.4,-85.9,1
43.4,-85.9,1
43.4,-85.9,1
43.4,-85.9,1
43.4,-85.9,1
43.4,-85.9,1
43.4,-85.9,1
43.4,-85.9,1
43.4,-85.9,1
43.4,-85.9,1
43.4,-85.9,1
43.4,-85.9,1
43.4,-85.9,1
43.4,-85.9,1
43.4,-85.9,1
43.4,-85.9,1
43.4,-85.9,1
43.4,-85.9,1
43.4,-85.9,1
43.4,-85.9,1
43.4,-85.9,1
43.4,-85.9,1
43.4,-85.9,1
43.4,-85.9,1
43.4,-85.9,1
43.4,-85.9,1
43.4,-85.9,1
43.4,-85.9,1
43.4,-85.9,1
43.4,-85.9,1
43.4,-85.9,1
43.4,-85.9,1
43.4,-85.9,1
43.4,-85.9,1
43.4,-85.9,1
43.4,-85.9,1
43.4,-85.9,1
43.4,-85.9,1
43.4,-85.9,1
43.4,-85.9,1
43.4,-85.9,1
43.4,-85.9,1
43.4,-85.9,1
43.4,-85.9,1
43.4,-85.9,1
43.4,-85.9,1
43.4,-85.9,1
43.4,-85.9,1
43.4,-85.9,1
43.4,-85.9,1
43.4,-85.9,1
43.4,-85.9,1
43.4,-85.9,1
43.4,-85.9,1
43.4,-85.9,1
43.4,-85.9,1
43.4,-85.9,1
43.4,-85.9,1
43.4,-85.9,1
43.4,-85.9,1
43.4,-85.9,1
43.4,-85.9,1
43.4,-85.9,1
43.4,-85.9,1
43.4,-85.9,1
43.4,-85.9,1
43.4,-85.9,1
43.4,-85.9,1
43.4,-85.9,1
43.4,-85.9,1
43.4,-85.9,1
43.4,-85.9,1
43.4,-85.9,1
43.4,-85.9,1
43.4,-85.9,1
43.4,-85.9,1
43.4,-85.9,1
43.4,-85.9,1
43.4,-85.9,1
43.4,-85.9,1
43.4,-85.9,1
43.4,-85.9,1
43.4,-85.9,1
43.4,-85.9,1
43.4,-85.9,1
43.4,-85.9,1
43.4,-85.9,1
43.4,-85.9,1
43.4,-85.9,1
43.4,-85.9,1
43.4,-85.9,1
43.4,-85.9,1
43.4,-85.9,1
43.4,-85.9,1
43.4,-85.9,1
43.4,-85.9,1
43.4,-85.9,1
43.4,-85.9,1
43.4,-85.9,1
43.4,-85.9,1
43.4,-85.9,1
43.4,-85.9,1
43.4,-85.9,1
43.4,-85.9,1
43.4,-85.9,1
43.4,-85.9,1
43.4,-85.9,1
43.4,-85.9,1
43.4,-85.9,1
43.4,-85.9,1
43.4,-85.9,1
43.4,-85.9,1
43.4,-85.9,1
43.4,-85.9,1
43.4,-85.9,1
43.4,-85.9,1
43.4,-85.9,1
43.4,-85.9,1
43.4,-85.9,1
43.4,-85.9,1
43.4,-85.9,1
43.4,-85.9,1
43.4,-85.9,1
43.4,-85.9,1
43.4,-85.9,1
43.4,-85.9,1
43.4,-85.9,1
43.4,-85.9,1
43.4,-85.9,1
43.4,-85.9,1
43.4,-85.9,1
43.4,-85.9,1
43.4,-85.9,1
43.4,-85.9,1
43.4,-85.9,1
43.4,-85.9,1
43.4,-85.9,1
43.4,-85.9,1
43.4,-85.9,1
43.4,-85.9,1
43.4,-85.9,1
43.4,-85.9,1
43.4,-85.9,1
43.4,-85.9,1
43.4,-85.9,1
43.4,-85.9,1
43.4,-85.9,1
43.4,-85.9,1
43.4,-85.9,1
43.4,-85.9,1
43.4,-85.9,1
43.4,-85.9,1
43.4,-85.9,1
43.4,-85.9,1
43.4,-85.9,1
43.4,-85.9,1
43.4,-85.9,1
43.4,-85.9,1
43.4,-85.9,1
43.4,-85.9,1
43.4,-85.9,1
43.4,-85.9,1
43.4,-85.9,1
43.4,-85.9,1
43.4,-85.9,1
43.4,-85.9,1
43.4,-85.9,1
43.4,-85.9,1
43.4,-85.9,1
43.4,-85.9,1
43.4,-85.9,1
43.4,-85.9,1
43.4,-85.9,1
43.4,-85.9,1
43.4,-85.9,1
43.4,-85.9,1
43.4,-85.9,1
43.4,-85.9,1
43.4,-85.9,1
43.4,-85.9,1
43.4,-85.9,1
43.4,-85.9,1
43.4,-85.9,1
43.4,-85.9,1
43.4,-85.9,1
43.4,-85.9,1
43.4,-85.9,1
43.4,-85.9,1
43.4,-85.9,1
43.4,-85.9,1
43.4,-85.9,1
43.4,-85.9,1
43.4,-85.9,1
43.4,-85.9,1
43.4,-85.9,1
43.4,-85.9,1
43.4,-85.9,1
43.4,-85.9,1
43.4,-85.9,1
43.4,-85.9,1
43.4,-85.9,1
43.4,-85.9,1
43.4,-85.9,1
43.4,-85.9,1
43.4,-85.9,1
43.4,-85.9,1
43.4,-85.9,1
43.4,-85.9,1
43.4,-85.9,1
43.4,-85.9,1
43.4,-85.9,1
43.4,-85.9,1
43.4,-85.9,1
43.4,-85.9,1
43.4,-85.9,1
43.4,-85.9,1
43.4,-85.9,1
43.4,-85.9,1
43.4,-85.9,1
43.4,-85.9,1
43.4,-85.9,1
43.4,-85.9,1
43.4,-85.9,1
43.4,-85.9,1
43.4,-85.9,1
43.4,-85.9,1
43.4,-85.9,1
43.4,-85.9,1
43.4,-85.9,1
43.4,-85.9,1
43.4,-85.9,1
43.4,-85.9,1
43.4,-85.9,1
43.4,-85.9,1
43.4,-85.9,1
43.4,-85.9,1
43.4,-85.9,1
43.4,-85.9,1
43.4,-85.9,1
43.4,-85.9,1
43.4,-85.9,1
43.4,-85.9,1
43.4,-85.9,1
43.4,-85.9,1
43.4,-85.9,1
43.4,-85.9,1
43.4,-85.9,1
43.4,-85.9,1
43.4,-85.9,1
43.4,-85.9,1
43.4,-85.9,1
43.4,-85.9,1
43.4,-85.9,1
43.4,-85.9,1
43.4,-85.9,1
43.4,-85.9,1
43.4,-85.9,1
43.4,-85.9,1
43.4,-85.9,1
43.4,-85.9,1
43.4,-85.9,1
43.4,-85.9,1
43.4,-85.9,1
43.4,-85.9,1
43.4,-85.9,1
43.4,-85.9,1
43.4,-85.9,1
43.4,-85.9,1
43.4,-85.9,1
43.4,-85.9,1
43.4,-85.9,1
43.4,-85.9,1
43.4,-85.9,1
43.4,-85.9,1
43.4,-85.9,1
43.4,-85.9,1
43.4,-85.9,1
43.4,-85.9,1
43.4,-85.9,1
43.4,-85.9,1
43.4,-85.9,1
43.4,-85.9,1
43.4,-85.9,1
43.4,-85.9,1
43.4,-85.9,1
43.4,-85.9,1
43.4,-85.9,1
43.4,-85.9,1
43.4,-85.9,1
43.4,-85.9,1
43.4,-85.9,1
43.4,-85.9,1
43.4,-85.9,1
43.4,-85.9,1
43.4,-85.9,1
43.4,-85.9,1
43.4,-85.9,1
43.4,-85.9,1
43.4,-85.9,1
43.4,-85.9,1
43.4,-85.9,1
43.4,-85.9,1
43.4,-85.9,1
43.4,-85.9,1
43.4,-85.9,1
43.4,-85.9,1
43.4,-85.9,1
43.4,-85.9,1
43.4,-85.9,1
43.4,-85.9,1
43.4,-85.9,1
43.4,-85.9,1
43.4,-85.9,1
43.4,-85.9,1
43.4,-85.9,1
43.4,-85.9,1
43.4,-85.9,1
43.4,-85.9,1
43.4,-85.9,1
43.4,-85.9,1
43.4,-85.9,1
43.4,-85.9,1
43.4,-85.9,1
43.4,-85.9,1
43.4,-85.9,1
43.4,-85.9,1
43.4,-85.9,1
43.4,-85.9,1
43.4,-85.9,1
43.4,-85.9,1
43.4,-85.9,1
43.4,-85.9,1
43.4,-85.9,1
43.4,-85.9,1
43.4,-85.9,1
43.4,-85.9,1
43.4,-85.9,1
43.4,-85.9,1
43.4,-85.9,1
43.4,-85.9,1
43.4,-85.9,1
43.4,-85.9,1
43.4,-85.9,1
43.4,-85.9,1
43.4,-85.9,1
43.4,-85.9,1
43.4,-85.9,1
43.4,-85.9,1
43.4,-85.9,1
43.4,-85.9,1
43.4,-85.9,1
43.4,-85.9,1
43.4,-85.9,1
43.4,-85.9,1
43.4,-85.9,1
43.4,-85.9,1
43.4,-85.9,1
43.4,-85.9,1
43.4,-85.9,1
43.4,-85.9,1
43.4,-85.9,1
43.4,-85.9,1
43.4,-85.9,1
43.4,-85.9,1
43.4,-85.9,1
43.4,-85.9,1
43.4,-85.9,1
43.4,-85.9,1
43.4,-85.9,1
43.4,-85.9,1
43.4,-85.9,1
43.4,-85.9,1
43.4,-85.9,1
43.4,-85.9,1
43.4,-85.9,1
43.4,-85.9,1
43.4,-85.9,1
43.4,-85.9,1
43.4,-85.9,1
43.4,-85.9,1
43.4,-85.9,1
43.4,-85.9,1
43.4,-85.9,1
43.4,-85.9,1
43.4,-85.9,1
43.4,-85.9,1
43.4,-85.9,1
43.4,-85.9,1
43.4,-85.9,1
43.4,-85.9,1
43.4,-85.9,1
43.4,-85.9,1
43.4,-85.9,1
43.4,-85.9,1
43.4,-85.9,1
43.4,-85.9,1
43.4,-85.9,1
43.4,-85.9,1
43.4,-85.9,1
43.4,-85.9,1
43.4,-85.9,1
43.4,-85.9,1
43.4,-85.9,1
43.4,-85.9,1
43.4,-85.9,1
43.4,-85.9,1
43.4,-85.9,1
43.4,-85.9,1
43.4,-85.9,1
43.4,-85.9,1
43.4,-85.9,1
43.4,-85.9,1
43.4,-85.9,1
43.4,-85.9,1
43.4,-85.9,1
43.4,-85.9,1
43.4,-85.9,1
43.4,-85.9,1
43.4,-85.9,1
43.4,-85.9,1
43.4,-85.9,1
43.4,-85.9,1
43.4,-85.9,1
43.4,-85.9,1
43.4,-85.9,1
43.4,-85.9,1
43.4,-85.9,1
43.4,-85.9,1
43.4,-85.9,1
43.4,-85.9,1
43.4,-85.9,1
43.4,-85.9,1
43.4,-85.9,1
43.4,-85.9,1
43.4,-85.9,1
43.4,-85.9,1
43.4,-85.9,1
43.4,-85.9,1
43.4,-85.9,1
43.4,-85.9,1
43.4,-85.9,1
43.4,-85.9,1
43.4,-85.9,1
43.4,-85.9,1
43.4,-85.9,1
43.4,-85.9,1
43.4,-85.9,1
43.4,-85.9,1
43.4,-85.9,1
43.4,-85.9,1
43.4,-85.9,1
43.4,-85.9,1
43.4,-85.9,1
43.4,-85.9,1
43.4,-85.9,1
43.4,-85.9,1
43.4,-85.9,1
43.4,-85.9,1
43.4,-85.9,1
43.4,-85.9,1
43.4,-85.9,1
43.4,-85.9,1
43.4,-85.9,1
43.4,-85.9,1
43.4,-85.9,1
43.4,-85.9,1
43.4,-85.9,1
43.4,-85.9,1
43.4,-85.9,1
43.4,-85.9,1
43.4,-85.9,1
43.4,-85.9,1
43.4,-85.9,1
43.4,-85.9,1
43.4,-85.9,1
43.4,-85.9,1
43.4,-85.9,1
43.4,-85.9,1
43.4,-85.9,1
43.4,-85.9,1
43.4,-85.9,1
43.4,-85.9,1
43.4,-85.9,1
43.4,-85.9,1
43.4,-85.9,1
43.4,-85.9,1
43.4,-85.9,1
43.4,-85.9,1
43.4,-85.9,1
43.4,-85.9,1
43.4,-85.9,1
43.4,-85.9,1
43.4,-85.9,1
43.4,-85.9,1
43.4,-85.9,1
43.4,-85.9,1
43.4,-85.9,1
43.4,-85.9,1
43.4,-85.9,1
43.4,-85.9,1
43.4,-85.9,1
43.4,-85.9,1
43.4,-85.9,1
43.4,-85.9,1
43.4,-85.9,1
43.4,-85.9,1
43.4,-85.9,1
43.4,-85.9,1
43.4,-85.9,1
43.4,-85.9,1
43.4,-85.9,1
43.4,-85.9,1
43.4,-85.9,1
43.4,-85.9,1
43.4,-85.9,1
43.4,-85.9,1
43.4,-85.9,1
43.4,-85.9,1
43.4,-85.9,1
43.4,-85.9,1
43.4,-85.9,1
43.4,-85.9,1
43.4,-85.9,1
43.4,-85.9,1
43.4,-85.9,1
43.4,-85.9,1
43.4,-85.9,1
43.4,-85.9,1
43.4,-85.9,1
43.4,-85.9,1
43.4,-85.9,1
43.4,-85.9,1
43.4,-85.9,1
43.4,-85.9,1
43.4,-85.9,1
43.4,-85.9,1
43.4,-85.9,1
43.4,-85.9,1
43.4,-85.9,1
43.4,-85.9,1
43.4,-85.9,1
43.4,-85.9,1
43.4,-85.9,1
43.4,-85.9,1
43.4,-85.9,1
43.4,-85.9,1
43.4,-85.9,1
43.4,-85.9,1
43.4,-85.9,1
43.4,-85.9,1
43.4,-85.9,1
43.4,-85.9,1
43.4,-85.9,1
43.4,-85.9,1
43.4,-85.9,1
43.4,-85.9,1
43.4,-85.9,1
43.4,-85.9,1
43.4,-85.9,1
43.4,-85.9,1
43.4,-85.9,1
43.4,-85.9,1
43.4,-85.9,1
43.4,-85.9,1
43.4,-85.9,1
43.4,-85.9,1
43.4,-85.9,1
43.4,-85.9,1
43.4,-85.9,1
43.4,-85.9,1
43.4,-85.9,1
43.4,-85.9,1
43.4,-85.9,1
43.4,-85.9,1
43.4,-85.9,1
43.4,-85.9,1
43.4,-85.9,1
43.4,-85.9,1
43.4,-85.9,1
43.4,-85.9,1
43.4,-85.9,1
43.4,-85.9,1
43.4,-85.9,1
43.4,-85.9,1
43.4,-85.9,1
43.4,-85.9,1
43.4,-85.9,1
43.4,-85.9,1
43.4,-85.9,1
43.4,-85.9,1
43.4,-85.9,1
43.4,-85.9,1
43.4,-85.9,1
43.4,-85.9,1
43.4,-85.9,1
43.4,-85.9,1
43.4,-85.9,1
43.4,-85.9,1
43.4,-85.9,1
43.4,-85.9,1
43.4,-85.9,1
43.4,-85.9,1
43.4,-85.9,1
43.4,-85.9,1
43.4,-85.9,1
43.4,-85.9,1
43.4,-85.9,1
43.4,-85.9,1
43.4,-85.9,1
43.4,-85.9,1
43.4,-85.9,1
43.4,-85.9,1
43.4,-85.9,1
43.4,-85.9,1
43.4,-85.9,1
43.4,-85.9,1
43.4,-85.9,1
43.4,-85.9,1
43.4,-85.9,1
43.4,-85.9,1
43.4,-85.9,1
43.4,-85.9,1
43.4,-85.9,1
43.4,-85.9,1
43.4,-85.9,1
43.4,-85.9,1
43.4,-85.9,1
43.4,-85.9,1
43.4,-85.9,1
43.4,-85.9,1
43.4,-85.9,1
43.4,-85.9,1
43.4,-85.9,1
43.4,-85.9,1
43.4,-85.9,1
43.4,-85.9,1
43.4,-85.9,1
43.4,-85.9,1
43.4,-85.9,1
43.4,-85.9,1
43.4,-85.9,1
43.4,-85.9,1
43.4,-85.9,1
43.4,-85.9,1
43.4,-85.9,1
43.4,-85.9,1
43.4,-85.9,1
43.4,-85.9,1
43.4,-85.9,1
43.4,-85.9,1
43.4,-85.9,1
43.4,-85.9,1
43.4,-85.9,1
43.4,-85.9,1
43.4,-85.9,1
43.4,-85.9,1
43.4,-85.9,1
43.4,-85.9,1
43.4,-85.9,1
43.4,-85.9,1
43.4,-85.9,1
43.4,-85.9,1
43.4,-85.9,1
43.4,-85.9,1
43.4,-85.9,1
43.4,-85.9,1
43.4,-85.9,1
43.4,-85.9,1
43.4,-85.9,1
43.4,-85.9,1
43.4,-85.9,1
43.4,-85.9,1
43.4,-85.9,1
43.4,-85.9,1
43.4,-85.9,1
43.4,-85.9,1
43.4,-85.9,1
43.4,-85.9,1
43.4,-85.9,1
43.4,-85.9,1
43.4,-85.9,1
43.4,-85.9,1
43.4,-85.9,1
43.4,-85.9,1
43.4,-85.9,1
43.4,-85.9,1
43.4,-85.9,1
43.4,-85.9,1
43.4,-85.9,1
43.4,-85.9,1
43.4,-85.9,1
43.4,-85.9,1
43.4,-85.9,1
43.4,-85.9,1
43.4,-85.9,1
43.4,-85.9,1
43.4,-85.9,1
43.4,-85.9,1
43.4,-85.9,1
43.4,-85.9,1
43.4,-85.9,1
43.4,-85.9,1
43.4,-85.9,1
43.4,-85.9,1
43.4,-85.9,1
43.4,-85.9,1
43.4,-85.9,1
43.4,-85.9,1
43.4,-85.9,1
43.4,-85.9,1
43.4,-85.9,1
43.4,-85.9,1
43.4,-85.9,1
43.4,-85.9,1
43.4,-85.9,1
43.4,-85.9,1
43.4,-85.9,1
43.4,-85.9,1
43.4,-85.9,1
43.4,-85.9,1
43.4,-85.9,1
43.4,-85.9,1
43.4,-85.9,1
43.4,-85.9,1
43.4,-85.9,1
43.4,-85.9,1
43.4,-85.9,1
43.4,-85.9,1
43.4,-85.9,1
43.4,-85.9,1
43.4,-85.9,1
43.4,-85.9,1
43.4,-85.9,1
43.4,-85.9,1
43.4,-85.9,1
43.4,-85.9,1
43.4,-85.9,1
43.4,-85.9,1
43.4,-85.9,1
43.4,-85.9,1
43.4,-85.9,1
43.4,-85.9,1
43.4,-85.9,1
43.4,-85.9,1
43.4,-85.9,1
43.4,-85.9,1
43.4,-85.9,1
43.4,-85.9,1
43.4,-85.9,1
43.4,-85.9,1
43.4,-85.9,1
43.4,-85.9,1
43.4,-85.9,1
43.4,-85.9,1
43.4,-85.9,1
43.4,-85.9,1
43.4,-85.9,1
43.4,-85.9,1
43.4,-85.9,1
43.4,-85.9,1
43.4,-85.9,1
43.4,-85.9,1
43.4,-85.9,1
43.4,-85.9,1
43.4,-85.9,1
43.4,-85.9,1
43.4,-85.9,1
43.4,-85.9,1
43.4,-85.9,1
43.4,-85.9,1
43.4,-85.9,1
43.4,-85.9,1
43.4,-85.9,1
43.4,-85.9,1
43.4,-85.9,1
43.4,-85.9,1
43.4,-85.9,1
43.4,-85.9,1
43.4,-85.9,1
43.4,-85.9,1
43.4,-85.9,1
43.4,-85.9,1
43.4,-85.9,1
43.4,-85.9,1
43.4,-85.9,1
43.4,-85.9,1
43.4,-85.9,1
43.4,-85.9,1
43.4,-85.9,1
43.4,-85.9,1
43.4,-85.9,1
43.4,-85.9,1
43.4,-85.9,1
43.4,-85.9,1
43.4,-85.9,1
43.4,-85.9,1
43.4,-85.9,1
43.4,-85.9,1
43.4,-85.9,1
43.4,-85.9,1
43.4,-85.9,1
43.4,-85.9,1
43.4,-85.9,1
43.4,-85.9,1
43.4,-85.9,1
43.4,-85.9,1
43.4,-85.9,1
43.4,-85.9,1
43.4,-85.9,1
43.4,-85.9,1
43.4,-85.9,1
43.4,-85.9,1
43.4,-85.9,1
43.4,-85.9,1
43.4,-85.9,1
43.4,-85.9,1
43.4,-85.9,1
43.4,-85.9,1
43.4,-85.9,1
43.4,-85.9,1
43.4,-85.9,1
43.4,-85.9,1
43.4,-85.9,1
43.4,-85.9,1
43.4,-85.9,1
43.4,-85.9,1
43.4,-85.9,1
43.4,-85.9,1
43.4,-85.9,1
43.4,-85.9,1
43.4,-85.9,1
43.4,-85.9,1
43.4,-85.9,1
43.4,-85.9,1
43.4,-85.9,1
43.4,-85.9,1
43.4,-85.9,1
43.4,-85.9,1
43.4,-85.9,1
43.4,-85.9,1
43.4,-85.9,1
43.4,-85.9,1
43.4,-85.9,1
43.4,-85.9,1
43.4,-85.9,1
43.4,-85.9,1
43.4,-85.9,1
43.4,-85.9,1
43.4,-85.9,1
43.4,-85.9,1
43.4,-85.9,1
43.4,-85.9,1
43.4,-85.9,1
43.4,-85.9,1
43.4,-85.9,1
43.4,-85.9,1
43.4,-85.9,1
43.4,-85.9,1
43.4,-85.9,1
43.4,-85.9,1
43.4,-85.9,1
43.4,-85.9,1
43.4,-85.9,1
43.4,-85.9,1
43.4,-85.9,1
43.4,-85.9,1
43.4,-85.9,1
43.4,-85.9,1
43.4,-85.9,1
43.4,-85.9,1
43.4,-85.9,1
43.4,-85.9,1
43.4,-85.9,1
43.4,-85.9,1
43.4,-85.9,1
43.4,-85.9,1
43.4,-85.9,1
43.4,-85.9,1
43.4,-85.9,1
43.4,-85.9,1
43.4,-85.9,1
43.4,-85.9,1
43.4,-85.9,1
43.4,-85.9,1
43.4,-85.9,1
43.4,-85.9,1
43.4,-85.9,1
43.4,-85.9,1
43.4,-85.9,1
43.4,-85.9,1
43.4,-85.9,1
43.4,-85.9,1
43.4,-85.9,1
43.4,-85.9,1
43.4,-85.9,1
43.4,-85.9,1
43.4,-85.9,1
43.4,-85.9,1
43.4,-85.9,1
43.4,-85.9,1
43.4,-85.9,1
43.4,-85.9,1
43.4,-85.9,1
43.4,-85.9,1
43.4,-85.9,1
43.4,-85.9,1
43.4,-85.9,1
43.4,-85.9,1
43.4,-85.9,1
43.4,-85.9,1
43.4,-85.9,1
43.4,-85.9,1
43.4,-85.9,1
43.4,-85.9,1
43.4,-85.9,1
43.4,-85.9,1
43.4,-85.9,1
43.4,-85.9,1
43.4,-85.9,1
43.4,-85.9,1
43.4,-85.9,1
43.4,-85.9,1
43.4,-85.9,1
43.4,-85.9,1
43.4,-85.9,1
43.4,-85.9,1
43.4,-85.9,1
43.4,-85.9,1
43.4,-85.9,1
43.4,-85.9,1
43.4,-85.9,1
43.4,-85.9,1
43.4,-85.9,1
43.4,-85.9,1
43.4,-85.9,1
43.4,-85.9,1
43.4,-85.9,1
43.4,-85.9,1
43.4,-85.9,1
43.4,-85.9,1
43.4,-85.9,1
43.4,-85.9,1
43.4,-85.9,1
43.4,-85.9,1
43.4,-85.9,1
43.4,-85.9,1
43.4,-85.9,1
43.4,-85.9,1
43.4,-85.9,1
43.4,-85.9,1
43.4,-85.9,1
43.4,-85.9,1
43.4,-85.9,1
43.4,-85.9,1
43.4,-85.9,1
43.4,-85.9,1
43.4,-85.9,1
43.4,-85.9,1
43.4,-85.9,1
43.4,-85.9,1
43.4,-85.9,1
43.4,-85.9,1
43.4,-85.9,1
43.4,-85.9,1
43.4,-85.9,1
43.4,-85.9,1
43.4,-85.9,1
43.4,-85.9,1
43.4,-85.9,1
43.4,-85.9,1
43.4,-85.9,1
43.4,-85.9,1
43.4,-85.9,1
43.4,-85.9,1
43.4,-85.9,1
43.4,-85.9,1
43.4,-85.9,1
43.4,-85.9,1
43.4,-85.9,1
43.4,-85.9,1
43.4,-85.9,1
43.4,-85.9,1
43.4,-85.9,1
43.4,-85.9,1
43.4,-85.9,1
43.4,-85.9,1
43.4,-85.9,1
43.4,-85.9,1
43.4,-85.9,1
43.4,-85.9,1
43.4,-85.9,1
43.4,-85.9,1
43.4,-85.9,1
43.4,-85.9,1
43.4,-85.9,1
43.4,-85.9,1
43.4,-85.9,1
43.4,-85.9,1
43.4,-85.9,1
43.4,-85.9,1
43.4,-85.9,1
43.4,-85.9,1
43.4,-85.9,1
43.4,-85.9,1
43.4,-85.9,1
43.4,-85.9,1
43.4,-85.9,1
43.4,-85.9,1
43.4,-85.9,1
43.4,-85.9,1
43.4,-85.9,1
43.4,-85.9,1
43.4,-85.9,1
43.4,-85.9,1
43.4,-85.9,1
43.4,-85.9,1
43.4,-85.9,1
43.4,-85.9,1
43.4,-85.9,1
43.4,-85.9,1
43.4,-85.9,1
43.4,-85.9,1
43.4,-85.9,1
43.4,-85.9,1
43.4,-85.9,1
43.4,-85.9,1
43.4,-85.9,1
43.4,-85.9,1
43.4,-85.9,1
43.4,-85.9,1
43.4,-85.9,1
43.4,-85.9,1
43.4,-85.9,1
43.4,-85.9,1
43.4,-85.9,1
43.4,-85.9,1
43.4,-85.9,1
43.4,-85.9,1
43.4,-85.9,1
43.4,-85.9,1
43.4,-85.9,1
43.4,-85.9,1
43.4,-85.9,1
43.4,-85.9,1
43.4,-85.9,1
43.4,-85.9,1
43.4,-85.9,1
43.4,-85.9,1
43.4,-85.9,1
43.4,-85.9,1
43.4,-85.9,1
43.4,-85.9,1
43.4,-85.9,1
43.4,-85.9,1
43.4,-85.9,1
43.4,-85.9,1
43.4,-85.9,1
43.4,-85.9,1
43.4,-85.9,1
43.4,-85.9,1
43.4,-85.9,1
43.4,-85.9,1
43.4,-85.9,1
43.4,-85.9,1
43.4,-85.9,1
43.4,-85.9,1
43.4,-85.9,1
43.4,-85.9,1
43.4,-85.9,1
43.4,-85.9,1
43.4,-85.9,1
43.4,-85.9,1
43.4,-85.9,1
43.4,-85.9,1
43.4,-85.9,1
43.4,-85.9,1
43.4,-85.9,1
43.4,-85.9,1
43.4,-85.9,1
43.4,-85.9,1
43.4,-85.9,1
43.4,-85.9,1
43.4,-85.9,1
43.4,-85.9,1
43.4,-85.9,1
43.4,-85.9,1
43.4,-85.9,1
43.4,-85.9,1
43.4,-85.9,1
43.4,-85.9,1
43.4,-85.9,1
43.4,-85.9,1
43.4,-85.9,1
43.4,-85.9,1
43.4,-85.9,1
43.4,-85.9,1
43.4,-85.9,1
43.4,-85.9,1
43.4,-85.9,1
43.4,-85.9,1
43.4,-85.9,1
43.4,-85.9,1
43.4,-85.9,1
43.4,-85.9,1
43.4,-85.9,1
43.4,-85.9,1
43.4,-85.9,1
43.4,-85.9,1
43.4,-85.9,1
43.4,-85.9,1
43.4,-85.9,1
43.4,-85.9,1
43.4,-85.9,1
43.4,-85.9,1
43.4,-85.9,1
43.4,-85.9,1
43.4,-85.9,1
43.4,-85.9,1
43.4,-85.9,1
43.4,-85.9,1
43.4,-85.9,1
43.4,-85.9,1
43.4,-85.9,1
43.4,-85.9,1
43.4,-85.9,1
43.4,-85.9,1
43.4,-85.9,1
43.4,-85.9,1
43.4,-85.9,1
43.4,-85.9,1
43.4,-85.9,1
43.4,-85.9,1
43.4,-85.9,1
43.4,-85.9,1
43.4,-85.9,1
43.4,-85.9,1
43.4,-85.9,1
43.4,-85.9,1
43.4,-85.9,1
43.4,-85.9,1
43.4,-85.9,1
43.4,-85.9,1
43.4,-85.9,1
43.4,-85.9,1
43.4,-85.9,1
43.4,-85.9,1
43.4,-85.9,1
43.4,-85.9,1
43.4,-85.9,1
43.4,-85.9,1
43.4,-85.9,1
43.4,-85.9,1
43.4,-85.9,1
43.4,-85.9,1
43.4,-85.9,1
43.4,-85.9,1
43.4,-85.9,1
43.4,-85.9,1
43.4,-85.9,1
43.4,-85.9,1
43.4,-85.9,1
43.4,-85.9,1
43.4,-85.9,1
43.4,-85.9,1
43.4,-85.9,1
43.4,-85.9,1
43.4,-85.9,1
43.4,-85.9,1
43.4,-85.9,1
43.4,-85.9,1
43.4,-85.9,1
43.4,-85.9,1
43.4,-85.9,1
43.4,-85.9,1
43.4,-85.9,1
43.4,-85.9,1
43.4,-85.9,1
43.4,-85.9,1
43.4,-85.9,1
43.4,-85.9,1
43.4,-85.9,1
43.4,-85.9,1
43.4,-85.9,1
43.4,-85.9,1
43.4,-85.9,1
43.4,-85.9,1
43.4,-85.9,1
43.4,-85.9,1
43.4,-85.9,1
43.4,-85.9,1
43.4,-85.9,1
43.4,-85.9,1
43.4,-85.9,1
43.4,-85.9,1
43.4,-85.9,1
43.4,-85.9,1
43.4,-85.9,1
43.4,-85.9,1
43.4,-85.9,1
43.4,-85.9,1
43.4,-85.9,1
43.4,-85.9,1
43.4,-85.9,1
43.4,-85.9,1
43.4,-85.9,1
43.4,-85.9,1
43.4,-85.9,1
43.4,-85.9,1
43.4,-85.9,1
43.4,-85.9,1
43.4,-85.9,1
43.4,-85.9,1
43.4,-85.9,1
43.4,-85.9,1
43.4,-85.9,1
43.4,-85.9,1
43.4,-85.9,1
43.4,-85.9,1
43.4,-85.9,1
43.4,-85.9,1
43.4,-85.9,1
43.4,-85.9,1
43.4,-85.9,1
43.4,-85.9,1
43.4,-85.9,1
43.4,-85.9,1
43.4,-85.9,1
43.4,-85.9,1
43.4,-85.9,1
43.4,-85.9,1
43.4,-85.9,1
43.4,-85.9,1
43.4,-85.9,1
43.4,-85.9,1
43.4,-85.9,1
43.4,-85.9,1
43.4,-85.9,1
43.4,-85.9,1
43.4,-85.9,1
43.4,-85.9,1
43.4,-85.9,1
43.4,-85.9,1
43.4,-85.9,1
43.4,-85.9,1
43.4,-85.9,1
43.4,-85.9,1
43.4,-85.9,1
43.4,-85.9,1
43.4,-85.9,1
43.4,-85.9,1
43.4,-85.9,1
43.4,-85.9,1
43.4,-85.9,1
43.4,-85.9,1
43.4,-85.9,1
43.4,-85.9,1
43.4,-85.9,1
43.4,-85.9,1
43.4,-85.9,1
43.4,-85.9,1
43.4,-85.9,1
43.4,-85.9,1
43.4,-85.9,1
43.4,-85.9,1
43.4,-85.9,1
43.4,-85.9,1
43.4,-85.9,1
43.4,-85.9,1
43.4,-85.9,1
43.4,-85.9,1
43.4,-85.9,1
43.4,-85.9,1
43.4,-85.9,1
43.4,-85.9,1
43.4,-85.9,1
43.4,-85.9,1
43.4,-85.9,1
43.4,-85.9,1
43.4,-85.9,1
43.4,-85.9,1
43.4,-85.9,1
43.4,-85.9,1
43.4,-85.9,1
43.4,-85.9,1
43.4,-85.9,1
43.4,-85.9,1
43.4,-85.9,1
43.4,-85.9,1
43.4,-85.9,1
43.4,-85.9,1
43.4,-85.9,1
43.4,-85.9,1
43.4,-85.9,1
43.4,-85.9,1
43.4,-85.9,1
43.4,-85.9,1
43.4,-85.9,1
43.4,-85.9,1
43.4,-85.9,1
43.4,-85.9,1
43.4,-85.9,1
43.4,-85.9,1
43.4,-85.9,1
43.4,-85.9,1
43.4,-85.9,1
43.4,-85.9,1
43.4,-85.9,1
43.4,-85.9,1
43.4,-85.9,1
43.4,-85.9,1
43.4,-85.9,1
43.4,-85.9,1
43.4,-85.9,1
43.4,-85.9,1
43.4,-85.9,1
43.4,-85.9,1
43.4,-85.9,1
43.4,-85.9,1
43.4,-85.9,1
43.4,-85.9,1
43.4,-85.9,1
43.4,-85.9,1
43.4,-85.9,1
43.4,-85.9,1
43.4,-85.9,1
43.4,-85.9,1
43.4,-85.9,1
43.4,-85.9,1
43.4,-85.9,1
43.4,-85.9,1
43.4,-85.9,1
43.4,-85.9,1
43.4,-85.9,1
43.4,-85.9,1
43.4,-85.9,1
43.4,-85.9,1
43.4,-85.9,1
43.4,-85.9,1
43.4,-85.9,1
43.4,-85.9,1
43.4,-85.9,1
43.4,-85.9,1
43.4,-85.9,1
43.4,-85.9,1
43.4,-85.9,1
43.4,-85.9,1
43.4,-85.9,1
43.4,-85.9,1
43.4,-85.9,1
43.4,-85.9,1
43.4,-85.9,1
43.4,-85.9,1
43.4,-85.9,1
43.4,-85.9,1
43.4,-85.9,1
43.4,-85.9,1
43.4,-85.9,1
43.4,-85.9,1
43.4,-85.9,1
43.4,-85.9,1
43.4,-85.9,1
43.4,-85.9,1
43.4,-85.9,1
43.4,-85.9,1
43.4,-85.9,1
43.4,-85.9,1
43.4,-85.9,1
43.4,-85.9,1
43.4,-85.9,1
43.4,-85.9,1
43.4,-85.9,1
43.4,-85.9,1
43.4,-85.9,1
43.4,-85.9,1
43.4,-85.9,1
43.4,-85.9,1
43.4,-85.9,1
43.4,-85.9,1
43.4,-85.9,1
43.4,-85.9,1
43.4,-85.9,1
43.4,-85.9,1
43.4,-85.9,1
43.4,-85.9,1
43.4,-85.9,1
43.4,-85.9,1
43.4,-85.9,1
43.4,-85.9,1
43.4,-85.9,1
43.4,-85.9,1
43.4,-85.9,1
43.4,-85.9,1
43.4,-85.9,1
43.4,-85.9,1
43.4,-85.9,1
43.4,-85.9,1
43.4,-85.9,1
43.4,-85.9,1
43.4,-85.9,1
43.4,-85.9,1
43.4,-85.9,1
43.4,-85.9,1
43.4,-85.9,1
43.4,-85.9,1
43.4,-85.9,1
43.4,-85.9,1
43.4,-85.9,1
43.4,-85.9,1
43.4,-85.9,1
43.4,-85.9,1
43.4,-85.9,1
43.4,-85.9,1
43.4,-85.9,1
43.4,-85.9,1
43.4,-85.9,1
43.4,-85.9,1
43.4,-85.9,1
43.4,-85.9,1
43.4,-85.9,1
43.4,-85.9,1
43.4,-85.9,1
43.4,-85.9,1
43.4,-85.9,1
43.4,-85.9,1
43.4,-85.9,1
43.4,-85.9,1
43.4,-85.9,1
43.4,-85.9,1
43.4,-85.9,1
43.4,-85.9,1
43.4,-85.9,1
43.4,-85.9,1
43.4,-85.9,1
43.4,-85.9,1
43.4,-85.9,1
43.4,-85.9,1
43.4,-85.9,1
43.4,-85.9,1
43.4,-85.9,1
43.4,-85.9,1
43.4,-85.9,1
43.4,-85.9,1
43.4,-85.9,1
43.4,-85.9,1
43.4,-85.9,1
43.4,-85.9,1
43.4,-85.9,1
43.4,-85.9,1
43.4,-85.9,1
43.4,-85.9,1
43.4,-85.9,1
43.4,-85.9,1
43.4,-85.9,1
43.4,-85.9,1
43.4,-85.9,1
43.4,-85.9,1
43.4,-85.9,1
43.4,-85.9,1
43.4,-85.9,1
43.4,-85.9,1
43.4,-85.9,1
43.4,-85.9,1
43.4,-85.9,1
43.4,-85.9,1
43.4,-85.9,1
43.4,-85.9,1
43.4,-85.9,1
43.4,-85.9,1
43.4,-85.9,1
43.4,-85.9,1
43.4,-85.9,1
43.4,-85.9,1
43.4,-85.9,1
43.4,-85.9,1
43.4,-85.9,1
43.4,-85.9,1
43.4,-85.9,1
43.4,-85.9,1
43.4,-85.9,1
43.4,-85.9,1
43.4,-85.9,1
43.4,-85.9,1
43.4,-85.9,1
43.4,-85.9,1
43.4,-85.9,1
43.4,-85.9,1
43.4,-85.9,1
43.4,-85.9,1
43.4,-85.9,1
43.4,-85.9,1
43.4,-85.9,1
43.4,-85.9,1
43.4,-85.9,1
43.4,-85.9,1
43.4,-85.9,1
43.4,-85.9,1
43.4,-85.9,1
43.4,-85.9,1
43.4,-85.9,1
43.4,-85.9,1
43.4,-85.9,1
43.4,-85.9,1
43.4,-85.9,1
43.4,-85.9,1
43.4,-85.9,1
43.4,-85.9,1
43.4,-85.9,1
43.4,-85.9,1
43.4,-85.9,1
43.4,-85.9,1
43.4,-85.9,1
43.4,-85.9,1
43.4,-85.9,1
43.4,-85.9,1
43.4,-85.9,1
43.4,-85.9,1
43.4,-85.9,1
43.4,-85.9,1
43.4,-85.9,1
43.4,-85.9,1
43.4,-85.9,1
43.4,-85.9,1
43.4,-85.9,1
43.4,-85.9,1
43.4,-85.9,1
43.4,-85.9,1
43.4,-85.9,1
43.4,-85.9,1
43.4,-85.9,1
43.4,-85.9,1
43.4,-85.9,1
43.4,-85.9,1
43.4,-85.9,1
43.4,-85.9,1
43.4,-85.9,1
43.4,-85.9,1
43.4,-85.9,1
43.4,-85.9,1
43.4,-85.9,1
43.4,-85.9,1
43.4,-85.9,1
43.4,-85.9,1
43.4,-85.9,1
43.4,-85.9,1
43.4,-85.9,1
43.4,-85.9,1
43.4,-85.9,1
43.4,-85.9,1
43.4,-85.9,1
43.4,-85.9,1
43.4,-85.9,1
43.4,-85.9,1
43.4,-85.9,1
43.4,-85.9,1
43.4,-85.9,1
43.4,-85.9,1
43.4,-85.9,1
43.4,-85.9,1
43.4,-85.9,1
43.4,-85.9,1
43.4,-85.9,1
43.4,-85.9,1
43.4,-85.9,1
43.4,-85.9,1
43.4,-85.9,1
43.4,-85.9,1
43.4,-85.9,1
43.4,-85.9,1
43.4,-85.9,1
43.4,-85.9,1
43.4,-85.9,1
43.4,-85.9,1
43.4,-85.9,1
43.4,-85.9,1
43.4,-85.9,1
43.4,-85.9,1
43.4,-85.9,1
43.4,-85.9,1
43.4,-85.9,1
43.4,-85.9,1
43.4,-85.9,1
43.4,-85.9,1
43.4,-85.9,1
43.4,-85.9,1
43.4,-85.9,1
43.4,-85.9,1
43.4,-85.9,1
43.4,-85.9,1
43.4,-85.9,1
43.4,-85.9,1
43.4,-85.9,1
43.4,-85.9,1
43.4,-85.9,1
43.4,-85.9,1
43.4,-85.9,1
43.4,-85.9,1
43.4,-85.9,1
43.4,-85.9,1
43.4,-85.9,1
43.4,-85.9,1
43.4,-85.9,1
43.4,-85.9,1
43.4,-85.9,1
43.4,-85.9,1
43.4,-85.9,1
43.4,-85.9,1
43.4,-85.9,1
43.4,-85.9,1
43.4,-85.9,1
43.4,-85.9,1
43.4,-85.9,1
43.4,-85.9,1
43.4,-85.9,1
43.4,-85.9,1
43.4,-85.9,1
43.4,-85.9,1
43.4,-85.9,1
43.4,-85.9,1
43.4,-85.9,1
43.4,-85.9,1
43.4,-85.9,1
43.4,-85.9,1
43.4,-85.9,1
43.4,-85.9,1
43.4,-85.9,1
43.4,-85.9,1
43.4,-85.9,1
43.4,-85.9,1
43.4,-85.9,1
43.4,-85.9,1
43.4,-85.9,1
43.4,-85.9,1
43.4,-85.9,1
43.4,-85.9,1
43.4,-85.9,1
43.4,-85.9,1
43.4,-85.9,1
43.4,-85.9,1
43.4,-85.9,1
43.4,-85.9,1
43.4,-85.9,1
43.4,-85.9,1
43.4,-85.9,1
43.4,-85.9,1
43.4,-85.9,1
43.4,-85.9,1
43.4,-85.9,1
43.4,-85.9,1
43.4,-85.9,1
43.4,-85.9,1
43.4,-85.9,1
43.4,-85.9,1
43.4,-85.9,1
43.4,-85.9,1
43.4,-85.9,1
43.4,-85.9,1
43.4,-85.9,1
43.4,-85.9,1
43.4,-85.9,1
43.4,-85.9,1
43.4,-85.9,1
43.4,-85.9,1
43.4,-85.9,1
43.4,-85.9,1
43.4,-85.9,1
43.4,-85.9,1
43.4,-85.9,1
43.4,-85.9,1
43.4,-85.9,1
43.4,-85.9,1
43.4,-85.9,1
43.4,-85.9,1
43.4,-85.9,1
43.4,-85.9,1
43.4,-85.9,1
43.4,-85.9,1
43.4,-85.9,1
43.4,-85.9,1
43.4,-85.9,1
43.4,-85.9,1
43.4,-85.9,1
43.4,-85.9,1
43.4,-85.9,1
43.4,-85.9,1
43.4,-85.9,1
43.4,-85.9,1
43.4,-85.9,1
43.4,-85.9,1
43.4,-85.9,1
43.4,-85.9,1
43.4,-85.9,1
43.4,-85.9,1
43.4,-85.9,1
43.4,-85.9,1
43.4,-85.9,1
43.4,-85.9,1
43.4,-85.9,1
43.4,-85.9,1
43.4,-85.9,1
43.4,-85.9,1
43.4,-85.9,1
43.4,-85.9,1
43.4,-85.9,1
43.4,-85.9,1
43.4,-85.9,1
43.4,-85.9,1
43.4,-85.9,1
43.4,-85.9,1
43.4,-85.9,1
43.4,-85.9,1
43.4,-85.9,1
43.4,-85.9,1
43.4,-85.9,1
43.4,-85.9,1
43.4,-85.9,1
43.4,-85.9,1
43.4,-85.9,1
43.4,-85.9,1
43.4,-85.9,1
43.4,-85.9,1
43.4,-85.9,1
43.4,-85.9,1
43.4,-85.9,1
43.4,-85.9,1
43.4,-85.9,1
43.4,-85.9,1
43.4,-85.9,1
43.4,-85.9,1
43.4,-85.9,1
43.4,-85.9,1
43.4,-85.9,1
43.4,-85.9,1
43.4,-85.9,1
43.4,-85.9,1
43.4,-85.9,1
43.4,-85.9,1
43.4,-85.9,1
43.4,-85.9,1
43.4,-85.9,1
43.4,-85.9,1
43.4,-85.9,1
43.4,-85.9,1
43.4,-85.9,1
43.4,-85.9,1
43.4,-85.9,1
43.4,-85.9,1
43.4,-85.9,1
43.4,-85.9,1
43.4,-85.9,1
43.4,-85.9,1
43.4,-85.9,1
43.4,-85.9,1
43.4,-85.9,1
43.4,-85.9,1
43.4,-85.9,1
43.4,-85.9,1
43.4,-85.9,1
43.4,-85.9,1
43.4,-85.9,1
43.4,-85.9,1
43.4,-85.9,1
43.4,-85.9,1
43.4,-85.9,1
43.4,-85.9,1
43.4,-85.9,1
43.4,-85.9,1
43.4,-85.9,1
43.4,-85.9,1
43.4,-85.9,1
43.4,-85.9,1
43.4,-85.9,1
43.4,-85.9,1
43.4,-85.9,1
43.4,-85.9,1
43.4,-85.9,1
43.4,-85.9,1
43.4,-85.9,1
43.4,-85.9,1
43.4,-85.9,1
43.4,-85.9,1
43.4,-85.9,1
43.4,-85.9,1
43.4,-85.9,1
43.4,-85.9,1
43.4,-85.9,1
43.4,-85.9,1
43.4,-85.9,1
43.4,-85.9,1
43.4,-85.9,1
43.4,-85.9,1
43.4,-85.9,1
43.4,-85.9,1
43.4,-85.9,1
43.4,-85.9,1
43.4,-85.9,1
43.4,-85.9,1
43.4,-85.9,1
43.4,-85.9,1
43.4,-85.9,1
43.4,-85.9,1
43.4,-85.9,1
43.4,-85.9,1
43.4,-85.9,1
43.4,-85.9,1
43.4,-85.9,1
43.4,-85.9,1
43.4,-85.9,1
43.4,-85.9,1
43.4,-85.9,1
43.4,-85.9,1
43.4,-85.9,1
43.4,-85.9,1
43.4,-85.9,1
43.4,-85.9,1
43.4,-85.9,1
43.4,-85.9,1
43.4,-85.9,1
43.4,-85.9,1
43.4,-85.9,1
43.4,-85.9,1
43.4,-85.9,1
43.4,-85.9,1
43.4,-85.9,1
43.4,-85.9,1
43.4,-85.9,1
43.4,-85.9,1
43.4,-85.9,1
43.4,-85.9,1
43.4,-85.9,1
43.4,-85.9,1
43.4,-85.9,1
43.4,-85.9,1
43.4,-85.9,1
43.4,-85.9,1
43.4,-85.9,1
43.4,-85.9,1
43.4,-85.9,1
43.4,-85.9,1
43.4,-85.9,1
43.4,-85.9,1
43.4,-85.9,1
43.4,-85.9,1
43.4,-85.9,1
43.4,-85.9,1
43.4,-85.9,1
43.4,-85.9,1
43.4,-85.9,1
43.4,-85.9,1
43.4,-85.9,1
43.4,-85.9,1
43.4,-85.9,1
43.4,-85.9,1
43.4,-85.9,1
43.4,-85.9,1
43.4,-85.9,1
43.4,-85.9,1
43.4,-85.9,1
43.4,-85.9,1
43.4,-85.9,1
43.4,-85.9,1
43.4,-85.9,1
43.4,-85.9,1
43.4,-85.9,1
43.4,-85.9,1
43.4,-85.9,1
43.4,-85.9,1
43.4,-85.9,1
43.4,-85.9,1
43.4,-85.9,1
43.4,-85.9,1
43.4,-85.9,1
43.4,-85.9,1
43.4,-85.9,1
43.4,-85.9,1
43.4,-85.9,1
43.4,-85.9,1
43.4,-85.9,1
43.4,-85.9,1
43.4,-85.9,1
43.4,-85.9,1
43.4,-85.9,1
43.4,-85.9,1
43.4,-85.9,1
43.4,-85.9,1
43.4,-85.9,1
43.4,-85.9,1
43.4,-85.9,1
43.4,-85.9,1
43.4,-85.9,1
43.4,-85.9,1
43.4,-85.9,1
43.4,-85.9,1
43.4,-85.9,1
43.4,-85.9,1
43.4,-85.9,1
43.4,-85.9,1
43.4,-85.9,1
43.4,-85.9,1
43.4,-85.9,1
43.4,-85.9,1
43.4,-85.9,1
43.4,-85.9,1
43.4,-85.9,1
43.4,-85.9,1
43.4,-85.9,1
43.4,-85.9,1
43.4,-85.9,1
43.4,-85.9,1
43.4,-85.9,1
43.4,-85.9,1
43.4,-85.9,1
43.4,-85.9,1
43.4,-85.9,1
43.4,-85.9,1
43.4,-85.9,1
43.4,-85.9,1
43.4,-85.9,1
43.4,-85.9,1
43.4,-85.9,1
43.4,-85.9,1
43.4,-85.9,1
43.4,-85.9,1
43.4,-85.9,1
43.4,-85.9,1
43.4,-85.9,1
43.4,-85.9,1
43.4,-85.9,1
43.4,-85.9,1
43.4,-85.9,1
43.4,-85.9,1
43.4,-85.9,1
43.4,-85.9,1
43.4,-85.9,1
43.4,-85.9,1
43.4,-85.9,1
43.4,-85.9,1
43.4,-85.9,1
43.4,-85.9,1
43.4,-85.9,1
43.4,-85.9,1
43.4,-85.9,1
43.4,-85.9,1
43.4,-85.9,1
43.4,-85.9,1
43.4,-85.9,1
43.4,-85.9,1
43.4,-85.9,1
43.4,-85.9,1
43.4,-85.9,1
43.4,-85.9,1
43.4,-85.9,1
43.4,-85.9,1
43.4,-85.9,1
43.4,-85.9,1
43.4,-85.9,1
43.4,-85.9,1
43.4,-85.9,1
43.4,-85.9,1
43.4,-85.9,1
43.4,-85.9,1
43.4,-85.9,1
43.4,-85.9,1
43.4,-85.9,1
43.4,-85.9,1
43.4,-85.9,1
43.4,-85.9,1
43.4,-85.9,1
43.4,-85.9,1
43.4,-85.9,1
43.4,-85.9,1
43.4,-85.9,1
43.4,-85.9,1
43.4,-85.9,1
43.4,-85.9,1
43.4,-85.9,1
43.4,-85.9,1
43.4,-85.9,1
43.4,-85.9,1
43.4,-85.9,1
43.4,-85.9,1
43.4,-85.9,1
43.4,-85.9,1
43.4,-85.9,1
43.4,-85.9,1
43.4,-85.9,1
43.4,-85.9,1
43.4,-85.9,1
43.4,-85.9,1
43.4,-85.9,1
43.4,-85.9,1
43.4,-85.9,1
43.4,-85.9,1
43.4,-85.9,1
43.4,-85.9,1
43.4,-85.9,1
43.4,-85.9,1
43.4,-85.9,1
43.4,-85.9,1
43.4,-85.9,1
43.4,-85.9,1
43.4,-85.9,1
43.4,-85.9,1
43.4,-85.9,1
43.4,-85.9,1
43.4,-85.9,1
43.4,-85.9,1
43.4,-85.9,1
43.4,-85.9,1
43.4,-85.9,1
43.4,-85.9,1
43.4,-85.9,1
43.4,-85.9,1
43.4,-85.9,1
43.4,-85.9,1
43.4,-85.9,1
43.4,-85.9,1
43.4,-85.9,1
43.4,-85.9,1
43.4,-85.9,1
43.4,-85.9,1
43.4,-85.9,1
43.4,-85.9,1
43.4,-85.9,1
43.4,-85.9,1
43.4,-85.9,1
43.4,-85.9,1
43.4,-85.9,1
43.4,-85.9,1
43.4,-85.9,1
43.4,-85.9,1
43.4,-85.9,1
43.4,-85.9,1
43.4,-85.9,1
43.4,-85.9,1
43.4,-85.9,1
43.4,-85.9,1
43.4,-85.9,1
43.4,-85.9,1
43.4,-85.9,1
43.4,-85.9,1
43.4,-85.9,1
43.4,-85.9,1
43.4,-85.9,1
43.4,-85.9,1
43.4,-85.9,1
43.4,-85.9,1
43.4,-85.9,1
43.4,-85.9,1
43.4,-85.9,1
43.4,-85.9,1
43.4,-85.9,1
43.4,-85.9,1
43.4,-85.9,1
43.4,-85.9,1
43.4,-85.9,1
43.4,-85.9,1
43.4,-85.9,1
43.4,-85.9,1
43.4,-85.9,1
43.4,-85.9,1
43.4,-85.9,1
43.4,-85.9,1
43.4,-85.9,1
43.4,-85.9,1
43.4,-85.9,1
43.4,-85.9,1
43.4,-85.9,1
43.4,-85.9,1
43.4,-85.9,1
43.4,-85.9,1
43.4,-85.9,1
43.4,-85.9,1
43.4,-85.9,1
43.4,-85.9,1
43.4,-85.9,1
43.4,-85.9,1
43.4,-85.9,1
43.4,-85.9,1
43.4,-85.9,1
43.4,-85.9,1
43.4,-85.9,1
43.4,-85.9,1
43.4,-85.9,1
43.4,-85.9,1
43.4,-85.9,1
43.4,-85.9,1
43.4,-85.9,1
43.4,-85.9,1
43.4,-85.9,1
43.4,-85.9,1
43.4,-85.9,1
43.4,-85.9,1
43.4,-85.9,1
43.4,-85.9,1
43.4,-85.9,1
43.4,-85.9,1
43.4,-85.9,1
43.4,-85.9,1
43.4,-85.9,1
43.4,-85.9,1
43.4,-85.9,1
43.4,-85.9,1
43.4,-85.9,1
43.4,-85.9,1
43.4,-85.9,1
43.4,-85.9,1
43.4,-85.9,1
43.4,-85.9,1
43.4,-85.9,1
43.4,-85.9,1
43.4,-85.9,1
43.4,-85.9,1
43.4,-85.9,1
43.4,-85.9,1
43.4,-85.9,1
43.4,-85.9,1
43.4,-85.9,1
43.4,-85.9,1
43.4,-85.9,1
43.4,-85.9,1
43.4,-85.9,1
43.4,-85.9,1
43.4,-85.9,1
43.4,-85.9,1
43.4,-85.9,1
43.4,-85.9,1
43.4,-85.9,1
43.4,-85.9,1
43.4,-85.9,1
43.4,-85.9,1
43.4,-85.9,1
43.4,-85.9,1
43.4,-85.9,1
43.4,-85.9,1
43.4,-85.9,1
43.4,-85.9,1
43.4,-85.9,1
43.4,-85.9,1
43.4,-85.9,1
43.4,-85.9,1
43.4,-85.9,1
43.4,-85.9,1
43.4,-85.9,1
43.4,-85.9,1
43.4,-85.9,1
43.4,-85.9,1
43.4,-85.9,1
43.4,-85.9,1
43.4,-85.9,1
43.4,-85.9,1
43.4,-85.9,1
43.4,-85.9,1
43.4,-85.9,1
43.4,-85.9,1
43.4,-85.9,1
43.4,-85.9,1
43.4,-85.9,1
43.4,-85.9,1
43.4,-85.9,1
43.4,-85.9,1
43.4,-85.9,1
43.4,-85.9,1
43.4,-85.9,1
43.4,-85.9,1
43.4,-85.9,1
43.4,-85.9,1
43.4,-85.9,1
43.4,-85.9,1
43.4,-85.9,1
43.4,-85.9,1
43.4,-85.9,1
43.4,-85.9,1
43.4,-85.9,1
43.4,-85.9,1
43.4,-85.9,1
43.4,-85.9,1
43.4,-85.9,1
43.4,-85.9,1
43.4,-85.9,1
43.4,-85.9,1
43.4,-85.9,1
43.4,-85.9,1
43.4,-85.9,1
43.4,-85.9,1
43.4,-85.9,1
43.4,-85.9,1
43.4,-85.9,1
43.4,-85.9,1
43.4,-85.9,1
43.4,-85.9,1
43.4,-85.9,1
43.4,-85.9,1
43.4,-85.9,1
43.4,-85.9,1
43.4,-85.9,1
43.4,-85.9,1
43.4,-85.9,1
43.4,-85.9,1
43.4,-85.9,1
43.4,-85.9,1
43.4,-85.9,1
43.4,-85.9,1
43.4,-85.9,1
43.4,-85.9,1
43.4,-85.9,1
43.4,-85.9,1
43.4,-85.9,1
43.4,-85.9,1
43.4,-85.9,1
43.4,-85.9,1
43.4,-85.9,1
43.4,-85.9,1
43.4,-85.9,1
43.4,-85.9,1
43.4,-85.9,1
43.4,-85.9,1
43.4,-85.9,1
43.4,-85.9,1
43.4,-85.9,1
43.4,-85.9,1
43.4,-85.9,1
43.4,-85.9,1
43.4,-85.9,1
43.4,-85.9,1
43.4,-85.9,1
43.4,-85.9,1
43.4,-85.9,1
43.4,-85.9,1
43.4,-85.9,1
43.4,-85.9,1
43.4,-85.9,1
43.4,-85.9,1
43.4,-85.9,1
43.4,-85.9,1
43.4,-85.9,1
43.4,-85.9,1
43.4,-85.9,1
43.4,-85.9,1
43.4,-85.9,1
43.4,-85.9,1
43.4,-85.9,1
43.4,-85.9,1
43.4,-85.9,1
43.4,-85.9,1
43.4,-85.9,1
43.4,-85.9,1
43.4,-85.9,1
43.4,-85.9,1
43.4,-85.9,1
43.4,-85.9,1
43.4,-85.9,1
43.4,-85.9,1
43.4,-85.9,1
43.4,-85.9,1
43.4,-85.9,1
43.4,-85.9,1
43.4,-85.9,1
43.4,-85.9,1
43.4,-85.9,1
43.4,-85.9,1
43.4,-85.9,1
43.4,-85.9,1
43.4,-85.9,1
43.4,-85.9,1
43.4,-85.9,1
43.4,-85.9,1
43.4,-85.9,1
43.4,-85.9,1
43.4,-85.9,1
43.4,-85.9,1
43.4,-85.9,1
43.4,-85.9,1
43.4,-85.9,1
43.4,-85.9,1
43.4,-85.9,1
43.4,-85.9,1
43.4,-85.9,1
43.4,-85.9,1
43.4,-85.9,1
43.4,-85.9,1
43.4,-85.9,1
43.4,-85.9,1
43.4,-85.9,1
43.4,-85.9,1
43.4,-85.9,1
43.4,-85.9,1
43.4,-85.9,1
43.4,-85.9,1
43.4,-85.9,1
43.4,-85.9,1
43.4,-85.9,1
43.4,-85.9,1
43.4,-85.9,1
43.4,-85.9,1
43.4,-85.9,1
43.4,-85.9,1
43.4,-85.9,1
43.4,-85.9,1
43.4,-85.9,1
43.4,-85.9,1
43.4,-85.9,1
43.4,-85.9,1
43.4,-85.9,1
43.4,-85.9,1
43.4,-85.9,1
43.4,-85.9,1
43.4,-85.9,1
43.4,-85.9,1
43.4,-85.9,1
43.4,-85.9,1
43.4,-85.9,1
43.4,-85.9,1
43.4,-85.9,1
43.4,-85.9,1
43.4,-85.9,1
43.4,-85.9,1
43.4,-85.9,1
43.4,-85.9,1
43.4,-85.9,1
43.4,-85.9,1
43.4,-85.9,1
43.4,-85.9,1
43.4,-85.9,1
43.4,-85.9,1
43.4,-85.9,1
43.4,-85.9,1
43.4,-85.9,1
43.4,-85.9,1
43.4,-85.9,1
43.4,-85.9,1
43.4,-85.9,1
43.4,-85.9,1
43.4,-85.9,1
43.4,-85.9,1
43.4,-85.9,1
43.4,-85.9,1
43.4,-85.9,1
43.4,-85.9,1
43.4,-85.9,1
43.4,-85.9,1
43.4,-85.9,1
43.4,-85.9,1
43.4,-85.9,1
43.4,-85.9,1
43.4,-85.9,1
43.4,-85.9,1
43.4,-85.9,1
43.4,-85.9,1
43.4,-85.9,1
43.4,-85.9,1
43.4,-85.9,1
43.4,-85.9,1
43.4,-85.9,1
43.4,-85.9,1
43.4,-85.9,1
43.4,-85.9,1
43.4,-85.9,1
43.4,-85.9,1
43.4,-85.9,1
43.4,-85.9,1
43.4,-85.9,1
43.4,-85.9,1
43.4,-85.9,1
43.4,-85.9,1
43.4,-85.9,1
43.4,-85.9,1
43.4,-85.9,1
43.4,-85.9,1
43.4,-85.9,1
43.4,-85.9,1
43.4,-85.9,1
43.4,-85.9,1
43.4,-85.9,1
43.4,-85.9,1
43.4,-85.9,1
43.4,-85.9,1
43.4,-85.9,1
43.4,-85.9,1
43.4,-85.9,1
43.4,-85.9,1
43.4,-85.9,1
43.4,-85.9,1
43.4,-85.9,1
43.4,-85.9,1
43.4,-85.9,1
43.4,-85.9,1
43.4,-85.9,1
43.4,-85.9,1
43.4,-85.9,1
43.4,-85.9,1
43.4,-85.9,1
43.4,-85.9,1
43.4,-85.9,1
43.4,-85.9,1
43.4,-85.9,1
43.4,-85.9,1
43.4,-85.9,1
43.4,-85.9,1
43.4,-85.9,1
43.4,-85.9,1
43.4,-85.9,1
43.4,-85.9,1
43.4,-85.9,1
43.4,-85.9,1
43.4,-85.9,1
43.4,-85.9,1
43.4,-85.9,1
43.4,-85.9,1
43.4,-85.9,1
43.4,-85.9,1
43.4,-85.9,1
43.4,-85.9,1
43.4,-85.9,1
43.4,-85.9,1
43.4,-85.9,1
43.4,-85.9,1
43.4,-85.9,1
43.4,-85.9,1
43.4,-85.9,1
43.4,-85.9,1
43.4,-85.9,1
43.4,-85.9,1
43.4,-85.9,1
43.4,-85.9,1
43.4,-85.9,1
43.4,-85.9,1
43.4,-85.9,1
43.4,-85.9,1
43.4,-85.9,1
43.4,-85.9,1
43.4,-85.9,1
43.4,-85.9,1
43.4,-85.9,1
43.4,-85.9,1
43.4,-85.9,1
43.4,-85.9,1
43.4,-85.9,1
43.4,-85.9,1
43.4,-85.9,1
43.4,-85.9,1
43.4,-85.9,1
43.4,-85.9,1
43.4,-85.9,1
43.4,-85.9,1
43.4,-85.9,1
43.4,-85.9,1
43.4,-85.9,1
43.4,-85.9,1
43.4,-85.9,1
43.4,-85.9,1
43.4,-85.9,1
43.4,-85.9,1
43.4,-85.9,1
43.4,-85.9,1
43.4,-85.9,1
43.4,-85.9,1
43.4,-85.9,1
43.4,-85.9,1
43.4,-85.9,1
43.4,-85.9,1
43.4,-85.9,1
43.4,-85.9,1
43.4,-85.9,1
43.4,-85.9,1
43.4,-85.9,1
43.4,-85.9,1
43.4,-85.9,1
43.4,-85.9,1
43.4,-85.9,1
43.4,-85.9,1
43.4,-85.9,1
43.4,-85.9,1
43.4,-85.9,1
43.4,-85.9,1
43.4,-85.9,1
43.4,-85.9,1
43.4,-85.9,1
43.4,-85.9,1
43.4,-85.9,1
43.4,-85.9,1
43.4,-85.9,1
43.4,-85.9,1
43.4,-85.9,1
43.4,-85.9,1
43.4,-85.9,1
43.4,-85.9,1
43.4,-85.9,1
43.4,-85.9,1
43.4,-85.9,1
43.4,-85.9,1
43.4,-85.9,1
43.4,-85.9,1
43.4,-85.9,1
43.4,-85.9,1
43.4,-85.9,1
43.4,-85.9,1
43.4,-85.9,1
43.4,-85.9,1
43.4,-85.9,1
43.4,-85.9,1
43.4,-85.9,1
43.4,-85.9,1
43.4,-85.9,1
43.4,-85.9,1
43.4,-85.9,1
43.4,-85.9,1
43.4,-85.9,1
43.4,-85.9,1
43.4,-85.9,1
43.4,-85.9,1
43.4,-85.9,1
43.4,-85.9,1
43.4,-85.9,1
43.4,-85.9,1
43.4,-85.9,1
43.4,-85.9,1
43.4,-85.9,1
43.4,-85.9,1
43.4,-85.9,1
43.4,-85.9,1
43.4,-85.9,1
43.4,-85.9,1
43.4,-85.9,1
43.4,-85.9,1
43.4,-85.9,1
43.4,-85.9,1
43.4,-85.9,1
43.4,-85.9,1
43.4,-85.9,1
43.4,-85.9,1
43.4,-85.9,1
43.4,-85.9,1
43.4,-85.9,1
43.4,-85.9,1
43.4,-85.9,1
43.4,-85.9,1
43.4,-85.9,1
43.4,-85.9,1
43.4,-85.9,1
43.4,-85.9,1
43.4,-85.9,1
43.4,-85.9,1
43.4,-85.9,1
43.4,-85.9,1
43.4,-85.9,1
43.4,-85.9,1
43.4,-85.9,1
43.4,-85.9,1
43.4,-85.9,1
43.4,-85.9,1
43.4,-85.9,1
43.4,-85.9,1
43.4,-85.9,1
43.4,-85.9,1
43.4,-85.9,1
43.4,-85.9,1
43.4,-85.9,1
43.4,-85.9,1
43.4,-85.9,1
43.4,-85.9,1
43.4,-85.9,1
43.4,-85.9,1
43.4,-85.9,1
43.4,-85.9,1
43.4,-85.9,1
43.4,-85.9,1
43.4,-85.9,1
43.4,-85.9,1
43.4,-85.9,1
43.4,-85.9,1
43.4,-85.9,1
43.4,-85.9,1
43.4,-85.9,1
43.4,-85.9,1
43.4,-85.9,1
43.4,-85.9,1
43.4,-85.9,1
43.4,-85.9,1
43.4,-85.9,1
43.4,-85.9,1
43.4,-85.9,1
43.4,-85.9,1
43.4,-85.9,1
43.4,-85.9,1
43.4,-85.9,1
43.4,-85.9,1
43.4,-85.9,1
43.4,-85.9,1
43.4,-85.9,1
43.4,-85.9,1
43.4,-85.9,1
43.4,-85.9,1
43.4,-85.9,1
43.4,-85.9,1
43.4,-85.9,1
43.4,-85.9,1
43.4,-85.9,1
43.4,-85.9,1
43.4,-85.9,1
43.4,-85.9,1
43.4,-85.9,1
43.4,-85.9,1
43.4,-85.9,1
43.4,-85.9,1
43.4,-85.9,1
43.4,-85.9,1
43.4,-85.9,1
43.4,-85.9,1
43.4,-85.9,1
43.4,-85.9,1
43.4,-85.9,1
43.4,-85.9,1
43.4,-85.9,1
43.4,-85.9,1
43.4,-85.9,1
43.4,-85.9,1
43.4,-85.9,1
43.4,-85.9,1
43.4,-85.9,1
43.4,-85.9,1
43.4,-85.9,1
43.4,-85.9,1
43.4,-85.9,1
43.4,-85.9,1
43.4,-85.9,1
43.4,-85.9,1
43.4,-85.9,1
43.4,-85.9,1
43.4,-85.9,1
43.4,-85.9,1
43.4,-85.9,1
43.4,-85.9,1
43.4,-85.9,1
43.4,-85.9,1
43.4,-85.9,1
43.4,-85.9,1
43.4,-85.9,1
43.4,-85.9,1
43.4,-85.9,1
43.4,-85.9,1
43.4,-85.9,1
43.4,-85.9,1
43.4,-85.9,1
43.4,-85.9,1
43.4,-85.9,1
43.4,-85.9,1
43.4,-85.9,1
43.4,-85.9,1
43.4,-85.9,1
43.4,-85.9,1
43.4,-85.9,1
43.4,-85.9,1
43.4,-85.9,1
43.4,-85.9,1
43.4,-85.9,1
43.4,-85.9,1
43.4,-85.9,1
43.4,-85.9,1
43.4,-85.9,1
43.4,-85.9,1
43.4,-85.9,1
43.4,-85.9,1
43.4,-85.9,1
43.4,-85.9,1
43.4,-85.9,1
43.4,-85.9,1
43.4,-85.9,1
43.4,-85.9,1
43.4,-85.9,1
43.4,-85.9,1
43.4,-85.9,1
43.4,-85.9,1
43.4,-85.9,1
43.4,-85.9,1
43.4,-85.9,1
43.4,-85.9,1
43.4,-85.9,1
43.4,-85.9,1
43.4,-85.9,1
43.4,-85.9,1
43.4,-85.9,1
43.4,-85.9,1
43.4,-85.9,1
43.4,-85.9,1
43.4,-85.9,1
43.4,-85.9,1
43.4,-85.9,1
43.4,-85.9,1
43.4,-85.9,1
43.4,-85.9,1
43.4,-85.9,1
43.4,-85.9,1
43.4,-85.9,1
43.4,-85.9,1
43.4,-85.9,1
43.4,-85.9,1
43.4,-85.9,1
43.4,-85.9,1
43.4,-85.9,1
43.4,-85.9,1
43.4,-85.9,1
43.4,-85.9,1
43.4,-85.9,1
43.4,-85.9,1
43.4,-85.9,1
43.4,-85.9,1
43.4,-85.9,1
43.4,-85.9,1
43.4,-85.9,1
43.4,-85.9,1
43.4,-85.9,1
43.4,-85.9,1
43.4,-85.9,1
43.4,-85.9,1
43.4,-85.9,1
43.4,-85.9,1
43.4,-85.9,1
43.4,-85.9,1
43.4,-85.9,1
43.4,-85.9,1
43.4,-85.9,1
43.4,-85.9,1
43.4,-85.9,1
43.4,-85.9,1
43.4,-85.9,1
43.4,-85.9,1
43.4,-85.9,1
43.4,-85.9,1
43.4,-85.9,1
43.4,-85.9,1
43.4,-85.9,1
43.4,-85.9,1
43.4,-85.9,1
43.4,-85.9,1
43.4,-85.9,1
43.4,-85.9,1
43.4,-85.9,1
43.4,-85.9,1
43.4,-85.9,1
43.4,-85.9,1
43.4,-85.9,1
43.4,-85.9,1
43.4,-85.9,1
43.4,-85.9,1
43.4,-85.9,1
43.4,-85.9,1
43.4,-85.9,1
43.4,-85.9,1
43.4,-85.9,1
43.4,-85.9,1
43.4,-85.9,1
43.4,-85.9,1
43.4,-85.9,1
43.4,-85.9,1
43.4,-85.9,1
43.4,-85.9,1
43.4,-85.9,1
43.4,-85.9,1
43.4,-85.9,1
43.4,-85.9,1
43.4,-85.9,1
43.4,-85.9,1
43.4,-85.9,1
43.4,-85.9,1
43.4,-85.9,1
43.4,-85.9,1
43.4,-85.9,1
43.4,-85.9,1
43.4,-85.9,1
43.4,-85.9,1
43.4,-85.9,1
43.4,-85.9,1
43.4,-85.9,1
43.4,-85.9,1
43.4,-85.9,1
43.4,-85.9,1
43.4,-85.9,1
43.4,-85.9,1
43.4,-85.9,1
43.4,-85.9,1
43.4,-85.9,1
43.4,-85.9,1
43.4,-85.9,1
43.4,-85.9,1
43.4,-85.9,1
43.4,-85.9,1
43.4,-85.9,1
43.4,-85.9,1
43.4,-85.9,1
43.4,-85.9,1
43.4,-85.9,1
43.4,-85.9,1
43.4,-85.9,1
43.4,-85.9,1
43.4,-85.9,1
43.4,-85.9,1
43.4,-85.9,1
43.4,-85.9,1
43.4,-85.9,1
43.4,-85.9,1
43.4,-85.9,1
43.4,-85.9,1
43.4,-85.9,1
43.4,-85.9,1
43.4,-85.9,1
43.4,-85.9,1
43.4,-85.9,1
43.4,-85.9,1
43.4,-85.9,1
43.4,-85.9,1
43.4,-85.9,1
43.4,-85.9,1
43.4,-85.9,1
43.4,-85.9,1
43.4,-85.9,1
43.4,-85.9,1
43.4,-85.9,1
43.4,-85.9,1
43.4,-85.9,1
43.4,-85.9,1
43.4,-85.9,1
43.4,-85.9,1
43.4,-85.9,1
43.4,-85.9,1
43.4,-85.9,1
43.4,-85.9,1
43.4,-85.9,1
43.4,-85.9,1
43.4,-85.9,1
43.4,-85.9,1
43.4,-85.9,1
43.4,-85.9,1
43.4,-85.9,1
43.4,-85.9,1
43.4,-85.9,1
43.4,-85.9,1
43.4,-85.9,1
43.4,-85.9,1
43.4,-85.9,1
43.4,-85.9,1
43.4,-85.9,1
43.4,-85.9,1
43.4,-85.9,1
43.4,-85.9,1
43.4,-85.9,1
43.4,-85.9,1
43.4,-85.9,1
43.4,-85.9,1
43.4,-85.9,1
43.4,-85.9,1
43.4,-85.9,1
43.4,-85.9,1
43.4,-85.9,1
43.4,-85.9,1
43.4,-85.9,1
43.4,-85.9,1
43.4,-85.9,1
43.4,-85.9,1
43.4,-85.9,1
43.4,-85.9,1
43.4,-85.9,1
43.4,-85.9,1
43.4,-85.9,1
43.4,-85.9,1
43.4,-85.9,1
43.4,-85.9,1
43.4,-85.9,1
43.4,-85.9,1
43.4,-85.9,1
43.4,-85.9,1
43.4,-85.9,1
43.4,-85.9,1
43.4,-85.9,1
43.4,-85.9,1
43.4,-85.9,1
43.4,-85.9,1
43.4,-85.9,1
43.4,-85.9,1
43.4,-85.9,1
43.4,-85.9,1
43.4,-85.9,1
43.4,-85.9,1
43.4,-85.9,1
43.4,-85.9,1
43.4,-85.9,1
43.4,-85.9,1
43.4,-85.9,1
43.4,-85.9,1
43.4,-85.9,1
43.4,-85.9,1
43.4,-85.9,1
43.4,-85.9,1
43.4,-85.9,1
43.4,-85.9,1
43.4,-85.9,1
43.4,-85.9,1
43.4,-85.9,1
43.4,-85.9,1
43.4,-85.9,1
43.4,-85.9,1
43.4,-85.9,1
43.4,-85.9,1
43.4,-85.9,1
43.4,-85.9,1
43.4,-85.9,1
43.4,-85.9,1
43.4,-85.9,1
43.4,-85.9,1
43.4,-85.9,1
43.4,-85.9,1
43.4,-85.9,1
43.4,-85.9,1
43.4,-85.9,1
43.4,-85.9,1
43.4,-85.9,1
43.4,-85.9,1
43.4,-85.9,1
43.4,-85.9,1
43.4,-85.9,1
43.4,-85.9,1
43.4,-85.9,1
43.4,-85.9,1
43.4,-85.9,1
43.4,-85.9,1
43.4,-85.9,1
43.4,-85.9,1
43.4,-85.9,1
43.4,-85.9,1
43.4,-85.9,1
43.4,-85.9,1
43.4,-85.9,1
43.4,-85.9,1
43.4,-85.9,1
43.4,-85.9,1
43.4,-85.9,1
43.4,-85.9,1
43.4,-85.9,1
43.4,-85.9,1
43.4,-85.9,1
43.4,-85.9,1
43.4,-85.9,1
43.4,-85.9,1
43.4,-85.9,1
43.4,-85.9,1
43.4,-85.9,1
43.4,-85.9,1
43.4,-85.9,1
43.4,-85.9,1
43.4,-85.9,1
43.4,-85.9,1
43.4,-85.9,1
43.4,-85.9,1
43.4,-85.9,1
43.4,-85.9,1
43.4,-85.9,1
43.4,-85.9,1
43.4,-85.9,1
43.4,-85.9,1
43.4,-85.9,1
43.4,-85.9,1
43.4,-85.9,1
43.4,-85.9,1
43.4,-85.9,1
43.4,-85.9,1
43.4,-85.9,1
43.4,-85.9,1
43.4,-85.9,1
43.4,-85.9,1
43.4,-85.9,1
43.4,-85.9,1
43.4,-85.9,1
43.4,-85.9,1
43.4,-85.9,1
43.4,-85.9,1
43.4,-85.9,1
43.4,-85.9,1
43.4,-85.9,1
43.4,-85.9,1
43.4,-85.9,1
43.4,-85.9,1
43.4,-85.9,1
43.4,-85.9,1
43.4,-85.9,1
43.4,-85.9,1
43.4,-85.9,1
43.4,-85.9,1
43.4,-85.9,1
43.4,-85.9,1
43.4,-85.9,1
43.4,-85.9,1
43.4,-85.9,1
43.4,-85.9,1
43.4,-85.9,1
43.4,-85.9,1
43.4,-85.9,1
43.4,-85.9,1
43.4,-85.9,1
43.4,-85.9,1
43.4,-85.9,1
43.4,-85.9,1
43.4,-85.9,1
43.4,-85.9,1
43.4,-85.9,1
43.4,-85.9,1
43.4,-85.9,1
43.4,-85.9,1
43.4,-85.9,1
43.4,-85.9,1
43.4,-85.9,1
43.4,-85.9,1
43.4,-85.9,1
43.4,-85.9,1
43.4,-85.9,1
43.4,-85.9,1
43.4,-85.9,1
43.4,-85.9,1
43.4,-85.9,1
43.4,-85.9,1
43.4,-85.9,1
43.4,-85.9,1
43.4,-85.9,1
43.4,-85.9,1
43.4,-85.9,1
43.4,-85.9,1
43.4,-85.9,1
43.4,-85.9,1
43.4,-85.9,1
43.4,-85.9,1
43.4,-85.9,1
43.4,-85.9,1
43.4,-85.9,1
43.4,-85.9,1
43.4,-85.9,1
43.4,-85.9,1
43.4,-85.9,1
43.4,-85.9,1
43.4,-85.9,1
43.4,-85.9,1
43.4,-85.9,1
43.4,-85.9,1
43.4,-85.9,1
43.4,-85.9,1
43.4,-85.9,1
43.4,-85.9,1
43.4,-85.9,1
43.4,-85.9,1
43.4,-85.9,1
43.4,-85.9,1
43.4,-85.9,1
43.4,-85.9,1
43.4,-85.9,1
43.4,-85.9,1
43.4,-85.9,1
43.4,-85.9,1
43.4,-85.9,1
43.4,-85.9,1
43.4,-85.9,1
43.4,-85.9,1
43.4,-85.9,1
43.4,-85.9,1
43.4,-85.9,1
43.4,-85.9,1
43.4,-85.9,1
43.4,-85.9,1
43.4,-85.9,1
43.4,-85.9,1
43.4,-85.9,1
43.4,-85.9,1
43.4,-85.9,1
43.4,-85.9,1
43.4,-85.9,1
43.4,-85.9,1
43.4,-85.9,1
43.4,-85.9,1
43.4,-85.9,1
43.4,-85.9,1
43.4,-85.9,1
43.4,-85.9,1
43.4,-85.9,1
43.4,-85.9,1
43.4,-85.9,1
43.4,-85.9,1
43.4,-85.9,1
43.4,-85.9,1
43.4,-85.9,1
43.4,-85.9,1
43.4,-85.9,1
43.4,-85.9,1
43.4,-85.9,1
43.4,-85.9,1
43.4,-85.9,1
43.4,-85.9,1
43.4,-85.9,1
43.4,-85.9,1
43.4,-85.9,1
43.4,-85.9,1
43.4,-85.9,1
43.4,-85.9,1
43.4,-85.9,1
43.4,-85.9,1
43.4,-85.9,1
43.4,-85.9,1
43.4,-85.9,1
43.4,-85.9,1
43.4,-85.9,1
43.4,-85.9,1
43.4,-85.9,1
43.4,-85.9,1
43.4,-85.9,1
43.4,-85.9,1
43.4,-85.9,1
43.4,-85.9,1
43.4,-85.9,1
43.4,-85.9,1
43.4,-85.9,1
43.4,-85.9,1
43.4,-85.9,1
43.4,-85.9,1
43.4,-85.9,1
43.4,-85.9,1
43.4,-85.9,1
43.4,-85.9,1
43.4,-85.9,1
43.4,-85.9,1
43.4,-85.9,1
43.4,-85.9,1
43.4,-85.9,1
43.4,-85.9,1
43.4,-85.9,1
43.4,-85.9,1
43.4,-85.9,1
43.4,-85.9,1
43.4,-85.9,1
43.4,-85.9,1
43.4,-85.9,1
43.4,-85.9,1
43.4,-85.9,1
43.4,-85.9,1
43.4,-85.9,1
43.4,-85.9,1
43.4,-85.9,1
43.4,-85.9,1
43.4,-85.9,1
43.4,-85.9,1
43.4,-85.9,1
43.4,-85.9,1
43.4,-85.9,1
43.4,-85.9,1
43.4,-85.9,1
43.4,-85.9,1
43.4,-85.9,1
43.4,-85.9,1
43.4,-85.9,1
43.4,-85.9,1
43.4,-85.9,1
43.4,-85.9,1
43.4,-85.9,1
43.4,-85.9,1
43.4,-85.9,1
43.4,-85.9,1
43.4,-85.9,1
43.4,-85.9,1
43.4,-85.9,1
43.4,-85.9,1
43.4,-85.9,1
43.4,-85.9,1
43.4,-85.9,1
43.4,-85.9,1
43.4,-85.9,1
43.4,-85.9,1
43.4,-85.9,1
43.4,-85.9,1
43.4,-85.9,1
43.4,-85.9,1
43.4,-85.9,1
43.4,-85.9,1
43.4,-85.9,1
43.4,-85.9,1
43.4,-85.9,1
43.4,-85.9,1
43.4,-85.9,1
43.4,-85.9,1
43.4,-85.9,1
43.4,-85.9,1
43.4,-85.9,1
43.4,-85.9,1
43.4,-85.9,1
43.4,-85.9,1
43.4,-85.9,1
43.4,-85.9,1
43.4,-85.9,1
43.4,-85.9,1
43.4,-85.9,1
43.4,-85.9,1
43.4,-85.9,1
43.4,-85.9,1
43.4,-85.9,1
43.4,-85.9,1
43.4,-85.9,1
43.4,-85.9,1
43.4,-85.9,1
43.4,-85.9,1
43.4,-85.9,1
43.4,-85.9,1
43.4,-85.9,1
43.4,-85.9,1
43.4,-85.9,1
43.4,-85.9,1
43.4,-85.9,1
43.4,-85.9,1
43.4,-85.9,1
43.4,-85.9,1
43.4,-85.9,1
43.4,-85.9,1
43.4,-85.9,1
43.4,-85.9,1
43.4,-85.9,1
43.4,-85.9,1
43.4,-85.9,1
43.4,-85.9,1
43.4,-85.9,1
43.4,-85.9,1
43.4,-85.9,1
43.4,-85.9,1
43.4,-85.9,1
43.4,-85.9,1
43.4,-85.9,1
43.4,-85.9,1
43.4,-85.9,1
43.4,-85.9,1
43.4,-85.9,1
43.4,-85.9,1
43.4,-85.9,1
43.4,-85.9,1
43.4,-85.9,1
43.4,-85.9,1
43.4,-85.9,1
43.4,-85.9,1
43.4,-85.9,1
43.4,-85.9,1
43.4,-85.9,1
43.4,-85.9,1
43.4,-85.9,1
43.4,-85.9,1
43.4,-85.9,1
43.4,-85.9,1
43.4,-85.9,1
43.4,-85.9,1
43.4,-85.9,1
43.4,-85.9,1
43.4,-85.9,1
43.4,-85.9,1
43.4,-85.9,1
43.4,-85.9,1
43.4,-85.9,1
43.4,-85.9,1
43.4,-85.9,1
43.4,-85.9,1
43.4,-85.9,1
43.4,-85.9,1
43.4,-85.9,1
43.4,-85.9,1
43.4,-85.9,1
43.4,-85.9,1
43.4,-85.9,1
43.4,-85.9,1
43.4,-85.9,1
43.4,-85.9,1
43.4,-85.9,1
43.4,-85.9,1
43.4,-85.9,1
43.4,-85.9,1
43.4,-85.9,1
43.4,-85.9,1
43.4,-85.9,1
43.4,-85.9,1
43.4,-85.9,1
43.4,-85.9,1
43.4,-85.9,1
43.4,-85.9,1
43.4,-85.9,1
43.4,-85.9,1
43.4,-85.9,1
43.4,-85.9,1
43.4,-85.9,1
43.4,-85.9,1
43.4,-85.9,1
43.4,-85.9,1
43.4,-85.9,1
43.4,-85.9,1
43.4,-85.9,1
43.4,-85.9,1
43.4,-85.9,1
43.4,-85.9,1
43.4,-85.9,1
43.4,-85.9,1
43.4,-85.9,1
43.4,-85.9,1
43.4,-85.9,1
43.4,-85.9,1
43.4,-85.9,1
43.4,-85.9,1
43.4,-85.9,1
43.4,-85.9,1
43.4,-85.9,1
43.4,-85.9,1
43.4,-85.9,1
43.4,-85.9,1
43.4,-85.9,1
43.4,-85.9,1
43.4,-85.9,1
43.4,-85.9,1
43.4,-85.9,1
43.4,-85.9,1
43.4,-85.9,1
43.4,-85.9,1
43.4,-85.9,1
43.4,-85.9,1
43.4,-85.9,1
43.4,-85.9,1
43.4,-85.9,1
43.4,-85.9,1
43.4,-85.9,1
43.4,-85.9,1
43.4,-85.9,1
43.4,-85.9,1
43.4,-85.9,1
43.4,-85.9,1
43.4,-85.9,1
43.4,-85.9,1
43.4,-85.9,1
43.4,-85.9,1
43.4,-85.9,1
43.4,-85.9,1
43.4,-85.9,1
43.4,-85.9,1
43.4,-85.9,1
43.4,-85.9,1
43.4,-85.9,1
43.4,-85.9,1
43.4,-85.9,1
43.4,-85.9,1
43.4,-85.9,1
43.4,-85.9,1
43.4,-85.9,1
43.4,-85.9,1
43.4,-85.9,1
43.4,-85.9,1
43.4,-85.9,1
43.4,-85.9,1
43.4,-85.9,1
43.4,-85.9,1
43.4,-85.9,1
43.4,-85.9,1
43.4,-85.9,1
43.4,-85.9,1
43.4,-85.9,1
43.4,-85.9,1
43.4,-85.9,1
43.4,-85.9,1
43.4,-85.9,1
43.4,-85.9,1
43.4,-85.9,1
43.4,-85.9,1
43.4,-85.9,1
43.4,-85.9,1
43.4,-85.9,1
43.4,-85.9,1
43.4,-85.9,1
43.4,-85.9,1
43.4,-85.9,1
43.4,-85.9,1
43.4,-85.9,1
43.4,-85.9,1
43.4,-85.9,1
43.4,-85.9,1
43.4,-85.9,1
43.4,-85.9,1
43.4,-85.9,1
43.4,-85.9,1
43.4,-85.9,1
43.4,-85.9,1
43.4,-85.9,1
43.4,-85.9,1
43.4,-85.9,1
43.4,-85.9,1
43.4,-85.9,1
43.4,-85.9,1
43.4,-85.9,1
43.4,-85.9,1
43.4,-85.9,1
43.4,-85.9,1
43.4,-85.9,1
43.4,-85.9,1
43.4,-85.9,1
43.4,-85.9,1
43.4,-85.9,1
43.4,-85.9,1
43.4,-85.9,1
43.4,-85.9,1
43.4,-85.9,1
43.4,-85.9,1
43.4,-85.9,1
43.4,-85.9,1
43.4,-85.9,1
43.4,-85.9,1
43.4,-85.9,1
43.4,-85.9,1
43.4,-85.9,1
43.4,-85.9,1
43.4,-85.9,1
43.4,-85.9,1
43.4,-85.9,1
43.4,-85.9,1
43.4,-85.9,1
43.4,-85.9,1
43.4,-85.9,1
43.4,-85.9,1
43.4,-85.9,1
43.4,-85.9,1
43.4,-85.9,1
43.4,-85.9,1
43.4,-85.9,1
43.4,-85.9,1
43.4,-85.9,1
43.4,-85.9,1
43.4,-85.9,1
43.4,-85.9,1
43.4,-85.9,1
43.4,-85.9,1
43.4,-85.9,1
43.4,-85.9,1
43.4,-85.9,1
43.4,-85.9,1
43.4,-85.9,1
43.4,-85.9,1
43.4,-85.9,1
43.4,-85.9,1
43.4,-85.9,1
43.4,-85.9,1
43.4,-85.9,1
43.4,-85.9,1
43.4,-85.9,1
43.4,-85.9,1
43.4,-85.9,1
43.4,-85.9,1
43.4,-85.9,1
43.4,-85.9,1
43.4,-85.9,1
43.4,-85.9,1
43.4,-85.9,1
43.4,-85.9,1
43.4,-85.9,1
43.4,-85.9,1
43.4,-85.9,1
43.4,-85.9,1
43.4,-85.9,1
43.4,-85.9,1
43.4,-85.9,1
43.4,-85.9,1
43.4,-85.9,1
43.4,-85.9,1
43.4,-85.9,1
43.4,-85.9,1
43.4,-85.9,1
43.4,-85.9,1
43.4,-85.9,1
43.4,-85.9,1
43.4,-85.9,1
43.4,-85.9,1
43.4,-85.9,1
43.4,-85.9,1
43.4,-85.9,1
43.4,-85.9,1
43.4,-85.9,1
43.4,-85.9,1
43.4,-85.9,1
43.4,-85.9,1
43.4,-85.9,1
43.4,-85.9,1
43.4,-85.9,1
43.4,-85.9,1
43.4,-85.9,1
43.4,-85.9,1
43.4,-85.9,1
43.4,-85.9,1
43.4,-85.9,1
43.4,-85.9,1
43.4,-85.9,1
43.4,-85.9,1
43.4,-85.9,1
43.4,-85.9,1
43.4,-85.9,1
43.4,-85.9,1
43.4,-85.9,1
43.4,-85.9,1
43.4,-85.9,1
43.4,-85.9,1
43.4,-85.9,1
43.4,-85.9,1
43.4,-85.9,1
43.4,-85.9,1
43.4,-85.9,1
43.4,-85.9,1
43.4,-85.9,1
43.4,-85.9,1
43.4,-85.9,1
43.4,-85.9,1
43.4,-85.9,1
43.4,-85.9,1
43.4,-85.9,1
43.4,-85.9,1
43.4,-85.9,1
43.4,-85.9,1
43.4,-85.9,1
43.4,-85.9,1
43.4,-85.9,1
43.4,-85.9,1
43.4,-85.9,1
43.4,-85.9,1
43.4,-85.9,1
43.4,-85.9,1
43.4,-85.9,1
43.4,-85.9,1
43.4,-85.9,1
43.4,-85.9,1
43.4,-85.9,1
43.4,-85.9,1
43.4,-85.9,1
43.4,-85.9,1
43.4,-85.9,1
43.4,-85.9,1
43.4,-85.9,1
43.4,-85.9,1
43.4,-85.9,1
43.4,-85.9,1
43.4,-85.9,1
43.4,-85.9,1
43.4,-85.9,1
43.4,-85.9,1
43.4,-85.9,1
43.4,-85.9,1
43.4,-85.9,1
43.4,-85.9,1
43.4,-85.9,1
43.4,-85.9,1
43.4,-85.9,1
43.4,-85.9,1
43.4,-85.9,1
43.4,-85.9,1
43.4,-85.9,1
43.4,-85.9,1
43.4,-85.9,1
43.4,-85.9,1
43.4,-85.9,1
43.4,-85.9,1
43.4,-85.9,1
43.4,-85.9,1
43.4,-85.9,1
43.4,-85.9,1
43.4,-85.9,1
43.4,-85.9,1
43.4,-85.9,1
43.4,-85.9,1
43.4,-85.9,1
43.4,-85.9,1
43.4,-85.9,1
43.4,-85.9,1
43.4,-85.9,1
43.4,-85.9,1
43.4,-85.9,1
43.4,-85.9,1
43.4,-85.9,1
43.4,-85.9,1
43.4,-85.9,1
43.4,-85.9,1
43.4,-85.9,1
43.4,-85.9,1
43.4,-85.9,1
43.4,-85.9,1
43.4,-85.9,1
43.4,-85.9,1
43.4,-85.9,1
43.4,-85.9,1
43.4,-85.9,1
43.4,-85.9,1
43.4,-85.9,1
43.4,-85.9,1
43.4,-85.9,1
43.4,-85.9,1
43.4,-85.9,1
43.4,-85.9,1
43.4,-85.9,1
43.4,-85.9,1
43.4,-85.9,1
43.4,-85.9,1
43.4,-85.9,1
43.4,-85.9,1
43.4,-85.9,1
43.4,-85.9,1
43.4,-85.9,1
43.4,-85.9,1
43.4,-85.9,1
43.4,-85.9,1
43.4,-85.9,1
43.4,-85.9,1
43.4,-85.9,1
43.4,-85.9,1
43.4,-85.9,1
43.4,-85.9,1
43.4,-85.9,1
43.4,-85.9,1
43.4,-85.9,1
43.4,-85.9,1
43.4,-85.9,1
43.4,-85.9,1
43.4,-85.9,1
43.4,-85.9,1
43.4,-85.9,1
43.4,-85.9,1
43.4,-85.9,1
43.4,-85.9,1
43.4,-85.9,1
43.4,-85.9,1
43.4,-85.9,1
43.4,-85.9,1
43.4,-85.9,1
43.4,-85.9,1
43.4,-85.9,1
43.4,-85.9,1
43.4,-85.9,1
43.4,-85.9,1
43.4,-85.9,1
43.4,-85.9,1
43.4,-85.9,1
43.4,-85.9,1
43.4,-85.9,1
43.4,-85.9,1
43.4,-85.9,1
43.4,-85.9,1
43.4,-85.9,1
43.4,-85.9,1
43.4,-85.9,1
43.4,-85.9,1
43.4,-85.9,1
43.4,-85.9,1
43.4,-85.9,1
43.4,-85.9,1
43.4,-85.9,1
43.4,-85.9,1
43.4,-85.9,1
43.4,-85.9,1
43.4,-85.9,1
43.4,-85.9,1
43.4,-85.9,1
43.4,-85.9,1
43.4,-85.9,1
43.4,-85.9,1
43.4,-85.9,1
43.4,-85.9,1
43.4,-85.9,1
43.4,-85.9,1
43.4,-85.9,1
43.4,-85.9,1
43.4,-85.9,1
43.4,-85.9,1
43.4,-85.9,1
43.4,-85.9,1
43.4,-85.9,1
43.4,-85.9,1
43.4,-85.9,1
43.4,-85.9,1
43.4,-85.9,1
43.4,-85.9,1
43.4,-85.9,1
43.4,-85.9,1
43.4,-85.9,1
43.4,-85.9,1
43.4,-85.9,1
43.4,-85.9,1
43.4,-85.9,1
43.4,-85.9,1
43.4,-85.9,1
43.4,-85.9,1
43.4,-85.9,1
43.4,-85.9,1
43.4,-85.9,1
43.4,-85.9,1
43.4,-85.9,1
43.4,-85.9,1
43.4,-85.9,1
43.4,-85.9,1
43.4,-85.9,1
43.4,-85.9,1
43.4,-85.9,1
43.4,-85.9,1
43.4,-85.9,1
43.4,-85.9,1
43.4,-85.9,1
43.4,-85.9,1
43.4,-85.9,1
43.4,-85.9,1
43.4,-85.9,1
43.4,-85.9,1
43.4,-85.9,1
43.4,-85.9,1
43.4,-85.9,1
43.4,-85.9,1
43.4,-85.9,1
43.4,-85.9,1
43.4,-85.9,1
43.4,-85.9,1
43.4,-85.9,1
43.4,-85.9,1
43.4,-85.9,1
43.4,-85.9,1
43.4,-85.9,1
43.4,-85.9,1
43.4,-85.9,1
43.4,-85.9,1
43.4,-85.9,1
43.4,-85.9,1
43.4,-85.9,1
43.4,-85.9,1
43.4,-85.9,1
43.4,-85.9,1
43.4,-85.9,1
43.4,-85.9,1
43.4,-85.9,1
43.4,-85.9,1
43.4,-85.9,1
43.4,-85.9,1
43.4,-85.9,1
43.4,-85.9,1
43.4,-85.9,1
43.4,-85.9,1
43.4,-85.9,1
43.4,-85.9,1
43.4,-85.9,1
43.4,-85.9,1
43.4,-85.9,1
43.4,-85.9,1
43.4,-85.9,1
43.4,-85.9,1
43.4,-85.9,1
43.4,-85.9,1
43.4,-85.9,1
43.4,-85.9,1
43.4,-85.9,1
43.4,-85.9,1
43.4,-85.9,1
43.4,-85.9,1
43.4,-85.9,1
43.4,-85.9,1
43.4,-85.9,1
43.4,-85.9,1
43.4,-85.9,1
43.4,-85.9,1
43.4,-85.9,1
43.4,-85.9,1
43.4,-85.9,1
43.4,-85.9,1
43.4,-85.9,1
43.4,-85.9,1
43.4,-85.9,1
43.4,-85.9,1
43.4,-85.9,1
43.4,-85.9,1
43.4,-85.9,1
43.4,-85.9,1
43.4,-85.9,1
43.4,-85.9,1
43.4,-85.9,1
43.4,-85.9,1
43.4,-85.9,1
43.4,-85.9,1
43.4,-85.9,1
43.4,-85.9,1
43.4,-85.9,1
43.4,-85.9,1
43.4,-85.9,1
43.4,-85.9,1
43.4,-85.9,1
43.4,-85.9,1
43.4,-85.9,1
43.4,-85.9,1
43.4,-85.9,1
43.4,-85.9,1
43.4,-85.9,1
43.4,-85.9,1
43.4,-85.9,1
43.4,-85.9,1
43.4,-85.9,1
43.4,-85.9,1
43.4,-85.9,1
43.4,-85.9,1
43.4,-85.9,1
43.4,-85.9,1
43.4,-85.9,1
43.4,-85.9,1
43.4,-85.9,1
43.4,-85.9,1
43.4,-85.9,1
43.4,-85.9,1
43.4,-85.9,1
43.4,-85.9,1
43.4,-85.9,1
43.4,-85.9,1
43.4,-85.9,1
43.4,-85.9,1
43.4,-85.9,1
43.4,-85.9,1
43.4,-85.9,1
43.4,-85.9,1
43.4,-85.9,1
43.4,-85.9,1
43.4,-85.9,1
43.4,-85.9,1
43.4,-85.9,1
43.4,-85.9,1
43.4,-85.9,1
43.4,-85.9,1
43.4,-85.9,1
43.4,-85.9,1
43.4,-85.9,1
43.4,-85.9,1
43.4,-85.9,1
43.4,-85.9,1
43.4,-85.9,1
43.4,-85.9,1
43.4,-85.9,1
43.4,-85.9,1
43.4,-85.9,1
43.4,-85.9,1
43.4,-85.9,1
43.4,-85.9,1
43.4,-85.9,1
43.4,-85.9,1
43.4,-85.9,1
43.4,-85.9,1
43.4,-85.9,1
43.4,-85.9,1
43.4,-85.9,1
43.4,-85.9,1
43.4,-85.9,1
43.4,-85.9,1
43.4,-85.9,1
43.4,-85.9,1
43.4,-85.9,1
43.4,-85.9,1
43.4,-85.9,1
43.4,-85.9,1
43.4,-85.9,1
43.4,-85.9,1
43.4,-85.9,1
43.4,-85.9,1
43.4,-85.9,1
43.4,-85.9,1
43.4,-85.9,1
43.4,-85.9,1
43.4,-85.9,1
43.4,-85.9,1
43.4,-85.9,1
43.4,-85.9,1
43.4,-85.9,1
43.4,-85.9,1
43.4,-85.9,1
43.4,-85.9,1
43.4,-85.9,1
43.4,-85.9,1
43.4,-85.9,1
43.4,-85.9,1
43.4,-85.9,1
43.4,-85.9,1
43.4,-85.9,1
43.4,-85.9,1
43.4,-85.9,1
43.4,-85.9,1
43.4,-85.9,1
43.4,-85.9,1
43.4,-85.9,1
43.4,-85.9,1
43.4,-85.9,1
43.4,-85.9,1
43.4,-85.9,1
43.4,-85.9,1
43.4,-85.9,1
43.4,-85.9,1
43.4,-85.9,1
43.4,-85.9,1
43.4,-85.9,1
43.4,-85.9,1
43.4,-85.9,1
43.4,-85.9,1
43.4,-85.9,1
43.4,-85.9,1
43.4,-85.9,1
43.4,-85.9,1
43.4,-85.9,1
43.4,-85.9,1
43.4,-85.9,1
43.4,-85.9,1
43.4,-85.9,1
43.4,-85.9,1
43.4,-85.9,1
43.4,-85.9,1
43.4,-85.9,1
43.4,-85.9,1
43.4,-85.9,1
43.4,-85.9,1
43.4,-85.9,1
43.4,-85.9,1
43.4,-85.9,1
43.4,-85.9,1
43.4,-85.9,1
43.4,-85.9,1
43.4,-85.9,1
43.4,-85.9,1
43.4,-85.9,1
43.4,-85.9,1
43.4,-85.9,1
43.4,-85.9,1
43.4,-85.9,1
43.4,-85.9,1
43.4,-85.9,1
43.4,-85.9,1
43.4,-85.9,1
43.4,-85.9,1
43.4,-85.9,1
43.4,-85.9,1
43.4,-85.9,1
43.4,-85.9,1
43.4,-85.9,1
43.4,-85.9,1
43.4,-85.9,1
43.4,-85.9,1
43.4,-85.9,1
43.4,-85.9,1
43.4,-85.9,1
43.4,-85.9,1
43.4,-85.9,1
43.4,-85.9,1
43.4,-85.9,1
43.4,-85.9,1
43.4,-85.9,1
43.4,-85.9,1
43.4,-85.9,1
43.4,-85.9,1
43.4,-85.9,1
43.4,-85.9,1
43.4,-85.9,1
43.4,-85.9,1
43.4,-85.9,1
43.4,-85.9,1
43.4,-85.9,1
43.4,-85.9,1
43.4,-85.9,1
43.4,-85.9,1
43.4,-85.9,1
43.4,-85.9,1
43.4,-85.9,1
43.4,-85.9,1
43.4,-85.9,1
43.4,-85.9,1
43.4,-85.9,1
43.4,-85.9,1
43.4,-85.9,1
43.4,-85.9,1
43.4,-85.9,1
43.4,-85.9,1
43.4,-85.9,1
43.4,-85.9,1
43.4,-85.9,1
43.4,-85.9,1
43.4,-85.9,1
43.4,-85.9,1
43.4,-85.9,1
43.4,-85.9,1
43.4,-85.9,1
43.4,-85.9,1
43.4,-85.9,1
43.4,-85.9,1
43.4,-85.9,1
43.4,-85.9,1
43.4,-85.9,1
43.4,-85.9,1
43.4,-85.9,1
43.4,-85.9,1
43.4,-85.9,1
43.4,-85.9,1
43.4,-85.9,1
43.4,-85.9,1
43.4,-85.9,1
43.4,-85.9,1
43.4,-85.9,1
43.4,-85.9,1
43.4,-85.9,1
43.4,-85.9,1
43.4,-85.9,1
43.4,-85.9,1
43.4,-85.9,1
43.4,-85.9,1
43.4,-85.9,1
43.4,-85.9,1
43.4,-85.9,1
43.4,-85.9,1
43.4,-85.9,1
43.4,-85.9,1
43.4,-85.9,1
43.4,-85.9,1
43.4,-85.9,1
43.4,-85.9,1
43.4,-85.9,1
43.4,-85.9,1
43.4,-85.9,1
43.4,-85.9,1
43.4,-85.9,1
43.4,-85.9,1
43.4,-85.9,1
43.4,-85.9,1
43.4,-85.9,1
43.4,-85.9,1
43.4,-85.9,1
43.4,-85.9,1
43.4,-85.9,1
43.4,-85.9,1
43.4,-85.9,1
43.4,-85.9,1
43.4,-85.9,1
43.4,-85.9,1
43.4,-85.9,1
43.4,-85.9,1
43.4,-85.9,1
43.4,-85.9,1
43.4,-85.9,1
43.4,-85.9,1
43.4,-85.9,1
43.4,-85.9,1
43.4,-85.9,1
43.4,-85.9,1
43.4,-85.9,1
43.4,-85.9,1
43.4,-85.9,1
43.4,-85.9,1
43.4,-85.9,1
43.4,-85.9,1
43.4,-85.9,1
43.4,-85.9,1
43.4,-85.9,1
43.4,-85.9,1
43.4,-85.9,1
43.4,-85.9,1
43.4,-85.9,1
43.4,-85.9,1
43.4,-85.9,1
43.4,-85.9,1
43.4,-85.9,1
43.4,-85.9,1
43.4,-85.9,1
43.4,-85.9,1
43.4,-85.9,1
43.4,-85.9,1
43.4,-85.9,1
43.4,-85.9,1
43.4,-85.9,1
43.4,-85.9,1
43.4,-85.9,1
43.4,-85.9,1
43.4,-85.9,1
43.4,-85.9,1
43.4,-85.9,1
43.4,-85.9,1
43.4,-85.9,1
43.4,-85.9,1
43.4,-85.9,1
43.4,-85.9,1
43.4,-85.9,1
43.4,-85.9,1
43.4,-85.9,1
43.4,-85.9,1
43.4,-85.9,1
43.4,-85.9,1
43.4,-85.9,1
43.4,-85.9,1
43.4,-85.9,1
43.4,-85.9,1
43.4,-85.9,1
43.4,-85.9,1
43.4,-85.9,1
43.4,-85.9,1
43.4,-85.9,1
43.4,-85.9,1
43.4,-85.9,1
43.4,-85.9,1
43.4,-85.9,1
43.4,-85.9,1
43.4,-85.9,1
43.4,-85.9,1
43.4,-85.9,1
43.4,-85.9,1
43.4,-85.9,1
43.4,-85.9,1
43.4,-85.9,1
43.4,-85.9,1
43.4,-85.9,1
43.4,-85.9,1
43.4,-85.9,1
43.4,-85.9,1
43.4,-85.9,1
43.4,-85.9,1
43.4,-85.9,1
43.4,-85.9,1
43.4,-85.9,1
43.4,-85.9,1
43.4,-85.9,1
43.4,-85.9,1
43.4,-85.9,1
43.4,-85.9,1
43.4,-85.9,1
43.4,-85.9,1
43.4,-85.9,1
43.4,-85.9,1
43.4,-85.9,1
43.4,-85.9,1
43.4,-85.9,1
43.4,-85.9,1
43.4,-85.9,1
43.4,-85.9,1
43.4,-85.9,1
43.4,-85.9,1
43.4,-85.9,1
43.4,-85.9,1
43.4,-85.9,1
43.4,-85.9,1
43.4,-85.9,1
43.4,-85.9,1
43.4,-85.9,1
43.4,-85.9,1
43.4,-85.9,1
43.4,-85.9,1
43.4,-85.9,1
43.4,-85.9,1
43.4,-85.9,1
43.4,-85.9,1
43.4,-85.9,1
43.4,-85.9,1
43.4,-85.9,1
43.4,-85.9,1
43.4,-85.9,1
43.4,-85.9,1
43.4,-85.9,1
43.4,-85.9,1
43.4,-85.9,1
43.4,-85.9,1
43.4,-85.9,1
43.4,-85.9,1
43.4,-85.9,1
43.4,-85.9,1
43.4,-85.9,1
43.4,-85.9,1
43.4,-85.9,1
43.4,-85.9,1
43.4,-85.9,1
43.4,-85.9,1
43.4,-85.9,1
43.4,-85.9,1
43.4,-85.9,1
43.4,-85.9,1
43.4,-85.9,1
43.4,-85.9,1
43.4,-85.9,1
43.4,-85.9,1
43.4,-85.9,1
43.4,-85.9,1
43.4,-85.9,1
43.4,-85.9,1
43.4,-85.9,1
43.4,-85.9,1
43.4,-85.9,1
43.4,-85.9,1
43.4,-85.9,1
43.4,-85.9,1
43.4,-85.9,1
43.4,-85.9,1
43.4,-85.9,1
43.4,-85.9,1
43.4,-85.9,1
43.4,-85.9,1
43.4,-85.9,1
43.4,-85.9,1
43.4,-85.9,1
43.4,-85.9,1
43.4,-85.9,1
43.4,-85.9,1
43.4,-85.9,1
43.4,-85.9,1
43.4,-85.9,1
43.4,-85.9,1
43.4,-85.9,1
43.4,-85.9,1
43.4,-85.9,1
43.4,-85.9,1
43.4,-85.9,1
43.4,-85.9,1
43.4,-85.9,1
43.4,-85.9,1
43.4,-85.9,1
43.4,-85.9,1
43.4,-85.9,1
43.4,-85.9,1
43.4,-85.9,1
43.4,-85.9,1
43.4,-85.9,1
43.4,-85.9,1
43.4,-85.9,1
43.4,-85.9,1
43.4,-85.9,1
43.4,-85.9,1
43.4,-85.9,1
43.4,-85.9,1
43.4,-85.9,1
43.4,-85.9,1
43.4,-85.9,1
43.4,-85.9,1
43.4,-85.9,1
43.4,-85.9,1
43.4,-85.9,1
43.4,-85.9,1
43.4,-85.9,1
43.4,-85.9,1
43.4,-85.9,1
43.4,-85.9,1
43.4,-85.9,1
43.4,-85.9,1
43.4,-85.9,1
43.4,-85.9,1
43.4,-85.9,1
43.4,-85.9,1
43.4,-85.9,1
43.4,-85.9,1
43.4,-85.9,1
43.4,-85.9,1
43.4,-85.9,1
43.4,-85.9,1
43.4,-85.9,1
43.4,-85.9,1
43.4,-85.9,1
43.4,-85.9,1
43.4,-85.9,1
43.4,-85.9,1
43.4,-85.9,1
43.4,-85.9,1
43.4,-85.9,1
43.4,-85.9,1
43.4,-85.9,1
43.4,-85.9,1
43.4,-85.9,1
43.4,-85.9,1
43.4,-85.9,1
43.4,-85.9,1
43.4,-85.9,1
43.4,-85.9,1
43.4,-85.9,1
43.4,-85.9,1
43.4,-85.9,1
43.4,-85.9,1
43.4,-85.9,1
43.4,-85.9,1
43.4,-85.9,1
43.4,-85.9,1
43.4,-85.9,1
43.4,-85.9,1
43.4,-85.9,1
43.4,-85.9,1
43.4,-85.9,1
43.4,-85.9,1
43.4,-85.9,1
43.4,-85.9,1
43.4,-85.9,1
43.4,-85.9,1
43.4,-85.9,1
43.4,-85.9,1
43.4,-85.9,1
43.4,-85.9,1
43.4,-85.9,1
43.4,-85.9,1
43.4,-85.9,1
43.4,-85.9,1
43.4,-85.9,1
43.4,-85.9,1
43.4,-85.9,1
43.4,-85.9,1
43.4,-85.9,1
43.4,-85.9,1
43.4,-85.9,1
43.4,-85.9,1
43.4,-85.9,1
43.4,-85.9,1
43.4,-85.9,1
43.4,-85.9,1
43.4,-85.9,1
43.4,-85.9,1
43.4,-85.9,1
43.4,-85.9,1
43.4,-85.9,1
43.4,-85.9,1
43.4,-85.9,1
43.4,-85.9,1
43.4,-85.9,1
43.4,-85.9,1
43.4,-85.9,1
43.4,-85.9,1
43.4,-85.9,1
43.4,-85.9,1
43.4,-85.9,1
43.4,-85.9,1
43.4,-85.9,1
43.4,-85.9,1
43.4,-85.9,1
43.4,-85.9,1
43.4,-85.9,1
43.4,-85.9,1
43.4,-85.9,1
43.4,-85.9,1
43.4,-85.9,1
43.4,-85.9,1
43.4,-85.9,1
43.4,-85.9,1
43.4,-85.9,1
43.4,-85.9,1
43.4,-85.9,1
43.4,-85.9,1
43.4,-85.9,1
43.4,-85.9,1
43.4,-85.9,1
43.4,-85.9,1
43.4,-85.9,1
43.4,-85.9,1
43.4,-85.9,1
43.4,-85.9,1
43.4,-85.9,1
43.4,-85.9,1
43.4,-85.9,1
43.4,-85.9,1
43.4,-85.9,1
43.4,-85.9,1
43.4,-85.9,1
43.4,-85.9,1
43.4,-85.9,1
43.4,-85.9,1
43.4,-85.9,1
43.4,-85.9,1
43.4,-85.9,1
43.4,-85.9,1
43.4,-85.9,1
43.4,-85.9,1
43.4,-85.9,1
43.4,-85.9,1
43.4,-85.9,1
43.4,-85.9,1
43.4,-85.9,1
43.4,-85.9,1
43.4,-85.9,1
43.4,-85.9,1
43.4,-85.9,1
43.4,-85.9,1
43.4,-85.9,1
43.4,-85.9,1
43.4,-85.9,1
43.4,-85.9,1
43.4,-85.9,1
43.4,-85.9,1
43.4,-85.9,1
43.4,-85.9,1
43.4,-85.9,1
43.4,-85.9,1
43.4,-85.9,1
43.4,-85.9,1
43.4,-85.9,1
43.4,-85.9,1
43.4,-85.9,1
43.4,-85.9,1
43.4,-85.9,1
43.4,-85.9,1
43.4,-85.9,1
43.4,-85.9,1
43.4,-85.9,1
43.4,-85.9,1
43.4,-85.9,1
43.4,-85.9,1
43.4,-85.9,1
43.4,-85.9,1
43.4,-85.9,1
43.4,-85.9,1
43.4,-85.9,1
43.4,-85.9,1
43.4,-85.9,1
43.4,-85.9,1
43.4,-85.9,1
43.4,-85.9,1
43.4,-85.9,1
43.4,-85.9,1
43.4,-85.9,1
43.4,-85.9,1
43.4,-85.9,1
43.4,-85.9,1
43.4,-85.9,1
43.4,-85.9,1
43.4,-85.9,1
43.4,-85.9,1
43.4,-85.9,1
43.4,-85.9,1
43.4,-85.9,1
43.4,-85.9,1
43.4,-85.9,1
43.4,-85.9,1
43.4,-85.9,1
43.4,-85.9,1
43.4,-85.9,1
43.4,-85.9,1
43.4,-85.9,1
43.4,-85.9,1
43.4,-85.9,1
43.4,-85.9,1
43.4,-85.9,1
43.4,-85.9,1
43.4,-85.9,1
43.4,-85.9,1
43.4,-85.9,1
43.4,-85.9,1
43.4,-85.9,1
43.4,-85.9,1
43.4,-85.9,1
43.4,-85.9,1
43.4,-85.9,1
43.4,-85.9,1
43.4,-85.9,1
43.4,-85.9,1
43.4,-85.9,1
43.4,-85.9,1
43.4,-85.9,1
43.4,-85.9,1
43.4,-85.9,1
43.4,-85.9,1
43.4,-85.9,1
43.4,-85.9,1
43.4,-85.9,1
43.4,-85.9,1
43.4,-85.9,1
43.4,-85.9,1
43.4,-85.9,1
43.4,-85.9,1
43.4,-85.9,1
43.4,-85.9,1
43.4,-85.9,1
43.4,-85.9,1
43.4,-85.9,1
43.4,-85.9,1
43.4,-85.9,1
43.4,-85.9,1
43.4,-85.9,1
43.4,-85.9,1
43.4,-85.9,1
43.4,-85.9,1
43.4,-85.9,1
43.4,-85.9,1
43.4,-85.9,1
43.4,-85.9,1
43.4,-85.9,1
43.4,-85.9,1
43.4,-85.9,1
43.4,-85.9,1
43.4,-85.9,1
43.4,-85.9,1
43.4,-85.9,1
43.4,-85.9,1
43.4,-85.9,1
43.4,-85.9,1
43.4,-85.9,1
43.4,-85.9,1
43.4,-85.9,1
43.4,-85.9,1
43.4,-85.9,1
43.4,-85.9,1
43.4,-85.9,1
43.4,-85.9,1
43.4,-85.9,1
43.4,-85.9,1
43.4,-85.9,1
43.4,-85.9,1
43.4,-85.9,1
43.4,-85.9,1
43.4,-85.9,1
43.4,-85.9,1
43.4,-85.9,1
43.4,-85.9,1
43.4,-85.9,1
43.4,-85.9,1
43.4,-85.9,1
43.4,-85.9,1
43.4,-85.9,1
43.4,-85.9,1
43.4,-85.9,1
43.4,-85.9,1
43.4,-85.9,1
43.4,-85.9,1
43.4,-85.9,1
43.4,-85.9,1
43.4,-85.9,1
43.4,-85.9,1
43.4,-85.9,1
43.4,-85.9,1
43.4,-85.9,1
43.4,-85.9,1
43.4,-85.9,1
43.4,-85.9,1
43.4,-85.9,1
43.4,-85.9,1
43.4,-85.9,1
43.4,-85.9,1
43.4,-85.9,1
43.4,-85.9,1
43.4,-85.9,1
43.4,-85.9,1
43.4,-85.9,1
43.4,-85.9,1
43.4,-85.9,1
43.4,-85.9,1
43.4,-85.9,1
43.4,-85.9,1
43.4,-85.9,1
43.4,-85.9,1
43.4,-85.9,1
43.4,-85.9,1
43.4,-85.9,1
43.4,-85.9,1
43.4,-85.9,1
43.4,-85.9,1
43.4,-85.9,1
43.4,-85.9,1
43.4,-85.9,1
43.4,-85.9,1
43.4,-85.9,1
43.4,-85.9,1
43.4,-85.9,1
43.4,-85.9,1
43.4,-85.9,1
43.4,-85.9,1
43.4,-85.9,1
43.4,-85.9,1
43.4,-85.9,1
43.4,-85.9,1
43.4,-85.9,1
43.4,-85.9,1
43.4,-85.9,1
43.4,-85.9,1
43.4,-85.9,1
43.4,-85.9,1
43.4,-85.9,1
43.4,-85.9,1
43.4,-85.9,1
43.4,-85.9,1
43.4,-85.9,1
43.4,-85.9,1
43.4,-85.9,1
43.4,-85.9,1
43.4,-85.9,1
43.4,-85.9,1
43.4,-85.9,1
43.4,-85.9,1
43.4,-85.9,1
43.4,-85.9,1
43.4,-85.9,1
43.4,-85.9,1
43.4,-85.9,1
43.4,-85.9,1
43.4,-85.9,1
43.4,-85.9,1
43.4,-85.9,1
43.4,-85.9,1
43.4,-85.9,1
43.4,-85.9,1
43.4,-85.9,1
43.4,-85.9,1
43.4,-85.9,1
43.4,-85.9,1
43.4,-85.9,1
43.4,-85.9,1
43.4,-85.9,1
43.4,-85.9,1
43.4,-85.9,1
43.4,-85.9,1
43.4,-85.9,1
43.4,-85.9,1
43.4,-85.9,1
43.4,-85.9,1
43.4,-85.9,1
43.4,-85.9,1
43.4,-85.9,1
43.4,-85.9,1
43.4,-85.9,1
43.4,-85.9,1
43.4,-85.9,1
43.4,-85.9,1
43.4,-85.9,1
43.4,-85.9,1
43.4,-85.9,1
43.4,-85.9,1
43.4,-85.9,1
43.4,-85.9,1
43.4,-85.9,1
43.4,-85.9,1
43.4,-85.9,1
43.4,-85.9,1
43.4,-85.9,1
43.4,-85.9,1
43.4,-85.9,1
43.4,-85.9,1
43.4,-85.9,1
43.4,-85.9,1
43.4,-85.9,1
43.4,-85.9,1
43.4,-85.9,1
43.4,-85.9,1
43.4,-85.9,1
43.4,-85.9,1
43.4,-85.9,1
43.4,-85.9,1
43.4,-85.9,1
43.4,-85.9,1
43.4,-85.9,1
43.4,-85.9,1
43.4,-85.9,1
43.4,-85.9,1
43.4,-85.9,1
43.4,-85.9,1
43.4,-85.9,1
43.4,-85.9,1
43.4,-85.9,1
43.4,-85.9,1
43.4,-85.9,1
43.4,-85.9,1
43.4,-85.9,1
43.4,-85.9,1
43.4,-85.9,1
43.4,-85.9,1
43.4,-85.9,1
43.4,-85.9,1
43.4,-85.9,1
43.4,-85.9,1
43.4,-85.9,1
43.4,-85.9,1
43.4,-85.9,1
43.4,-85.9,1
43.4,-85.9,1
43.4,-85.9,1
43.4,-85.9,1
43.4,-85.9,1
43.4,-85.9,1
43.4,-85.9,1
43.4,-85.9,1
43.4,-85.9,1
43.4,-85.9,1
43.4,-85.9,1
43.4,-85.9,1
43.4,-85.9,1
43.4,-85.9,1
43.4,-85.9,1
43.4,-85.9,1
43.4,-85.9,1
43.4,-85.9,1
43.4,-85.9,1
43.4,-85.9,1
43.4,-85.9,1
43.4,-85.9,1
43.4,-85.9,1
43.4,-85.9,1
43.4,-85.9,1
43.4,-85.9,1
43.4,-85.9,1
43.4,-85.9,1
43.4,-85.9,1
43.4,-85.9,1
43.4,-85.9,1
43.4,-85.9,1
43.4,-85.9,1
43.4,-85.9,1
43.4,-85.9,1
43.4,-85.9,1
43.4,-85.9,1
43.4,-85.9,1
43.4,-85.9,1
43.4,-85.9,1
43.4,-85.9,1
43.4,-85.9,1
43.4,-85.9,1
43.4,-85.9,1
43.4,-85.9,1
43.4,-85.9,1
43.4,-85.9,1
43.4,-85.9,1
43.4,-85.9,1
43.4,-85.9,1
43.4,-85.9,1
43.4,-85.9,1
43.4,-85.9,1
43.4,-85.9,1
43.4,-85.9,1
43.4,-85.9,1
43.4,-85.9,1
43.4,-85.9,1
43.4,-85.9,1
43.4,-85.9,1
43.4,-85.9,1
43.4,-85.9,1
43.4,-85.9,1
43.4,-85.9,1
43.4,-85.9,1
43.4,-85.9,1
43.4,-85.9,1
43.4,-85.9,1
43.4,-85.9,1
43.4,-85.9,1
43.4,-85.9,1
43.4,-85.9,1
43.4,-85.9,1
43.4,-85.9,1
43.4,-85.9,1
43.4,-85.9,1
43.4,-85.9,1
43.4,-85.9,1
43.4,-85.9,1
43.4,-85.9,1
43.4,-85.9,1
43.4,-85.9,1
43.4,-85.9,1
43.4,-85.9,1
43.4,-85.9,1
43.4,-85.9,1
43.4,-85.9,1
43.4,-85.9,1
43.4,-85.9,1
43.4,-85.9,1
43.4,-85.9,1
43.4,-85.9,1
43.4,-85.9,1
43.4,-85.9,1
43.4,-85.9,1
43.4,-85.9,1
43.4,-85.9,1
43.4,-85.9,1
43.4,-85.9,1
43.4,-85.9,1
43.4,-85.9,1
43.4,-85.9,1
43.4,-85.9,1
43.4,-85.9,1
43.4,-85.9,1
43.4,-85.9,1
43.4,-85.9,1
43.4,-85.9,1
43.4,-85.9,1
43.4,-85.9,1
43.4,-85.9,1
43.4,-85.9,1
43.4,-85.9,1
43.4,-85.9,1
43.4,-85.9,1
43.4,-85.9,1
43.4,-85.9,1
43.4,-85.9,1
43.4,-85.9,1
43.4,-85.9,1
43.4,-85.9,1
43.4,-85.9,1
43.4,-85.9,1
43.4,-85.9,1
43.4,-85.9,1
43.4,-85.9,1
43.4,-85.9,1
43.4,-85.9,1
43.4,-85.9,1
43.4,-85.9,1
43.4,-85.9,1
43.4,-85.9,1
43.4,-85.9,1
43.4,-85.9,1
43.4,-85.9,1
43.4,-85.9,1
43.4,-85.9,1
43.4,-85.9,1
43.4,-85.9,1
43.4,-85.9,1
43.4,-85.9,1
43.4,-85.9,1
43.4,-85.9,1
43.4,-85.9,1
43.4,-85.9,1
43.4,-85.9,1
43.4,-85.9,1
43.4,-85.9,1
43.4,-85.9,1
43.4,-85.9,1
43.4,-85.9,1
43.4,-85.9,1
43.4,-85.9,1
43.4,-85.9,1
43.4,-85.9,1
43.4,-85.9,1
43.4,-85.9,1
43.4,-85.9,1
43.4,-85.9,1
43.4,-85.9,1
43.4,-85.9,1
43.4,-85.9,1
43.4,-85.9,1
43.4,-85.9,1
43.4,-85.9,1
43.4,-85.9,1
43.4,-85.9,1
43.4,-85.9,1
43.4,-85.9,1
43.4,-85.9,1
43.4,-85.9,1
43.4,-85.9,1
43.4,-85.9,1
43.4,-85.9,1
43.4,-85.9,1
43.4,-85.9,1
43.4,-85.9,1
43.4,-85.9,1
43.4,-85.9,1
43.4,-85.9,1
43.4,-85.9,1
43.4,-85.9,1
43.4,-85.9,1
43.4,-85.9,1
43.4,-85.9,1
43.4,-85.9,1
43.4,-85.9,1
43.4,-85.9,1
43.4,-85.9,1
43.4,-85.9,1
43.4,-85.9,1
43.4,-85.9,1
43.4,-85.9,1
43.4,-85.9,1
43.4,-85.9,1
43.4,-85.9,1
43.4,-85.9,1
43.4,-85.9,1
43.4,-85.9,1
43.4,-85.9,1
43.4,-85.9,1
43.4,-85.9,1
43.4,-85.9,1
43.4,-85.9,1
43.4,-85.9,1
43.4,-85.9,1
43.4,-85.9,1
43.4,-85.9,1
43.4,-85.9,1
43.4,-85.9,1
43.4,-85.9,1
43.4,-85.9,1
43.4,-85.9,1
43.4,-85.9,1
43.4,-85.9,1
43.4,-85.9,1
43.4,-85.9,1
43.4,-85.9,1
43.4,-85.9,1
43.4,-85.9,1
43.4,-85.9,1
43.4,-85.9,1
43.4,-85.9,1
43.4,-85.9,1
43.4,-85.9,1
43.4,-85.9,1
43.4,-85.9,1
43.4,-85.9,1
43.4,-85.9,1
43.4,-85.9,1
43.4,-85.9,1
43.4,-85.9,1
43.4,-85.9,1
43.4,-85.9,1
43.4,-85.9,1
43.4,-85.9,1
43.4,-85.9,1
43.4,-85.9,1
43.4,-85.9,1
43.4,-85.9,1
43.4,-85.9,1
43.4,-85.9,1
43.4,-85.9,1
43.4,-85.9,1
43.4,-85.9,1
43.4,-85.9,1
43.4,-85.9,1
43.4,-85.9,1
43.4,-85.9,1
43.4,-85.9,1
43.4,-85.9,1
43.4,-85.9,1
43.4,-85.9,1
43.4,-85.9,1
43.4,-85.9,1
43.4,-85.9,1
43.4,-85.9,1
43.4,-85.9,1
43.4,-85.9,1
43.4,-85.9,1
43.4,-85.9,1
43.4,-85.9,1
43.4,-85.9,1
43.4,-85.9,1
43.4,-85.9,1
43.4,-85.9,1
43.4,-85.9,1
43.4,-85.9,1
43.4,-85.9,1
43.4,-85.9,1
43.4,-85.9,1
43.4,-85.9,1
43.4,-85.9,1
43.4,-85.9,1
43.4,-85.9,1
43.4,-85.9,1
43.4,-85.9,1
43.4,-85.9,1
43.4,-85.9,1
43.4,-85.9,1
43.4,-85.9,1
43.4,-85.9,1
43.4,-85.9,1
43.4,-85.9,1
43.4,-85.9,1
43.4,-85.9,1
43.4,-85.9,1
43.4,-85.9,1
43.4,-85.9,1
43.4,-85.9,1
43.4,-85.9,1
43.4,-85.9,1
43.4,-85.9,1
43.4,-85.9,1
43.4,-85.9,1
43.4,-85.9,1
43.4,-85.9,1
43.4,-85.9,1
43.4,-85.9,1
43.4,-85.9,1
43.4,-85.9,1
43.4,-85.9,1
43.4,-85.9,1
43.4,-85.9,1
43.4,-85.9,1
43.4,-85.9,1
43.4,-85.9,1
43.4,-85.9,1
43.4,-85.9,1
43.4,-85.9,1
43.4,-85.9,1
43.4,-85.9,1
43.4,-85.9,1
43.4,-85.9,1
43.4,-85.9,1
43.4,-85.9,1
43.4,-85.9,1
43.4,-85.9,1
43.4,-85.9,1
43.4,-85.9,1
43.4,-85.9,1
43.4,-85.9,1
43.4,-85.9,1
43.4,-85.9,1
43.4,-85.9,1
43.4,-85.9,1
43.4,-85.9,1
43.4,-85.9,1
43.4,-85.9,1
43.4,-85.9,1
43.4,-85.9,1
43.4,-85.9,1
43.4,-85.9,1
43.4,-85.9,1
43.4,-85.9,1
43.4,-85.9,1
43.4,-85.9,1
43.4,-85.9,1
43.4,-85.9,1
43.4,-85.9,1
43.4,-85.9,1
43.4,-85.9,1
43.4,-85.9,1
43.4,-85.9,1
43.4,-85.9,1
43.4,-85.9,1
43.4,-85.9,1
43.4,-85.9,1
43.4,-85.9,1
43.4,-85.9,1
43.4,-85.9,1
43.4,-85.9,1
43.4,-85.9,1
43.4,-85.9,1
43.4,-85.9,1
43.4,-85.9,1
43.4,-85.9,1
43.4,-85.9,1
43.4,-85.9,1
43.4,-85.9,1
43.4,-85.9,1
43.4,-85.9,1
43.4,-85.9,1
43.4,-85.9,1
43.4,-85.9,1
43.4,-85.9,1
43.4,-85.9,1
43.4,-85.9,1
43.4,-85.9,1
43.4,-85.9,1
43.4,-85.9,1
43.4,-85.9,1
43.4,-85.9,1
43.4,-85.9,1
43.4,-85.9,1
43.4,-85.9,1
43.4,-85.9,1
43.4,-85.9,1
43.4,-85.9,1
43.4,-85.9,1
43.4,-85.9,1
43.4,-85.9,1
43.4,-85.9,1
43.4,-85.9,1
43.4,-85.9,1
43.4,-85.9,1
43.4,-85.9,1
43.4,-85.9,1
43.4,-85.9,1
43.4,-85.9,1
43.4,-85.9,1
43.4,-85.9,1
43.4,-85.9,1
43.4,-85.9,1
43.4,-85.9,1
43.4,-85.9,1
43.4,-85.9,1
43.4,-85.9,1
43.4,-85.9,1
43.4,-85.9,1
43.4,-85.9,1
43.4,-85.9,1
43.4,-85.9,1
43.4,-85.9,1
43.4,-85.9,1
43.4,-85.9,1
43.4,-85.9,1
43.4,-85.9,1
43.4,-85.9,1
43.4,-85.9,1
43.4,-85.9,1
43.4,-85.9,1
43.4,-85.9,1
43.4,-85.9,1
43.4,-85.9,1
43.4,-85.9,1
43.4,-85.9,1
43.4,-85.9,1
43.4,-85.9,1
43.4,-85.9,1
43.4,-85.9,1
43.4,-85.9,1
43.4,-85.9,1
43.4,-85.9,1
43.4,-85.9,1
43.4,-85.9,1
43.4,-85.9,1
43.4,-85.9,1
43.4,-85.9,1
43.4,-85.9,1
43.4,-85.9,1
43.4,-85.9,1
43.4,-85.9,1
43.4,-85.9,1
43.4,-85.9,1
43.4,-85.9,1
43.4,-85.9,1
43.4,-85.9,1
43.4,-85.9,1
43.4,-85.9,1
43.4,-85.9,1
43.4,-85.9,1
43.4,-85.9,1
43.4,-85.9,1
43.4,-85.9,1
43.4,-85.9,1
43.4,-85.9,1
43.4,-85.9,1
43.4,-85.9,1
43.4,-85.9,1
43.4,-85.9,1
43.4,-85.9,1
43.4,-85.9,1
43.4,-85.9,1
43.4,-85.9,1
43.4,-85.9,1
43.4,-85.9,1
43.4,-85.9,1
43.4,-85.9,1
43.4,-85.9,1
43.4,-85.9,1
43.4,-85.9,1
43.4,-85.9,1
43.4,-85.9,1
43.4,-85.9,1
43.4,-85.9,1
43.4,-85.9,1
43.4,-85.9,1
43.4,-85.9,1
43.4,-85.9,1
43.4,-85.9,1
43.4,-85.9,1
43.4,-85.9,1
43.4,-85.9,1
43.4,-85.9,1
43.4,-85.9,1
43.4,-85.9,1
43.4,-85.9,1
43.4,-85.9,1
43.4,-85.9,1
43.4,-85.9,1
43.4,-85.9,1
43.4,-85.9,1
43.4,-85.9,1
43.4,-85.9,1
43.4,-85.9,1
43.4,-85.9,1
43.4,-85.9,1
43.4,-85.9,1
43.4,-85.9,1
43.4,-85.9,1
43.4,-85.9,1
43.4,-85.9,1
43.4,-85.9,1
43.4,-85.9,1
43.4,-85.9,1
43.4,-85.9,1
43.4,-85.9,1
43.4,-85.9,1
43.4,-85.9,1
43.4,-85.9,1
43.4,-85.9,1
43.4,-85.9,1
43.4,-85.9,1
43.4,-85.9,1
43.4,-85.9,1
43.4,-85.9,1
43.4,-85.9,1
43.4,-85.9,1
43.4,-85.9,1
43.4,-85.9,1
43.4,-85.9,1
43.4,-85.9,1
43.4,-85.9,1
43.4,-85.9,1
43.4,-85.9,1
43.4,-85.9,1
43.4,-85.9,1
43.4,-85.9,1
43.4,-85.9,1
43.4,-85.9,1
43.4,-85.9,1
43.4,-85.9,1
43.4,-85.9,1
43.4,-85.9,1
43.4,-85.9,1
43.4,-85.9,1
43.4,-85.9,1
43.4,-85.9,1
43.4,-85.9,1
43.4,-85.9,1
43.4,-85.9,1
43.4,-85.9,1
43.4,-85.9,1
43.4,-85.9,1
43.4,-85.9,1
43.4,-85.9,1
43.4,-85.9,1
43.4,-85.9,1
43.4,-85.9,1
43.4,-85.9,1
43.4,-85.9,1
43.4,-85.9,1
43.4,-85.9,1
43.4,-85.9,1
43.4,-85.9,1
43.4,-85.9,1
43.4,-85.9,1
43.4,-85.9,1
43.4,-85.9,1
43.4,-85.9,1
43.4,-85.9,1
43.4,-85.9,1
43.4,-85.9,1
43.4,-85.9,1
43.4,-85.9,1
43.4,-85.9,1
43.4,-85.9,1
43.4,-85.9,1
43.4,-85.9,1
43.4,-85.9,1
43.4,-85.9,1
43.4,-85.9,1
43.4,-85.9,1
43.4,-85.9,1
43.4,-85.9,1
43.4,-85.9,1
43.4,-85.9,1
43.4,-85.9,1
43.4,-85.9,1
43.4,-85.9,1
43.4,-85.9,1
43.4,-85.9,1
43.4,-85.9,1
43.4,-85.9,1
43.4,-85.9,1
43.4,-85.9,1
43.4,-85.9,1
43.4,-85.9,1
43.4,-85.9,1
43.4,-85.9,1
43.4,-85.9,1
43.4,-85.9,1
43.4,-85.9,1
43.4,-85.9,1
43.4,-85.9,1
43.4,-85.9,1
43.4,-85.9,1
43.4,-85.9,1
43.4,-85.9,1
43.4,-85.9,1
43.4,-85.9,1
43.4,-85.9,1
43.4,-85.9,1
43.4,-85.9,1
43.4,-85.9,1
43.4,-85.9,1
43.4,-85.9,1
43.4,-85.9,1
43.4,-85.9,1
43.4,-85.9,1
43.4,-85.9,1
43.4,-85.9,1
43.4,-85.9,1
43.4,-85.9,1
43.4,-85.9,1
43.4,-85.9,1
43.4,-85.9,1
43.4,-85.9,1
43.4,-85.9,1
43.4,-85.9,1
43.4,-85.9,1
43.4,-85.9,1
43.4,-85.9,1
43.4,-85.9,1
43.4,-85.9,1
43.4,-85.9,1
43.4,-85.9,1
43.4,-85.9,1
43.4,-85.9,1
43.4,-85.9,1
43.4,-85.9,1
43.4,-85.9,1
43.4,-85.9,1
43.4,-85.9,1
43.4,-85.9,1
43.4,-85.9,1
43.4,-85.9,1
43.4,-85.9,1
43.4,-85.9,1
43.4,-85.9,1
43.4,-85.9,1
43.4,-85.9,1
43.4,-85.9,1
43.4,-85.9,1
43.4,-85.9,1
43.4,-85.9,1
43.4,-85.9,1
43.4,-85.9,1
43.4,-85.9,1
43.4,-85.9,1
43.4,-85.9,1
43.4,-85.9,1
43.4,-85.9,1
43.4,-85.9,1
43.4,-85.9,1
43.4,-85.9,1
43.4,-85.9,1
43.4,-85.9,1
43.4,-85.9,1
43.4,-85.9,1
43.4,-85.9,1
43.4,-85.9,1
43.4,-85.9,1
43.4,-85.9,1
43.4,-85.9,1
43.4,-85.9,1
43.4,-85.9,1
43.4,-85.9,1
43.4,-85.9,1
43.4,-85.9,1
43.4,-85.9,1
43.4,-85.9,1
43.4,-85.9,1
43.4,-85.9,1
43.4,-85.9,1
43.4,-85.9,1
43.4,-85.9,1
43.4,-85.9,1
43.4,-85.9,1
43.4,-85.9,1
43.4,-85.9,1
43.4,-85.9,1
43.4,-85.9,1
43.4,-85.9,1
43.4,-85.9,1
43.4,-85.9,1
43.4,-85.9,1
43.4,-85.9,1
43.4,-85.9,1
43.4,-85.9,1
43.4,-85.9,1
43.4,-85.9,1
43.4,-85.9,1
43.4,-85.9,1
43.4,-85.9,1
43.4,-85.9,1
43.4,-85.9,1
43.4,-85.9,1
43.4,-85.9,1
43.4,-85.9,1
43.4,-85.9,1
43.4,-85.9,1
43.4,-85.9,1
43.4,-85.9,1
43.4,-85.9,1
43.4,-85.9,1
43.4,-85.9,1
43.4,-85.9,1
43.4,-85.9,1
43.4,-85.9,1
43.4,-85.9,1
43.4,-85.9,1
43.4,-85.9,1
43.4,-85.9,1
43.4,-85.9,1
43.4,-85.9,1
43.4,-85.9,1
43.4,-85.9,1
43.4,-85.9,1
43.4,-85.9,1
43.4,-85.9,1
43.4,-85.9,1
43.4,-85.9,1
43.4,-85.9,1
43.4,-85.9,1
43.4,-85.9,1
43.4,-85.9,1
43.4,-85.9,1
43.4,-85.9,1
43.4,-85.9,1
43.4,-85.9,1
43.4,-85.9,1
43.4,-85.9,1
43.4,-85.9,1
43.4,-85.9,1
43.4,-85.9,1
43.4,-85.9,1
43.4,-85.9,1
43.4,-85.9,1
43.4,-85.9,1
43.4,-85.9,1
43.4,-85.9,1
43.4,-85.9,1
43.4,-85.9,1
43.4,-85.9,1
43.4,-85.9,1
43.4,-85.9,1
43.4,-85.9,1
43.4,-85.9,1
43.4,-85.9,1
43.4,-85.9,1
43.4,-85.9,1
43.4,-85.9,1
43.4,-85.9,1
43.4,-85.9,1
43.4,-85.9,1
43.4,-85.9,1
43.4,-85.9,1
43.4,-85.9,1
43.4,-85.9,1
43.4,-85.9,1
43.4,-85.9,1
43.4,-85.9,1
43.4,-85.9,1
43.4,-85.9,1
43.4,-85.9,1
43.4,-85.9,1
43.4,-85.9,1
43.4,-85.9,1
43.4,-85.9,1
43.4,-85.9,1
43.4,-85.9,1
43.4,-85.9,1
43.4,-85.9,1
43.4,-85.9,1
43.4,-85.9,1
43.4,-85.9,1
43.4,-85.9,1
43.4,-85.9,1
43.4,-85.9,1
43.4,-85.9,1
43.4,-85.9,1
43.4,-85.9,1
43.4,-85.9,1
43.4,-85.9,1
43.4,-85.9,1
43.4,-85.9,1
43.4,-85.9,1
43.4,-85.9,1
43.4,-85.9,1
43.4,-85.9,1
43.4,-85.9,1
43.4,-85.9,1
43.4,-85.9,1
43.4,-85.9,1
43.4,-85.9,1
43.4,-85.9,1
43.4,-85.9,1
43.4,-85.9,1
43.4,-85.9,1
43.4,-85.9,1
43.4,-85.9,1
43.4,-85.9,1
43.4,-85.9,1
43.4,-85.9,1
43.4,-85.9,1
43.4,-85.9,1
43.4,-85.9,1
43.4,-85.9,1
43.4,-85.9,1
43.4,-85.9,1
43.4,-85.9,1
43.4,-85.9,1
43.4,-85.9,1
43.4,-85.9,1
43.4,-85.9,1
43.4,-85.9,1
43.4,-85.9,1
43.4,-85.9,1
43.4,-85.9,1
43.4,-85.9,1
43.4,-85.9,1
43.4,-85.9,1
43.4,-85.9,1
43.4,-85.9,1
43.4,-85.9,1
43.4,-85.9,1
43.4,-85.9,1
43.4,-85.9,1
43.4,-85.9,1
43.4,-85.9,1
43.4,-85.9,1
43.4,-85.9,1
43.4,-85.9,1
43.4,-85.9,1
43.4,-85.9,1
43.4,-85.9,1
43.4,-85.9,1
43.4,-85.9,1
43.4,-85.9,1
43.4,-85.9,1
43.4,-85.9,1
43.4,-85.9,1
43.4,-85.9,1
43.4,-85.9,1
43.4,-85.9,1
43.4,-85.9,1
43.4,-85.9,1
43.4,-85.9,1
43.4,-85.9,1
43.4,-85.9,1
43.4,-85.9,1
43.4,-85.9,1
43.4,-85.9,1
43.4,-85.9,1
43.4,-85.9,1
43.4,-85.9,1
43.4,-85.9,1
43.4,-85.9,1
43.4,-85.9,1
43.4,-85.9,1
43.4,-85.9,1
43.4,-85.9,1
43.4,-85.9,1
43.4,-85.9,1
43.4,-85.9,1
43.4,-85.9,1
43.4,-85.9,1
43.4,-85.9,1
43.4,-85.9,1
43.4,-85.9,1
43.4,-85.9,1
43.4,-85.9,1
43.4,-85.9,1
43.4,-85.9,1
43.4,-85.9,1
43.4,-85.9,1
43.4,-85.9,1
43.4,-85.9,1
43.4,-85.9,1
43.4,-85.9,1
43.4,-85.9,1
43.4,-85.9,1
43.4,-85.9,1
43.4,-85.9,1
43.4,-85.9,1
43.4,-85.9,1
43.4,-85.9,1
43.4,-85.9,1
43.4,-85.9,1
43.4,-85.9,1
43.4,-85.9,1
43.4,-85.9,1
43.4,-85.9,1
43.4,-85.9,1
43.4,-85.9,1
43.4,-85.9,1
43.4,-85.9,1
43.4,-85.9,1
43.4,-85.9,1
43.4,-85.9,1
43.4,-85.9,1
43.4,-85.9,1
43.4,-85.9,1
43.4,-85.9,1
43.4,-85.9,1
43.4,-85.9,1
43.4,-85.9,1
43.4,-85.9,1
43.4,-85.9,1
43.4,-85.9,1
43.4,-85.9,1
43.4,-85.9,1
43.4,-85.9,1
43.4,-85.9,1
43.4,-85.9,1
43.4,-85.9,1
43.4,-85.9,1
43.4,-85.9,1
43.4,-85.9,1
43.4,-85.9,1
43.4,-85.9,1
43.4,-85.9,1
43.4,-85.9,1
43.4,-85.9,1
43.4,-85.9,1
43.4,-85.9,1
43.4,-85.9,1
43.4,-85.9,1
43.4,-85.9,1
43.4,-85.9,1
43.4,-85.9,1
43.4,-85.9,1
43.4,-85.9,1
43.4,-85.9,1
43.4,-85.9,1
43.4,-85.9,1
43.4,-85.9,1
43.4,-85.9,1
43.4,-85.9,1
43.4,-85.9,1
43.4,-85.9,1
43.4,-85.9,1
43.4,-85.9,1
43.4,-85.9,1
43.4,-85.9,1
43.4,-85.9,1
43.4,-85.9,1
43.4,-85.9,1
43.4,-85.9,1
43.4,-85.9,1
43.4,-85.9,1
43.4,-85.9,1
43.4,-85.9,1
43.4,-85.9,1
43.4,-85.9,1
43.4,-85.9,1
43.4,-85.9,1
43.4,-85.9,1
43.4,-85.9,1
43.4,-85.9,1
43.4,-85.9,1
43.4,-85.9,1
43.4,-85.9,1
43.4,-85.9,1
43.4,-85.9,1
43.4,-85.9,1
43.4,-85.9,1
43.4,-85.9,1
43.4,-85.9,1
43.4,-85.9,1
43.4,-85.9,1
43.4,-85.9,1
43.4,-85.9,1
43.4,-85.9,1
43.4,-85.9,1
43.4,-85.9,1
43.4,-85.9,1
43.4,-85.9,1
43.4,-85.9,1
43.4,-85.9,1
43.4,-85.9,1
43.4,-85.9,1
43.4,-85.9,1
43.4,-85.9,1
43.4,-85.9,1
43.4,-85.9,1
43.4,-85.9,1
43.4,-85.9,1
43.4,-85.9,1
43.4,-85.9,1
43.4,-85.9,1
43.4,-85.9,1
43.4,-85.9,1
43.4,-85.9,1
43.4,-85.9,1
43.4,-85.9,1
43.4,-85.9,1
43.4,-85.9,1
43.4,-85.9,1
43.4,-85.9,1
43.4,-85.9,1
43.4,-85.9,1
43.4,-85.9,1
43.4,-85.9,1
43.4,-85.9,1
43.4,-85.9,1
43.4,-85.9,1
43.4,-85.9,1
43.4,-85.9,1
43.4,-85.9,1
43.4,-85.9,1
43.4,-85.9,1
43.4,-85.9,1
43.4,-85.9,1
43.4,-85.9,1
43.4,-85.9,1
43.4,-85.9,1
43.4,-85.9,1
43.4,-85.9,1
43.4,-85.9,1
43.4,-85.9,1
43.4,-85.9,1
43.4,-85.9,1
43.4,-85.9,1
43.4,-85.9,1
43.4,-85.9,1
43.4,-85.9,1
43.4,-85.9,1
43.4,-85.9,1
43.4,-85.9,1
43.4,-85.9,1
43.4,-85.9,1
43.4,-85.9,1
43.4,-85.9,1
43.4,-85.9,1
43.4,-85.9,1
43.4,-85.9,1
43.4,-85.9,1
43.4,-85.9,1
43.4,-85.9,1
43.4,-85.9,1
43.4,-85.9,1
43.4,-85.9,1
43.4,-85.9,1
43.4,-85.9,1
43.4,-85.9,1
43.4,-85.9,1
43.4,-85.9,1
43.4,-85.9,1
43.4,-85.9,1
43.4,-85.9,1
43.4,-85.9,1
43.4,-85.9,1
43.4,-85.9,1
43.4,-85.9,1
43.4,-85.9,1
43.4,-85.9,1
43.4,-85.9,1
43.4,-85.9,1
43.4,-85.9,1
43.4,-85.9,1
43.4,-85.9,1
43.4,-85.9,1
43.4,-85.9,1
43.4,-85.9,1
43.4,-85.9,1
43.4,-85.9,1
43.4,-85.9,1
43.4,-85.9,1
43.4,-85.9,1
43.4,-85.9,1
43.4,-85.9,1
43.4,-85.9,1
43.4,-85.9,1
43.4,-85.9,1
43.4,-85.9,1
43.4,-85.9,1
43.4,-85.9,1
43.4,-85.9,1
43.4,-85.9,1
43.4,-85.9,1
43.4,-85.9,1
43.4,-85.9,1
43.4,-85.9,1
43.4,-85.9,1
43.4,-85.9,1
43.4,-85.9,1
43.4,-85.9,1
43.4,-85.9,1
43.4,-85.9,1
43.4,-85.9,1
43.4,-85.9,1
43.4,-85.9,1
43.4,-85.9,1
43.4,-85.9,1
43.4,-85.9,1
43.4,-85.9,1
43.4,-85.9,1
43.4,-85.9,1
43.4,-85.9,1
43.4,-85.9,1
43.4,-85.9,1
43.4,-85.9,1
43.4,-85.9,1
43.4,-85.9,1
43.4,-85.9,1
43.4,-85.9,1
43.4,-85.9,1
43.4,-85.9,1
43.4,-85.9,1
43.4,-85.9,1
43.4,-85.9,1
43.4,-85.9,1
43.4,-85.9,1
43.4,-85.9,1
43.4,-85.9,1
43.4,-85.9,1
43.4,-85.9,1
43.4,-85.9,1
43.4,-85.9,1
43.4,-85.9,1
43.4,-85.9,1
43.4,-85.9,1
43.4,-85.9,1
43.4,-85.9,1
43.4,-85.9,1
43.4,-85.9,1
43.4,-85.9,1
43.4,-85.9,1
43.4,-85.9,1
43.4,-85.9,1
43.4,-85.9,1
43.4,-85.9,1
43.4,-85.9,1
43.4,-85.9,1
43.4,-85.9,1
43.4,-85.9,1
43.4,-85.9,1
43.4,-85.9,1
43.4,-85.9,1
43.4,-85.9,1
43.4,-85.9,1
43.4,-85.9,1
43.4,-85.9,1
43.4,-85.9,1
43.4,-85.9,1
43.4,-85.9,1
43.4,-85.9,1
43.4,-85.9,1
43.4,-85.9,1
43.4,-85.9,1
43.4,-85.9,1
43.4,-85.9,1
43.4,-85.9,1
43.4,-85.9,1
43.4,-85.9,1
43.4,-85.9,1
43.4,-85.9,1
43.4,-85.9,1
43.4,-85.9,1
43.4,-85.9,1
43.4,-85.9,1
43.4,-85.9,1
43.4,-85.9,1
43.4,-85.9,1
43.4,-85.9,1
43.4,-85.9,1
43.4,-85.9,1
43.4,-85.9,1
43.4,-85.9,1
43.4,-85.9,1
43.4,-85.9,1
43.4,-85.9,1
43.4,-85.9,1
43.4,-85.9,1
43.4,-85.9,1
43.4,-85.9,1
43.4,-85.9,1
43.4,-85.9,1
43.4,-85.9,1
43.4,-85.9,1
43.4,-85.9,1
43.4,-85.9,1
43.4,-85.9,1
43.4,-85.9,1
43.4,-85.9,1
43.4,-85.9,1
43.4,-85.9,1
43.4,-85.9,1
43.4,-85.9,1
43.4,-85.9,1
43.4,-85.9,1
43.4,-85.9,1
43.4,-85.9,1
43.4,-85.9,1
43.4,-85.9,1
43.4,-85.9,1
43.4,-85.9,1
43.4,-85.9,1
43.4,-85.9,1
43.4,-85.9,1
43.4,-85.9,1
43.4,-85.9,1
43.4,-85.9,1
43.4,-85.9,1
43.4,-85.9,1
43.4,-85.9,1
43.4,-85.9,1
43.4,-85.9,1
43.4,-85.9,1
43.4,-85.9,1
43.4,-85.9,1
43.4,-85.9,1
43.4,-85.9,1
43.4,-85.9,1
43.4,-85.9,1
43.4,-85.9,1
43.4,-85.9,1
43.4,-85.9,1
43.4,-85.9,1
43.4,-85.9,1
43.4,-85.9,1
43.4,-85.9,1
43.4,-85.9,1
43.4,-85.9,1
43.4,-85.9,1
43.4,-85.9,1
43.4,-85.9,1
43.4,-85.9,1
43.4,-85.9,1
43.4,-85.9,1
43.4,-85.9,1
43.4,-85.9,1
43.4,-85.9,1
43.4,-85.9,1
43.4,-85.9,1
43.4,-85.9,1
43.4,-85.9,1
43.4,-85.9,1
43.4,-85.9,1
43.4,-85.9,1
43.4,-85.9,1
43.4,-85.9,1
43.4,-85.9,1
43.4,-85.9,1
43.4,-85.9,1
43.4,-85.9,1
43.4,-85.9,1
43.4,-85.9,1
43.4,-85.9,1
43.4,-85.9,1
43.4,-85.9,1
43.4,-85.9,1
43.4,-85.9,1
43.4,-85.9,1
43.4,-85.9,1
43.4,-85.9,1
43.4,-85.9,1
43.4,-85.9,1
43.4,-85.9,1
43.4,-85.9,1
43.4,-85.9,1
43.4,-85.9,1
43.4,-85.9,1
43.4,-85.9,1
43.4,-85.9,1
43.4,-85.9,1
43.4,-85.9,1
43.4,-85.9,1
43.4,-85.9,1
43.4,-85.9,1
43.4,-85.9,1
43.4,-85.9,1
43.4,-85.9,1
43.4,-85.9,1
43.4,-85.9,1
43.4,-85.9,1
43.4,-85.9,1
43.4,-85.9,1
43.4,-85.9,1
43.4,-85.9,1
43.4,-85.9,1
43.4,-85.9,1
43.4,-85.9,1
43.4,-85.9,1
43.4,-85.9,1
43.4,-85.9,1
43.4,-85.9,1
43.4,-85.9,1
43.4,-85.9,1
43.4,-85.9,1
43.4,-85.9,1
43.4,-85.9,1
43.4,-85.9,1
43.4,-85.9,1
43.4,-85.9,1
43.4,-85.9,1
43.4,-85.9,1
43.4,-85.9,1
43.4,-85.9,1
43.4,-85.9,1
43.4,-85.9,1
43.4,-85.9,1
43.4,-85.9,1
43.4,-85.9,1
43.4,-85.9,1
43.4,-85.9,1
43.4,-85.9,1
43.4,-85.9,1
43.4,-85.9,1
43.4,-85.9,1
43.4,-85.9,1
43.4,-85.9,1
43.4,-85.9,1
43.4,-85.9,1
43.4,-85.9,1
43.4,-85.9,1
43.4,-85.9,1
43.4,-85.9,1
43.4,-85.9,1
43.4,-85.9,1
43.4,-85.9,1
43.4,-85.9,1
43.4,-85.9,1
43.4,-85.9,1
43.4,-85.9,1
43.4,-85.9,1
43.4,-85.9,1
43.4,-85.9,1
43.4,-85.9,1
43.4,-85.9,1
43.4,-85.9,1
43.4,-85.9,1
43.4,-85.9,1
43.4,-85.9,1
43.4,-85.9,1
43.4,-85.9,1
43.4,-85.9,1
43.4,-85.9,1
43.4,-85.9,1
43.4,-85.9,1
43.4,-85.9,1
43.4,-85.9,1
43.4,-85.9,1
43.4,-85.9,1
43.4,-85.9,1
43.4,-85.9,1
43.4,-85.9,1
43.4,-85.9,1
43.4,-85.9,1
43.4,-85.9,1
43.4,-85.9,1
43.4,-85.9,1
43.4,-85.9,1
43.4,-85.9,1
43.4,-85.9,1
43.4,-85.9,1
43.4,-85.9,1
43.4,-85.9,1
43.4,-85.9,1
43.4,-85.9,1
43.4,-85.9,1
43.4,-85.9,1
43.4,-85.9,1
43.4,-85.9,1
43.4,-85.9,1
43.4,-85.9,1
43.4,-85.9,1
43.4,-85.9,1
43.4,-85.9,1
43.4,-85.9,1
43.4,-85.9,1
43.4,-85.9,1
43.4,-85.9,1
43.4,-85.9,1
43.4,-85.9,1
43.4,-85.9,1
43.4,-85.9,1
43.4,-85.9,1
43.4,-85.9,1
43.4,-85.9,1
43.4,-85.9,1
43.4,-85.9,1
43.4,-85.9,1
43.4,-85.9,1
43.4,-85.9,1
43.4,-85.9,1
43.4,-85.9,1
43.4,-85.9,1
43.4,-85.9,1
43.4,-85.9,1
43.4,-85.9,1
43.4,-85.9,1
43.4,-85.9,1
43.4,-85.9,1
43.4,-85.9,1
43.4,-85.9,1
43.4,-85.9,1
43.4,-85.9,1
43.4,-85.9,1
43.4,-85.9,1
43.4,-85.9,1
43.4,-85.9,1
43.4,-85.9,1
43.4,-85.9,1
43.4,-85.9,1
43.4,-85.9,1
43.4,-85.9,1
43.4,-85.9,1
43.4,-85.9,1
43.4,-85.9,1
43.4,-85.9,1
43.4,-85.9,1
43.4,-85.9,1
43.4,-85.9,1
43.4,-85.9,1
43.4,-85.9,1
43.4,-85.9,1
43.4,-85.9,1
43.4,-85.9,1
43.4,-85.9,1
43.4,-85.9,1
43.4,-85.9,1
43.4,-85.9,1
43.4,-85.9,1
43.4,-85.9,1
43.4,-85.9,1
43.4,-85.9,1
43.4,-85.9,1
43.4,-85.9,1
43.4,-85.9,1
43.4,-85.9,1
43.4,-85.9,1
43.4,-85.9,1
43.4,-85.9,1
43.4,-85.9,1
43.4,-85.9,1
43.4,-85.9,1
43.4,-85.9,1
43.4,-85.9,1
43.4,-85.9,1
43.4,-85.9,1
43.4,-85.9,1
43.4,-85.9,1
43.4,-85.9,1
43.4,-85.9,1
43.4,-85.9,1
43.4,-85.9,1
43.4,-85.9,1
43.4,-85.9,1
43.4,-85.9,1
43.4,-85.9,1
43.4,-85.9,1
43.4,-85.9,1
43.4,-85.9,1
43.4,-85.9,1
43.4,-85.9,1
43.4,-85.9,1
43.4,-85.9,1
43.4,-85.9,1
43.4,-85.9,1
43.4,-85.9,1
43.4,-85.9,1
43.4,-85.9,1
43.4,-85.9,1
43.4,-85.9,1
43.4,-85.9,1
43.4,-85.9,1
43.4,-85.9,1
43.4,-85.9,1
43.4,-85.9,1
43.4,-85.9,1
43.4,-85.9,1
43.4,-85.9,1
43.4,-85.9,1
43.4,-85.9,1
43.4,-85.9,1
43.4,-85.9,1
43.4,-85.9,1
43.4,-85.9,1
43.4,-85.9,1
43.4,-85.9,1
43.4,-85.9,1
43.4,-85.9,1
43.4,-85.9,1
43.4,-85.9,1
43.4,-85.9,1
43.4,-85.9,1
43.4,-85.9,1
43.4,-85.9,1
43.4,-85.9,1
43.4,-85.9,1
43.4,-85.9,1
43.4,-85.9,1
43.4,-85.9,1
43.4,-85.9,1
43.4,-85.9,1
43.4,-85.9,1
43.4,-85.9,1
43.4,-85.9,1
43.4,-85.9,1
43.4,-85.9,1
43.4,-85.9,1
43.4,-85.9,1
43.4,-85.9,1
43.4,-85.9,1
43.4,-85.9,1
43.4,-85.9,1
43.4,-85.9,1
43.4,-85.9,1
43.4,-85.9,1
43.4,-85.9,1
43.4,-85.9,1
43.4,-85.9,1
43.4,-85.9,1
43.4,-85.9,1
43.4,-85.9,1
43.4,-85.9,1
43.4,-85.9,1
43.4,-85.9,1
43.4,-85.9,1
43.4,-85.9,1
43.4,-85.9,1
43.4,-85.9,1
43.4,-85.9,1
43.4,-85.9,1
43.4,-85.9,1
43.4,-85.9,1
43.4,-85.9,1
43.4,-85.9,1
43.4,-85.9,1
43.4,-85.9,1
43.4,-85.9,1
43.4,-85.9,1
43.4,-85.9,1
43.4,-85.9,1
43.4,-85.9,1
43.4,-85.9,1
43.4,-85.9,1
43.4,-85.9,1
43.4,-85.9,1
43.4,-85.9,1
43.4,-85.9,1
43.4,-85.9,1
43.4,-85.9,1
43.4,-85.9,1
43.4,-85.9,1
43.4,-85.9,1
43.4,-85.9,1
43.4,-85.9,1
43.4,-85.9,1
43.4,-85.9,1
43.4,-85.9,1
43.4,-85.9,1
43.4,-85.9,1
43.4,-85.9,1
43.4,-85.9,1
43.4,-85.9,1
43.4,-85.9,1
43.4,-85.9,1
43.4,-85.9,1
43.4,-85.9,1
43.4,-85.9,1
43.4,-85.9,1
43.4,-85.9,1
43.4,-85.9,1
43.4,-85.9,1
43.4,-85.9,1
43.4,-85.9,1
43.4,-85.9,1
43.4,-85.9,1
43.4,-85.9,1
43.4,-85.9,1
43.4,-85.9,1
43.4,-85.9,1
43.4,-85.9,1
43.4,-85.9,1
43.4,-85.9,1
43.4,-85.9,1
43.4,-85.9,1
43.4,-85.9,1
43.4,-85.9,1
43.4,-85.9,1
43.4,-85.9,1
43.4,-85.9,1
43.4,-85.9,1
43.4,-85.9,1
43.4,-85.9,1
43.4,-85.9,1
43.4,-85.9,1
43.4,-85.9,1
43.4,-85.9,1
43.4,-85.9,1
43.4,-85.9,1
43.4,-85.9,1
43.4,-85.9,1
43.4,-85.9,1
43.4,-85.9,1
43.4,-85.9,1
43.4,-85.9,1
43.4,-85.9,1
43.4,-85.9,1
43.4,-85.9,1
43.4,-85.9,1
43.4,-85.9,1
43.4,-85.9,1
43.4,-85.9,1
43.4,-85.9,1
43.4,-85.9,1
43.4,-85.9,1
43.4,-85.9,1
43.4,-85.9,1
43.4,-85.9,1
43.4,-85.9,1
43.4,-85.9,1
43.4,-85.9,1
43.4,-85.9,1
43.4,-85.9,1
43.4,-85.9,1
43.4,-85.9,1
43.4,-85.9,1
43.4,-85.9,1
43.4,-85.9,1
43.4,-85.9,1
43.4,-85.9,1
43.4,-85.9,1
43.4,-85.9,1
43.4,-85.9,1
43.4,-85.9,1
43.4,-85.9,1
43.4,-85.9,1
43.4,-85.9,1
43.4,-85.9,1
43.4,-85.9,1
43.4,-85.9,1
43.4,-85.9,1
43.4,-85.9,1
43.4,-85.9,1
43.4,-85.9,1
43.4,-85.9,1
43.4,-85.9,1
43.4,-85.9,1
43.4,-85.9,1
43.4,-85.9,1
43.4,-85.9,1
43.4,-85.9,1
43.4,-85.9,1
43.4,-85.9,1
43.4,-85.9,1
43.4,-85.9,1
43.4,-85.9,1
43.4,-85.9,1
43.4,-85.9,1
43.4,-85.9,1
43.4,-85.9,1
43.4,-85.9,1
43.4,-85.9,1
43.4,-85.9,1
43.4,-85.9,1
43.4,-85.9,1
43.4,-85.9,1
43.4,-85.9,1
43.4,-85.9,1
43.4,-85.9,1
43.4,-85.9,1
43.4,-85.9,1
43.4,-85.9,1
43.4,-85.9,1
43.4,-85.9,1
43.4,-85.9,1
43.4,-85.9,1
43.4,-85.9,1
43.4,-85.9,1
43.4,-85.9,1
43.4,-85.9,1
43.4,-85.9,1
43.4,-85.9,1
43.4,-85.9,1
43.4,-85.9,1
43.4,-85.9,1
43.4,-85.9,1
43.4,-85.9,1
43.4,-85.9,1
43.4,-85.9,1
43.4,-85.9,1
43.4,-85.9,1
43.4,-85.9,1
43.4,-85.9,1
43.4,-85.9,1
43.4,-85.9,1
43.4,-85.9,1
43.4,-85.9,1
43.4,-85.9,1
43.4,-85.9,1
43.4,-85.9,1
43.4,-85.9,1
43.4,-85.9,1
43.4,-85.9,1
43.4,-85.9,1
43.4,-85.9,1
43.4,-85.9,1
43.4,-85.9,1
43.4,-85.9,1
43.4,-85.9,1
43.4,-85.9,1
43.4,-85.9,1
43.4,-85.9,1
43.4,-85.9,1
43.4,-85.9,1
43.4,-85.9,1
43.4,-85.9,1
43.4,-85.9,1
43.4,-85.9,1
43.4,-85.9,1
43.4,-85.9,1
43.4,-85.9,1
43.4,-85.9,1
43.4,-85.9,1
43.4,-85.9,1
43.4,-85.9,1
43.4,-85.9,1
43.4,-85.9,1
43.4,-85.9,1
43.4,-85.9,1
43.4,-85.9,1
43.4,-85.9,1
43.4,-85.9,1
43.4,-85.9,1
43.4,-85.9,1
43.4,-85.9,1
43.4,-85.9,1
43.4,-85.9,1
43.4,-85.9,1
43.4,-85.9,1
43.4,-85.9,1
43.4,-85.9,1
43.4,-85.9,1
43.4,-85.9,1
43.4,-85.9,1
43.4,-85.9,1
43.4,-85.9,1
43.4,-85.9,1
43.4,-85.9,1
43.4,-85.9,1
43.4,-85.9,1
43.4,-85.9,1
43.4,-85.9,1
43.4,-85.9,1
43.4,-85.9,1
43.4,-85.9,1
43.4,-85.9,1
43.4,-85.9,1
43.4,-85.9,1
43.4,-85.9,1
43.4,-85.9,1
43.4,-85.9,1
43.4,-85.9,1
43.4,-85.9,1
43.4,-85.9,1
43.4,-85.9,1
43.4,-85.9,1
43.4,-85.9,1
43.4,-85.9,1
43.4,-85.9,1
43.4,-85.9,1
43.4,-85.9,1
43.4,-85.9,1
43.4,-85.9,1
43.4,-85.9,1
43.4,-85.9,1
43.4,-85.9,1
43.4,-85.9,1
43.4,-85.9,1
43.4,-85.9,1
43.4,-85.9,1
43.4,-85.9,1
43.4,-85.9,1
43.4,-85.9,1
43.4,-85.9,1
43.4,-85.9,1
43.4,-85.9,1
43.4,-85.9,1
43.4,-85.9,1
43.4,-85.9,1
43.4,-85.9,1
43.4,-85.9,1
43.4,-85.9,1
43.4,-85.9,1
43.4,-85.9,1
43.4,-85.9,1
43.4,-85.9,1
43.4,-85.9,1
43.4,-85.9,1
43.4,-85.9,1
43.4,-85.9,1
43.4,-85.9,1
43.4,-85.9,1
43.4,-85.9,1
43.4,-85.9,1
43.4,-85.9,1
43.4,-85.9,1
43.4,-85.9,1
43.4,-85.9,1
43.4,-85.9,1
43.4,-85.9,1
43.4,-85.9,1
43.4,-85.9,1
43.4,-85.9,1
43.4,-85.9,1
43.4,-85.9,1
43.4,-85.9,1
43.4,-85.9,1
43.4,-85.9,1
43.4,-85.9,1
43.4,-85.9,1
43.4,-85.9,1
43.4,-85.9,1
43.4,-85.9,1
43.4,-85.9,1
43.4,-85.9,1
43.4,-85.9,1
43.4,-85.9,1
43.4,-85.9,1
43.4,-85.9,1
43.4,-85.9,1
43.4,-85.9,1
43.4,-85.9,1
43.4,-85.9,1
43.4,-85.9,1
43.4,-85.9,1
43.4,-85.9,1
43.4,-85.9,1
43.4,-85.9,1
43.4,-85.9,1
43.4,-85.9,1
43.4,-85.9,1
43.4,-85.9,1
43.4,-85.9,1
43.4,-85.9,1
43.4,-85.9,1
43.4,-85.9,1
43.4,-85.9,1
43.4,-85.9,1
43.4,-85.9,1
43.4,-85.9,1
43.4,-85.9,1
43.4,-85.9,1
43.4,-85.9,1
43.4,-85.9,1
43.4,-85.9,1
43.4,-85.9,1
43.4,-85.9,1
43.4,-85.9,1
43.4,-85.9,1
43.4,-85.9,1
43.4,-85.9,1
43.4,-85.9,1
43.4,-85.9,1
43.4,-85.9,1
43.4,-85.9,1
43.4,-85.9,1
43.4,-85.9,1
43.4,-85.9,1
43.4,-85.9,1
43.4,-85.9,1
43.4,-85.9,1
43.4,-85.9,1
43.4,-85.9,1
43.4,-85.9,1
43.4,-85.9,1
43.4,-85.9,1
43.4,-85.9,1
43.4,-85.9,1
43.4,-85.9,1
43.4,-85.9,1
43.4,-85.9,1
43.4,-85.9,1
43.4,-85.9,1
43.4,-85.9,1
43.4,-85.9,1
43.4,-85.9,1
43.4,-85.9,1
43.4,-85.9,1
43.4,-85.9,1
43.4,-85.9,1
43.4,-85.9,1
43.4,-85.9,1
43.4,-85.9,1
43.4,-85.9,1
43.4,-85.9,1
43.4,-85.9,1
43.4,-85.9,1
43.4,-85.9,1
43.4,-85.9,1
43.4,-85.9,1
43.4,-85.9,1
43.4,-85.9,1
43.4,-85.9,1
43.4,-85.9,1
43.4,-85.9,1
43.4,-85.9,1
43.4,-85.9,1
43.4,-85.9,1
43.4,-85.9,1
43.4,-85.9,1
43.4,-85.9,1
43.4,-85.9,1
43.4,-85.9,1
43.4,-85.9,1
43.4,-85.9,1
43.4,-85.9,1
43.4,-85.9,1
43.4,-85.9,1
43.4,-85.9,1
43.4,-85.9,1
43.4,-85.9,1
43.4,-85.9,1
43.4,-85.9,1
43.4,-85.9,1
43.4,-85.9,1
43.4,-85.9,1
43.4,-85.9,1
43.4,-85.9,1
43.4,-85.9,1
43.4,-85.9,1
43.4,-85.9,1
43.4,-85.9,1
43.4,-85.9,1
43.4,-85.9,1
43.4,-85.9,1
43.4,-85.9,1
43.4,-85.9,1
43.4,-85.9,1
43.4,-85.9,1
43.4,-85.9,1
43.4,-85.9,1
43.4,-85.9,1
43.4,-85.9,1
43.4,-85.9,1
43.4,-85.9,1
43.4,-85.9,1
43.4,-85.9,1
43.4,-85.9,1
43.4,-85.9,1
43.4,-85.9,1
43.4,-85.9,1
43.4,-85.9,1
43.4,-85.9,1
43.4,-85.9,1
43.4,-85.9,1
43.4,-85.9,1
43.4,-85.9,1
43.4,-85.9,1
43.4,-85.9,1
43.4,-85.9,1
43.4,-85.9,1
43.4,-85.9,1
43.4,-85.9,1
43.4,-85.9,1
43.4,-85.9,1
43.4,-85.9,1
43.4,-85.9,1
43.4,-85.9,1
43.4,-85.9,1
43.4,-85.9,1
43.4,-85.9,1
43.4,-85.9,1
43.4,-85.9,1
43.4,-85.9,1
43.4,-85.9,1
43.4,-85.9,1
43.4,-85.9,1
43.4,-85.9,1
43.4,-85.9,1
43.4,-85.9,1
43.4,-85.9,1
43.4,-85.9,1
43.4,-85.9,1
43.4,-85.9,1
43.4,-85.9,1
43.4,-85.9,1
43.4,-85.9,1
43.4,-85.9,1
43.4,-85.9,1
43.4,-85.9,1
43.4,-85.9,1
43.4,-85.9,1
43.4,-85.9,1
43.4,-85.9,1
43.4,-85.9,1
43.4,-85.9,1
43.4,-85.9,1
43.4,-85.9,1
43.4,-85.9,1
43.4,-85.9,1
43.4,-85.9,1
43.4,-85.9,1
43.4,-85.9,1
43.4,-85.9,1
43.4,-85.9,1
43.4,-85.9,1
43.4,-85.9,1
43.4,-85.9,1
43.4,-85.9,1
43.4,-85.9,1
43.4,-85.9,1
43.4,-85.9,1
43.4,-85.9,1
43.4,-85.9,1
43.4,-85.9,1
43.4,-85.9,1
43.4,-85.9,1
43.4,-85.9,1
43.4,-85.9,1
43.4,-85.9,1
43.4,-85.9,1
43.4,-85.9,1
43.4,-85.9,1
43.4,-85.9,1
43.4,-85.9,1
43.4,-85.9,1
43.4,-85.9,1
43.4,-85.9,1
43.4,-85.9,1
43.4,-85.9,1
43.4,-85.9,1
43.4,-85.9,1
43.4,-85.9,1
43.4,-85.9,1
43.4,-85.9,1
43.4,-85.9,1
43.4,-85.9,1
43.4,-85.9,1
43.4,-85.9,1
43.4,-85.9,1
43.4,-85.9,1
43.4,-85.9,1
43.4,-85.9,1
43.4,-85.9,1
43.4,-85.9,1
43.4,-85.9,1
43.4,-85.9,1
43.4,-85.9,1
43.4,-85.9,1
43.4,-85.9,1
43.4,-85.9,1
43.4,-85.9,1
43.4,-85.9,1
43.4,-85.9,1
43.4,-85.9,1
43.4,-85.9,1
43.4,-85.9,1
43.4,-85.9,1
43.4,-85.9,1
43.4,-85.9,1
43.4,-85.9,1
43.4,-85.9,1
43.4,-85.9,1
43.4,-85.9,1
43.4,-85.9,1
43.4,-85.9,1
43.4,-85.9,1
43.4,-85.9,1
43.4,-85.9,1
43.4,-85.9,1
43.4,-85.9,1
43.4,-85.9,1
43.4,-85.9,1
43.4,-85.9,1
43.4,-85.9,1
43.4,-85.9,1
43.4,-85.9,1
43.4,-85.9,1
43.4,-85.9,1
43.4,-85.9,1
43.4,-85.9,1
43.4,-85.9,1
43.4,-85.9,1
43.4,-85.9,1
43.4,-85.9,1
43.4,-85.9,1
43.4,-85.9,1
43.4,-85.9,1
43.4,-85.9,1
43.4,-85.9,1
43.4,-85.9,1
43.4,-85.9,1
43.4,-85.9,1
43.4,-85.9,1
43.4,-85.9,1
43.4,-85.9,1
43.4,-85.9,1
43.4,-85.9,1
43.4,-85.9,1
43.4,-85.9,1
43.4,-85.9,1
43.4,-85.9,1
43.4,-85.9,1
43.4,-85.9,1
43.4,-85.9,1
43.4,-85.9,1
43.4,-85.9,1
43.4,-85.9,1
43.4,-85.9,1
43.4,-85.9,1
43.4,-85.9,1
43.4,-85.9,1
43.4,-85.9,1
43.4,-85.9,1
43.4,-85.9,1
43.4,-85.9,1
43.4,-85.9,1
43.4,-85.9,1
43.4,-85.9,1
43.4,-85.9,1
43.4,-85.9,1
43.4,-85.9,1
43.4,-85.9,1
43.4,-85.9,1
43.4,-85.9,1
43.4,-85.9,1
43.4,-85.9,1
43.4,-85.9,1
43.4,-85.9,1
43.4,-85.9,1
43.4,-85.9,1
43.4,-85.9,1
43.4,-85.9,1
43.4,-85.9,1
43.4,-85.9,1
43.4,-85.9,1
43.4,-85.9,1
43.4,-85.9,1
43.4,-85.9,1
43.4,-85.9,1
43.4,-85.9,1
43.4,-85.9,1
43.4,-85.9,1
43.4,-85.9,1
43.4,-85.9,1
43.4,-85.9,1
43.4,-85.9,1
43.4,-85.9,1
43.4,-85.9,1
43.4,-85.9,1
43.4,-85.9,1
43.4,-85.9,1
43.4,-85.9,1
43.4,-85.9,1
43.4,-85.9,1
43.4,-85.9,1
43.4,-85.9,1
43.4,-85.9,1
43.4,-85.9,1
43.4,-85.9,1
43.4,-85.9,1
43.4,-85.9,1
43.4,-85.9,1
43.4,-85.9,1
43.4,-85.9,1
43.4,-85.9,1
43.4,-85.9,1
43.4,-85.9,1
43.4,-85.9,1
43.4,-85.9,1
43.4,-85.9,1
43.4,-85.9,1
43.4,-85.9,1
43.4,-85.9,1
43.4,-85.9,1
43.4,-85.9,1
43.4,-85.9,1
43.4,-85.9,1
43.4,-85.9,1
43.4,-85.9,1
43.4,-85.9,1
43.4,-85.9,1
43.4,-85.9,1
43.4,-85.9,1
43.4,-85.9,1
43.4,-85.9,1
43.4,-85.9,1
43.4,-85.9,1
43.4,-85.9,1
43.4,-85.9,1
43.4,-85.9,1
43.4,-85.9,1
43.4,-85.9,1
43.4,-85.9,1
43.4,-85.9,1
43.4,-85.9,1
43.4,-85.9,1
43.4,-85.9,1
43.4,-85.9,1
43.4,-85.9,1
43.4,-85.9,1
43.4,-85.9,1
43.4,-85.9,1
43.4,-85.9,1
43.4,-85.9,1
43.4,-85.9,1
43.4,-85.9,1
43.4,-85.9,1
43.4,-85.9,1
43.4,-85.9,1
43.4,-85.9,1
43.4,-85.9,1
43.4,-85.9,1
43.4,-85.9,1
43.4,-85.9,1
43.4,-85.9,1
43.4,-85.9,1
43.4,-85.9,1
43.4,-85.9,1
43.4,-85.9,1
43.4,-85.9,1
43.4,-85.9,1
43.4,-85.9,1
43.4,-85.9,1
43.4,-85.9,1
43.4,-85.9,1
43.4,-85.9,1
43.4,-85.9,1
43.4,-85.9,1
43.4,-85.9,1
43.4,-85.9,1
43.4,-85.9,1
43.4,-85.9,1
43.4,-85.9,1
43.4,-85.9,1
43.4,-85.9,1
43.4,-85.9,1
43.4,-85.9,1
43.4,-85.9,1
43.4,-85.9,1
43.4,-85.9,1
43.4,-85.9,1
43.4,-85.9,1
43.4,-85.9,1
43.4,-85.9,1
43.4,-85.9,1
43.4,-85.9,1
43.4,-85.9,1
43.4,-85.9,1
43.4,-85.9,1
43.4,-85.9,1
43.4,-85.9,1
43.4,-85.9,1
43.4,-85.9,1
43.4,-85.9,1
43.4,-85.9,1
43.4,-85.9,1
43.4,-85.9,1
43.4,-85.9,1
43.4,-85.9,1
43.4,-85.9,1
43.4,-85.9,1
43.4,-85.9,1
43.4,-85.9,1
43.4,-85.9,1
43.4,-85.9,1
43.4,-85.9,1
43.4,-85.9,1
43.4,-85.9,1
43.4,-85.9,1
43.4,-85.9,1
43.4,-85.9,1
43.4,-85.9,1
43.4,-85.9,1
43.4,-85.9,1
43.4,-85.9,1
43.4,-85.9,1
43.4,-85.9,1
43.4,-85.9,1
43.4,-85.9,1
43.4,-85.9,1
43.4,-85.9,1
43.4,-85.9,1
43.4,-85.9,1
43.4,-85.9,1
43.4,-85.9,1
43.4,-85.9,1
43.4,-85.9,1
43.4,-85.9,1
43.4,-85.9,1
43.4,-85.9,1
43.4,-85.9,1
43.4,-85.9,1
43.4,-85.9,1
43.4,-85.9,1
43.4,-85.9,1
43.4,-85.9,1
43.4,-85.9,1
43.4,-85.9,1
43.4,-85.9,1
43.4,-85.9,1
43.4,-85.9,1
43.4,-85.9,1
43.4,-85.9,1
43.4,-85.9,1
43.4,-85.9,1
43.4,-85.9,1
43.4,-85.9,1
43.4,-85.9,1
43.4,-85.9,1
43.4,-85.9,1
43.4,-85.9,1
43.4,-85.9,1
43.4,-85.9,1
43.4,-85.9,1
43.4,-85.9,1
43.4,-85.9,1
43.4,-85.9,1
43.4,-85.9,1
43.4,-85.9,1
43.4,-85.9,1
43.4,-85.9,1
43.4,-85.9,1
43.4,-85.9,1
43.4,-85.9,1
43.4,-85.9,1
43.4,-85.9,1
43.4,-85.9,1
43.4,-85.9,1
43.4,-85.9,1
43.4,-85.9,1
43.4,-85.9,1
43.4,-85.9,1
43.4,-85.9,1
43.4,-85.9,1
43.4,-85.9,1
43.4,-85.9,1
43.4,-85.9,1
43.4,-85.9,1
43.4,-85.9,1
43.4,-85.9,1
43.4,-85.9,1
43.4,-85.9,1
43.4,-85.9,1
43.4,-85.9,1
43.4,-85.9,1
43.4,-85.9,1
43.4,-85.9,1
43.4,-85.9,1
43.4,-85.9,1
43.4,-85.9,1
43.4,-85.9,1
43.4,-85.9,1
43.4,-85.9,1
43.4,-85.9,1
43.4,-85.9,1
43.4,-85.9,1
43.4,-85.9,1
43.4,-85.9,1
43.4,-85.9,1
43.4,-85.9,1
43.4,-85.9,1
43.4,-85.9,1
43.4,-85.9,1
43.4,-85.9,1
43.4,-85.9,1
43.4,-85.9,1
43.4,-85.9,1
43.4,-85.9,1
43.4,-85.9,1
43.4,-85.9,1
43.4,-85.9,1
43.4,-85.9,1
43.4,-85.9,1
43.4,-85.9,1
43.4,-85.9,1
43.4,-85.9,1
43.4,-85.9,1
43.4,-85.9,1
43.4,-85.9,1
43.4,-85.9,1
43.4,-85.9,1
43.4,-85.9,1
43.4,-85.9,1
43.4,-85.9,1
43.4,-85.9,1
43.4,-85.9,1
43.4,-85.9,1
43.4,-85.9,1
43.4,-85.9,1
43.4,-85.9,1
43.4,-85.9,1
43.4,-85.9,1
43.4,-85.9,1
43.4,-85.9,1
43.4,-85.9,1
43.4,-85.9,1
43.4,-85.9,1
43.4,-85.9,1
43.4,-85.9,1
43.4,-85.9,1
43.4,-85.9,1
43.4,-85.9,1
43.4,-85.9,1
43.4,-85.9,1
43.4,-85.9,1
43.4,-85.9,1
43.4,-85.9,1
43.4,-85.9,1
43.4,-85.9,1
43.4,-85.9,1
43.4,-85.9,1
43.4,-85.9,1
43.4,-85.9,1
43.4,-85.9,1
43.4,-85.9,1
43.4,-85.9,1
43.4,-85.9,1
43.4,-85.9,1
43.4,-85.9,1
43.4,-85.9,1
43.4,-85.9,1
43.4,-85.9,1
43.4,-85.9,1
43.4,-85.9,1
43.4,-85.9,1
43.4,-85.9,1
43.4,-85.9,1
43.4,-85.9,1
43.4,-85.9,1
43.4,-85.9,1
43.4,-85.9,1
43.4,-85.9,1
43.4,-85.9,1
43.4,-85.9,1
43.4,-85.9,1
43.4,-85.9,1
43.4,-85.9,1
43.4,-85.9,1
43.4,-85.9,1
43.4,-85.9,1
43.4,-85.9,1
43.4,-85.9,1
43.4,-85.9,1
43.4,-85.9,1
43.4,-85.9,1
43.4,-85.9,1
43.4,-85.9,1
43.4,-85.9,1
43.4,-85.9,1
43.4,-85.9,1
43.4,-85.9,1
43.4,-85.9,1
43.4,-85.9,1
43.4,-85.9,1
43.4,-85.9,1
43.4,-85.9,1
43.4,-85.9,1
43.4,-85.9,1
43.4,-85.9,1
43.4,-85.9,1
43.4,-85.9,1
43.4,-85.9,1
43.4,-85.9,1
43.4,-85.9,1
43.4,-85.9,1
43.4,-85.9,1
43.4,-85.9,1
43.4,-85.9,1
43.4,-85.9,1
43.4,-85.9,1
43.4,-85.9,1
43.4,-85.9,1
43.4,-85.9,1
43.4,-85.9,1
43.4,-85.9,1
43.4,-85.9,1
43.4,-85.9,1
43.4,-85.9,1
43.4,-85.9,1
43.4,-85.9,1
43.4,-85.9,1
43.4,-85.9,1
43.4,-85.9,1
43.4,-85.9,1
43.4,-85.9,1
43.4,-85.9,1
43.4,-85.9,1
43.4,-85.9,1
43.4,-85.9,1
43.4,-85.9,1
43.4,-85.9,1
43.4,-85.9,1
43.4,-85.9,1
43.4,-85.9,1
43.4,-85.9,1
43.4,-85.9,1
43.4,-85.9,1
43.4,-85.9,1
43.4,-85.9,1
43.4,-85.9,1
43.4,-85.9,1
43.4,-85.9,1
43.4,-85.9,1
43.4,-85.9,1
43.4,-85.9,1
43.4,-85.9,1
43.4,-85.9,1
43.4,-85.9,1
43.4,-85.9,1
43.4,-85.9,1
43.4,-85.9,1
43.4,-85.9,1
43.4,-85.9,1
43.4,-85.9,1
43.4,-85.9,1
43.4,-85.9,1
43.4,-85.9,1
43.4,-85.9,1
43.4,-85.9,1
43.4,-85.9,1
43.4,-85.9,1
43.4,-85.9,1
43.4,-85.9,1
43.4,-85.9,1
43.4,-85.9,1
43.4,-85.9,1
43.4,-85.9,1
43.4,-85.9,1
43.4,-85.9,1
43.4,-85.9,1
43.4,-85.9,1
43.4,-85.9,1
43.4,-85.9,1
43.4,-85.9,1
43.4,-85.9,1
43.4,-85.9,1
43.4,-85.9,1
43.4,-85.9,1
43.4,-85.9,1
43.4,-85.9,1
43.4,-85.9,1
43.4,-85.9,1
43.4,-85.9,1
43.4,-85.9,1
43.4,-85.9,1
43.4,-85.9,1
43.4,-85.9,1
43.4,-85.9,1
43.4,-85.9,1
43.4,-85.9,1
43.4,-85.9,1
43.4,-85.9,1
43.4,-85.9,1
43.4,-85.9,1
43.4,-85.9,1
43.4,-85.9,1
43.4,-85.9,1
43.4,-85.9,1
43.4,-85.9,1
43.4,-85.9,1
43.4,-85.9,1
43.4,-85.9,1
43.4,-85.9,1
43.4,-85.9,1
43.4,-85.9,1
43.4,-85.9,1
43.4,-85.9,1
43.4,-85.9,1
43.4,-85.9,1
43.4,-85.9,1
43.4,-85.9,1
43.4,-85.9,1
43.4,-85.9,1
43.4,-85.9,1
43.4,-85.9,1
43.4,-85.9,1
43.4,-85.9,1
43.4,-85.9,1
43.4,-85.9,1
43.4,-85.9,1
43.4,-85.9,1
43.4,-85.9,1
43.4,-85.9,1
43.4,-85.9,1
43.4,-85.9,1
43.4,-85.9,1
43.4,-85.9,1
43.4,-85.9,1
43.4,-85.9,1
43.4,-85.9,1
43.4,-85.9,1
43.4,-85.9,1
43.4,-85.9,1
43.4,-85.9,1
43.4,-85.9,1
43.4,-85.9,1
43.4,-85.9,1
43.4,-85.9,1
43.4,-85.9,1
43.4,-85.9,1
43.4,-85.9,1
43.4,-85.9,1
43.4,-85.9,1
43.4,-85.9,1
43.4,-85.9,1
43.4,-85.9,1
43.4,-85.9,1
43.4,-85.9,1
43.4,-85.9,1
43.4,-85.9,1
43.4,-85.9,1
43.4,-85.9,1
43.4,-85.9,1
43.4,-85.9,1
43.4,-85.9,1
43.4,-85.9,1
43.4,-85.9,1
43.4,-85.9,1
43.4,-85.9,1
43.4,-85.9,1
43.4,-85.9,1
43.4,-85.9,1
43.4,-85.9,1
43.4,-85.9,1
43.4,-85.9,1
43.4,-85.9,1
43.4,-85.9,1
43.4,-85.9,1
43.4,-85.9,1
43.4,-85.9,1
43.4,-85.9,1
43.4,-85.9,1
43.4,-85.9,1
43.4,-85.9,1
43.4,-85.9,1
43.4,-85.9,1
43.4,-85.9,1
43.4,-85.9,1
43.4,-85.9,1
43.4,-85.9,1
43.4,-85.9,1
43.4,-85.9,1
43.4,-85.9,1
43.4,-85.9,1
43.4,-85.9,1
43.4,-85.9,1
43.4,-85.9,1
43.4,-85.9,1
43.4,-85.9,1
43.4,-85.9,1
43.4,-85.9,1
43.4,-85.9,1
43.4,-85.9,1
43.4,-85.9,1
43.4,-85.9,1
43.4,-85.9,1
43.4,-85.9,1
43.4,-85.9,1
43.4,-85.9,1
43.4,-85.9,1
43.4,-85.9,1
43.4,-85.9,1
43.4,-85.9,1
43.4,-85.9,1
43.4,-85.9,1
43.4,-85.9,1
43.4,-85.9,1
43.4,-85.9,1
43.4,-85.9,1
43.4,-85.9,1
43.4,-85.9,1
43.4,-85.9,1
43.4,-85.9,1
43.4,-85.9,1
43.4,-85.9,1
43.4,-85.9,1
43.4,-85.9,1
43.4,-85.9,1
43.4,-85.9,1
43.4,-85.9,1
43.4,-85.9,1
43.4,-85.9,1
43.4,-85.9,1
43.4,-85.9,1
43.4,-85.9,1
43.4,-85.9,1
43.4,-85.9,1
43.4,-85.9,1
43.4,-85.9,1
43.4,-85.9,1
43.4,-85.9,1
43.4,-85.9,1
43.4,-85.9,1
43.4,-85.9,1
43.4,-85.9,1
43.4,-85.9,1
43.4,-85.9,1
43.4,-85.9,1
43.4,-85.9,1
43.4,-85.9,1
43.4,-85.9,1
43.4,-85.9,1
43.4,-85.9,1
43.4,-85.9,1
43.4,-85.9,1
43.4,-85.9,1
43.4,-85.9,1
43.4,-85.9,1
43.4,-85.9,1
43.4,-85.9,1
43.4,-85.9,1
43.4,-85.9,1
43.4,-85.9,1
43.4,-85.9,1
43.4,-85.9,1
43.4,-85.9,1
43.4,-85.9,1
43.4,-85.9,1
43.4,-85.9,1
43.4,-85.9,1
43.4,-85.9,1
43.4,-85.9,1
43.4,-85.9,1
43.4,-85.9,1
43.4,-85.9,1
43.4,-85.9,1
43.4,-85.9,1
43.4,-85.9,1
43.4,-85.9,1
43.4,-85.9,1
43.4,-85.9,1
43.4,-85.9,1
43.4,-85.9,1
43.4,-85.9,1
43.4,-85.9,1
43.4,-85.9,1
43.4,-85.9,1
43.4,-85.9,1
43.4,-85.9,1
43.4,-85.9,1
43.4,-85.9,1
43.4,-85.9,1
43.4,-85.9,1
43.4,-85.9,1
43.4,-85.9,1
43.4,-85.9,1
43.4,-85.9,1
43.4,-85.9,1
43.4,-85.9,1
43.4,-85.9,1
43.4,-85.9,1
43.4,-85.9,1
43.4,-85.9,1
43.4,-85.9,1
43.4,-85.9,1
43.4,-85.9,1
43.4,-85.9,1
43.4,-85.9,1
43.4,-85.9,1
43.4,-85.9,1
43.4,-85.9,1
43.4,-85.9,1
43.4,-85.9,1
43.4,-85.9,1
43.4,-85.9,1
43.4,-85.9,1
43.4,-85.9,1
43.4,-85.9,1
43.4,-85.9,1
43.4,-85.9,1
43.4,-85.9,1
43.4,-85.9,1
43.4,-85.9,1
43.4,-85.9,1
43.4,-85.9,1
43.4,-85.9,1
43.4,-85.9,1
43.4,-85.9,1
43.4,-85.9,1
43.4,-85.9,1
43.4,-85.9,1
43.4,-85.9,1
43.4,-85.9,1
43.4,-85.9,1
43.4,-85.9,1
43.4,-85.9,1
43.4,-85.9,1
43.4,-85.9,1
43.4,-85.9,1
43.4,-85.9,1
43.4,-85.9,1
43.4,-85.9,1
43.4,-85.9,1
43.4,-85.9,1
43.4,-85.9,1
43.4,-85.9,1
43.4,-85.9,1
43.4,-85.9,1
43.4,-85.9,1
43.4,-85.9,1
43.4,-85.9,1
43.4,-85.9,1
43.4,-85.9,1
43.4,-85.9,1
43.4,-85.9,1
43.4,-85.9,1
43.4,-85.9,1
43.4,-85.9,1
43.4,-85.9,1
43.4,-85.9,1
43.4,-85.9,1
43.4,-85.9,1
43.4,-85.9,1
43.4,-85.9,1
43.4,-85.9,1
43.4,-85.9,1
43.4,-85.9,1
43.4,-85.9,1
43.4,-85.9,1
43.4,-85.9,1
43.4,-85.9,1
43.4,-85.9,1
43.4,-85.9,1
43.4,-85.9,1
43.4,-85.9,1
43.4,-85.9,1
43.4,-85.9,1
43.4,-85.9,1
43.4,-85.9,1
43.4,-85.9,1
43.4,-85.9,1
43.4,-85.9,1
43.4,-85.9,1
43.4,-85.9,1
43.4,-85.9,1
43.4,-85.9,1
43.4,-85.9,1
43.4,-85.9,1
43.4,-85.9,1
43.4,-85.9,1
43.4,-85.9,1
43.4,-85.9,1
43.4,-85.9,1
43.4,-85.9,1
43.4,-85.9,1
43.4,-85.9,1
43.4,-85.9,1
43.4,-85.9,1
43.4,-85.9,1
43.4,-85.9,1
43.4,-85.9,1
43.4,-85.9,1
43.4,-85.9,1
43.4,-85.9,1
43.4,-85.9,1
43.4,-85.9,1
43.4,-85.9,1
43.4,-85.9,1
43.4,-85.9,1
43.4,-85.9,1
43.4,-85.9,1
43.4,-85.9,1
43.4,-85.9,1
43.4,-85.9,1
43.4,-85.9,1
43.4,-85.9,1
43.4,-85.9,1
43.4,-85.9,1
43.4,-85.9,1
43.4,-85.9,1
43.4,-85.9,1
43.4,-85.9,1
43.4,-85.9,1
43.4,-85.9,1
43.4,-85.9,1
43.4,-85.9,1
43.4,-85.9,1
43.4,-85.9,1
43.4,-85.9,1
43.4,-85.9,1
43.4,-85.9,1
43.4,-85.9,1
43.4,-85.9,1
43.4,-85.9,1
43.4,-85.9,1
43.4,-85.9,1
43.4,-85.9,1
43.4,-85.9,1
43.4,-85.9,1
43.4,-85.9,1
43.4,-85.9,1
43.4,-85.9,1
43.4,-85.9,1
43.4,-85.9,1
43.4,-85.9,1
43.4,-85.9,1
43.4,-85.9,1
43.4,-85.9,1
43.4,-85.9,1
43.4,-85.9,1
43.4,-85.9,1
43.4,-85.9,1
43.4,-85.9,1
43.4,-85.9,1
43.4,-85.9,1
43.4,-85.9,1
43.4,-85.9,1
43.4,-85.9,1
43.4,-85.9,1
43.4,-85.9,1
43.4,-85.9,1
43.4,-85.9,1
43.4,-85.9,1
43.4,-85.9,1
43.4,-85.9,1
43.4,-85.9,1
43.4,-85.9,1
43.4,-85.9,1
43.4,-85.9,1
43.4,-85.9,1
43.4,-85.9,1
43.4,-85.9,1
43.4,-85.9,1
43.4,-85.9,1
43.4,-85.9,1
43.4,-85.9,1
43.4,-85.9,1
43.4,-85.9,1
43.4,-85.9,1
43.4,-85.9,1
43.4,-85.9,1
43.4,-85.9,1
43.4,-85.9,1
43.4,-85.9,1
43.4,-85.9,1
43.4,-85.9,1
43.4,-85.9,1
43.4,-85.9,1
43.4,-85.9,1
43.4,-85.9,1
43.4,-85.9,1
43.4,-85.9,1
43.4,-85.9,1
43.4,-85.9,1
43.4,-85.9,1
43.4,-85.9,1
43.4,-85.9,1
43.4,-85.9,1
43.4,-85.9,1
43.4,-85.9,1
43.4,-85.9,1
43.4,-85.9,1
43.4,-85.9,1
43.4,-85.9,1
43.4,-85.9,1
43.4,-85.9,1
43.4,-85.9,1
43.4,-85.9,1
43.4,-85.9,1
43.4,-85.9,1
43.4,-85.9,1
43.4,-85.9,1
43.4,-85.9,1
43.4,-85.9,1
43.4,-85.9,1
43.4,-85.9,1
43.4,-85.9,1
43.4,-85.9,1
43.4,-85.9,1
43.4,-85.9,1
43.4,-85.9,1
43.4,-85.9,1
43.4,-85.9,1
43.4,-85.9,1
43.4,-85.9,1
43.4,-85.9,1
43.4,-85.9,1
43.4,-85.9,1
43.4,-85.9,1
43.4,-85.9,1
43.4,-85.9,1
43.4,-85.9,1
43.4,-85.9,1
43.4,-85.9,1
43.4,-85.9,1
43.4,-85.9,1
43.4,-85.9,1
43.4,-85.9,1
43.4,-85.9,1
43.4,-85.9,1
43.4,-85.9,1
43.4,-85.9,1
43.4,-85.9,1
43.4,-85.9,1
43.4,-85.9,1
43.4,-85.9,1
43.4,-85.9,1
43.4,-85.9,1
43.4,-85.9,1
43.4,-85.9,1
43.4,-85.9,1
43.4,-85.9,1
43.4,-85.9,1
43.4,-85.9,1
43.4,-85.9,1
43.4,-85.9,1
43.4,-85.9,1
43.4,-85.9,1
43.4,-85.9,1
43.4,-85.9,1
43.4,-85.9,1
43.4,-85.9,1
43.4,-85.9,1
43.4,-85.9,1
43.4,-85.9,1
43.4,-85.9,1
43.4,-85.9,1
43.4,-85.9,1
43.4,-85.9,1
43.4,-85.9,1
43.4,-85.9,1
43.4,-85.9,1
43.4,-85.9,1
43.4,-85.9,1
43.4,-85.9,1
43.4,-85.9,1
43.4,-85.9,1
43.4,-85.9,1
43.4,-85.9,1
43.4,-85.9,1
43.4,-85.9,1
43.4,-85.9,1
43.4,-85.9,1
43.4,-85.9,1
43.4,-85.9,1
43.4,-85.9,1
43.4,-85.9,1
43.4,-85.9,1
43.4,-85.9,1
43.4,-85.9,1
43.4,-85.9,1
43.4,-85.9,1
43.4,-85.9,1
43.4,-85.9,1
43.4,-85.9,1
43.4,-85.9,1
43.4,-85.9,1
43.4,-85.9,1
43.4,-85.9,1
43.4,-85.9,1
43.4,-85.9,1
43.4,-85.9,1
43.4,-85.9,1
43.4,-85.9,1
43.4,-85.9,1
43.4,-85.9,1
43.4,-85.9,1
43.4,-85.9,1
43.4,-85.9,1
43.4,-85.9,1
43.4,-85.9,1
43.4,-85.9,1
43.4,-85.9,1
43.4,-85.9,1
43.4,-85.9,1
43.4,-85.9,1
43.4,-85.9,1
43.4,-85.9,1
43.4,-85.9,1
43.4,-85.9,1
43.4,-85.9,1
43.4,-85.9,1
43.4,-85.9,1
43.4,-85.9,1
43.4,-85.9,1
43.4,-85.9,1
43.4,-85.9,1
43.4,-85.9,1
43.4,-85.9,1
43.4,-85.9,1
43.4,-85.9,1
43.4,-85.9,1
43.4,-85.9,1
43.4,-85.9,1
43.4,-85.9,1
43.4,-85.9,1
43.4,-85.9,1
43.4,-85.9,1
43.4,-85.9,1
43.4,-85.9,1
43.4,-85.9,1
43.4,-85.9,1
43.4,-85.9,1
43.4,-85.9,1
43.4,-85.9,1
43.4,-85.9,1
43.4,-85.9,1
43.4,-85.9,1
43.4,-85.9,1
43.4,-85.9,1
43.4,-85.9,1
43.4,-85.9,1
43.4,-85.9,1
43.4,-85.9,1
43.4,-85.9,1
43.4,-85.9,1
43.4,-85.9,1
43.4,-85.9,1
43.4,-85.9,1
43.4,-85.9,1
43.4,-85.9,1
43.4,-85.9,1
43.4,-85.9,1
43.4,-85.9,1
43.4,-85.9,1
43.4,-85.9,1
43.4,-85.9,1
43.4,-85.9,1
43.4,-85.9,1
43.4,-85.9,1
43.4,-85.9,1
43.4,-85.9,1
43.4,-85.9,1
43.4,-85.9,1
43.4,-85.9,1
43.4,-85.9,1
43.4,-85.9,1
43.4,-85.9,1
43.4,-85.9,1
43.4,-85.9,1
43.4,-85.9,1
43.4,-85.9,1
43.4,-85.9,1
43.4,-85.9,1
43.4,-85.9,1
43.4,-85.9,1
43.4,-85.9,1
43.4,-85.9,1
43.4,-85.9,1
43.4,-85.9,1
43.4,-85.9,1
43.4,-85.9,1
43.4,-85.9,1
43.4,-85.9,1
43.4,-85.9,1
43.4,-85.9,1
43.4,-85.9,1
43.4,-85.9,1
43.4,-85.9,1
43.4,-85.9,1
43.4,-85.9,1
43.4,-85.9,1
43.4,-85.9,1
43.4,-85.9,1
43.4,-85.9,1
43.4,-85.9,1
43.4,-85.9,1
43.4,-85.9,1
43.4,-85.9,1
43.4,-85.9,1
43.4,-85.9,1
43.4,-85.9,1
43.4,-85.9,1
43.4,-85.9,1
43.4,-85.9,1
43.4,-85.9,1
43.4,-85.9,1
43.4,-85.9,1
43.4,-85.9,1
43.4,-85.9,1
43.4,-85.9,1
43.4,-85.9,1
43.4,-85.9,1
43.4,-85.9,1
43.4,-85.9,1
43.4,-85.9,1
43.4,-85.9,1
43.4,-85.9,1
43.4,-85.9,1
43.4,-85.9,1
43.4,-85.9,1
43.4,-85.9,1
43.4,-85.9,1
43.4,-85.9,1
43.4,-85.9,1
43.4,-85.9,1
43.4,-85.9,1
43.4,-85.9,1
43.4,-85.9,1
43.4,-85.9,1
43.4,-85.9,1
43.4,-85.9,1
43.4,-85.9,1
43.4,-85.9,1
43.4,-85.9,1
43.4,-85.9,1
43.4,-85.9,1
43.4,-85.9,1
43.4,-85.9,1
43.4,-85.9,1
43.4,-85.9,1
43.4,-85.9,1
43.4,-85.9,1
43.4,-85.9,1
43.4,-85.9,1
43.4,-85.9,1
43.4,-85.9,1
43.4,-85.9,1
43.4,-85.9,1
43.4,-85.9,1
43.4,-85.9,1
43.4,-85.9,1
43.4,-85.9,1
43.4,-85.9,1
43.4,-85.9,1
43.4,-85.9,1
43.4,-85.9,1
43.4,-85.9,1
43.4,-85.9,1
43.4,-85.9,1
43.4,-85.9,1
43.4,-85.9,1
43.4,-85.9,1
43.4,-85.9,1
43.4,-85.9,1
43.4,-85.9,1
43.4,-85.9,1
43.4,-85.9,1
43.4,-85.9,1
43.4,-85.9,1
43.4,-85.9,1
43.4,-85.9,1
43.4,-85.9,1
43.4,-85.9,1
43.4,-85.9,1
43.4,-85.9,1
43.4,-85.9,1
43.4,-85.9,1
43.4,-85.9,1
43.4,-85.9,1
43.4,-85.9,1
43.4,-85.9,1
43.4,-85.9,1
43.4,-85.9,1
43.4,-85.9,1
43.4,-85.9,1
43.4,-85.9,1
43.4,-85.9,1
43.4,-85.9,1
43.4,-85.9,1
43.4,-85.9,1
43.4,-85.9,1
43.4,-85.9,1
43.4,-85.9,1
43.4,-85.9,1
43.4,-85.9,1
43.4,-85.9,1
43.4,-85.9,1
43.4,-85.9,1
43.4,-85.9,1
43.4,-85.9,1
43.4,-85.9,1
43.4,-85.9,1
43.4,-85.9,1
43.4,-85.9,1
43.4,-85.9,1
43.4,-85.9,1
43.4,-85.9,1
43.4,-85.9,1
43.4,-85.9,1
43.4,-85.9,1
43.4,-85.9,1
43.4,-85.9,1
43.4,-85.9,1
43.4,-85.9,1
43.4,-85.9,1
43.4,-85.9,1
43.4,-85.9,1
43.4,-85.9,1
43.4,-85.9,1
43.4,-85.9,1
43.4,-85.9,1
43.4,-85.9,1
43.4,-85.9,1
43.4,-85.9,1
43.4,-85.9,1
43.4,-85.9,1
43.4,-85.9,1
43.4,-85.9,1
43.4,-85.9,1
43.4,-85.9,1
43.4,-85.9,1
43.4,-85.9,1
43.4,-85.9,1
43.4,-85.9,1
43.4,-85.9,1
43.4,-85.9,1
43.4,-85.9,1
43.4,-85.9,1
43.4,-85.9,1
43.4,-85.9,1
43.4,-85.9,1
43.4,-85.9,1
43.4,-85.9,1
43.4,-85.9,1
43.4,-85.9,1
43.4,-85.9,1
43.4,-85.9,1
43.4,-85.9,1
43.4,-85.9,1
43.4,-85.9,1
43.4,-85.9,1
43.4,-85.9,1
43.4,-85.9,1
43.4,-85.9,1
43.4,-85.9,1
43.4,-85.9,1
43.4,-85.9,1
43.4,-85.9,1
43.4,-85.9,1
43.4,-85.9,1
43.4,-85.9,1
43.4,-85.9,1
43.4,-85.9,1
43.4,-85.9,1
43.4,-85.9,1
43.4,-85.9,1
43.4,-85.9,1
43.4,-85.9,1
43.4,-85.9,1
43.4,-85.9,1
43.4,-85.9,1
43.4,-85.9,1
43.4,-85.9,1
43.4,-85.9,1
43.4,-85.9,1
43.4,-85.9,1
43.4,-85.9,1
43.4,-85.9,1
43.4,-85.9,1
43.4,-85.9,1
43.4,-85.9,1
43.4,-85.9,1
43.4,-85.9,1
43.4,-85.9,1
43.4,-85.9,1
43.4,-85.9,1
43.4,-85.9,1
43.4,-85.9,1
43.4,-85.9,1
43.4,-85.9,1
43.4,-85.9,1
43.4,-85.9,1
43.4,-85.9,1
43.4,-85.9,1
43.4,-85.9,1
43.4,-85.9,1
43.4,-85.9,1
43.4,-85.9,1
43.4,-85.9,1
43.4,-85.9,1
43.4,-85.9,1
43.4,-85.9,1
43.4,-85.9,1
43.4,-85.9,1
43.4,-85.9,1
43.4,-85.9,1
43.4,-85.9,1
43.4,-85.9,1
43.4,-85.9,1
43.4,-85.9,1
43.4,-85.9,1
43.4,-85.9,1
43.4,-85.9,1
43.4,-85.9,1
43.4,-85.9,1
43.4,-85.9,1
43.4,-85.9,1
43.4,-85.9,1
43.4,-85.9,1
43.4,-85.9,1
43.4,-85.9,1
43.4,-85.9,1
43.4,-85.9,1
43.4,-85.9,1
43.4,-85.9,1
43.4,-85.9,1
43.4,-85.9,1
43.4,-85.9,1
43.4,-85.9,1
43.4,-85.9,1
43.4,-85.9,1
43.4,-85.9,1
43.4,-85.9,1
43.4,-85.9,1
43.4,-85.9,1
43.4,-85.9,1
43.4,-85.9,1
43.4,-85.9,1
43.4,-85.9,1
43.4,-85.9,1
43.4,-85.9,1
43.4,-85.9,1
43.4,-85.9,1
43.4,-85.9,1
43.4,-85.9,1
43.4,-85.9,1
43.4,-85.9,1
43.4,-85.9,1
43.4,-85.9,1
43.4,-85.9,1
43.4,-85.9,1
43.4,-85.9,1
43.4,-85.9,1
43.4,-85.9,1
43.4,-85.9,1
43.4,-85.9,1
43.4,-85.9,1
43.4,-85.9,1
43.4,-85.9,1
43.4,-85.9,1
43.4,-85.9,1
43.4,-85.9,1
43.4,-85.9,1
43.4,-85.9,1
43.4,-85.9,1
43.4,-85.9,1
43.4,-85.9,1
43.4,-85.9,1
43.4,-85.9,1
43.4,-85.9,1
43.4,-85.9,1
43.4,-85.9,1
43.4,-85.9,1
43.4,-85.9,1
43.4,-85.9,1
43.4,-85.9,1
43.4,-85.9,1
43.4,-85.9,1
43.4,-85.9,1
43.4,-85.9,1
43.4,-85.9,1
43.4,-85.9,1
43.4,-85.9,1
43.4,-85.9,1
43.4,-85.9,1
43.4,-85.9,1
43.4,-85.9,1
43.4,-85.9,1
43.4,-85.9,1
43.4,-85.9,1
43.4,-85.9,1
43.4,-85.9,1
43.4,-85.9,1
43.4,-85.9,1
43.4,-85.9,1
43.4,-85.9,1
43.4,-85.9,1
43.4,-85.9,1
43.4,-85.9,1
43.4,-85.9,1
43.4,-85.9,1
43.4,-85.9,1
43.4,-85.9,1
43.4,-85.9,1
43.4,-85.9,1
43.4,-85.9,1
43.4,-85.9,1
43.4,-85.9,1
43.4,-85.9,1
43.4,-85.9,1
43.4,-85.9,1
43.4,-85.9,1
43.4,-85.9,1
43.4,-85.9,1
43.4,-85.9,1
43.4,-85.9,1
43.4,-85.9,1
43.4,-85.9,1
43.4,-85.9,1
43.4,-85.9,1
43.4,-85.9,1
43.4,-85.9,1
43.4,-85.9,1
43.4,-85.9,1
43.4,-85.9,1
43.4,-85.9,1
43.4,-85.9,1
43.4,-85.9,1
43.4,-85.9,1
43.4,-85.9,1
43.4,-85.9,1
43.4,-85.9,1
43.4,-85.9,1
43.4,-85.9,1
43.4,-85.9,1
43.4,-85.9,1
43.4,-85.9,1
43.4,-85.9,1
43.4,-85.9,1
43.4,-85.9,1
43.4,-85.9,1
43.4,-85.9,1
43.4,-85.9,1
43.4,-85.9,1
43.4,-85.9,1
43.4,-85.9,1
43.4,-85.9,1
43.4,-85.9,1
43.4,-85.9,1
43.4,-85.9,1
43.4,-85.9,1
43.4,-85.9,1
43.4,-85.9,1
43.4,-85.9,1
43.4,-85.9,1
43.4,-85.9,1
43.4,-85.9,1
43.4,-85.9,1
43.4,-85.9,1
43.4,-85.9,1
43.4,-85.9,1
43.4,-85.9,1
43.4,-85.9,1
43.4,-85.9,1
43.4,-85.9,1
43.4,-85.9,1
43.4,-85.9,1
43.4,-85.9,1
43.4,-85.9,1
43.4,-85.9,1
43.4,-85.9,1
43.4,-85.9,1
43.4,-85.9,1
43.4,-85.9,1
43.4,-85.9,1
43.4,-85.9,1
43.4,-85.9,1
43.4,-85.9,1
43.4,-85.9,1
43.4,-85.9,1
43.4,-85.9,1
43.4,-85.9,1
43.4,-85.9,1
43.4,-85.9,1
43.4,-85.9,1
43.4,-85.9,1
43.4,-85.9,1
43.4,-85.9,1
43.4,-85.9,1
43.4,-85.9,1
43.4,-85.9,1
43.4,-85.9,1
43.4,-85.9,1
43.4,-85.9,1
43.4,-85.9,1
43.4,-85.9,1
43.4,-85.9,1
43.4,-85.9,1
43.4,-85.9,1
43.4,-85.9,1
43.4,-85.9,1
43.4,-85.9,1
43.4,-85.9,1
43.4,-85.9,1
43.4,-85.9,1
43.4,-85.9,1
43.4,-85.9,1
43.4,-85.9,1
43.4,-85.9,1
43.4,-85.9,1
43.4,-85.9,1
43.4,-85.9,1
43.4,-85.9,1
43.4,-85.9,1
43.4,-85.9,1
43.4,-85.9,1
43.4,-85.9,1
43.4,-85.9,1
43.4,-85.9,1
43.4,-85.9,1
43.4,-85.9,1
43.4,-85.9,1
43.4,-85.9,1
43.4,-85.9,1
43.4,-85.9,1
43.4,-85.9,1
43.4,-85.9,1
43.4,-85.9,1
43.4,-85.9,1
43.4,-85.9,1
43.4,-85.9,1
43.4,-85.9,1
43.4,-85.9,1
43.4,-85.9,1
43.4,-85.9,1
43.4,-85.9,1
43.4,-85.9,1
43.4,-85.9,1
43.4,-85.9,1
43.4,-85.9,1
43.4,-85.9,1
43.4,-85.9,1
43.4,-85.9,1
43.4,-85.9,1
43.4,-85.9,1
43.4,-85.9,1
43.4,-85.9,1
43.4,-85.9,1
43.4,-85.9,1
43.4,-85.9,1
43.4,-85.9,1
43.4,-85.9,1
43.4,-85.9,1
43.4,-85.9,1
43.4,-85.9,1
43.4,-85.9,1
43.4,-85.9,1
43.4,-85.9,1
43.4,-85.9,1
43.4,-85.9,1
43.4,-85.9,1
43.4,-85.9,1
43.4,-85.9,1
43.4,-85.9,1
43.4,-85.9,1
43.4,-85.9,1
43.4,-85.9,1
43.4,-85.9,1
43.4,-85.9,1
43.4,-85.9,1
43.4,-85.9,1
43.4,-85.9,1
43.4,-85.9,1
43.4,-85.9,1
43.4,-85.9,1
43.4,-85.9,1
43.4,-85.9,1
43.4,-85.9,1
43.4,-85.9,1
43.4,-85.9,1
43.4,-85.9,1
43.4,-85.9,1
43.4,-85.9,1
43.4,-85.9,1
43.4,-85.9,1
43.4,-85.9,1
43.4,-85.9,1
43.4,-85.9,1
43.4,-85.9,1
43.4,-85.9,1
43.4,-85.9,1
43.4,-85.9,1
43.4,-85.9,1
43.4,-85.9,1
43.4,-85.9,1
43.4,-85.9,1
43.4,-85.9,1
43.4,-85.9,1
43.4,-85.9,1
43.4,-85.9,1
43.4,-85.9,1
43.4,-85.9,1
43.4,-85.9,1
43.4,-85.9,1
43.4,-85.9,1
43.4,-85.9,1
43.4,-85.9,1
43.4,-85.9,1
43.4,-85.9,1
43.4,-85.9,1
43.4,-85.9,1
43.4,-85.9,1
43.4,-85.9,1
43.4,-85.9,1
43.4,-85.9,1
43.4,-85.9,1
43.4,-85.9,1
43.4,-85.9,1
43.4,-85.9,1
43.4,-85.9,1
43.4,-85.9,1
43.4,-85.9,1
43.4,-85.9,1
43.4,-85.9,1
43.4,-85.9,1
43.4,-85.9,1
43.4,-85.9,1
43.4,-85.9,1
43.4,-85.9,1
43.4,-85.9,1
43.4,-85.9,1
43.4,-85.9,1
43.4,-85.9,1
43.4,-85.9,1
43.4,-85.9,1
43.4,-85.9,1
43.4,-85.9,1
43.4,-85.9,1
43.4,-85.9,1
43.4,-85.9,1
43.4,-85.9,1
43.4,-85.9,1
43.4,-85.9,1
43.4,-85.9,1
43.4,-85.9,1
43.4,-85.9,1
43.4,-85.9,1
43.4,-85.9,1
43.4,-85.9,1
43.4,-85.9,1
43.4,-85.9,1
43.4,-85.9,1
43.4,-85.9,1
43.4,-85.9,1
43.4,-85.9,1
43.4,-85.9,1
43.4,-85.9,1
43.4,-85.9,1
43.4,-85.9,1
43.4,-85.9,1
43.4,-85.9,1
43.4,-85.9,1
43.4,-85.9,1
43.4,-85.9,1
43.4,-85.9,1
43.4,-85.9,1
43.4,-85.9,1
43.4,-85.9,1
43.4,-85.9,1
43.4,-85.9,1
43.4,-85.9,1
43.4,-85.9,1
43.4,-85.9,1
43.4,-85.9,1
43.4,-85.9,1
43.4,-85.9,1
43.4,-85.9,1
43.4,-85.9,1
43.4,-85.9,1
43.4,-85.9,1
43.4,-85.9,1
43.4,-85.9,1
43.4,-85.9,1
43.4,-85.9,1
43.4,-85.9,1
43.4,-85.9,1
43.4,-85.9,1
43.4,-85.9,1
43.4,-85.9,1
43.4,-85.9,1
43.4,-85.9,1
43.4,-85.9,1
43.4,-85.9,1
43.4,-85.9,1
43.4,-85.9,1
43.4,-85.9,1
43.4,-85.9,1
43.4,-85.9,1
43.4,-85.9,1
43.4,-85.9,1
43.4,-85.9,1
43.4,-85.9,1
43.4,-85.9,1
43.4,-85.9,1
43.4,-85.9,1
43.4,-85.9,1
43.4,-85.9,1
43.4,-85.9,1
43.4,-85.9,1
43.4,-85.9,1
43.4,-85.9,1
43.4,-85.9,1
43.4,-85.9,1
43.4,-85.9,1
43.4,-85.9,1
43.4,-85.9,1
43.4,-85.9,1
43.4,-85.9,1
43.4,-85.9,1
43.4,-85.9,1
43.4,-85.9,1
43.4,-85.9,1
43.4,-85.9,1
43.4,-85.9,1
43.4,-85.9,1
43.4,-85.9,1
43.4,-85.9,1
43.4,-85.9,1
43.4,-85.9,1
43.4,-85.9,1
43.4,-85.9,1
43.4,-85.9,1
43.4,-85.9,1
43.4,-85.9,1
43.4,-85.9,1
43.4,-85.9,1
43.4,-85.9,1
43.4,-85.9,1
43.4,-85.9,1
43.4,-85.9,1
43.4,-85.9,1
43.4,-85.9,1
43.4,-85.9,1
43.4,-85.9,1
43.4,-85.9,1
43.4,-85.9,1
43.4,-85.9,1
43.4,-85.9,1
43.4,-85.9,1
43.4,-85.9,1
43.4,-85.9,1
43.4,-85.9,1
43.4,-85.9,1
43.4,-85.9,1
43.4,-85.9,1
43.4,-85.9,1
43.4,-85.9,1
43.4,-85.9,1
43.4,-85.9,1
43.4,-85.9,1
43.4,-85.9,1
43.4,-85.9,1
43.4,-85.9,1
43.4,-85.9,1
43.4,-85.9,1
43.4,-85.9,1
43.4,-85.9,1
43.4,-85.9,1
43.4,-85.9,1
43.4,-85.9,1
43.4,-85.9,1
43.4,-85.9,1
43.4,-85.9,1
43.4,-85.9,1
43.4,-85.9,1
43.4,-85.9,1
43.4,-85.9,1
43.4,-85.9,1
43.4,-85.9,1
43.4,-85.9,1
43.4,-85.9,1
43.4,-85.9,1
43.4,-85.9,1
43.4,-85.9,1
43.4,-85.9,1
43.4,-85.9,1
43.4,-85.9,1
43.4,-85.9,1
43.4,-85.9,1
43.4,-85.9,1
43.4,-85.9,1
43.4,-85.9,1
43.4,-85.9,1
43.4,-85.9,1
43.4,-85.9,1
43.4,-85.9,1
43.4,-85.9,1
43.4,-85.9,1
43.4,-85.9,1
43.4,-85.9,1
43.4,-85.9,1
43.4,-85.9,1
43.4,-85.9,1
43.4,-85.9,1
43.4,-85.9,1
43.4,-85.9,1
43.4,-85.9,1
43.4,-85.9,1
43.4,-85.9,1
43.4,-85.9,1
43.4,-85.9,1
43.4,-85.9,1
43.4,-85.9,1
43.4,-85.9,1
43.4,-85.9,1
43.4,-85.9,1
43.4,-85.9,1
43.4,-85.9,1
43.4,-85.9,1
43.4,-85.9,1
43.4,-85.9,1
43.4,-85.9,1
43.4,-85.9,1
43.4,-85.9,1
43.4,-85.9,1
43.4,-85.9,1
43.4,-85.9,1
43.4,-85.9,1
43.4,-85.9,1
43.4,-85.9,1
43.4,-85.9,1
43.4,-85.9,1
43.4,-85.9,1
43.4,-85.9,1
43.4,-85.9,1
43.4,-85.9,1
43.4,-85.9,1
43.4,-85.9,1
43.4,-85.9,1
43.4,-85.9,1
43.4,-85.9,1
43.4,-85.9,1
43.4,-85.9,1
43.4,-85.9,1
43.4,-85.9,1
43.4,-85.9,1
43.4,-85.9,1
43.4,-85.9,1
43.4,-85.9,1
43.4,-85.9,1
43.4,-85.9,1
43.4,-85.9,1
43.4,-85.9,1
43.4,-85.9,1
43.4,-85.9,1
43.4,-85.9,1
43.4,-85.9,1
43.4,-85.9,1
43.4,-85.9,1
43.4,-85.9,1
43.4,-85.9,1
43.4,-85.9,1
43.4,-85.9,1
43.4,-85.9,1
43.4,-85.9,1
43.4,-85.9,1
43.4,-85.9,1
43.4,-85.9,1
43.4,-85.9,1
43.4,-85.9,1
43.4,-85.9,1
43.4,-85.9,1
43.4,-85.9,1
43.4,-85.9,1
43.4,-85.9,1
43.4,-85.9,1
43.4,-85.9,1
43.4,-85.9,1
43.4,-85.9,1
43.4,-85.9,1
43.4,-85.9,1
43.4,-85.9,1
43.4,-85.9,1
43.4,-85.9,1
43.4,-85.9,1
43.4,-85.9,1
43.4,-85.9,1
43.4,-85.9,1
43.4,-85.9,1
43.4,-85.9,1
43.4,-85.9,1
43.4,-85.9,1
43.4,-85.9,1
43.4,-85.9,1
43.4,-85.9,1
43.4,-85.9,1
43.4,-85.9,1
43.4,-85.9,1
43.4,-85.9,1
43.4,-85.9,1
43.4,-85.9,1
43.4,-85.9,1
43.4,-85.9,1
43.4,-85.9,1
43.4,-85.9,1
43.4,-85.9,1
43.4,-85.9,1
43.4,-85.9,1
43.4,-85.9,1
43.4,-85.9,1
43.4,-85.9,1
43.4,-85.9,1
43.4,-85.9,1
43.4,-85.9,1
43.4,-85.9,1
43.4,-85.9,1
43.4,-85.9,1
43.4,-85.9,1
43.4,-85.9,1
43.4,-85.9,1
43.4,-85.9,1
43.4,-85.9,1
43.4,-85.9,1
43.4,-85.9,1
43.4,-85.9,1
43.4,-85.9,1
43.4,-85.9,1
43.4,-85.9,1
43.4,-85.9,1
43.4,-85.9,1
43.4,-85.9,1
43.4,-85.9,1
43.4,-85.9,1
43.4,-85.9,1
43.4,-85.9,1
43.4,-85.9,1
43.4,-85.9,1
43.4,-85.9,1
43.4,-85.9,1
43.4,-85.9,1
43.4,-85.9,1
43.4,-85.9,1
43.4,-85.9,1
43.4,-85.9,1
43.4,-85.9,1
43.4,-85.9,1
43.4,-85.9,1
43.4,-85.9,1
43.4,-85.9,1
43.4,-85.9,1
43.4,-85.9,1
43.4,-85.9,1
43.4,-85.9,1
43.4,-85.9,1
43.4,-85.9,1
43.4,-85.9,1
43.4,-85.9,1
43.4,-85.9,1
43.4,-85.9,1
43.4,-85.9,1
43.4,-85.9,1
43.4,-85.9,1
43.4,-85.9,1
43.4,-85.9,1
43.4,-85.9,1
43.4,-85.9,1
43.4,-85.9,1
43.4,-85.9,1
43.4,-85.9,1
43.4,-85.9,1
43.4,-85.9,1
43.4,-85.9,1
43.4,-85.9,1
43.4,-85.9,1
43.4,-85.9,1
43.4,-85.9,1
43.4,-85.9,1
43.4,-85.9,1
43.4,-85.9,1
43.4,-85.9,1
43.4,-85.9,1
43.4,-85.9,1
43.4,-85.9,1
43.4,-85.9,1
43.4,-85.9,1
43.4,-85.9,1
43.4,-85.9,1
43.4,-85.9,1
43.4,-85.9,1
43.4,-85.9,1
43.4,-85.9,1
43.4,-85.9,1
43.4,-85.9,1
43.4,-85.9,1
43.4,-85.9,1
43.4,-85.9,1
43.4,-85.9,1
43.4,-85.9,1
43.4,-85.9,1
43.4,-85.9,1
43.4,-85.9,1
43.4,-85.9,1
43.4,-85.9,1
43.4,-85.9,1
43.4,-85.9,1
43.4,-85.9,1
43.4,-85.9,1
43.4,-85.9,1
43.4,-85.9,1
43.4,-85.9,1
43.4,-85.9,1
43.4,-85.9,1
43.4,-85.9,1
43.4,-85.9,1
43.4,-85.9,1
43.4,-85.9,1
43.4,-85.9,1
43.4,-85.9,1
43.4,-85.9,1
43.4,-85.9,1
43.4,-85.9,1
43.4,-85.9,1
43.4,-85.9,1
43.4,-85.9,1
43.4,-85.9,1
43.4,-85.9,1
43.4,-85.9,1
43.4,-85.9,1
43.4,-85.9,1
43.4,-85.9,1
43.4,-85.9,1
43.4,-85.9,1
43.4,-85.9,1
43.4,-85.9,1
43.4,-85.9,1
43.4,-85.9,1
43.4,-85.9,1
43.4,-85.9,1
43.4,-85.9,1
43.4,-85.9,1
43.4,-85.9,1
43.4,-85.9,1
43.4,-85.9,1
43.4,-85.9,1
43.4,-85.9,1
43.4,-85.9,1
43.4,-85.9,1
43.4,-85.9,1
43.4,-85.9,1
43.4,-85.9,1
43.4,-85.9,1
43.4,-85.9,1
43.4,-85.9,1
43.4,-85.9,1
43.4,-85.9,1
43.4,-85.9,1
43.4,-85.9,1
43.4,-85.9,1
43.4,-85.9,1
43.4,-85.9,1
43.4,-85.9,1
43.4,-85.9,1
43.4,-85.9,1
43.4,-85.9,1
43.4,-85.9,1
43.4,-85.9,1
43.4,-85.9,1
43.4,-85.9,1
43.4,-85.9,1
43.4,-85.9,1
43.4,-85.9,1
43.4,-85.9,1
43.4,-85.9,1
43.4,-85.9,1
43.4,-85.9,1
43.4,-85.9,1
43.4,-85.9,1
43.4,-85.9,1
43.4,-85.9,1
43.4,-85.9,1
43.4,-85.9,1
43.4,-85.9,1
43.4,-85.9,1
43.4,-85.9,1
43.4,-85.9,1
43.4,-85.9,1
43.4,-85.9,1
43.4,-85.9,1
43.4,-85.9,1
43.4,-85.9,1
43.4,-85.9,1
43.4,-85.9,1
43.4,-85.9,1
43.4,-85.9,1
43.4,-85.9,1
43.4,-85.9,1
43.4,-85.9,1
43.4,-85.9,1
43.4,-85.9,1
43.4,-85.9,1
43.4,-85.9,1
43.4,-85.9,1
43.4,-85.9,1
43.4,-85.9,1
43.4,-85.9,1
43.4,-85.9,1
43.4,-85.9,1
43.4,-85.9,1
43.4,-85.9,1
43.4,-85.9,1
43.4,-85.9,1
43.4,-85.9,1
43.4,-85.9,1
43.4,-85.9,1
43.4,-85.9,1
43.4,-85.9,1
43.4,-85.9,1
43.4,-85.9,1
43.4,-85.9,1
43.4,-85.9,1
43.4,-85.9,1
43.4,-85.9,1
43.4,-85.9,1
43.4,-85.9,1
43.4,-85.9,1
43.4,-85.9,1
43.4,-85.9,1
43.4,-85.9,1
43.4,-85.9,1
43.4,-85.9,1
43.4,-85.9,1
43.4,-85.9,1
43.4,-85.9,1
43.4,-85.9,1
43.4,-85.9,1
43.4,-85.9,1
43.4,-85.9,1
43.4,-85.9,1
43.4,-85.9,1
43.4,-85.9,1
43.4,-85.9,1
43.4,-85.9,1
43.4,-85.9,1
43.4,-85.9,1
43.4,-85.9,1
43.4,-85.9,1
43.4,-85.9,1
43.4,-85.9,1
43.4,-85.9,1
43.4,-85.9,1
43.4,-85.9,1
43.4,-85.9,1
43.4,-85.9,1
43.4,-85.9,1
43.4,-85.9,1
43.4,-85.9,1
43.4,-85.9,1
43.4,-85.9,1
43.4,-85.9,1
43.4,-85.9,1
43.4,-85.9,1
43.4,-85.9,1
43.4,-85.9,1
43.4,-85.9,1
43.4,-85.9,1
43.4,-85.9,1
43.4,-85.9,1
43.4,-85.9,1
43.4,-85.9,1
43.4,-85.9,1
43.4,-85.9,1
43.4,-85.9,1
43.4,-85.9,1
43.4,-85.9,1
43.4,-85.9,1
43.4,-85.9,1
43.4,-85.9,1
43.4,-85.9,1
43.4,-85.9,1
43.4,-85.9,1
43.4,-85.9,1
43.4,-85.9,1
43.4,-85.9,1
43.4,-85.9,1
43.4,-85.9,1
43.4,-85.9,1
43.4,-85.9,1
43.4,-85.9,1
43.4,-85.9,1
43.4,-85.9,1
43.4,-85.9,1
43.4,-85.9,1
43.4,-85.9,1
43.4,-85.9,1
43.4,-85.9,1
43.4,-85.9,1
43.4,-85.9,1
43.4,-85.9,1
43.4,-85.9,1
43.4,-85.9,1
43.4,-85.9,1
43.4,-85.9,1
43.4,-85.9,1
43.4,-85.9,1
43.4,-85.9,1
43.4,-85.9,1
43.4,-85.9,1
43.4,-85.9,1
43.4,-85.9,1
43.4,-85.9,1
43.4,-85.9,1
43.4,-85.9,1
43.4,-85.9,1
43.4,-85.9,1
43.4,-85.9,1
43.4,-85.9,1
43.4,-85.9,1
43.4,-85.9,1
43.4,-85.9,1
43.4,-85.9,1
43.4,-85.9,1
43.4,-85.9,1
43.4,-85.9,1
43.4,-85.9,1
43.4,-85.9,1
43.4,-85.9,1
43.4,-85.9,1
43.4,-85.9,1
43.4,-85.9,1
43.4,-85.9,1
43.4,-85.9,1
43.4,-85.9,1
43.4,-85.9,1
43.4,-85.9,1
43.4,-85.9,1
43.4,-85.9,1
43.4,-85.9,1
43.4,-85.9,1
43.4,-85.9,1
43.4,-85.9,1
43.4,-85.9,1
43.4,-85.9,1
43.4,-85.9,1
43.4,-85.9,1
43.4,-85.9,1
43.4,-85.9,1
43.4,-85.9,1
43.4,-85.9,1
43.4,-85.9,1
43.4,-85.9,1
43.4,-85.9,1
43.4,-85.9,1
43.4,-85.9,1
43.4,-85.9,1
43.4,-85.9,1
43.4,-85.9,1
43.4,-85.9,1
43.4,-85.9,1
43.4,-85.9,1
43.4,-85.9,1
43.4,-85.9,1
43.4,-85.9,1
43.4,-85.9,1
43.4,-85.9,1
43.4,-85.9,1
43.4,-85.9,1
43.4,-85.9,1
43.4,-85.9,1
43.4,-85.9,1
43.4,-85.9,1
43.4,-85.9,1
43.4,-85.9,1
43.4,-85.9,1
43.4,-85.9,1
43.4,-85.9,1
43.4,-85.9,1
43.4,-85.9,1
43.4,-85.9,1
43.4,-85.9,1
43.4,-85.9,1
43.4,-85.9,1
43.4,-85.9,1
43.4,-85.9,1
43.4,-85.9,1
43.4,-85.9,1
43.4,-85.9,1
43.4,-85.9,1
43.4,-85.9,1
43.4,-85.9,1
43.4,-85.9,1
43.4,-85.9,1
43.4,-85.9,1
43.4,-85.9,1
43.4,-85.9,1
43.4,-85.9,1
43.4,-85.9,1
43.4,-85.9,1
43.4,-85.9,1
43.4,-85.9,1
43.4,-85.9,1
43.4,-85.9,1
43.4,-85.9,1
43.4,-85.9,1
43.4,-85.9,1
43.4,-85.9,1
43.4,-85.9,1
43.4,-85.9,1
43.4,-85.9,1
43.4,-85.9,1
43.4,-85.9,1
43.4,-85.9,1
43.4,-85.9,1
43.4,-85.9,1
43.4,-85.9,1
43.4,-85.9,1
43.4,-85.9,1
43.4,-85.9,1
43.4,-85.9,1
43.4,-85.9,1
43.4,-85.9,1
43.4,-85.9,1
43.4,-85.9,1
43.4,-85.9,1
43.4,-85.9,1
43.4,-85.9,1
43.4,-85.9,1
43.4,-85.9,1
43.4,-85.9,1
43.4,-85.9,1
43.4,-85.9,1
43.4,-85.9,1
43.4,-85.9,1
43.4,-85.9,1
43.4,-85.9,1
43.4,-85.9,1
43.4,-85.9,1
43.4,-85.9,1
43.4,-85.9,1
43.4,-85.9,1
43.4,-85.9,1
43.4,-85.9,1
43.4,-85.9,1
43.4,-85.9,1
43.4,-85.9,1
43.4,-85.9,1
43.4,-85.9,1
43.4,-85.9,1
43.4,-85.9,1
43.4,-85.9,1
43.4,-85.9,1
43.4,-85.9,1
43.4,-85.9,1
43.4,-85.9,1
43.4,-85.9,1
43.4,-85.9,1
43.4,-85.9,1
43.4,-85.9,1
43.4,-85.9,1
43.4,-85.9,1
43.4,-85.9,1
43.4,-85.9,1
43.4,-85.9,1
43.4,-85.9,1
43.4,-85.9,1
43.4,-85.9,1
43.4,-85.9,1
43.4,-85.9,1
43.4,-85.9,1
43.4,-85.9,1
43.4,-85.9,1
43.4,-85.9,1
43.4,-85.9,1
43.4,-85.9,1
43.4,-85.9,1
43.4,-85.9,1
43.4,-85.9,1
43.4,-85.9,1
43.4,-85.9,1
43.4,-85.9,1
43.4,-85.9,1
43.4,-85.9,1
43.4,-85.9,1
43.4,-85.9,1
43.4,-85.9,1
43.4,-85.9,1
43.4,-85.9,1
43.4,-85.9,1
43.4,-85.9,1
43.4,-85.9,1
43.4,-85.9,1
43.4,-85.9,1
43.4,-85.9,1
43.4,-85.9,1
43.4,-85.9,1
43.4,-85.9,1
43.4,-85.9,1
43.4,-85.9,1
43.4,-85.9,1
43.4,-85.9,1
43.4,-85.9,1
43.4,-85.9,1
43.4,-85.9,1
43.4,-85.9,1
43.4,-85.9,1
43.4,-85.9,1
43.4,-85.9,1
43.4,-85.9,1
43.4,-85.9,1
43.4,-85.9,1
43.4,-85.9,1
43.4,-85.9,1
43.4,-85.9,1
43.4,-85.9,1
43.4,-85.9,1
43.4,-85.9,1
43.4,-85.9,1
43.4,-85.9,1
43.4,-85.9,1
43.4,-85.9,1
43.4,-85.9,1
43.4,-85.9,1
43.4,-85.9,1
43.4,-85.9,1
43.4,-85.9,1
43.4,-85.9,1
43.4,-85.9,1
43.4,-85.9,1
43.4,-85.9,1
43.4,-85.9,1
43.4,-85.9,1
43.4,-85.9,1
43.4,-85.9,1
43.4,-85.9,1
43.4,-85.9,1
43.4,-85.9,1
43.4,-85.9,1
43.4,-85.9,1
43.4,-85.9,1
43.4,-85.9,1
43.4,-85.9,1
43.4,-85.9,1
43.4,-85.9,1
43.4,-85.9,1
43.4,-85.9,1
43.4,-85.9,1
43.4,-85.9,1
43.4,-85.9,1
43.4,-85.9,1
43.4,-85.9,1
43.4,-85.9,1
43.4,-85.9,1
43.4,-85.9,1
43.4,-85.9,1
43.4,-85.9,1
43.4,-85.9,1
43.4,-85.9,1
43.4,-85.9,1
43.4,-85.9,1
43.4,-85.9,1
43.4,-85.9,1
43.4,-85.9,1
43.4,-85.9,1
43.4,-85.9,1
43.4,-85.9,1
43.4,-85.9,1
43.4,-85.9,1
43.4,-85.9,1
43.4,-85.9,1
43.4,-85.9,1
43.4,-85.9,1
43.4,-85.9,1
43.4,-85.9,1
43.4,-85.9,1
43.4,-85.9,1
43.4,-85.9,1
43.4,-85.9,1
43.4,-85.9,1
43.4,-85.9,1
43.4,-85.9,1
43.4,-85.9,1
43.4,-85.9,1
43.4,-85.9,1
43.4,-85.9,1
43.4,-85.9,1
43.4,-85.9,1
43.4,-85.9,1
43.4,-85.9,1
43.4,-85.9,1
43.4,-85.9,1
43.4,-85.9,1
43.4,-85.9,1
43.4,-85.9,1
43.4,-85.9,1
43.4,-85.9,1
43.4,-85.9,1
43.4,-85.9,1
43.4,-85.9,1
43.4,-85.9,1
43.4,-85.9,1
43.4,-85.9,1
43.4,-85.9,1
43.4,-85.9,1
43.4,-85.9,1
43.4,-85.9,1
43.4,-85.9,1
43.4,-85.9,1
43.4,-85.9,1
43.4,-85.9,1
43.4,-85.9,1
43.4,-85.9,1
43.4,-85.9,1
43.4,-85.9,1
43.4,-85.9,1
43.4,-85.9,1
43.4,-85.9,1
43.4,-85.9,1
43.4,-85.9,1
43.4,-85.9,1
43.4,-85.9,1
43.4,-85.9,1
43.4,-85.9,1
43.4,-85.9,1
43.4,-85.9,1
43.4,-85.9,1
43.4,-85.9,1
43.4,-85.9,1
43.4,-85.9,1
43.4,-85.9,1
43.4,-85.9,1
43.4,-85.9,1
43.4,-85.9,1
43.4,-85.9,1
43.4,-85.9,1
43.4,-85.9,1
43.4,-85.9,1
43.4,-85.9,1
43.4,-85.9,1
43.4,-85.9,1
43.4,-85.9,1
43.4,-85.9,1
43.4,-85.9,1
43.4,-85.9,1
43.4,-85.9,1
43.4,-85.9,1
43.4,-85.9,1
43.4,-85.9,1
43.4,-85.9,1
43.4,-85.9,1
43.4,-85.9,1
43.4,-85.9,1
43.4,-85.9,1
43.4,-85.9,1
43.4,-85.9,1
43.4,-85.9,1
43.4,-85.9,1
43.4,-85.9,1
43.4,-85.9,1
43.4,-85.9,1
43.4,-85.9,1
43.4,-85.9,1
43.4,-85.9,1
43.4,-85.9,1
43.4,-85.9,1
43.4,-85.9,1
43.4,-85.9,1
43.4,-85.9,1
43.4,-85.9,1
43.4,-85.9,1
43.4,-85.9,1
43.4,-85.9,1
43.4,-85.9,1
43.4,-85.9,1
43.4,-85.9,1
43.4,-85.9,1
43.4,-85.9,1
43.4,-85.9,1
43.4,-85.9,1
43.4,-85.9,1
43.4,-85.9,1
43.4,-85.9,1
43.4,-85.9,1
43.4,-85.9,1
43.4,-85.9,1
43.4,-85.9,1
43.4,-85.9,1
43.4,-85.9,1
43.4,-85.9,1
43.4,-85.9,1
43.4,-85.9,1
43.4,-85.9,1
43.4,-85.9,1
43.4,-85.9,1
43.4,-85.9,1
43.4,-85.9,1
43.4,-85.9,1
43.4,-85.9,1
43.4,-85.9,1
43.4,-85.9,1
43.4,-85.9,1
43.4,-85.9,1
43.4,-85.9,1
43.4,-85.9,1
43.4,-85.9,1
43.4,-85.9,1
43.4,-85.9,1
43.4,-85.9,1
43.4,-85.9,1
43.4,-85.9,1
43.4,-85.9,1
43.4,-85.9,1
43.4,-85.9,1
43.4,-85.9,1
43.4,-85.9,1
43.4,-85.9,1
43.4,-85.9,1
43.4,-85.9,1
43.4,-85.9,1
43.4,-85.9,1
43.4,-85.9,1
43.4,-85.9,1
43.4,-85.9,1
43.4,-85.9,1
43.4,-85.9,1
43.4,-85.9,1
43.4,-85.9,1
43.4,-85.9,1
43.4,-85.9,1
43.4,-85.9,1
43.4,-85.9,1
43.4,-85.9,1
43.4,-85.9,1
43.4,-85.9,1
43.4,-85.9,1
43.4,-85.9,1
43.4,-85.9,1
43.4,-85.9,1
43.4,-85.9,1
43.4,-85.9,1
43.4,-85.9,1
43.4,-85.9,1
43.4,-85.9,1
43.4,-85.9,1
43.4,-85.9,1
43.4,-85.9,1
43.4,-85.9,1
43.4,-85.9,1
43.4,-85.9,1
43.4,-85.9,1
43.4,-85.9,1
43.4,-85.9,1
43.4,-85.9,1
43.4,-85.9,1
43.4,-85.9,1
43.4,-85.9,1
43.4,-85.9,1
43.4,-85.9,1
43.4,-85.9,1
43.4,-85.9,1
43.4,-85.9,1
43.4,-85.9,1
43.4,-85.9,1
43.4,-85.9,1
43.4,-85.9,1
43.4,-85.9,1
43.4,-85.9,1
43.4,-85.9,1
43.4,-85.9,1
43.4,-85.9,1
43.4,-85.9,1
43.4,-85.9,1
43.4,-85.9,1
43.4,-85.9,1
43.4,-85.9,1
43.4,-85.9,1
43.4,-85.9,1
43.4,-85.9,1
43.4,-85.9,1
43.4,-85.9,1
43.4,-85.9,1
43.4,-85.9,1
43.4,-85.9,1
43.4,-85.9,1
43.4,-85.9,1
43.4,-85.9,1
43.4,-85.9,1
43.4,-85.9,1
43.4,-85.9,1
43.4,-85.9,1
43.4,-85.9,1
43.4,-85.9,1
43.4,-85.9,1
43.4,-85.9,1
43.4,-85.9,1
43.4,-85.9,1
43.4,-85.9,1
43.4,-85.9,1
43.4,-85.9,1
43.4,-85.9,1
43.4,-85.9,1
43.4,-85.9,1
43.4,-85.9,1
43.4,-85.9,1
43.4,-85.9,1
43.4,-85.9,1
43.4,-85.9,1
43.4,-85.9,1
43.4,-85.9,1
43.4,-85.9,1
43.4,-85.9,1
43.4,-85.9,1
43.4,-85.9,1
43.4,-85.9,1
43.4,-85.9,1
43.4,-85.9,1
43.4,-85.9,1
43.4,-85.9,1
43.4,-85.9,1
43.4,-85.9,1
43.4,-85.9,1
43.4,-85.9,1
43.4,-85.9,1
43.4,-85.9,1
43.4,-85.9,1
43.4,-85.9,1
43.4,-85.9,1
43.4,-85.9,1
43.4,-85.9,1
43.4,-85.9,1
43.4,-85.9,1
43.4,-85.9,1
43.4,-85.9,1
43.4,-85.9,1
43.4,-85.9,1
43.4,-85.9,1
43.4,-85.9,1
43.4,-85.9,1
43.4,-85.9,1
43.4,-85.9,1
43.4,-85.9,1
43.4,-85.9,1
43.4,-85.9,1
43.4,-85.9,1
43.4,-85.9,1
43.4,-85.9,1
43.4,-85.9,1
43.4,-85.9,1
43.4,-85.9,1
43.4,-85.9,1
43.4,-85.9,1
43.4,-85.9,1
43.4,-85.9,1
43.4,-85.9,1
43.4,-85.9,1
43.4,-85.9,1
43.4,-85.9,1
43.4,-85.9,1
43.4,-85.9,1
43.4,-85.9,1
43.4,-85.9,1
43.4,-85.9,1
43.4,-85.9,1
43.4,-85.9,1
43.4,-85.9,1
43.4,-85.9,1
43.4,-85.9,1
43.4,-85.9,1
43.4,-85.9,1
43.4,-85.9,1
43.4,-85.9,1
43.4,-85.9,1
43.4,-85.9,1
43.4,-85.9,1
43.4,-85.9,1
43.4,-85.9,1
43.4,-85.9,1
43.4,-85.9,1
43.4,-85.9,1
43.4,-85.9,1
43.4,-85.9,1
43.4,-85.9,1
43.4,-85.9,1
43.4,-85.9,1
43.4,-85.9,1
43.4,-85.9,1
43.4,-85.9,1
43.4,-85.9,1
43.4,-85.9,1
43.4,-85.9,1
43.4,-85.9,1
43.4,-85.9,1
43.4,-85.9,1
43.4,-85.9,1
43.4,-85.9,1
43.4,-85.9,1
43.4,-85.9,1
43.4,-85.9,1
43.4,-85.9,1
43.4,-85.9,1
43.4,-85.9,1
43.4,-85.9,1
43.4,-85.9,1
43.4,-85.9,1
43.4,-85.9,1
43.4,-85.9,1
43.4,-85.9,1
43.4,-85.9,1
43.4,-85.9,1
43.4,-85.9,1
43.4,-85.9,1
43.4,-85.9,1
43.4,-85.9,1
43.4,-85.9,1
43.4,-85.9,1
43.4,-85.9,1
43.4,-85.9,1
43.4,-85.9,1
43.4,-85.9,1
43.4,-85.9,1
43.4,-85.9,1
43.4,-85.9,1
43.4,-85.9,1
43.4,-85.9,1
43.4,-85.9,1
43.4,-85.9,1
43.4,-85.9,1
43.4,-85.9,1
43.4,-85.9,1
43.4,-85.9,1
43.4,-85.9,1
43.4,-85.9,1
43.4,-85.9,1
43.4,-85.9,1
43.4,-85.9,1
43.4,-85.9,1
43.4,-85.9,1
43.4,-85.9,1
43.4,-85.9,1
43.4,-85.9,1
43.4,-85.9,1
43.4,-85.9,1
43.4,-85.9,1
43.4,-85.9,1
43.4,-85.9,1
43.4,-85.9,1
43.4,-85.9,1
43.4,-85.9,1
43.4,-85.9,1
43.4,-85.9,1
43.4,-85.9,1
43.4,-85.9,1
43.4,-85.9,1
43.4,-85.9,1
43.4,-85.9,1
43.4,-85.9,1
43.4,-85.9,1
43.4,-85.9,1
43.4,-85.9,1
43.4,-85.9,1
43.4,-85.9,1
43.4,-85.9,1
43.4,-85.9,1
43.4,-85.9,1
43.4,-85.9,1
43.4,-85.9,1
43.4,-85.9,1
43.4,-85.9,1
43.4,-85.9,1
43.4,-85.9,1
43.4,-85.9,1
43.4,-85.9,1
43.4,-85.9,1
43.4,-85.9,1
43.4,-85.9,1
43.4,-85.9,1
43.4,-85.9,1
43.4,-85.9,1
43.4,-85.9,1
43.4,-85.9,1
43.4,-85.9,1
43.4,-85.9,1
43.4,-85.9,1
43.4,-85.9,1
43.4,-85.9,1
43.4,-85.9,1
43.4,-85.9,1
43.4,-85.9,1
43.4,-85.9,1
43.4,-85.9,1
43.4,-85.9,1
43.4,-85.9,1
43.4,-85.9,1
43.4,-85.9,1
43.4,-85.9,1
43.4,-85.9,1
43.4,-85.9,1
43.4,-85.9,1
43.4,-85.9,1
43.4,-85.9,1
43.4,-85.9,1
43.4,-85.9,1
43.4,-85.9,1
43.4,-85.9,1
43.4,-85.9,1
43.4,-85.9,1
43.4,-85.9,1
43.4,-85.9,1
43.4,-85.9,1
43.4,-85.9,1
43.4,-85.9,1
43.4,-85.9,1
43.4,-85.9,1
43.4,-85.9,1
43.4,-85.9,1
43.4,-85.9,1
43.4,-85.9,1
43.4,-85.9,1
43.4,-85.9,1
43.4,-85.9,1
43.4,-85.9,1
43.4,-85.9,1
43.4,-85.9,1
43.4,-85.9,1
43.4,-85.9,1
43.4,-85.9,1
43.4,-85.9,1
43.4,-85.9,1
43.4,-85.9,1
43.4,-85.9,1
43.4,-85.9,1
43.4,-85.9,1
43.4,-85.9,1
43.4,-85.9,1
43.4,-85.9,1
43.4,-85.9,1
43.4,-85.9,1
43.4,-85.9,1
43.4,-85.9,1
43.4,-85.9,1
43.4,-85.9,1
43.4,-85.9,1
43.4,-85.9,1
43.4,-85.9,1
43.4,-85.9,1
43.4,-85.9,1
43.4,-85.9,1
43.4,-85.9,1
43.4,-85.9,1
43.4,-85.9,1
43.4,-85.9,1
43.4,-85.9,1
43.4,-85.9,1
43.4,-85.9,1
43.4,-85.9,1
43.4,-85.9,1
43.4,-85.9,1
43.4,-85.9,1
43.4,-85.9,1
43.4,-85.9,1
43.4,-85.9,1
43.4,-85.9,1
43.4,-85.9,1
43.4,-85.9,1
43.4,-85.9,1
43.4,-85.9,1
43.4,-85.9,1
43.4,-85.9,1
43.4,-85.9,1
43.4,-85.9,1
43.4,-85.9,1
43.4,-85.9,1
43.4,-85.9,1
43.4,-85.9,1
43.4,-85.9,1
43.4,-85.9,1
43.4,-85.9,1
43.4,-85.9,1
43.4,-85.9,1
43.4,-85.9,1
43.4,-85.9,1
43.4,-85.9,1
43.4,-85.9,1
43.4,-85.9,1
43.4,-85.9,1
43.4,-85.9,1
43.4,-85.9,1
43.4,-85.9,1
43.4,-85.9,1
43.4,-85.9,1
43.4,-85.9,1
43.4,-85.9,1
43.4,-85.9,1
43.4,-85.9,1
43.4,-85.9,1
43.4,-85.9,1
43.4,-85.9,1
43.4,-85.9,1
43.4,-85.9,1
43.4,-85.9,1
43.4,-85.9,1
43.4,-85.9,1
43.4,-85.9,1
43.4,-85.9,1
43.4,-85.9,1
43.4,-85.9,1
43.4,-85.9,1
43.4,-85.9,1
43.4,-85.9,1
43.4,-85.9,1
43.4,-85.9,1
43.4,-85.9,1
43.4,-85.9,1
43.4,-85.9,1
43.4,-85.9,1
43.4,-85.9,1
43.4,-85.9,1
43.4,-85.9,1
43.4,-85.9,1
43.4,-85.9,1
43.4,-85.9,1
43.4,-85.9,1
43.4,-85.9,1
43.4,-85.9,1
43.4,-85.9,1
43.4,-85.9,1
43.4,-85.9,1
43.4,-85.9,1
43.4,-85.9,1
43.4,-85.9,1
43.4,-85.9,1
43.4,-85.9,1
43.4,-85.9,1
43.4,-85.9,1
43.4,-85.9,1
43.4,-85.9,1
43.4,-85.9,1
43.4,-85.9,1
43.4,-85.9,1
43.4,-85.9,1
43.4,-85.9,1
43.4,-85.9,1
43.4,-85.9,1
43.4,-85.9,1
43.4,-85.9,1
43.4,-85.9,1
43.4,-85.9,1
43.4,-85.9,1
43.4,-85.9,1
43.4,-85.9,1
43.4,-85.9,1
43.4,-85.9,1
43.4,-85.9,1
43.4,-85.9,1
43.4,-85.9,1
43.4,-85.9,1
43.4,-85.9,1
43.4,-85.9,1
43.4,-85.9,1
43.4,-85.9,1
43.4,-85.9,1
43.4,-85.9,1
43.4,-85.9,1
43.4,-85.9,1
43.4,-85.9,1
43.4,-85.9,1
43.4,-85.9,1
43.4,-85.9,1
43.4,-85.9,1
43.4,-85.9,1
43.4,-85.9,1
43.4,-85.9,1
43.4,-85.9,1
43.4,-85.9,1
43.4,-85.9,1
43.4,-85.9,1
43.4,-85.9,1
43.4,-85.9,1
43.4,-85.9,1
43.4,-85.9,1
43.4,-85.9,1
43.4,-85.9,1
43.4,-85.9,1
43.4,-85.9,1
43.4,-85.9,1
43.4,-85.9,1
43.4,-85.9,1
43.4,-85.9,1
43.4,-85.9,1
43.4,-85.9,1
43.4,-85.9,1
43.4,-85.9,1
43.4,-85.9,1
43.4,-85.9,1
43.4,-85.9,1
43.4,-85.9,1
43.4,-85.9,1
43.4,-85.9,1
43.4,-85.9,1
43.4,-85.9,1
43.4,-85.9,1
43.4,-85.9,1
43.4,-85.9,1
43.4,-85.9,1
43.4,-85.9,1
43.4,-85.9,1
43.4,-85.9,1
43.4,-85.9,1
43.4,-85.9,1
43.4,-85.9,1
43.4,-85.9,1
43.4,-85.9,1
43.4,-85.9,1
43.4,-85.9,1
43.4,-85.9,1
43.4,-85.9,1
43.4,-85.9,1
43.4,-85.9,1
43.4,-85.9,1
43.4,-85.9,1
43.4,-85.9,1
43.4,-85.9,1
43.4,-85.9,1
43.4,-85.9,1
43.4,-85.9,1
43.4,-85.9,1
43.4,-85.9,1
43.4,-85.9,1
43.4,-85.9,1
43.4,-85.9,1
43.4,-85.9,1
43.4,-85.9,1
43.4,-85.9,1
43.4,-85.9,1
43.4,-85.9,1
43.4,-85.9,1
43.4,-85.9,1
43.4,-85.9,1
43.4,-85.9,1
43.4,-85.9,1
43.4,-85.9,1
43.4,-85.9,1
43.4,-85.9,1
43.4,-85.9,1
43.4,-85.9,1
43.4,-85.9,1
43.4,-85.9,1
43.4,-85.9,1
43.4,-85.9,1
43.4,-85.9,1
43.4,-85.9,1
43.4,-85.9,1
43.4,-85.9,1
43.4,-85.9,1
43.4,-85.9,1
43.4,-85.9,1
43.4,-85.9,1
43.4,-85.9,1
43.4,-85.9,1
43.4,-85.9,1
43.4,-85.9,1
43.4,-85.9,1
43.4,-85.9,1
43.4,-85.9,1
43.4,-85.9,1
43.4,-85.9,1
43.4,-85.9,1
43.4,-85.9,1
43.4,-85.9,1
43.4,-85.9,1
43.4,-85.9,1
43.4,-85.9,1
43.4,-85.9,1
43.4,-85.9,1
43.4,-85.9,1
43.4,-85.9,1
43.4,-85.9,1
43.4,-85.9,1
43.4,-85.9,1
43.4,-85.9,1
43.4,-85.9,1
43.4,-85.9,1
43.4,-85.9,1
43.4,-85.9,1
43.4,-85.9,1
43.4,-85.9,1
43.4,-85.9,1
43.4,-85.9,1
43.4,-85.9,1
43.4,-85.9,1
43.4,-85.9,1
43.4,-85.9,1
43.4,-85.9,1
43.4,-85.9,1
43.4,-85.9,1
43.4,-85.9,1
43.4,-85.9,1
43.4,-85.9,1
43.4,-85.9,1
43.4,-85.9,1
43.4,-85.9,1
43.4,-85.9,1
43.4,-85.9,1
43.4,-85.9,1
43.4,-85.9,1
43.4,-85.9,1
43.4,-85.9,1
43.4,-85.9,1
43.4,-85.9,1
43.4,-85.9,1
43.4,-85.9,1
43.4,-85.9,1
43.4,-85.9,1
43.4,-85.9,1
43.4,-85.9,1
43.4,-85.9,1
43.4,-85.9,1
43.4,-85.9,1
43.4,-85.9,1
43.4,-85.9,1
43.4,-85.9,1
43.4,-85.9,1
43.4,-85.9,1
43.4,-85.9,1
43.4,-85.9,1
43.4,-85.9,1
43.4,-85.9,1
43.4,-85.9,1
43.4,-85.9,1
43.4,-85.9,1
43.4,-85.9,1
43.4,-85.9,1
43.4,-85.9,1
43.4,-85.9,1
43.4,-85.9,1
43.4,-85.9,1
43.4,-85.9,1
43.4,-85.9,1
43.4,-85.9,1
43.4,-85.9,1
43.4,-85.9,1
43.4,-85.9,1
43.4,-85.9,1
43.4,-85.9,1
43.4,-85.9,1
43.4,-85.9,1
43.4,-85.9,1
43.4,-85.9,1
43.4,-85.9,1
43.4,-85.9,1
43.4,-85.9,1
43.4,-85.9,1
43.4,-85.9,1
43.4,-85.9,1
43.4,-85.9,1
43.4,-85.9,1
43.4,-85.9,1
43.4,-85.9,1
43.4,-85.9,1
43.4,-85.9,1
43.4,-85.9,1
43.4,-85.9,1
43.4,-85.9,1
43.4,-85.9,1
43.4,-85.9,1
43.4,-85.9,1
43.4,-85.9,1
43.4,-85.9,1
43.4,-85.9,1
43.4,-85.9,1
43.4,-85.9,1
43.4,-85.9,1
43.4,-85.9,1
43.4,-85.9,1
43.4,-85.9,1
43.4,-85.9,1
43.4,-85.9,1
43.4,-85.9,1
43.4,-85.9,1
43.4,-85.9,1
43.4,-85.9,1
43.4,-85.9,1
43.4,-85.9,1
43.4,-85.9,1
43.4,-85.9,1
43.4,-85.9,1
43.4,-85.9,1
43.4,-85.9,1
43.4,-85.9,1
43.4,-85.9,1
43.4,-85.9,1
43.4,-85.9,1
43.4,-85.9,1
43.4,-85.9,1
43.4,-85.9,1
43.4,-85.9,1
43.4,-85.9,1
43.4,-85.9,1
43.4,-85.9,1
43.4,-85.9,1
43.4,-85.9,1
43.4,-85.9,1
43.4,-85.9,1
43.4,-85.9,1
43.4,-85.9,1
43.4,-85.9,1
43.4,-85.9,1
43.4,-85.9,1
43.4,-85.9,1
43.4,-85.9,1
43.4,-85.9,1
43.4,-85.9,1
43.4,-85.9,1
43.4,-85.9,1
43.4,-85.9,1
43.4,-85.9,1
43.4,-85.9,1
43.4,-85.9,1
43.4,-85.9,1
43.4,-85.9,1
43.4,-85.9,1
43.4,-85.9,1
43.4,-85.9,1
43.4,-85.9,1
43.4,-85.9,1
43.4,-85.9,1
43.4,-85.9,1
43.4,-85.9,1
43.4,-85.9,1
43.4,-85.9,1
43.4,-85.9,1
43.4,-85.9,1
43.4,-85.9,1
43.4,-85.9,1
43.4,-85.9,1
43.4,-85.9,1
43.4,-85.9,1
43.4,-85.9,1
43.4,-85.9,1
43.4,-85.9,1
43.4,-85.9,1
43.4,-85.9,1
43.4,-85.9,1
43.4,-85.9,1
43.4,-85.9,1
43.4,-85.9,1
43.4,-85.9,1
43.4,-85.9,1
43.4,-85.9,1
43.4,-85.9,1
43.4,-85.9,1
43.4,-85.9,1
43.4,-85.9,1
43.4,-85.9,1
43.4,-85.9,1
43.4,-85.9,1
43.4,-85.9,1
43.4,-85.9,1
43.4,-85.9,1
43.4,-85.9,1
43.4,-85.9,1
43.4,-85.9,1
43.4,-85.9,1
43.4,-85.9,1
43.4,-85.9,1
43.4,-85.9,1
43.4,-85.9,1
43.4,-85.9,1
43.4,-85.9,1
43.4,-85.9,1
43.4,-85.9,1
43.4,-85.9,1
43.4,-85.9,1
43.4,-85.9,1
43.4,-85.9,1
43.4,-85.9,1
43.4,-85.9,1
43.4,-85.9,1
43.4,-85.9,1
43.4,-85.9,1
43.4,-85.9,1
43.4,-85.9,1
43.4,-85.9,1
43.4,-85.9,1
43.4,-85.9,1
43.4,-85.9,1
43.4,-85.9,1
43.4,-85.9,1
43.4,-85.9,1
43.4,-85.9,1
43.4,-85.9,1
43.4,-85.9,1
43.4,-85.9,1
43.4,-85.9,1
43.4,-85.9,1
43.4,-85.9,1
43.4,-85.9,1
43.4,-85.9,1
43.4,-85.9,1
43.4,-85.9,1
43.4,-85.9,1
43.4,-85.9,1
43.4,-85.9,1
43.4,-85.9,1
43.4,-85.9,1
43.4,-85.9,1
43.4,-85.9,1
43.4,-85.9,1
43.4,-85.9,1
43.4,-85.9,1
43.4,-85.9,1
43.4,-85.9,1
43.4,-85.9,1
43.4,-85.9,1
43.4,-85.9,1
43.4,-85.9,1
43.4,-85.9,1
43.4,-85.9,1
43.4,-85.9,1
43.4,-85.9,1
43.4,-85.9,1
43.4,-85.9,1
43.4,-85.9,1
43.4,-85.9,1
43.4,-85.9,1
43.4,-85.9,1
43.4,-85.9,1
43.4,-85.9,1
43.4,-85.9,1
43.4,-85.9,1
43.4,-85.9,1
43.4,-85.9,1
43.4,-85.9,1
43.4,-85.9,1
43.4,-85.9,1
43.4,-85.9,1
43.4,-85.9,1
43.4,-85.9,1
43.4,-85.9,1
43.4,-85.9,1
43.4,-85.9,1
43.4,-85.9,1
43.4,-85.9,1
43.4,-85.9,1
43.4,-85.9,1
43.4,-85.9,1
43.4,-85.9,1
43.4,-85.9,1
43.4,-85.9,1
43.4,-85.9,1
43.4,-85.9,1
43.4,-85.9,1
43.4,-85.9,1
43.4,-85.9,1
43.4,-85.9,1
43.4,-85.9,1
43.4,-85.9,1
43.4,-85.9,1
43.4,-85.9,1
43.4,-85.9,1
43.4,-85.9,1
43.4,-85.9,1
43.4,-85.9,1
43.4,-85.9,1
43.4,-85.9,1
43.4,-85.9,1
43.4,-85.9,1
43.4,-85.9,1
43.4,-85.9,1
43.4,-85.9,1
43.4,-85.9,1
43.4,-85.9,1
43.4,-85.9,1
43.4,-85.9,1
43.4,-85.9,1
43.4,-85.9,1
43.4,-85.9,1
43.4,-85.9,1
43.4,-85.9,1
43.4,-85.9,1
43.4,-85.9,1
43.4,-85.9,1
43.4,-85.9,1
43.4,-85.9,1
43.4,-85.9,1
43.4,-85.9,1
43.4,-85.9,1
43.4,-85.9,1
43.4,-85.9,1
43.4,-85.9,1
43.4,-85.9,1
43.4,-85.9,1
43.4,-85.9,1
43.4,-85.9,1
43.4,-85.9,1
43.4,-85.9,1
43.4,-85.9,1
43.4,-85.9,1
43.4,-85.9,1
43.4,-85.9,1
43.4,-85.9,1
43.4,-85.9,1
43.4,-85.9,1
43.4,-85.9,1
43.4,-85.9,1
43.4,-85.9,1
43.4,-85.9,1
43.4,-85.9,1
43.4,-85.9,1
43.4,-85.9,1
43.4,-85.9,1
43.4,-85.9,1
43.4,-85.9,1
43.4,-85.9,1
43.4,-85.9,1
43.4,-85.9,1
43.4,-85.9,1
43.4,-85.9,1
43.4,-85.9,1
43.4,-85.9,1
43.4,-85.9,1
43.4,-85.9,1
43.4,-85.9,1
43.4,-85.9,1
43.4,-85.9,1
43.4,-85.9,1
43.4,-85.9,1
43.4,-85.9,1
43.4,-85.9,1
43.4,-85.9,1
43.4,-85.9,1
43.4,-85.9,1
43.4,-85.9,1
43.4,-85.9,1
43.4,-85.9,1
43.4,-85.9,1
43.4,-85.9,1
43.4,-85.9,1
43.4,-85.9,1
43.4,-85.9,1
43.4,-85.9,1
43.4,-85.9,1
43.4,-85.9,1
43.4,-85.9,1
43.4,-85.9,1
43.4,-85.9,1
43.4,-85.9,1
43.4,-85.9,1
43.4,-85.9,1
43.4,-85.9,1
43.4,-85.9,1
43.4,-85.9,1
43.4,-85.9,1
43.4,-85.9,1
43.4,-85.9,1
43.4,-85.9,1
43.4,-85.9,1
43.4,-85.9,1
43.4,-85.9,1
43.4,-85.9,1
43.4,-85.9,1
43.4,-85.9,1
43.4,-85.9,1
43.4,-85.9,1
43.4,-85.9,1
43.4,-85.9,1
43.4,-85.9,1
43.4,-85.9,1
43.4,-85.9,1
43.4,-85.9,1
43.4,-85.9,1
43.4,-85.9,1
43.4,-85.9,1
43.4,-85.9,1
43.4,-85.9,1
43.4,-85.9,1
43.4,-85.9,1
43.4,-85.9,1
43.4,-85.9,1
43.4,-85.9,1
43.4,-85.9,1
43.4,-85.9,1
43.4,-85.9,1
43.4,-85.9,1
43.4,-85.9,1
43.4,-85.9,1
43.4,-85.9,1
43.4,-85.9,1
43.4,-85.9,1
43.4,-85.9,1
43.4,-85.9,1
43.4,-85.9,1
43.4,-85.9,1
43.4,-85.9,1
43.4,-85.9,1
43.4,-85.9,1
43.4,-85.9,1
43.4,-85.9,1
43.4,-85.9,1
43.4,-85.9,1
43.4,-85.9,1
43.4,-85.9,1
43.4,-85.9,1
43.4,-85.9,1
43.4,-85.9,1
43.4,-85.9,1
43.4,-85.9,1
43.4,-85.9,1
43.4,-85.9,1
43.4,-85.9,1
43.4,-85.9,1
43.4,-85.9,1
43.4,-85.9,1
43.4,-85.9,1
43.4,-85.9,1
43.4,-85.9,1
43.4,-85.9,1
43.4,-85.9,1
43.4,-85.9,1
43.4,-85.9,1
43.4,-85.9,1
43.4,-85.9,1
43.4,-85.9,1
43.4,-85.9,1
43.4,-85.9,1
43.4,-85.9,1
43.4,-85.9,1
43.4,-85.9,1
43.4,-85.9,1
43.4,-85.9,1
43.4,-85.9,1
43.4,-85.9,1
43.4,-85.9,1
43.4,-85.9,1
43.4,-85.9,1
43.4,-85.9,1
43.4,-85.9,1
43.4,-85.9,1
43.4,-85.9,1
43.4,-85.9,1
43.4,-85.9,1
43.4,-85.9,1
43.4,-85.9,1
43.4,-85.9,1
43.4,-85.9,1
43.4,-85.9,1
43.4,-85.9,1
43.4,-85.9,1
43.4,-85.9,1
43.4,-85.9,1
43.4,-85.9,1
43.4,-85.9,1
43.4,-85.9,1
43.4,-85.9,1
43.4,-85.9,1
43.4,-85.9,1
43.4,-85.9,1
43.4,-85.9,1
43.4,-85.9,1
43.4,-85.9,1
43.4,-85.9,1
43.4,-85.9,1
43.4,-85.9,1
43.4,-85.9,1
43.4,-85.9,1
43.4,-85.9,1
43.4,-85.9,1
43.4,-85.9,1
43.4,-85.9,1
43.4,-85.9,1
43.4,-85.9,1
43.4,-85.9,1
43.4,-85.9,1
43.4,-85.9,1
43.4,-85.9,1
43.4,-85.9,1
43.4,-85.9,1
43.4,-85.9,1
43.4,-85.9,1
43.4,-85.9,1
43.4,-85.9,1
43.4,-85.9,1
43.4,-85.9,1
43.4,-85.9,1
43.4,-85.9,1
43.4,-85.9,1
43.4,-85.9,1
43.4,-85.9,1
43.4,-85.9,1
43.4,-85.9,1
43.4,-85.9,1
43.4,-85.9,1
43.4,-85.9,1
43.4,-85.9,1
43.4,-85.9,1
43.4,-85.9,1
43.4,-85.9,1
43.4,-85.9,1
43.4,-85.9,1
43.4,-85.9,1
43.4,-85.9,1
43.4,-85.9,1
43.4,-85.9,1
43.4,-85.9,1
43.4,-85.9,1
43.4,-85.9,1
43.4,-85.9,1
43.4,-85.9,1
43.4,-85.9,1
43.4,-85.9,1
43.4,-85.9,1
43.4,-85.9,1
43.4,-85.9,1
43.4,-85.9,1
43.4,-85.9,1
43.4,-85.9,1
43.4,-85.9,1
43.4,-85.9,1
43.4,-85.9,1
43.4,-85.9,1
43.4,-85.9,1
43.4,-85.9,1
43.4,-85.9,1
43.4,-85.9,1
43.4,-85.9,1
43.4,-85.9,1
43.4,-85.9,1
43.4,-85.9,1
43.4,-85.9,1
43.4,-85.9,1
43.4,-85.9,1
43.4,-85.9,1
43.4,-85.9,1
43.4,-85.9,1
43.4,-85.9,1
43.4,-85.9,1
43.4,-85.9,1
43.4,-85.9,1
43.4,-85.9,1
43.4,-85.9,1
43.4,-85.9,1
43.4,-85.9,1
43.4,-85.9,1
43.4,-85.9,1
43.4,-85.9,1
43.4,-85.9,1
43.4,-85.9,1
43.4,-85.9,1
43.4,-85.9,1
43.4,-85.9,1
43.4,-85.9,1
43.4,-85.9,1
43.4,-85.9,1
43.4,-85.9,1
43.4,-85.9,1
43.4,-85.9,1
43.4,-85.9,1
43.4,-85.9,1
43.4,-85.9,1
43.4,-85.9,1
43.4,-85.9,1
43.4,-85.9,1
43.4,-85.9,1
43.4,-85.9,1
43.4,-85.9,1
43.4,-85.9,1
43.4,-85.9,1
43.4,-85.9,1
43.4,-85.9,1
43.4,-85.9,1
43.4,-85.9,1
43.4,-85.9,1
43.4,-85.9,1
43.4,-85.9,1
43.4,-85.9,1
43.4,-85.9,1
43.4,-85.9,1
43.4,-85.9,1
43.4,-85.9,1
43.4,-85.9,1
43.4,-85.9,1
43.4,-85.9,1
43.4,-85.9,1
43.4,-85.9,1
43.4,-85.9,1
43.4,-85.9,1
43.4,-85.9,1
43.4,-85.9,1
43.4,-85.9,1
43.4,-85.9,1
43.4,-85.9,1
43.4,-85.9,1
43.4,-85.9,1
43.4,-85.9,1
43.4,-85.9,1
43.4,-85.9,1
43.4,-85.9,1
43.4,-85.9,1
43.4,-85.9,1
43.4,-85.9,1
43.4,-85.9,1
43.4,-85.9,1
43.4,-85.9,1
43.4,-85.9,1
43.4,-85.9,1
43.4,-85.9,1
43.4,-85.9,1
43.4,-85.9,1
43.4,-85.9,1
43.4,-85.9,1
43.4,-85.9,1
43.4,-85.9,1
43.4,-85.9,1
43.4,-85.9,1
43.4,-85.9,1
43.4,-85.9,1
43.4,-85.9,1
43.4,-85.9,1
43.4,-85.9,1
43.4,-85.9,1
43.4,-85.9,1
43.4,-85.9,1
43.4,-85.9,1
43.4,-85.9,1
43.4,-85.9,1
43.4,-85.9,1
43.4,-85.9,1
43.4,-85.9,1
43.4,-85.9,1
43.4,-85.9,1
43.4,-85.9,1
43.4,-85.9,1
43.4,-85.9,1
43.4,-85.9,1
43.4,-85.9,1
43.4,-85.9,1
43.4,-85.9,1
43.4,-85.9,1
43.4,-85.9,1
43.4,-85.9,1
43.4,-85.9,1
43.4,-85.9,1
43.4,-85.9,1
43.4,-85.9,1
43.4,-85.9,1
43.4,-85.9,1
43.4,-85.9,1
43.4,-85.9,1
43.4,-85.9,1
43.4,-85.9,1
43.4,-85.9,1
43.4,-85.9,1
43.4,-85.9,1
43.4,-85.9,1
43.4,-85.9,1
43.4,-85.9,1
43.4,-85.9,1
43.4,-85.9,1
43.4,-85.9,1
43.4,-85.9,1
43.4,-85.9,1
43.4,-85.9,1
43.4,-85.9,1
43.4,-85.9,1
43.4,-85.9,1
43.4,-85.9,1
43.4,-85.9,1
43.4,-85.9,1
43.4,-85.9,1
43.4,-85.9,1
43.4,-85.9,1
43.4,-85.9,1
43.4,-85.9,1
43.4,-85.9,1
43.4,-85.9,1
43.4,-85.9,1
43.4,-85.9,1
43.4,-85.9,1
43.4,-85.9,1
43.4,-85.9,1
43.4,-85.9,1
43.4,-85.9,1
43.4,-85.9,1
43.4,-85.9,1
43.4,-85.9,1
43.4,-85.9,1
43.4,-85.9,1
43.4,-85.9,1
43.4,-85.9,1
43.4,-85.9,1
43.4,-85.9,1
43.4,-85.9,1
43.4,-85.9,1
43.4,-85.9,1
43.4,-85.9,1
43.4,-85.9,1
43.4,-85.9,1
43.4,-85.9,1
43.4,-85.9,1
43.4,-85.9,1
43.4,-85.9,1
43.4,-85.9,1
43.4,-85.9,1
43.4,-85.9,1
43.4,-85.9,1
43.4,-85.9,1
43.4,-85.9,1
43.4,-85.9,1
43.4,-85.9,1
43.4,-85.9,1
43.4,-85.9,1
43.4,-85.9,1
43.4,-85.9,1
43.4,-85.9,1
43.4,-85.9,1
43.4,-85.9,1
43.4,-85.9,1
43.4,-85.9,1
43.4,-85.9,1
43.4,-85.9,1
43.4,-85.9,1
43.4,-85.9,1
43.4,-85.9,1
43.4,-85.9,1
43.4,-85.9,1
43.4,-85.9,1
43.4,-85.9,1
43.4,-85.9,1
43.4,-85.9,1
43.4,-85.9,1
43.4,-85.9,1
43.4,-85.9,1
43.4,-85.9,1
43.4,-85.9,1
43.4,-85.9,1
43.4,-85.9,1
43.4,-85.9,1
43.4,-85.9,1
43.4,-85.9,1
43.4,-85.9,1
43.4,-85.9,1
43.4,-85.9,1
43.4,-85.9,1
43.4,-85.9,1
43.4,-85.9,1
43.4,-85.9,1
43.4,-85.9,1
43.4,-85.9,1
43.4,-85.9,1
43.4,-85.9,1
43.4,-85.9,1
43.4,-85.9,1
43.4,-85.9,1
43.4,-85.9,1
43.4,-85.9,1
43.4,-85.9,1
43.4,-85.9,1
43.4,-85.9,1
43.4,-85.9,1
43.4,-85.9,1
43.4,-85.9,1
43.4,-85.9,1
43.4,-85.9,1
43.4,-85.9,1
43.4,-85.9,1
43.4,-85.9,1
43.4,-85.9,1
43.4,-85.9,1
43.4,-85.9,1
43.4,-85.9,1
43.4,-85.9,1
43.4,-85.9,1
43.4,-85.9,1
43.4,-85.9,1
43.4,-85.9,1
43.4,-85.9,1
43.4,-85.9,1
43.4,-85.9,1
43.4,-85.9,1
43.4,-85.9,1
43.4,-85.9,1
43.4,-85.9,1
43.4,-85.9,1
43.4,-85.9,1
43.4,-85.9,1
43.4,-85.9,1
43.4,-85.9,1
43.4,-85.9,1
43.4,-85.9,1
43.4,-85.9,1
43.4,-85.9,1
43.4,-85.9,1
43.4,-85.9,1
43.4,-85.9,1
43.4,-85.9,1
43.4,-85.9,1
43.4,-85.9,1
43.4,-85.9,1
43.4,-85.9,1
43.4,-85.9,1
43.4,-85.9,1
43.4,-85.9,1
43.4,-85.9,1
43.4,-85.9,1
43.4,-85.9,1
43.4,-85.9,1
43.4,-85.9,1
43.4,-85.9,1
43.4,-85.9,1
43.4,-85.9,1
43.4,-85.9,1
43.4,-85.9,1
43.4,-85.9,1
43.4,-85.9,1
43.4,-85.9,1
43.4,-85.9,1
43.4,-85.9,1
43.4,-85.9,1
43.4,-85.9,1
43.4,-85.9,1
43.4,-85.9,1
43.4,-85.9,1
43.4,-85.9,1
43.4,-85.9,1
43.4,-85.9,1
43.4,-85.9,1
43.4,-85.9,1
43.4,-85.9,1
43.4,-85.9,1
43.4,-85.9,1
43.4,-85.9,1
43.4,-85.9,1
43.4,-85.9,1
43.4,-85.9,1
43.4,-85.9,1
43.4,-85.9,1
43.4,-85.9,1
43.4,-85.9,1
43.4,-85.9,1
43.4,-85.9,1
43.4,-85.9,1
43.4,-85.9,1
43.4,-85.9,1
43.4,-85.9,1
43.4,-85.9,1
43.4,-85.9,1
43.4,-85.9,1
43.4,-85.9,1
43.4,-85.9,1
43.4,-85.9,1
43.4,-85.9,1
43.4,-85.9,1
43.4,-85.9,1
43.4,-85.9,1
43.4,-85.9,1
43.4,-85.9,1
43.4,-85.9,1
43.4,-85.9,1
43.4,-85.9,1
43.4,-85.9,1
43.4,-85.9,1
43.4,-85.9,1
43.4,-85.9,1
43.4,-85.9,1
43.4,-85.9,1
43.4,-85.9,1
43.4,-85.9,1
43.4,-85.9,1
43.4,-85.9,1
43.4,-85.9,1
43.4,-85.9,1
43.4,-85.9,1
43.4,-85.9,1
43.4,-85.9,1
43.4,-85.9,1
43.4,-85.9,1
43.4,-85.9,1
43.4,-85.9,1
43.4,-85.9,1
43.4,-85.9,1
43.4,-85.9,1
43.4,-85.9,1
43.4,-85.9,1
43.4,-85.9,1
43.4,-85.9,1
43.4,-85.9,1
43.4,-85.9,1
43.4,-85.9,1
43.4,-85.9,1
43.4,-85.9,1
43.4,-85.9,1
43.4,-85.9,1
43.4,-85.9,1
43.4,-85.9,1
43.4,-85.9,1
43.4,-85.9,1
43.4,-85.9,1
43.4,-85.9,1
43.4,-85.9,1
43.4,-85.9,1
43.4,-85.9,1
43.4,-85.9,1
43.4,-85.9,1
43.4,-85.9,1
43.4,-85.9,1
43.4,-85.9,1
43.4,-85.9,1
43.4,-85.9,1
43.4,-85.9,1
43.4,-85.9,1
43.4,-85.9,1
43.4,-85.9,1
43.4,-85.9,1
43.4,-85.9,1
43.4,-85.9,1
43.4,-85.9,1
43.4,-85.9,1
43.4,-85.9,1
43.4,-85.9,1
43.4,-85.9,1
43.4,-85.9,1
43.4,-85.9,1
43.4,-85.9,1
43.4,-85.9,1
43.4,-85.9,1
43.4,-85.9,1
43.4,-85.9,1
43.4,-85.9,1
43.4,-85.9,1
43.4,-85.9,1
43.4,-85.9,1
43.4,-85.9,1
43.4,-85.9,1
43.4,-85.9,1
43.4,-85.9,1
43.4,-85.9,1
43.4,-85.9,1
43.4,-85.9,1
43.4,-85.9,1
43.4,-85.9,1
43.4,-85.9,1
43.4,-85.9,1
43.4,-85.9,1
43.4,-85.9,1
43.4,-85.9,1
43.4,-85.9,1
43.4,-85.9,1
43.4,-85.9,1
43.4,-85.9,1
43.4,-85.9,1
43.4,-85.9,1
43.4,-85.9,1
43.4,-85.9,1
43.4,-85.9,1
43.4,-85.9,1
43.4,-85.9,1
43.4,-85.9,1
43.4,-85.9,1
43.4,-85.9,1
43.4,-85.9,1
43.4,-85.9,1
43.4,-85.9,1
43.4,-85.9,1
43.4,-85.9,1
43.4,-85.9,1
43.4,-85.9,1
43.4,-85.9,1
43.4,-85.9,1
43.4,-85.9,1
43.4,-85.9,1
43.4,-85.9,1
43.4,-85.9,1
43.4,-85.9,1
43.4,-85.9,1
43.4,-85.9,1
43.4,-85.9,1
43.4,-85.9,1
43.4,-85.9,1
43.4,-85.9,1
43.4,-85.9,1
43.4,-85.9,1
43.4,-85.9,1
43.4,-85.9,1
43.4,-85.9,1
43.4,-85.9,1
43.4,-85.9,1
43.4,-85.9,1
43.4,-85.9,1
43.4,-85.9,1
43.4,-85.9,1
43.4,-85.9,1
43.4,-85.9,1
43.4,-85.9,1
43.4,-85.9,1
43.4,-85.9,1
43.4,-85.9,1
43.4,-85.9,1
43.4,-85.9,1
43.4,-85.9,1
43.4,-85.9,1
43.4,-85.9,1
43.4,-85.9,1
43.4,-85.9,1
43.4,-85.9,1
43.4,-85.9,1
43.4,-85.9,1
43.4,-85.9,1
43.4,-85.9,1
43.4,-85.9,1
43.4,-85.9,1
43.4,-85.9,1
43.4,-85.9,1
43.4,-85.9,1
43.4,-85.9,1
43.4,-85.9,1
43.4,-85.9,1
43.4,-85.9,1
43.4,-85.9,1
43.4,-85.9,1
43.4,-85.9,1
43.4,-85.9,1
43.4,-85.9,1
43.4,-85.9,1
43.4,-85.9,1
43.4,-85.9,1
43.4,-85.9,1
43.4,-85.9,1
43.4,-85.9,1
43.4,-85.9,1
43.4,-85.9,1
43.4,-85.9,1
43.4,-85.9,1
43.4,-85.9,1
43.4,-85.9,1
43.4,-85.9,1
43.4,-85.9,1
43.4,-85.9,1
43.4,-85.9,1
43.4,-85.9,1
43.4,-85.9,1
43.4,-85.9,1
43.4,-85.9,1
43.4,-85.9,1
43.4,-85.9,1
43.4,-85.9,1
43.4,-85.9,1
43.4,-85.9,1
43.4,-85.9,1
43.4,-85.9,1
43.4,-85.9,1
43.4,-85.9,1
43.4,-85.9,1
43.4,-85.9,1
43.4,-85.9,1
43.4,-85.9,1
43.4,-85.9,1
43.4,-85.9,1
43.4,-85.9,1
43.4,-85.9,1
43.4,-85.9,1
43.4,-85.9,1
43.4,-85.9,1
43.4,-85.9,1
43.4,-85.9,1
43.4,-85.9,1
43.4,-85.9,1
43.4,-85.9,1
43.4,-85.9,1
43.4,-85.9,1
43.4,-85.9,1
43.4,-85.9,1
43.4,-85.9,1
43.4,-85.9,1
43.4,-85.9,1
43.4,-85.9,1
43.4,-85.9,1
43.4,-85.9,1
43.4,-85.9,1
43.4,-85.9,1
43.4,-85.9,1
43.4,-85.9,1
43.4,-85.9,1
43.4,-85.9,1
43.4,-85.9,1
43.4,-85.9,1
43.4,-85.9,1
43.4,-85.9,1
43.4,-85.9,1
43.4,-85.9,1
43.4,-85.9,1
43.4,-85.9,1
43.4,-85.9,1
43.4,-85.9,1
43.4,-85.9,1
43.4,-85.9,1
43.4,-85.9,1
43.4,-85.9,1
43.4,-85.9,1
43.4,-85.9,1
43.4,-85.9,1
43.4,-85.9,1
43.4,-85.9,1
43.4,-85.9,1
43.4,-85.9,1
43.4,-85.9,1
43.4,-85.9,1
43.4,-85.9,1
43.4,-85.9,1
43.4,-85.9,1
43.4,-85.9,1
43.4,-85.9,1
43.4,-85.9,1
43.4,-85.9,1
43.4,-85.9,1
43.4,-85.9,1
43.4,-85.9,1
43.4,-85.9,1
43.4,-85.9,1
43.4,-85.9,1
43.4,-85.9,1
43.4,-85.9,1
43.4,-85.9,1
43.4,-85.9,1
43.4,-85.9,1
43.4,-85.9,1
43.4,-85.9,1
43.4,-85.9,1
43.4,-85.9,1
43.4,-85.9,1
43.4,-85.9,1
43.4,-85.9,1
43.4,-85.9,1
43.4,-85.9,1
43.4,-85.9,1
43.4,-85.9,1
43.4,-85.9,1
43.4,-85.9,1
43.4,-85.9,1
43.4,-85.9,1
43.4,-85.9,1
43.4,-85.9,1
43.4,-85.9,1
43.4,-85.9,1
43.4,-85.9,1
43.4,-85.9,1
43.4,-85.9,1
43.4,-85.9,1
43.4,-85.9,1
43.4,-85.9,1
43.4,-85.9,1
43.4,-85.9,1
43.4,-85.9,1
43.4,-85.9,1
43.4,-85.9,1
43.4,-85.9,1
43.4,-85.9,1
43.4,-85.9,1
43.4,-85.9,1
43.4,-85.9,1
43.4,-85.9,1
43.4,-85.9,1
43.4,-85.9,1
43.4,-85.9,1
43.4,-85.9,1
43.4,-85.9,1
43.4,-85.9,1
43.4,-85.9,1
43.4,-85.9,1
43.4,-85.9,1
43.4,-85.9,1
43.4,-85.9,1
43.4,-85.9,1
43.4,-85.9,1
43.4,-85.9,1
43.4,-85.9,1
43.4,-85.9,1
43.4,-85.9,1
43.4,-85.9,1
43.4,-85.9,1
43.4,-85.9,1
43.4,-85.9,1
43.4,-85.9,1
43.4,-85.9,1
43.4,-85.9,1
43.4,-85.9,1
43.4,-85.9,1
43.4,-85.9,1
43.4,-85.9,1
43.4,-85.9,1
43.4,-85.9,1
43.4,-85.9,1
43.4,-85.9,1
43.4,-85.9,1
43.4,-85.9,1
43.4,-85.9,1
43.4,-85.9,1
43.4,-85.9,1
43.4,-85.9,1
43.4,-85.9,1
43.4,-85.9,1
43.4,-85.9,1
43.4,-85.9,1
43.4,-85.9,1
43.4,-85.9,1
43.4,-85.9,1
43.4,-85.9,1
43.4,-85.9,1
43.4,-85.9,1
43.4,-85.9,1
43.4,-85.9,1
43.4,-85.9,1
43.4,-85.9,1
43.4,-85.9,1
43.4,-85.9,1
43.4,-85.9,1
43.4,-85.9,1
43.4,-85.9,1
43.4,-85.9,1
43.4,-85.9,1
43.4,-85.9,1
43.4,-85.9,1
43.4,-85.9,1
43.4,-85.9,1
43.4,-85.9,1
43.4,-85.9,1
43.4,-85.9,1
43.4,-85.9,1
43.4,-85.9,1
43.4,-85.9,1
43.4,-85.9,1
43.4,-85.9,1
43.4,-85.9,1
43.4,-85.9,1
43.4,-85.9,1
43.4,-85.9,1
43.4,-85.9,1
43.4,-85.9,1
43.4,-85.9,1
43.4,-85.9,1
43.4,-85.9,1
43.4,-85.9,1
43.4,-85.9,1
43.4,-85.9,1
43.4,-85.9,1
43.4,-85.9,1
43.4,-85.9,1
43.4,-85.9,1
43.4,-85.9,1
43.4,-85.9,1
43.4,-85.9,1
43.4,-85.9,1
43.4,-85.9,1
43.4,-85.9,1
43.4,-85.9,1
43.4,-85.9,1
43.4,-85.9,1
43.4,-85.9,1
43.4,-85.9,1
43.4,-85.9,1
43.4,-85.9,1
43.4,-85.9,1
43.4,-85.9,1
43.4,-85.9,1
43.4,-85.9,1
43.4,-85.9,1
43.4,-85.9,1
43.4,-85.9,1
43.4,-85.9,1
43.4,-85.9,1
43.4,-85.9,1
43.4,-85.9,1
43.4,-85.9,1
43.4,-85.9,1
43.4,-85.9,1
43.4,-85.9,1
43.4,-85.9,1
43.4,-85.9,1
43.4,-85.9,1
43.4,-85.9,1
43.4,-85.9,1
43.4,-85.9,1
43.4,-85.9,1
43.4,-85.9,1
43.4,-85.9,1
43.4,-85.9,1
43.4,-85.9,1
43.4,-85.9,1
43.4,-85.9,1
43.4,-85.9,1
43.4,-85.9,1
43.4,-85.9,1
43.4,-85.9,1
43.4,-85.9,1
43.4,-85.9,1
43.4,-85.9,1
43.4,-85.9,1
43.4,-85.9,1
43.4,-85.9,1
43.4,-85.9,1
43.4,-85.9,1
43.4,-85.9,1
43.4,-85.9,1
43.4,-85.9,1
43.4,-85.9,1
43.4,-85.9,1
43.4,-85.9,1
43.4,-85.9,1
43.4,-85.9,1
43.4,-85.9,1
43.4,-85.9,1
43.4,-85.9,1
43.4,-85.9,1
43.4,-85.9,1
43.4,-85.9,1
43.4,-85.9,1
43.4,-85.9,1
43.4,-85.9,1
43.4,-85.9,1
43.4,-85.9,1
43.4,-85.9,1
43.4,-85.9,1
43.4,-85.9,1
43.4,-85.9,1
43.4,-85.9,1
43.4,-85.9,1
43.4,-85.9,1
43.4,-85.9,1
43.4,-85.9,1
43.4,-85.9,1
43.4,-85.9,1
43.4,-85.9,1
43.4,-85.9,1
43.4,-85.9,1
43.4,-85.9,1
43.4,-85.9,1
43.4,-85.9,1
43.4,-85.9,1
43.4,-85.9,1
43.4,-85.9,1
43.4,-85.9,1
43.4,-85.9,1
43.4,-85.9,1
43.4,-85.9,1
43.4,-85.9,1
43.4,-85.9,1
43.4,-85.9,1
43.4,-85.9,1
43.4,-85.9,1
43.4,-85.9,1
43.4,-85.9,1
43.4,-85.9,1
43.4,-85.9,1
43.4,-85.9,1
43.4,-85.9,1
43.4,-85.9,1
43.4,-85.9,1
43.4,-85.9,1
43.4,-85.9,1
43.4,-85.9,1
43.4,-85.9,1
43.4,-85.9,1
43.4,-85.9,1
43.4,-85.9,1
43.4,-85.9,1
43.4,-85.9,1
43.4,-85.9,1
43.4,-85.9,1
43.4,-85.9,1
43.4,-85.9,1
43.4,-85.9,1
43.4,-85.9,1
43.4,-85.9,1
43.4,-85.9,1
43.4,-85.9,1
43.4,-85.9,1
43.4,-85.9,1
43.4,-85.9,1
43.4,-85.9,1
43.4,-85.9,1
43.4,-85.9,1
43.4,-85.9,1
43.4,-85.9,1
43.4,-85.9,1
43.4,-85.9,1
43.4,-85.9,1
43.4,-85.9,1
43.4,-85.9,1
43.4,-85.9,1
43.4,-85.9,1
43.4,-85.9,1
43.4,-85.9,1
43.4,-85.9,1
43.4,-85.9,1
43.4,-85.9,1
43.4,-85.9,1
43.4,-85.9,1
43.4,-85.9,1
43.4,-85.9,1
43.4,-85.9,1
43.4,-85.9,1
43.4,-85.9,1
43.4,-85.9,1
43.4,-85.9,1
43.4,-85.9,1
43.4,-85.9,1
43.4,-85.9,1
43.4,-85.9,1
43.4,-85.9,1
43.4,-85.9,1
43.4,-85.9,1
43.4,-85.9,1
43.4,-85.9,1
43.4,-85.9,1
43.4,-85.9,1
43.4,-85.9,1
43.4,-85.9,1
43.4,-85.9,1
43.4,-85.9,1
43.4,-85.9,1
43.4,-85.9,1
43.4,-85.9,1
43.4,-85.9,1
43.4,-85.9,1
43.4,-85.9,1
43.4,-85.9,1
43.4,-85.9,1
43.4,-85.9,1
43.4,-85.9,1
43.4,-85.9,1
43.4,-85.9,1
43.4,-85.9,1
43.4,-85.9,1
43.4,-85.9,1
43.4,-85.9,1
43.4,-85.9,1
43.4,-85.9,1
43.4,-85.9,1
43.4,-85.9,1
43.4,-85.9,1
43.4,-85.9,1
43.4,-85.9,1
43.4,-85.9,1
43.4,-85.9,1
43.4,-85.9,1
43.4,-85.9,1
43.4,-85.9,1
43.4,-85.9,1
43.4,-85.9,1
43.4,-85.9,1
43.4,-85.9,1
43.4,-85.9,1
43.4,-85.9,1
43.4,-85.9,1
43.4,-85.9,1
43.4,-85.9,1
43.4,-85.9,1
43.4,-85.9,1
43.4,-85.9,1
43.4,-85.9,1
43.4,-85.9,1
43.4,-85.9,1
43.4,-85.9,1
43.4,-85.9,1
43.4,-85.9,1
43.4,-85.9,1
43.4,-85.9,1
43.4,-85.9,1
43.4,-85.9,1
43.4,-85.9,1
43.4,-85.9,1
43.4,-85.9,1
43.4,-85.9,1
43.4,-85.9,1
43.4,-85.9,1
43.4,-85.9,1
43.4,-85.9,1
43.4,-85.9,1
43.4,-85.9,1
43.4,-85.9,1
43.4,-85.9,1
43.4,-85.9,1
43.4,-85.9,1
43.4,-85.9,1
43.4,-85.9,1
43.4,-85.9,1
43.4,-85.9,1
43.4,-85.9,1
43.4,-85.9,1
43.4,-85.9,1
43.4,-85.9,1
43.4,-85.9,1
43.4,-85.9,1
43.4,-85.9,1
43.4,-85.9,1
43.4,-85.9,1
43.4,-85.9,1
43.4,-85.9,1
43.4,-85.9,1
43.4,-85.9,1
43.4,-85.9,1
43.4,-85.9,1
43.4,-85.9,1
43.4,-85.9,1
43.4,-85.9,1
43.4,-85.9,1
43.4,-85.9,1
43.4,-85.9,1
43.4,-85.9,1
43.4,-85.9,1
43.4,-85.9,1
43.4,-85.9,1
43.4,-85.9,1
43.4,-85.9,1
43.4,-85.9,1
43.4,-85.9,1
43.4,-85.9,1
43.4,-85.9,1
43.4,-85.9,1
43.4,-85.9,1
43.4,-85.9,1
43.4,-85.9,1
43.4,-85.9,1
43.4,-85.9,1
43.4,-85.9,1
43.4,-85.9,1
43.4,-85.9,1
43.4,-85.9,1
43.4,-85.9,1
43.4,-85.9,1
43.4,-85.9,1
43.4,-85.9,1
43.4,-85.9,1
43.4,-85.9,1
43.4,-85.9,1
43.4,-85.9,1
43.4,-85.9,1
43.4,-85.9,1
43.4,-85.9,1
43.4,-85.9,1
43.4,-85.9,1
43.4,-85.9,1
43.4,-85.9,1
43.4,-85.9,1
43.4,-85.9,1
43.4,-85.9,1
43.4,-85.9,1
43.4,-85.9,1
43.4,-85.9,1
43.4,-85.9,1
43.4,-85.9,1
43.4,-85.9,1
43.4,-85.9,1
43.4,-85.9,1
43.4,-85.9,1
43.4,-85.9,1
43.4,-85.9,1
43.4,-85.9,1
43.4,-85.9,1
43.4,-85.9,1
43.4,-85.9,1
43.4,-85.9,1
43.4,-85.9,1
43.4,-85.9,1
43.4,-85.9,1
43.4,-85.9,1
43.4,-85.9,1
43.4,-85.9,1
43.4,-85.9,1
43.4,-85.9,1
43.4,-85.9,1
43.4,-85.9,1
43.4,-85.9,1
43.4,-85.9,1
43.4,-85.9,1
43.4,-85.9,1
43.4,-85.9,1
43.4,-85.9,1
43.4,-85.9,1
43.4,-85.9,1
43.4,-85.9,1
43.4,-85.9,1
43.4,-85.9,1
43.4,-85.9,1
43.4,-85.9,1
43.4,-85.9,1
43.4,-85.9,1
43.4,-85.9,1
43.4,-85.9,1
43.4,-85.9,1
43.4,-85.9,1
43.4,-85.9,1
43.4,-85.9,1
43.4,-85.9,1
43.4,-85.9,1
43.4,-85.9,1
43.4,-85.9,1
43.4,-85.9,1
43.4,-85.9,1
43.4,-85.9,1
43.4,-85.9,1
43.4,-85.9,1
43.4,-85.9,1
43.4,-85.9,1
43.4,-85.9,1
43.4,-85.9,1
43.4,-85.9,1
43.4,-85.9,1
43.4,-85.9,1
43.4,-85.9,1
43.4,-85.9,1
43.4,-85.9,1
43.4,-85.9,1
43.4,-85.9,1
43.4,-85.9,1
43.4,-85.9,1
43.4,-85.9,1
43.4,-85.9,1
43.4,-85.9,1
43.4,-85.9,1
43.4,-85.9,1
43.4,-85.9,1
43.4,-85.9,1
43.4,-85.9,1
43.4,-85.9,1
43.4,-85.9,1
43.4,-85.9,1
43.4,-85.9,1
43.4,-85.9,1
43.4,-85.9,1
43.4,-85.9,1
43.4,-85.9,1
43.4,-85.9,1
43.4,-85.9,1
43.4,-85.9,1
43.4,-85.9,1
43.4,-85.9,1
43.4,-85.9,1
43.4,-85.9,1
43.4,-85.9,1
43.4,-85.9,1
43.4,-85.9,1
43.4,-85.9,1
43.4,-85.9,1
43.4,-85.9,1
43.4,-85.9,1
43.4,-85.9,1
43.4,-85.9,1
43.4,-85.9,1
43.4,-85.9,1
43.4,-85.9,1
43.4,-85.9,1
43.4,-85.9,1
43.4,-85.9,1
43.4,-85.9,1
43.4,-85.9,1
43.4,-85.9,1
43.4,-85.9,1
43.4,-85.9,1
43.4,-85.9,1
43.4,-85.9,1
43.4,-85.9,1
43.4,-85.9,1
43.4,-85.9,1
43.4,-85.9,1
43.4,-85.9,1
43.4,-85.9,1
43.4,-85.9,1
43.4,-85.9,1
43.4,-85.9,1
43.4,-85.9,1
43.4,-85.9,1
43.4,-85.9,1
43.4,-85.9,1
43.4,-85.9,1
43.4,-85.9,1
43.4,-85.9,1
43.4,-85.9,1
43.4,-85.9,1
43.4,-85.9,1
43.4,-85.9,1
43.4,-85.9,1
43.4,-85.9,1
43.4,-85.9,1
43.4,-85.9,1
43.4,-85.9,1
43.4,-85.9,1
43.4,-85.9,1
43.4,-85.9,1
43.4,-85.9,1
43.4,-85.9,1
43.4,-85.9,1
43.4,-85.9,1
43.4,-85.9,1
43.4,-85.9,1
43.4,-85.9,1
43.4,-85.9,1
43.4,-85.9,1
43.4,-85.9,1
43.4,-85.9,1
43.4,-85.9,1
43.4,-85.9,1
43.4,-85.9,1
43.4,-85.9,1
43.4,-85.9,1
43.4,-85.9,1
43.4,-85.9,1
43.4,-85.9,1
43.4,-85.9,1
43.4,-85.9,1
43.4,-85.9,1
43.4,-85.9,1
43.4,-85.9,1
43.4,-85.9,1
43.4,-85.9,1
43.4,-85.9,1
43.4,-85.9,1
43.4,-85.9,1
43.4,-85.9,1
43.4,-85.9,1
43.4,-85.9,1
43.4,-85.9,1
43.4,-85.9,1
43.4,-85.9,1
43.4,-85.9,1
43.4,-85.9,1
43.4,-85.9,1
43.4,-85.9,1
43.4,-85.9,1
43.4,-85.9,1
43.4,-85.9,1
43.4,-85.9,1
43.4,-85.9,1
43.4,-85.9,1
43.4,-85.9,1
43.4,-85.9,1
43.4,-85.9,1
43.4,-85.9,1
43.4,-85.9,1
43.4,-85.9,1
43.4,-85.9,1
43.4,-85.9,1
43.4,-85.9,1
43.4,-85.9,1
43.4,-85.9,1
43.4,-85.9,1
43.4,-85.9,1
43.4,-85.9,1
43.4,-85.9,1
43.4,-85.9,1
43.4,-85.9,1
43.4,-85.9,1
43.4,-85.9,1
43.4,-85.9,1
43.4,-85.9,1
43.4,-85.9,1
43.4,-85.9,1
43.4,-85.9,1
43.4,-85.9,1
43.4,-85.9,1
43.4,-85.9,1
43.4,-85.9,1
43.4,-85.9,1
43.4,-85.9,1
43.4,-85.9,1
43.4,-85.9,1
43.4,-85.9,1
43.4,-85.9,1
43.4,-85.9,1
43.4,-85.9,1
43.4,-85.9,1
43.4,-85.9,1
43.4,-85.9,1
43.4,-85.9,1
43.4,-85.9,1
43.4,-85.9,1
43.4,-85.9,1
43.4,-85.9,1
43.4,-85.9,1
43.4,-85.9,1
43.4,-85.9,1
43.4,-85.9,1
43.4,-85.9,1
43.4,-85.9,1
43.4,-85.9,1
43.4,-85.9,1
43.4,-85.9,1
43.4,-85.9,1
43.4,-85.9,1
43.4,-85.9,1
43.4,-85.9,1
43.4,-85.9,1
43.4,-85.9,1
43.4,-85.9,1
43.4,-85.9,1
43.4,-85.9,1
43.4,-85.9,1
43.4,-85.9,1
43.4,-85.9,1
43.4,-85.9,1
43.4,-85.9,1
43.4,-85.9,1
43.4,-85.9,1
43.4,-85.9,1
43.4,-85.9,1
43.4,-85.9,1
43.4,-85.9,1
43.4,-85.9,1
43.4,-85.9,1
43.4,-85.9,1
43.4,-85.9,1
43.4,-85.9,1
43.4,-85.9,1
43.4,-85.9,1
43.4,-85.9,1
43.4,-85.9,1
43.4,-85.9,1
43.4,-85.9,1
43.4,-85.9,1
43.4,-85.9,1
43.4,-85.9,1
43.4,-85.9,1
43.4,-85.9,1
43.4,-85.9,1
43.4,-85.9,1
43.4,-85.9,1
43.4,-85.9,1
43.4,-85.9,1
43.4,-85.9,1
43.4,-85.9,1
43.4,-85.9,1
43.4,-85.9,1
43.4,-85.9,1
43.4,-85.9,1
43.4,-85.9,1
43.4,-85.9,1
43.4,-85.9,1
43.4,-85.9,1
43.4,-85.9,1
43.4,-85.9,1
43.4,-85.9,1
43.4,-85.9,1
43.4,-85.9,1
43.4,-85.9,1
43.4,-85.9,1
43.4,-85.9,1
43.4,-85.9,1
43.4,-85.9,1
43.4,-85.9,1
43.4,-85.9,1
43.4,-85.9,1
43.4,-85.9,1
43.4,-85.9,1
43.4,-85.9,1
43.4,-85.9,1
43.4,-85.9,1
43.4,-85.9,1
43.4,-85.9,1
43.4,-85.9,1
43.4,-85.9,1
43.4,-85.9,1
43.4,-85.9,1
43.4,-85.9,1
43.4,-85.9,1
43.4,-85.9,1
43.4,-85.9,1
43.4,-85.9,1
43.4,-85.9,1
43.4,-85.9,1
43.4,-85.9,1
43.4,-85.9,1
43.4,-85.9,1
43.4,-85.9,1
43.4,-85.9,1
43.4,-85.9,1
43.4,-85.9,1
43.4,-85.9,1
43.4,-85.9,1
43.4,-85.9,1
43.4,-85.9,1
43.4,-85.9,1
43.4,-85.9,1
43.4,-85.9,1
43.4,-85.9,1
43.4,-85.9,1
43.4,-85.9,1
43.4,-85.9,1
43.4,-85.9,1
43.4,-85.9,1
43.4,-85.9,1
43.4,-85.9,1
43.4,-85.9,1
43.4,-85.9,1
43.4,-85.9,1
43.4,-85.9,1
43.4,-85.9,1
43.4,-85.9,1
43.4,-85.9,1
43.4,-85.9,1
43.4,-85.9,1
43.4,-85.9,1
43.4,-85.9,1
43.4,-85.9,1
43.4,-85.9,1
43.4,-85.9,1
43.4,-85.9,1
43.4,-85.9,1
43.4,-85.9,1
43.4,-85.9,1
43.4,-85.9,1
43.4,-85.9,1
43.4,-85.9,1
43.4,-85.9,1
43.4,-85.9,1
43.4,-85.9,1
43.4,-85.9,1
43.4,-85.9,1
43.4,-85.9,1
43.4,-85.9,1
43.4,-85.9,1
43.4,-85.9,1
43.4,-85.9,1
43.4,-85.9,1
43.4,-85.9,1
43.4,-85.9,1
43.4,-85.9,1
43.4,-85.9,1
43.4,-85.9,1
43.4,-85.9,1
43.4,-85.9,1
43.4,-85.9,1
43.4,-85.9,1
43.4,-85.9,1
43.4,-85.9,1
43.4,-85.9,1
43.4,-85.9,1
43.4,-85.9,1
43.4,-85.9,1
43.4,-85.9,1
43.4,-85.9,1
43.4,-85.9,1
43.4,-85.9,1
43.4,-85.9,1
43.4,-85.9,1
43.4,-85.9,1
43.4,-85.9,1
43.4,-85.9,1
43.4,-85.9,1
43.4,-85.9,1
43.4,-85.9,1
43.4,-85.9,1
43.4,-85.9,1
43.4,-85.9,1
43.4,-85.9,1
43.4,-85.9,1
43.4,-85.9,1
43.4,-85.9,1
43.4,-85.9,1
43.4,-85.9,1
43.4,-85.9,1
43.4,-85.9,1
43.4,-85.9,1
43.4,-85.9,1
43.4,-85.9,1
43.4,-85.9,1
43.4,-85.9,1
43.4,-85.9,1
43.4,-85.9,1
43.4,-85.9,1
43.4,-85.9,1
43.4,-85.9,1
43.4,-85.9,1
43.4,-85.9,1
43.4,-85.9,1
43.4,-85.9,1
43.4,-85.9,1
43.4,-85.9,1
43.4,-85.9,1
43.4,-85.9,1
43.4,-85.9,1
43.4,-85.9,1
43.4,-85.9,1
43.4,-85.9,1
43.4,-85.9,1
43.4,-85.9,1
43.4,-85.9,1
43.4,-85.9,1
43.4,-85.9,1
43.4,-85.9,1
43.4,-85.9,1
43.4,-85.9,1
43.4,-85.9,1
43.4,-85.9,1
43.4,-85.9,1
43.4,-85.9,1
43.4,-85.9,1
43.4,-85.9,1
43.4,-85.9,1
43.4,-85.9,1
43.4,-85.9,1
43.4,-85.9,1
43.4,-85.9,1
43.4,-85.9,1
43.4,-85.9,1
43.4,-85.9,1
43.4,-85.9,1
43.4,-85.9,1
43.4,-85.9,1
43.4,-85.9,1
43.4,-85.9,1
43.4,-85.9,1
43.4,-85.9,1
43.4,-85.9,1
43.4,-85.9,1
43.4,-85.9,1
43.4,-85.9,1
43.4,-85.9,1
43.4,-85.9,1
43.4,-85.9,1
43.4,-85.9,1
43.4,-85.9,1
43.4,-85.9,1
43.4,-85.9,1
43.4,-85.9,1
43.4,-85.9,1
43.4,-85.9,1
43.4,-85.9,1
43.4,-85.9,1
43.4,-85.9,1
43.4,-85.9,1
43.4,-85.9,1
43.4,-85.9,1
43.4,-85.9,1
43.4,-85.9,1
43.4,-85.9,1
43.4,-85.9,1
43.4,-85.9,1
43.4,-85.9,1
43.4,-85.9,1
43.4,-85.9,1
43.4,-85.9,1
43.4,-85.9,1
43.4,-85.9,1
43.4,-85.9,1
43.4,-85.9,1
43.4,-85.9,1
43.4,-85.9,1
43.4,-85.9,1
43.4,-85.9,1
43.4,-85.9,1
43.4,-85.9,1
43.4,-85.9,1
43.4,-85.9,1
43.4,-85.9,1
43.4,-85.9,1
43.4,-85.9,1
43.4,-85.9,1
43.4,-85.9,1
43.4,-85.9,1
43.4,-85.9,1
43.4,-85.9,1
43.4,-85.9,1
43.4,-85.9,1
43.4,-85.9,1
43.4,-85.9,1
43.4,-85.9,1
43.4,-85.9,1
43.4,-85.9,1
43.4,-85.9,1
43.4,-85.9,1
43.4,-85.9,1
43.4,-85.9,1
43.4,-85.9,1
43.4,-85.9,1
43.4,-85.9,1
43.4,-85.9,1
43.4,-85.9,1
43.4,-85.9,1
43.4,-85.9,1
43.4,-85.9,1
43.4,-85.9,1
43.4,-85.9,1
43.4,-85.9,1
43.4,-85.9,1
43.4,-85.9,1
43.4,-85.9,1
43.4,-85.9,1
43.4,-85.9,1
43.4,-85.9,1
43.4,-85.9,1
43.4,-85.9,1
43.4,-85.9,1
43.4,-85.9,1
43.4,-85.9,1
43.4,-85.9,1
43.4,-85.9,1
43.4,-85.9,1
43.4,-85.9,1
43.4,-85.9,1
43.4,-85.9,1
43.4,-85.9,1
43.4,-85.9,1
43.4,-85.9,1
43.4,-85.9,1
43.4,-85.9,1
43.4,-85.9,1
43.4,-85.9,1
43.4,-85.9,1
43.4,-85.9,1
43.4,-85.9,1
43.4,-85.9,1
43.4,-85.9,1
43.4,-85.9,1
43.4,-85.9,1
43.4,-85.9,1
43.4,-85.9,1
43.4,-85.9,1
43.4,-85.9,1
43.4,-85.9,1
43.4,-85.9,1
43.4,-85.9,1
43.4,-85.9,1
43.4,-85.9,1
43.4,-85.9,1
43.4,-85.9,1
43.4,-85.9,1
43.4,-85.9,1
43.4,-85.9,1
43.4,-85.9,1
43.4,-85.9,1
43.4,-85.9,1
43.4,-85.9,1
43.4,-85.9,1
43.4,-85.9,1
43.4,-85.9,1
43.4,-85.9,1
43.4,-85.9,1
43.4,-85.9,1
43.4,-85.9,1
43.4,-85.9,1
43.4,-85.9,1
43.4,-85.9,1
43.4,-85.9,1
43.4,-85.9,1
43.4,-85.9,1
43.4,-85.9,1
43.4,-85.9,1
43.4,-85.9,1
43.4,-85.9,1
43.4,-85.9,1
43.4,-85.9,1
43.4,-85.9,1
43.4,-85.9,1
43.4,-85.9,1
43.4,-85.9,1
43.4,-85.9,1
43.4,-85.9,1
43.4,-85.9,1
43.4,-85.9,1
43.4,-85.9,1
43.4,-85.9,1
43.4,-85.9,1
43.4,-85.9,1
43.4,-85.9,1
43.4,-85.9,1
43.4,-85.9,1
43.4,-85.9,1
43.4,-85.9,1
43.4,-85.9,1
43.4,-85.9,1
43.4,-85.9,1
43.4,-85.9,1
43.4,-85.9,1
43.4,-85.9,1
43.4,-85.9,1
43.4,-85.9,1
43.4,-85.9,1
43.4,-85.9,1
43.4,-85.9,1
43.4,-85.9,1
43.4,-85.9,1
43.4,-85.9,1
43.4,-85.9,1
43.4,-85.9,1
43.4,-85.9,1
43.4,-85.9,1
43.4,-85.9,1
43.4,-85.9,1
43.4,-85.9,1
43.4,-85.9,1
43.4,-85.9,1
43.4,-85.9,1
43.4,-85.9,1
43.4,-85.9,1
43.4,-85.9,1
43.4,-85.9,1
43.4,-85.9,1
43.4,-85.9,1
43.4,-85.9,1
43.4,-85.9,1
43.4,-85.9,1
43.4,-85.9,1
43.4,-85.9,1
43.4,-85.9,1
43.4,-85.9,1
43.4,-85.9,1
43.4,-85.9,1
43.4,-85.9,1
43.4,-85.9,1
43.4,-85.9,1
43.4,-85.9,1
43.4,-85.9,1
43.4,-85.9,1
43.4,-85.9,1
43.4,-85.9,1
43.4,-85.9,1
43.4,-85.9,1
43.4,-85.9,1
43.4,-85.9,1
43.4,-85.9,1
43.4,-85.9,1
43.4,-85.9,1
43.4,-85.9,1
43.4,-85.9,1
43.4,-85.9,1
43.4,-85.9,1
43.4,-85.9,1
43.4,-85.9,1
43.4,-85.9,1
43.4,-85.9,1
43.4,-85.9,1
43.4,-85.9,1
43.4,-85.9,1
43.4,-85.9,1
43.4,-85.9,1
43.4,-85.9,1
43.4,-85.9,1
43.4,-85.9,1
43.4,-85.9,1
43.4,-85.9,1
43.4,-85.9,1
43.4,-85.9,1
43.4,-85.9,1
43.4,-85.9,1
43.4,-85.9,1
43.4,-85.9,1
43.4,-85.9,1
43.4,-85.9,1
43.4,-85.9,1
43.4,-85.9,1
43.4,-85.9,1
43.4,-85.9,1
43.4,-85.9,1
43.4,-85.9,1
43.4,-85.9,1
43.4,-85.9,1
43.4,-85.9,1
43.4,-85.9,1
43.4,-85.9,1
43.4,-85.9,1
43.4,-85.9,1
43.4,-85.9,1
43.4,-85.9,1
43.4,-85.9,1
43.4,-85.9,1
43.4,-85.9,1
43.4,-85.9,1
43.4,-85.9,1
43.4,-85.9,1
43.4,-85.9,1
43.4,-85.9,1
43.4,-85.9,1
43.4,-85.9,1
43.4,-85.9,1
43.4,-85.9,1
43.4,-85.9,1
43.4,-85.9,1
43.4,-85.9,1
43.4,-85.9,1
43.4,-85.9,1
43.4,-85.9,1
43.4,-85.9,1
43.4,-85.9,1
43.4,-85.9,1
43.4,-85.9,1
43.4,-85.9,1
43.4,-85.9,1
43.4,-85.9,1
43.4,-85.9,1
43.4,-85.9,1
43.4,-85.9,1
43.4,-85.9,1
43.4,-85.9,1
43.4,-85.9,1
43.4,-85.9,1
43.4,-85.9,1
43.4,-85.9,1
43.4,-85.9,1
43.4,-85.9,1
43.4,-85.9,1
43.4,-85.9,1
43.4,-85.9,1
43.4,-85.9,1
43.4,-85.9,1
43.4,-85.9,1
43.4,-85.9,1
43.4,-85.9,1
43.4,-85.9,1
43.4,-85.9,1
43.4,-85.9,1
43.4,-85.9,1
43.4,-85.9,1
43.4,-85.9,1
43.4,-85.9,1
43.4,-85.9,1
43.4,-85.9,1
43.4,-85.9,1
43.4,-85.9,1
43.4,-85.9,1
43.4,-85.9,1
43.4,-85.9,1
43.4,-85.9,1
43.4,-85.9,1
43.4,-85.9,1
43.4,-85.9,1
43.4,-85.9,1
43.4,-85.9,1
43.4,-85.9,1
43.4,-85.9,1
43.4,-85.9,1
43.4,-85.9,1
43.4,-85.9,1
43.4,-85.9,1
43.4,-85.9,1
43.4,-85.9,1
43.4,-85.9,1
43.4,-85.9,1
43.4,-85.9,1
43.4,-85.9,1
43.4,-85.9,1
43.4,-85.9,1
43.4,-85.9,1
43.4,-85.9,1
43.4,-85.9,1
43.4,-85.9,1
43.4,-85.9,1
43.4,-85.9,1
43.4,-85.9,1
43.4,-85.9,1
43.4,-85.9,1
43.4,-85.9,1
43.4,-85.9,1
43.4,-85.9,1
43.4,-85.9,1
43.4,-85.9,1
43.4,-85.9,1
43.4,-85.9,1
43.4,-85.9,1
43.4,-85.9,1
43.4,-85.9,1
43.4,-85.9,1
43.4,-85.9,1
43.4,-85.9,1
43.4,-85.9,1
43.4,-85.9,1
43.4,-85.9,1
43.4,-85.9,1
43.4,-85.9,1
43.4,-85.9,1
43.4,-85.9,1
43.4,-85.9,1
43.4,-85.9,1
43.4,-85.9,1
43.4,-85.9,1
43.4,-85.9,1
43.4,-85.9,1
43.4,-85.9,1
43.4,-85.9,1
43.4,-85.9,1
43.4,-85.9,1
43.4,-85.9,1
43.4,-85.9,1
43.4,-85.9,1
43.4,-85.9,1
43.4,-85.9,1
43.4,-85.9,1
43.4,-85.9,1
43.4,-85.9,1
43.4,-85.9,1
43.4,-85.9,1
43.4,-85.9,1
43.4,-85.9,1
43.4,-85.9,1
43.4,-85.9,1
43.4,-85.9,1
43.4,-85.9,1
43.4,-85.9,1
43.4,-85.9,1
43.4,-85.9,1
43.4,-85.9,1
43.4,-85.9,1
43.4,-85.9,1
43.4,-85.9,1
43.4,-85.9,1
43.4,-85.9,1
43.4,-85.9,1
43.4,-85.9,1
43.4,-85.9,1
43.4,-85.9,1
43.4,-85.9,1
43.4,-85.9,1
43.4,-85.9,1
43.4,-85.9,1
43.4,-85.9,1
43.4,-85.9,1
43.4,-85.9,1
43.4,-85.9,1
43.4,-85.9,1
43.4,-85.9,1
43.4,-85.9,1
43.4,-85.9,1
43.4,-85.9,1
43.4,-85.9,1
43.4,-85.9,1
43.4,-85.9,1
43.4,-85.9,1
43.4,-85.9,1
43.4,-85.9,1
43.4,-85.9,1
43.4,-85.9,1
43.4,-85.9,1
43.4,-85.9,1
43.4,-85.9,1
43.4,-85.9,1
43.4,-85.9,1
43.4,-85.9,1
43.4,-85.9,1
43.4,-85.9,1
43.4,-85.9,1
43.4,-85.9,1
43.4,-85.9,1
43.4,-85.9,1
43.4,-85.9,1
43.4,-85.9,1
43.4,-85.9,1
43.4,-85.9,1
43.4,-85.9,1
43.4,-85.9,1
43.4,-85.9,1
43.4,-85.9,1
43.4,-85.9,1
43.4,-85.9,1
43.4,-85.9,1
43.4,-85.9,1
43.4,-85.9,1
43.4,-85.9,1
43.4,-85.9,1
43.4,-85.9,1
43.4,-85.9,1
43.4,-85.9,1
43.4,-85.9,1
43.4,-85.9,1
43.4,-85.9,1
43.4,-85.9,1
43.4,-85.9,1
43.4,-85.9,1
43.4,-85.9,1
43.4,-85.9,1
43.4,-85.9,1
43.4,-85.9,1
43.4,-85.9,1
43.4,-85.9,1
43.4,-85.9,1
43.4,-85.9,1
43.4,-85.9,1
43.4,-85.9,1
43.4,-85.9,1
43.4,-85.9,1
43.4,-85.9,1
43.4,-85.9,1
43.4,-85.9,1
43.4,-85.9,1
43.4,-85.9,1
43.4,-85.9,1
43.4,-85.9,1
43.4,-85.9,1
43.4,-85.9,1
43.4,-85.9,1
43.4,-85.9,1
43.4,-85.9,1
43.4,-85.9,1
43.4,-85.9,1
43.4,-85.9,1
43.4,-85.9,1
43.4,-85.9,1
43.4,-85.9,1
43.4,-85.9,1
43.4,-85.9,1
43.4,-85.9,1
43.4,-85.9,1
43.4,-85.9,1
43.4,-85.9,1
43.4,-85.9,1
43.4,-85.9,1
43.4,-85.9,1
43.4,-85.9,1
43.4,-85.9,1
43.4,-85.9,1
43.4,-85.9,1
43.4,-85.9,1
43.4,-85.9,1
43.4,-85.9,1
43.4,-85.9,1
43.4,-85.9,1
43.4,-85.9,1
43.4,-85.9,1
43.4,-85.9,1
43.4,-85.9,1
43.4,-85.9,1
43.4,-85.9,1
43.4,-85.9,1
43.4,-85.9,1
43.4,-85.9,1
43.4,-85.9,1
43.4,-85.9,1
43.4,-85.9,1
43.4,-85.9,1
43.4,-85.9,1
43.4,-85.9,1
43.4,-85.9,1
43.4,-85.9,1
43.4,-85.9,1
43.4,-85.9,1
43.4,-85.9,1
43.4,-85.9,1
43.4,-85.9,1
43.4,-85.9,1
43.4,-85.9,1
43.4,-85.9,1
43.4,-85.9,1
43.4,-85.9,1
43.4,-85.9,1
43.4,-85.9,1
43.4,-85.9,1
43.4,-85.9,1
43.4,-85.9,1
43.4,-85.9,1
43.4,-85.9,1
43.4,-85.9,1
43.4,-85.9,1
43.4,-85.9,1
43.4,-85.9,1
43.4,-85.9,1
43.4,-85.9,1
43.4,-85.9,1
43.4,-85.9,1
43.4,-85.9,1
43.4,-85.9,1
43.4,-85.9,1
43.4,-85.9,1
43.4,-85.9,1
43.4,-85.9,1
43.4,-85.9,1
43.4,-85.9,1
43.4,-85.9,1
43.4,-85.9,1
43.4,-85.9,1
43.4,-85.9,1
43.4,-85.9,1
43.4,-85.9,1
43.4,-85.9,1
43.4,-85.9,1
43.4,-85.9,1
43.4,-85.9,1
43.4,-85.9,1
43.4,-85.9,1
43.4,-85.9,1
43.4,-85.9,1
43.4,-85.9,1
43.4,-85.9,1
43.4,-85.9,1
43.4,-85.9,1
43.4,-85.9,1
43.4,-85.9,1
43.4,-85.9,1
43.4,-85.9,1
43.4,-85.9,1
43.4,-85.9,1
43.4,-85.9,1
43.4,-85.9,1
43.4,-85.9,1
43.4,-85.9,1
43.4,-85.9,1
43.4,-85.9,1
43.4,-85.9,1
43.4,-85.9,1
43.4,-85.9,1
43.4,-85.9,1
43.4,-85.9,1
43.4,-85.9,1
43.4,-85.9,1
43.4,-85.9,1
43.4,-85.9,1
43.4,-85.9,1
43.4,-85.9,1
43.4,-85.9,1
43.4,-85.9,1
43.4,-85.9,1
43.4,-85.9,1
43.4,-85.9,1
43.4,-85.9,1
43.4,-85.9,1
43.4,-85.9,1
43.4,-85.9,1
43.4,-85.9,1
43.4,-85.9,1
43.4,-85.9,1
43.4,-85.9,1
43.4,-85.9,1
43.4,-85.9,1
43.4,-85.9,1
43.4,-85.9,1
43.4,-85.9,1
43.4,-85.9,1
43.4,-85.9,1
43.4,-85.9,1
43.4,-85.9,1
43.4,-85.9,1
43.4,-85.9,1
43.4,-85.9,1
43.4,-85.9,1
43.4,-85.9,1
43.4,-85.9,1
43.4,-85.9,1
43.4,-85.9,1
43.4,-85.9,1
43.4,-85.9,1
43.4,-85.9,1
43.4,-85.9,1
43.4,-85.9,1
43.4,-85.9,1
43.4,-85.9,1
43.4,-85.9,1
43.4,-85.9,1
43.4,-85.9,1
43.4,-85.9,1
43.4,-85.9,1
43.4,-85.9,1
43.4,-85.9,1
43.4,-85.9,1
43.4,-85.9,1
43.4,-85.9,1
43.4,-85.9,1
43.4,-85.9,1
43.4,-85.9,1
43.4,-85.9,1
43.4,-85.9,1
43.4,-85.9,1
43.4,-85.9,1
43.4,-85.9,1
43.4,-85.9,1
43.4,-85.9,1
43.4,-85.9,1
43.4,-85.9,1
43.4,-85.9,1
43.4,-85.9,1
43.4,-85.9,1
43.4,-85.9,1
43.4,-85.9,1
43.4,-85.9,1
43.4,-85.9,1
43.4,-85.9,1
43.4,-85.9,1
43.4,-85.9,1
43.4,-85.9,1
43.4,-85.9,1
43.4,-85.9,1
43.4,-85.9,1
43.4,-85.9,1
43.4,-85.9,1
43.4,-85.9,1
43.4,-85.9,1
43.4,-85.9,1
43.4,-85.9,1
43.4,-85.9,1
43.4,-85.9,1
43.4,-85.9,1
43.4,-85.9,1
43.4,-85.9,1
43.4,-85.9,1
43.4,-85.9,1
43.4,-85.9,1
43.4,-85.9,1
43.4,-85.9,1
43.4,-85.9,1
43.4,-85.9,1
43.4,-85.9,1
43.4,-85.9,1
43.4,-85.9,1
43.4,-85.9,1
43.4,-85.9,1
43.4,-85.9,1
43.4,-85.9,1
43.4,-85.9,1
43.4,-85.9,1
43.4,-85.9,1
43.4,-85.9,1
43.4,-85.9,1
43.4,-85.9,1
43.4,-85.9,1
43.4,-85.9,1
43.4,-85.9,1
43.4,-85.9,1
43.4,-85.9,1
43.4,-85.9,1
43.4,-85.9,1
43.4,-85.9,1
43.4,-85.9,1
43.4,-85.9,1
43.4,-85.9,1
43.4,-85.9,1
43.4,-85.9,1
43.4,-85.9,1
43.4,-85.9,1
43.4,-85.9,1
43.4,-85.9,1
43.4,-85.9,1
43.4,-85.9,1
43.4,-85.9,1
43.4,-85.9,1
43.4,-85.9,1
43.4,-85.9,1
43.4,-85.9,1
43.4,-85.9,1
43.4,-85.9,1
43.4,-85.9,1
43.4,-85.9,1
43.4,-85.9,1
43.4,-85.9,1
43.4,-85.9,1
43.4,-85.9,1
43.4,-85.9,1
43.4,-85.9,1
43.4,-85.9,1
43.4,-85.9,1
43.4,-85.9,1
43.4,-85.9,1
43.4,-85.9,1
43.4,-85.9,1
43.4,-85.9,1
43.4,-85.9,1
43.4,-85.9,1
43.4,-85.9,1
43.4,-85.9,1
43.4,-85.9,1
43.4,-85.9,1
43.4,-85.9,1
43.4,-85.9,1
43.4,-85.9,1
43.4,-85.9,1
43.4,-85.9,1
43.4,-85.9,1
43.4,-85.9,1
43.4,-85.9,1
43.4,-85.9,1
43.4,-85.9,1
43.4,-85.9,1
43.4,-85.9,1
43.4,-85.9,1
43.4,-85.9,1
43.4,-85.9,1
43.4,-85.9,1
43.4,-85.9,1
43.4,-85.9,1
43.4,-85.9,1
43.4,-85.9,1
43.4,-85.9,1
43.4,-85.9,1
43.4,-85.9,1
43.4,-85.9,1
43.4,-85.9,1
43.4,-85.9,1
43.4,-85.9,1
43.4,-85.9,1
43.4,-85.9,1
43.4,-85.9,1
43.4,-85.9,1
43.4,-85.9,1
43.4,-85.9,1
43.4,-85.9,1
43.4,-85.9,1
43.4,-85.9,1
43.4,-85.9,1
43.4,-85.9,1
43.4,-85.9,1
43.4,-85.9,1
43.4,-85.9,1
43.4,-85.9,1
43.4,-85.9,1
43.4,-85.9,1
43.4,-85.9,1
43.4,-85.9,1
43.4,-85.9,1
43.4,-85.9,1
43.4,-85.9,1
43.4,-85.9,1
43.4,-85.9,1
43.4,-85.9,1
43.4,-85.9,1
43.4,-85.9,1
43.4,-85.9,1
43.4,-85.9,1
43.4,-85.9,1
43.4,-85.9,1
43.4,-85.9,1
43.4,-85.9,1
43.4,-85.9,1
43.4,-85.9,1
43.4,-85.9,1
43.4,-85.9,1
43.4,-85.9,1
43.4,-85.9,1
43.4,-85.9,1
43.4,-85.9,1
43.4,-85.9,1
43.4,-85.9,1
43.4,-85.9,1
43.4,-85.9,1
43.4,-85.9,1
43.4,-85.9,1
43.4,-85.9,1
43.4,-85.9,1
43.4,-85.9,1
43.4,-85.9,1
43.4,-85.9,1
43.4,-85.9,1
43.4,-85.9,1
43.4,-85.9,1
43.4,-85.9,1
43.4,-85.9,1
43.4,-85.9,1
43.4,-85.9,1
43.4,-85.9,1
43.4,-85.9,1
43.4,-85.9,1
43.4,-85.9,1
43.4,-85.9,1
43.4,-85.9,1
43.4,-85.9,1
43.4,-85.9,1
43.4,-85.9,1
43.4,-85.9,1
43.4,-85.9,1
43.4,-85.9,1
43.4,-85.9,1
43.4,-85.9,1
43.4,-85.9,1
43.4,-85.9,1
43.4,-85.9,1
43.4,-85.9,1
43.4,-85.9,1
43.4,-85.9,1
43.4,-85.9,1
43.4,-85.9,1
43.4,-85.9,1
43.4,-85.9,1
43.4,-85.9,1
43.4,-85.9,1
43.4,-85.9,1
43.4,-85.9,1
43.4,-85.9,1
43.4,-85.9,1
43.4,-85.9,1
43.4,-85.9,1
43.4,-85.9,1
43.4,-85.9,1
43.4,-85.9,1
43.4,-85.9,1
43.4,-85.9,1
43.4,-85.9,1
43.4,-85.9,1
43.4,-85.9,1
43.4,-85.9,1
43.4,-85.9,1
43.4,-85.9,1
43.4,-85.9,1
43.4,-85.9,1
43.4,-85.9,1
43.4,-85.9,1
43.4,-85.9,1
43.4,-85.9,1
43.4,-85.9,1
43.4,-85.9,1
43.4,-85.9,1
43.4,-85.9,1
43.4,-85.9,1
43.4,-85.9,1
43.4,-85.9,1
43.4,-85.9,1
43.4,-85.9,1
43.4,-85.9,1
43.4,-85.9,1
43.4,-85.9,1
43.4,-85.9,1
43.4,-85.9,1
43.4,-85.9,1
43.4,-85.9,1
43.4,-85.9,1
43.4,-85.9,1
43.4,-85.9,1
43.4,-85.9,1
43.4,-85.9,1
43.4,-85.9,1
43.4,-85.9,1
43.4,-85.9,1
43.4,-85.9,1
43.4,-85.9,1
43.4,-85.9,1
43.4,-85.9,1
43.4,-85.9,1
43.4,-85.9,1
43.4,-85.9,1
43.4,-85.9,1
43.4,-85.9,1
43.4,-85.9,1
43.4,-85.9,1
43.4,-85.9,1
43.4,-85.9,1
43.4,-85.9,1
43.4,-85.9,1
43.4,-85.9,1
43.4,-85.9,1
43.4,-85.9,1
43.4,-85.9,1
43.4,-85.9,1
43.4,-85.9,1
43.4,-85.9,1
43.4,-85.9,1
43.4,-85.9,1
43.4,-85.9,1
43.4,-85.9,1
43.4,-85.9,1
43.4,-85.9,1
43.4,-85.9,1
43.4,-85.9,1
43.4,-85.9,1
43.4,-85.9,1
43.4,-85.9,1
43.4,-85.9,1
43.4,-85.9,1
43.4,-85.9,1
43.4,-85.9,1
43.4,-85.9,1
43.4,-85.9,1
43.4,-85.9,1
43.4,-85.9,1
43.4,-85.9,1
43.4,-85.9,1
43.4,-85.9,1
43.4,-85.9,1
43.4,-85.9,1
43.4,-85.9,1
43.4,-85.9,1
43.4,-85.9,1
43.4,-85.9,1
43.4,-85.9,1
43.4,-85.9,1
43.4,-85.9,1
43.4,-85.9,1
43.4,-85.9,1
43.4,-85.9,1
43.4,-85.9,1
43.4,-85.9,1
43.4,-85.9,1
43.4,-85.9,1
43.4,-85.9,1
43.4,-85.9,1
43.4,-85.9,1
43.4,-85.9,1
43.4,-85.9,1
43.4,-85.9,1
43.4,-85.9,1
43.4,-85.9,1
43.4,-85.9,1
43.4,-85.9,1
43.4,-85.9,1
43.4,-85.9,1
43.4,-85.9,1
43.4,-85.9,1
43.4,-85.9,1
43.4,-85.9,1
43.4,-85.9,1
43.4,-85.9,1
43.4,-85.9,1
43.4,-85.9,1
43.4,-85.9,1
43.4,-85.9,1
43.4,-85.9,1
43.4,-85.9,1
43.4,-85.9,1
43.4,-85.9,1
43.4,-85.9,1
43.4,-85.9,1
43.4,-85.9,1
43.4,-85.9,1
43.4,-85.9,1
43.4,-85.9,1
43.4,-85.9,1
43.4,-85.9,1
43.4,-85.9,1
43.4,-85.9,1
43.4,-85.9,1
43.4,-85.9,1
43.4,-85.9,1
43.4,-85.9,1
43.4,-85.9,1
43.4,-85.9,1
43.4,-85.9,1
43.4,-85.9,1
43.4,-85.9,1
43.4,-85.9,1
43.4,-85.9,1
43.4,-85.9,1
43.4,-85.9,1
43.4,-85.9,1
43.4,-85.9,1
43.4,-85.9,1
43.4,-85.9,1
43.4,-85.9,1
43.4,-85.9,1
43.4,-85.9,1
43.4,-85.9,1
43.4,-85.9,1
43.4,-85.9,1
43.4,-85.9,1
43.4,-85.9,1
43.4,-85.9,1
43.4,-85.9,1
43.4,-85.9,1
43.4,-85.9,1
43.4,-85.9,1
43.4,-85.9,1
43.4,-85.9,1
43.4,-85.9,1
43.4,-85.9,1
43.4,-85.9,1
43.4,-85.9,1
43.4,-85.9,1
43.4,-85.9,1
43.4,-85.9,1
43.4,-85.9,1
43.4,-85.9,1
43.4,-85.9,1
43.4,-85.9,1
43.4,-85.9,1
43.4,-85.9,1
43.4,-85.9,1
43.4,-85.9,1
43.4,-85.9,1
43.4,-85.9,1
43.4,-85.9,1
43.4,-85.9,1
43.4,-85.9,1
43.4,-85.9,1
43.4,-85.9,1
43.4,-85.9,1
43.4,-85.9,1
43.4,-85.9,1
43.4,-85.9,1
43.4,-85.9,1
43.4,-85.9,1
43.4,-85.9,1
43.4,-85.9,1
43.4,-85.9,1
43.4,-85.9,1
43.4,-85.9,1
43.4,-85.9,1
43.4,-85.9,1
43.4,-85.9,1
43.4,-85.9,1
43.4,-85.9,1
43.4,-85.9,1
43.4,-85.9,1
43.4,-85.9,1
43.4,-85.9,1
43.4,-85.9,1
43.4,-85.9,1
43.4,-85.9,1
43.4,-85.9,1
43.4,-85.9,1
43.4,-85.9,1
43.4,-85.9,1
43.4,-85.9,1
43.4,-85.9,1
43.4,-85.9,1
43.4,-85.9,1
43.4,-85.9,1
43.4,-85.9,1
43.4,-85.9,1
43.4,-85.9,1
43.4,-85.9,1
43.4,-85.9,1
43.4,-85.9,1
43.4,-85.9,1
43.4,-85.9,1
43.4,-85.9,1
43.4,-85.9,1
43.4,-85.9,1
43.4,-85.9,1
43.4,-85.9,1
43.4,-85.9,1
43.4,-85.9,1
43.4,-85.9,1
43.4,-85.9,1
43.4,-85.9,1
43.4,-85.9,1
43.4,-85.9,1
43.4,-85.9,1
43.4,-85.9,1
43.4,-85.9,1
43.4,-85.9,1
43.4,-85.9,1
43.4,-85.9,1
43.4,-85.9,1
43.4,-85.9,1
43.4,-85.9,1
43.4,-85.9,1
43.4,-85.9,1
43.4,-85.9,1
43.4,-85.9,1
43.4,-85.9,1
43.4,-85.9,1
43.4,-85.9,1
43.4,-85.9,1
43.4,-85.9,1
43.4,-85.9,1
43.4,-85.9,1
43.4,-85.9,1
43.4,-85.9,1
43.4,-85.9,1
43.4,-85.9,1
43.4,-85.9,1
43.4,-85.9,1
43.4,-85.9,1
43.4,-85.9,1
43.4,-85.9,1
43.4,-85.9,1
43.4,-85.9,1
43.4,-85.9,1
43.4,-85.9,1
43.4,-85.9,1
43.4,-85.9,1
43.4,-85.9,1
43.4,-85.9,1
43.4,-85.9,1
43.4,-85.9,1
43.4,-85.9,1
43.4,-85.9,1
43.4,-85.9,1
43.4,-85.9,1
43.4,-85.9,1
43.4,-85.9,1
43.4,-85.9,1
43.4,-85.9,1
43.4,-85.9,1
43.4,-85.9,1
43.4,-85.9,1
43.4,-85.9,1
43.4,-85.9,1
43.4,-85.9,1
43.4,-85.9,1
43.4,-85.9,1
43.4,-85.9,1
43.4,-85.9,1
43.4,-85.9,1
43.4,-85.9,1
43.4,-85.9,1
43.4,-85.9,1
43.4,-85.9,1
43.4,-85.9,1
43.4,-85.9,1
43.4,-85.9,1
43.4,-85.9,1
43.4,-85.9,1
43.4,-85.9,1
43.4,-85.9,1
43.4,-85.9,1
43.4,-85.9,1
43.4,-85.9,1
43.4,-85.9,1
43.4,-85.9,1
43.4,-85.9,1
43.4,-85.9,1
43.4,-85.9,1
43.4,-85.9,1
43.4,-85.9,1
43.4,-85.9,1
43.4,-85.9,1
43.4,-85.9,1
43.4,-85.9,1
43.4,-85.9,1
43.4,-85.9,1
43.4,-85.9,1
43.4,-85.9,1
43.4,-85.9,1
43.4,-85.9,1
43.4,-85.9,1
43.4,-85.9,1
43.4,-85.9,1
43.4,-85.9,1
43.4,-85.9,1
43.4,-85.9,1
43.4,-85.9,1
43.4,-85.9,1
43.4,-85.9,1
43.4,-85.9,1
43.4,-85.9,1
43.4,-85.9,1
43.4,-85.9,1
43.4,-85.9,1
43.4,-85.9,1
43.4,-85.9,1
43.4,-85.9,1
43.4,-85.9,1
43.4,-85.9,1
43.4,-85.9,1
43.4,-85.9,1
43.4,-85.9,1
43.4,-85.9,1
43.4,-85.9,1
43.4,-85.9,1
43.4,-85.9,1
43.4,-85.9,1
43.4,-85.9,1
43.4,-85.9,1
43.4,-85.9,1
43.4,-85.9,1
43.4,-85.9,1
43.4,-85.9,1
43.4,-85.9,1
43.4,-85.9,1
43.4,-85.9,1
43.4,-85.9,1
43.4,-85.9,1
43.4,-85.9,1
43.4,-85.9,1
43.4,-85.9,1
43.4,-85.9,1
43.4,-85.9,1
43.4,-85.9,1
43.4,-85.9,1
43.4,-85.9,1
43.4,-85.9,1
43.4,-85.9,1
43.4,-85.9,1
43.4,-85.9,1
43.4,-85.9,1
43.4,-85.9,1
43.4,-85.9,1
43.4,-85.9,1
43.4,-85.9,1
43.4,-85.9,1
43.4,-85.9,1
43.4,-85.9,1
43.4,-85.9,1
43.4,-85.9,1
43.4,-85.9,1
43.4,-85.9,1
43.4,-85.9,1
43.4,-85.9,1
43.4,-85.9,1
43.4,-85.9,1
43.4,-85.9,1
43.4,-85.9,1
43.4,-85.9,1
43.4,-85.9,1
43.4,-85.9,1
43.4,-85.9,1
43.4,-85.9,1
43.4,-85.9,1
43.4,-85.9,1
43.4,-85.9,1
43.4,-85.9,1
43.4,-85.9,1
43.4,-85.9,1
43.4,-85.9,1
43.4,-85.9,1
43.4,-85.9,1
43.4,-85.9,1
43.4,-85.9,1
43.4,-85.9,1
43.4,-85.9,1
43.4,-85.9,1
43.4,-85.9,1
43.4,-85.9,1
43.4,-85.9,1
43.4,-85.9,1
43.4,-85.9,1
43.4,-85.9,1
43.4,-85.9,1
43.4,-85.9,1
43.4,-85.9,1
43.4,-85.9,1
43.4,-85.9,1
43.4,-85.9,1
43.4,-85.9,1
43.4,-85.9,1
43.4,-85.9,1
43.4,-85.9,1
43.4,-85.9,1
43.4,-85.9,1
43.4,-85.9,1
43.4,-85.9,1
43.4,-85.9,1
43.4,-85.9,1
43.4,-85.9,1
43.4,-85.9,1
43.4,-85.9,1
43.4,-85.9,1
43.4,-85.9,1
43.4,-85.9,1
43.4,-85.9,1
43.4,-85.9,1
43.4,-85.9,1
43.4,-85.9,1
43.4,-85.9,1
43.4,-85.9,1
43.4,-85.9,1
43.4,-85.9,1
43.4,-85.9,1
43.4,-85.9,1
43.4,-85.9,1
43.4,-85.9,1
43.4,-85.9,1
43.4,-85.9,1
43.4,-85.9,1
43.4,-85.9,1
43.4,-85.9,1
43.4,-85.9,1
43.4,-85.9,1
43.4,-85.9,1
43.4,-85.9,1
43.4,-85.9,1
43.4,-85.9,1
43.4,-85.9,1
43.4,-85.9,1
43.4,-85.9,1
43.4,-85.9,1
43.4,-85.9,1
43.4,-85.9,1
43.4,-85.9,1
43.4,-85.9,1
43.4,-85.9,1
43.4,-85.9,1
43.4,-85.9,1
43.4,-85.9,1
43.4,-85.9,1
43.4,-85.9,1
43.4,-85.9,1
43.4,-85.9,1
43.4,-85.9,1
43.4,-85.9,1
43.4,-85.9,1
43.4,-85.9,1
43.4,-85.9,1
43.4,-85.9,1
43.4,-85.9,1
43.4,-85.9,1
43.4,-85.9,1
43.4,-85.9,1
43.4,-85.9,1
43.4,-85.9,1
43.4,-85.9,1
43.4,-85.9,1
43.4,-85.9,1
43.4,-85.9,1
43.4,-85.9,1
43.4,-85.9,1
43.4,-85.9,1
43.4,-85.9,1
43.4,-85.9,1
43.4,-85.9,1
43.4,-85.9,1
43.4,-85.9,1
43.4,-85.9,1
43.4,-85.9,1
43.4,-85.9,1
43.4,-85.9,1
43.4,-85.9,1
43.4,-85.9,1
43.4,-85.9,1
43.4,-85.9,1
43.4,-85.9,1
43.4,-85.9,1
43.4,-85.9,1
43.4,-85.9,1
43.4,-85.9,1
43.4,-85.9,1
43.4,-85.9,1
43.4,-85.9,1
43.4,-85.9,1
43.4,-85.9,1
43.4,-85.9,1
43.4,-85.9,1
43.4,-85.9,1
43.4,-85.9,1
43.4,-85.9,1
43.4,-85.9,1
43.4,-85.9,1
43.4,-85.9,1
43.4,-85.9,1
43.4,-85.9,1
43.4,-85.9,1
43.4,-85.9,1
43.4,-85.9,1
43.4,-85.9,1
43.4,-85.9,1
43.4,-85.9,1
43.4,-85.9,1
43.4,-85.9,1
43.4,-85.9,1
43.4,-85.9,1
43.4,-85.9,1
43.4,-85.9,1
43.4,-85.9,1
43.4,-85.9,1
43.4,-85.9,1
43.4,-85.9,1
43.4,-85.9,1
43.4,-85.9,1
43.4,-85.9,1
43.4,-85.9,1
43.4,-85.9,1
43.4,-85.9,1
43.4,-85.9,1
43.4,-85.9,1
43.4,-85.9,1
43.4,-85.9,1
43.4,-85.9,1
43.4,-85.9,1
43.4,-85.9,1
43.4,-85.9,1
43.4,-85.9,1
43.4,-85.9,1
43.4,-85.9,1
43.4,-85.9,1
43.4,-85.9,1
43.4,-85.9,1
43.4,-85.9,1
43.4,-85.9,1
43.4,-85.9,1
43.4,-85.9,1
43.4,-85.9,1
43.4,-85.9,1
43.4,-85.9,1
43.4,-85.9,1
43.4,-85.9,1
43.4,-85.9,1
43.4,-85.9,1
43.4,-85.9,1
43.4,-85.9,1
43.4,-85.9,1
43.4,-85.9,1
43.4,-85.9,1
43.4,-85.9,1
43.4,-85.9,1
43.4,-85.9,1
43.4,-85.9,1
43.4,-85.9,1
43.4,-85.9,1
43.4,-85.9,1
43.4,-85.9,1
43.4,-85.9,1
43.4,-85.9,1
43.4,-85.9,1
43.4,-85.9,1
43.4,-85.9,1
43.4,-85.9,1
43.4,-85.9,1
43.4,-85.9,1
43.4,-85.9,1
43.4,-85.9,1
43.4,-85.9,1
43.4,-85.9,1
43.4,-85.9,1
43.4,-85.9,1
43.4,-85.9,1
43.4,-85.9,1
43.4,-85.9,1
43.4,-85.9,1
43.4,-85.9,1
43.4,-85.9,1
43.4,-85.9,1
43.4,-85.9,1
43.4,-85.9,1
43.4,-85.9,1
43.4,-85.9,1
43.4,-85.9,1
43.4,-85.9,1
43.4,-85.9,1
43.4,-85.9,1
43.4,-85.9,1
43.4,-85.9,1
43.4,-85.9,1
43.4,-85.9,1
43.4,-85.9,1
43.4,-85.9,1
43.4,-85.9,1
43.4,-85.9,1
43.4,-85.9,1
43.4,-85.9,1
43.4,-85.9,1
43.4,-85.9,1
43.4,-85.9,1
43.4,-85.9,1
43.4,-85.9,1
43.4,-85.9,1
43.4,-85.9,1
43.4,-85.9,1
43.4,-85.9,1
43.4,-85.9,1
43.4,-85.9,1
43.4,-85.9,1
43.4,-85.9,1
43.4,-85.9,1
43.4,-85.9,1
43.4,-85.9,1
43.4,-85.9,1
43.4,-85.9,1
43.4,-85.9,1
43.4,-85.9,1
43.4,-85.9,1
43.4,-85.9,1
43.4,-85.9,1
43.4,-85.9,1
43.4,-85.9,1
43.4,-85.9,1
43.4,-85.9,1
43.4,-85.9,1
43.4,-85.9,1
43.4,-85.9,1
43.4,-85.9,1
43.4,-85.9,1
43.4,-85.9,1
43.4,-85.9,1
43.4,-85.9,1
43.4,-85.9,1
43.4,-85.9,1
43.4,-85.9,1
43.4,-85.9,1
43.4,-85.9,1
43.4,-85.9,1
43.4,-85.9,1
43.4,-85.9,1
43.4,-85.9,1
43.4,-85.9,1
43.4,-85.9,1
43.4,-85.9,1
43.4,-85.9,1
43.4,-85.9,1
43.4,-85.9,1
43.4,-85.9,1
43.4,-85.9,1
43.4,-85.9,1
43.4,-85.9,1
43.4,-85.9,1
43.4,-85.9,1
43.4,-85.9,1
43.4,-85.9,1
43.4,-85.9,1
43.4,-85.9,1
43.4,-85.9,1
43.4,-85.9,1
43.4,-85.9,1
43.4,-85.9,1
43.4,-85.9,1
43.4,-85.9,1
43.4,-85.9,1
43.4,-85.9,1
43.4,-85.9,1
43.4,-85.9,1
43.4,-85.9,1
43.4,-85.9,1
43.4,-85.9,1
43.4,-85.9,1
43.4,-85.9,1
43.4,-85.9,1
43.4,-85.9,1
43.4,-85.9,1
43.4,-85.9,1
43.4,-85.9,1
43.4,-85.9,1
43.4,-85.9,1
43.4,-85.9,1
43.4,-85.9,1
43.4,-85.9,1
43.4,-85.9,1
43.4,-85.9,1
43.4,-85.9,1
43.4,-85.9,1
43.4,-85.9,1
43.4,-85.9,1
43.4,-85.9,1
43.4,-85.9,1
43.4,-85.9,1
43.4,-85.9,1
43.4,-85.9,1
43.4,-85.9,1
43.4,-85.9,1
43.4,-85.9,1
43.4,-85.9,1
43.4,-85.9,1
43.4,-85.9,1
43.4,-85.9,1
43.4,-85.9,1
43.4,-85.9,1
43.4,-85.9,1
43.4,-85.9,1
43.4,-85.9,1
43.4,-85.9,1
43.4,-85.9,1
43.4,-85.9,1
43.4,-85.9,1
43.4,-85.9,1
43.4,-85.9,1
43.4,-85.9,1
43.4,-85.9,1
43.4,-85.9,1
43.4,-85.9,1
43.4,-85.9,1
43.4,-85.9,1
43.4,-85.9,1
43.4,-85.9,1
43.4,-85.9,1
43.4,-85.9,1
43.4,-85.9,1
43.4,-85.9,1
43.4,-85.9,1
43.4,-85.9,1
43.4,-85.9,1
43.4,-85.9,1
43.4,-85.9,1
43.4,-85.9,1
43.4,-85.9,1
43.4,-85.9,1
43.4,-85.9,1
43.4,-85.9,1
43.4,-85.9,1
43.4,-85.9,1
43.4,-85.9,1
43.4,-85.9,1
43.4,-85.9,1
43.4,-85.9,1
43.4,-85.9,1
43.4,-85.9,1
43.4,-85.9,1
43.4,-85.9,1
43.4,-85.9,1
43.4,-85.9,1
43.4,-85.9,1
43.4,-85.9,1
43.4,-85.9,1
43.4,-85.9,1
43.4,-85.9,1
43.4,-85.9,1
43.4,-85.9,1
43.4,-85.9,1
43.4,-85.9,1
43.4,-85.9,1
43.4,-85.9,1
43.4,-85.9,1
43.4,-85.9,1
43.4,-85.9,1
43.4,-85.9,1
43.4,-85.9,1
43.4,-85.9,1
43.4,-85.9,1
43.4,-85.9,1
43.4,-85.9,1
43.4,-85.9,1
43.4,-85.9,1
43.4,-85.9,1
43.4,-85.9,1
43.4,-85.9,1
43.4,-85.9,1
43.4,-85.9,1
43.4,-85.9,1
43.4,-85.9,1
43.4,-85.9,1
43.4,-85.9,1
43.4,-85.9,1
43.4,-85.9,1
43.4,-85.9,1
43.4,-85.9,1
43.4,-85.9,1
43.4,-85.9,1
43.4,-85.9,1
43.4,-85.9,1
43.4,-85.9,1
43.4,-85.9,1
43.4,-85.9,1
43.4,-85.9,1
43.4,-85.9,1
43.4,-85.9,1
43.4,-85.9,1
43.4,-85.9,1
43.4,-85.9,1
43.4,-85.9,1
43.4,-85.9,1
43.4,-85.9,1
43.4,-85.9,1
43.4,-85.9,1
43.4,-85.9,1
43.4,-85.9,1
43.4,-85.9,1
43.4,-85.9,1
43.4,-85.9,1
43.4,-85.9,1
43.4,-85.9,1
43.4,-85.9,1
43.4,-85.9,1
43.4,-85.9,1
43.4,-85.9,1
43.4,-85.9,1
43.4,-85.9,1
43.4,-85.9,1
43.4,-85.9,1
43.4,-85.9,1
43.4,-85.9,1
43.4,-85.9,1
43.4,-85.9,1
43.4,-85.9,1
43.4,-85.9,1
43.4,-85.9,1
43.4,-85.9,1
43.4,-85.9,1
43.4,-85.9,1
43.4,-85.9,1
43.4,-85.9,1
43.4,-85.9,1
43.4,-85.9,1
43.4,-85.9,1
43.4,-85.9,1
43.4,-85.9,1
43.4,-85.9,1
43.4,-85.9,1
43.4,-85.9,1
43.4,-85.9,1
43.4,-85.9,1
43.4,-85.9,1
43.4,-85.9,1
43.4,-85.9,1
43.4,-85.9,1
43.4,-85.9,1
43.4,-85.9,1
43.4,-85.9,1
43.4,-85.9,1
43.4,-85.9,1
43.4,-85.9,1
43.4,-85.9,1
43.4,-85.9,1
43.4,-85.9,1
43.4,-85.9,1
43.4,-85.9,1
43.4,-85.9,1
43.4,-85.9,1
43.4,-85.9,1
43.4,-85.9,1
43.4,-85.9,1
43.4,-85.9,1
43.4,-85.9,1
43.4,-85.9,1
43.4,-85.9,1
43.4,-85.9,1
43.4,-85.9,1
43.4,-85.9,1
43.4,-85.9,1
43.4,-85.9,1
43.4,-85.9,1
43.4,-85.9,1
43.4,-85.9,1
43.4,-85.9,1
43.4,-85.9,1
43.4,-85.9,1
43.4,-85.9,1
43.4,-85.9,1
43.4,-85.9,1
43.4,-85.9,1
43.4,-85.9,1
43.4,-85.9,1
43.4,-85.9,1
43.4,-85.9,1
43.4,-85.9,1
43.4,-85.9,1
43.4,-85.9,1
43.4,-85.9,1
43.4,-85.9,1
43.4,-85.9,1
43.4,-85.9,1
43.4,-85.9,1
43.4,-85.9,1
43.4,-85.9,1
43.4,-85.9,1
43.4,-85.9,1
43.4,-85.9,1
43.4,-85.9,1
43.4,-85.9,1
43.4,-85.9,1
43.4,-85.9,1
43.4,-85.9,1
43.4,-85.9,1
43.4,-85.9,1
43.4,-85.9,1
43.4,-85.9,1
43.4,-85.9,1
43.4,-85.9,1
43.4,-85.9,1
43.4,-85.9,1
43.4,-85.9,1
43.4,-85.9,1
43.4,-85.9,1
43.4,-85.9,1
43.4,-85.9,1
43.4,-85.9,1
43.4,-85.9,1
43.4,-85.9,1
43.4,-85.9,1
43.4,-85.9,1
43.4,-85.9,1
43.4,-85.9,1
43.4,-85.9,1
43.4,-85.9,1
43.4,-85.9,1
43.4,-85.9,1
43.4,-85.9,1
43.4,-85.9,1
43.4,-85.9,1
43.4,-85.9,1
43.4,-85.9,1
43.4,-85.9,1
43.4,-85.9,1
43.4,-85.9,1
43.4,-85.9,1
43.4,-85.9,1
43.4,-85.9,1
43.4,-85.9,1
43.4,-85.9,1
43.4,-85.9,1
43.4,-85.9,1
43.4,-85.9,1
43.4,-85.9,1
43.4,-85.9,1
43.4,-85.9,1
43.4,-85.9,1
43.4,-85.9,1
43.4,-85.9,1
43.4,-85.9,1
43.4,-85.9,1
43.4,-85.9,1
43.4,-85.9,1
43.4,-85.9,1
43.4,-85.9,1
43.4,-85.9,1
43.4,-85.9,1
43.4,-85.9,1
43.4,-85.9,1
43.4,-85.9,1
43.4,-85.9,1
43.4,-85.9,1
43.4,-85.9,1
43.4,-85.9,1
43.4,-85.9,1
43.4,-85.9,1
43.4,-85.9,1
43.4,-85.9,1
43.4,-85.9,1
43.4,-85.9,1
43.4,-85.9,1
43.4,-85.9,1
43.4,-85.9,1
43.4,-85.9,1
43.4,-85.9,1
43.4,-85.9,1
43.4,-85.9,1
43.4,-85.9,1
43.4,-85.9,1
43.4,-85.9,1
43.4,-85.9,1
43.4,-85.9,1
43.4,-85.9,1
43.4,-85.9,1
43.4,-85.9,1
43.4,-85.9,1
43.4,-85.9,1
43.4,-85.9,1
43.4,-85.9,1
43.4,-85.9,1
43.4,-85.9,1
43.4,-85.9,1
43.4,-85.9,1
43.4,-85.9,1
43.4,-85.9,1
43.4,-85.9,1
43.4,-85.9,1
43.4,-85.9,1
43.4,-85.9,1
43.4,-85.9,1
43.4,-85.9,1
43.4,-85.9,1
43.4,-85.9,1
43.4,-85.9,1
43.4,-85.9,1
43.4,-85.9,1
43.4,-85.9,1
43.4,-85.9,1
43.4,-85.9,1
43.4,-85.9,1
43.4,-85.9,1
43.4,-85.9,1
43.4,-85.9,1
43.4,-85.9,1
43.4,-85.9,1
43.4,-85.9,1
43.4,-85.9,1
43.4,-85.9,1
43.4,-85.9,1
43.4,-85.9,1
43.4,-85.9,1
43.4,-85.9,1
43.4,-85.9,1
43.4,-85.9,1
43.4,-85.9,1
43.4,-85.9,1
43.4,-85.9,1
43.4,-85.9,1
43.4,-85.9,1
43.4,-85.9,1
43.4,-85.9,1
43.4,-85.9,1
43.4,-85.9,1
43.4,-85.9,1
43.4,-85.9,1
43.4,-85.9,1
43.4,-85.9,1
43.4,-85.9,1
43.4,-85.9,1
43.4,-85.9,1
43.4,-85.9,1
43.4,-85.9,1
43.4,-85.9,1
43.4,-85.9,1
43.4,-85.9,1
43.4,-85.9,1
43.4,-85.9,1
43.4,-85.9,1
43.4,-85.9,1
43.4,-85.9,1
43.4,-85.9,1
43.4,-85.9,1
43.4,-85.9,1
43.4,-85.9,1
43.4,-85.9,1
43.4,-85.9,1
43.4,-85.9,1
43.4,-85.9,1
43.4,-85.9,1
43.4,-85.9,1
43.4,-85.9,1
43.4,-85.9,1
43.4,-85.9,1
43.4,-85.9,1
43.4,-85.9,1
43.4,-85.9,1
43.4,-85.9,1
43.4,-85.9,1
43.4,-85.9,1
43.4,-85.9,1
43.4,-85.9,1
43.4,-85.9,1
43.4,-85.9,1
43.4,-85.9,1
43.4,-85.9,1
43.4,-85.9,1
43.4,-85.9,1
43.4,-85.9,1
43.4,-85.9,1
43.4,-85.9,1
43.4,-85.9,1
43.4,-85.9,1
43.4,-85.9,1
43.4,-85.9,1
43.4,-85.9,1
43.4,-85.9,1
43.4,-85.9,1
43.4,-85.9,1
43.4,-85.9,1
43.4,-85.9,1
43.4,-85.9,1
43.4,-85.9,1
43.4,-85.9,1
43.4,-85.9,1
43.4,-85.9,1
43.4,-85.9,1
43.4,-85.9,1
43.4,-85.9,1
43.4,-85.9,1
43.4,-85.9,1
43.4,-85.9,1
43.4,-85.9,1
43.4,-85.9,1
43.4,-85.9,1
43.4,-85.9,1
43.4,-85.9,1
43.4,-85.9,1
43.4,-85.9,1
43.4,-85.9,1
43.4,-85.9,1
43.4,-85.9,1
43.4,-85.9,1
43.4,-85.9,1
43.4,-85.9,1
43.4,-85.9,1
43.4,-85.9,1
43.4,-85.9,1
43.4,-85.9,1
43.4,-85.9,1
43.4,-85.9,1
43.4,-85.9,1
43.4,-85.9,1
43.4,-85.9,1
43.4,-85.9,1
43.4,-85.9,1
43.4,-85.9,1
43.4,-85.9,1
43.4,-85.9,1
43.4,-85.9,1
43.4,-85.9,1
43.4,-85.9,1
43.4,-85.9,1
43.4,-85.9,1
43.4,-85.9,1
43.4,-85.9,1
43.4,-85.9,1
43.4,-85.9,1
43.4,-85.9,1
43.4,-85.9,1
43.4,-85.9,1
43.4,-85.9,1
43.4,-85.9,1
43.4,-85.9,1
43.4,-85.9,1
43.4,-85.9,1
43.4,-85.9,1
43.4,-85.9,1
43.4,-85.9,1
43.4,-85.9,1
43.4,-85.9,1
43.4,-85.9,1
43.4,-85.9,1
43.4,-85.9,1
43.4,-85.9,1
43.4,-85.9,1
43.4,-85.9,1
43.4,-85.9,1
43.4,-85.9,1
43.4,-85.9,1
43.4,-85.9,1
43.4,-85.9,1
43.4,-85.9,1
43.4,-85.9,1
43.4,-85.9,1
43.4,-85.9,1
43.4,-85.9,1
43.4,-85.9,1
43.4,-85.9,1
43.4,-85.9,1
43.4,-85.9,1
43.4,-85.9,1
43.4,-85.9,1
43.4,-85.9,1
43.4,-85.9,1
43.4,-85.9,1
43.4,-85.9,1
43.4,-85.9,1
43.4,-85.9,1
43.4,-85.9,1
43.4,-85.9,1
43.4,-85.9,1
43.4,-85.9,1
43.4,-85.9,1
43.4,-85.9,1
43.4,-85.9,1
43.4,-85.9,1
43.4,-85.9,1
43.4,-85.9,1
43.4,-85.9,1
43.4,-85.9,1
43.4,-85.9,1
43.4,-85.9,1
43.4,-85.9,1
43.4,-85.9,1
43.4,-85.9,1
43.4,-85.9,1
43.4,-85.9,1
43.4,-85.9,1
43.4,-85.9,1
43.4,-85.9,1
43.4,-85.9,1
43.4,-85.9,1
43.4,-85.9,1
43.4,-85.9,1
43.4,-85.9,1
43.4,-85.9,1
43.4,-85.9,1
43.4,-85.9,1
43.4,-85.9,1
43.4,-85.9,1
43.4,-85.9,1
43.4,-85.9,1
43.4,-85.9,1
43.4,-85.9,1
43.4,-85.9,1
43.4,-85.9,1
43.4,-85.9,1
43.4,-85.9,1
43.4,-85.9,1
43.4,-85.9,1
43.4,-85.9,1
43.4,-85.9,1
43.4,-85.9,1
43.4,-85.9,1
43.4,-85.9,1
43.4,-85.9,1
43.4,-85.9,1
43.4,-85.9,1
43.4,-85.9,1
43.4,-85.9,1
43.4,-85.9,1
43.4,-85.9,1
43.4,-85.9,1
43.4,-85.9,1
43.4,-85.9,1
43.4,-85.9,1
43.4,-85.9,1
43.4,-85.9,1
43.4,-85.9,1
43.4,-85.9,1
43.4,-85.9,1
43.4,-85.9,1
43.4,-85.9,1
43.4,-85.9,1
43.4,-85.9,1
43.4,-85.9,1
43.4,-85.9,1
43.4,-85.9,1
43.4,-85.9,1
43.4,-85.9,1
43.4,-85.9,1
43.4,-85.9,1
43.4,-85.9,1
43.4,-85.9,1
43.4,-85.9,1
43.4,-85.9,1
43.4,-85.9,1
43.4,-85.9,1
43.4,-85.9,1
43.4,-85.9,1
43.4,-85.9,1
43.4,-85.9,1
43.4,-85.9,1
43.4,-85.9,1
43.4,-85.9,1
43.4,-85.9,1
43.4,-85.9,1
43.4,-85.9,1
43.4,-85.9,1
43.4,-85.9,1
43.4,-85.9,1
43.4,-85.9,1
43.4,-85.9,1
43.4,-85.9,1
43.4,-85.9,1
43.4,-85.9,1
43.4,-85.9,1
43.4,-85.9,1
43.4,-85.9,1
43.4,-85.9,1
43.4,-85.9,1
43.4,-85.9,1
43.4,-85.9,1
43.4,-85.9,1
43.4,-85.9,1
43.4,-85.9,1
43.4,-85.9,1
43.4,-85.9,1
43.4,-85.9,1
43.4,-85.9,1
43.4,-85.9,1
43.4,-85.9,1
43.4,-85.9,1
43.4,-85.9,1
43.4,-85.9,1
43.4,-85.9,1
43.4,-85.9,1
43.4,-85.9,1
43.4,-85.9,1
43.4,-85.9,1
43.4,-85.9,1
43.4,-85.9,1
43.4,-85.9,1
43.4,-85.9,1
43.4,-85.9,1
43.4,-85.9,1
43.4,-85.9,1
43.4,-85.9,1
43.4,-85.9,1
43.4,-85.9,1
43.4,-85.9,1
43.4,-85.9,1
43.4,-85.9,1
43.4,-85.9,1
43.4,-85.9,1
43.4,-85.9,1
43.4,-85.9,1
43.4,-85.9,1
43.4,-85.9,1
43.4,-85.9,1
43.4,-85.9,1
43.4,-85.9,1
43.4,-85.9,1
43.4,-85.9,1
43.4,-85.9,1
43.4,-85.9,1
43.4,-85.9,1
43.4,-85.9,1
43.4,-85.9,1
43.4,-85.9,1
43.4,-85.9,1
43.4,-85.9,1
43.4,-85.9,1
43.4,-85.9,1
43.4,-85.9,1
43.4,-85.9,1
43.4,-85.9,1
43.4,-85.9,1
43.4,-85.9,1
43.4,-85.9,1
43.4,-85.9,1
43.4,-85.9,1
43.4,-85.9,1
43.4,-85.9,1
43.4,-85.9,1
43.4,-85.9,1
43.4,-85.9,1
43.4,-85.9,1
43.4,-85.9,1
43.4,-85.9,1
43.4,-85.9,1
43.4,-85.9,1
43.4,-85.9,1
43.4,-85.9,1
43.4,-85.9,1
43.4,-85.9,1
43.4,-85.9,1
43.4,-85.9,1
43.4,-85.9,1
43.4,-85.9,1
43.4,-85.9,1
43.4,-85.9,1
43.4,-85.9,1
43.4,-85.9,1
43.4,-85.9,1
43.4,-85.9,1
43.4,-85.9,1
43.4,-85.9,1
43.4,-85.9,1
43.4,-85.9,1
43.4,-85.9,1
43.4,-85.9,1
43.4,-85.9,1
43.4,-85.9,1
43.4,-85.9,1
43.4,-85.9,1
43.4,-85.9,1
43.4,-85.9,1
43.4,-85.9,1
43.4,-85.9,1
43.4,-85.9,1
43.4,-85.9,1
43.4,-85.9,1
43.4,-85.9,1
43.4,-85.9,1
43.4,-85.9,1
43.4,-85.9,1
43.4,-85.9,1
43.4,-85.9,1
43.4,-85.9,1
43.4,-85.9,1
43.4,-85.9,1
43.4,-85.9,1
43.4,-85.9,1
43.4,-85.9,1
43.4,-85.9,1
43.4,-85.9,1
43.4,-85.9,1
43.4,-85.9,1
43.4,-85.9,1
43.4,-85.9,1
43.4,-85.9,1
43.4,-85.9,1
43.4,-85.9,1
43.4,-85.9,1
43.4,-85.9,1
43.4,-85.9,1
43.4,-85.9,1
43.4,-85.9,1
43.4,-85.9,1
43.4,-85.9,1
43.4,-85.9,1
43.4,-85.9,1
43.4,-85.9,1
43.4,-85.9,1
43.4,-85.9,1
43.4,-85.9,1
43.4,-85.9,1
43.4,-85.9,1
43.4,-85.9,1
43.4,-85.9,1
43.4,-85.9,1
43.4,-85.9,1
43.4,-85.9,1
43.4,-85.9,1
43.4,-85.9,1
43.4,-85.9,1
43.4,-85.9,1
43.4,-85.9,1
43.4,-85.9,1
43.4,-85.9,1
43.4,-85.9,1
43.4,-85.9,1
43.4,-85.9,1
43.4,-85.9,1
43.4,-85.9,1
43.4,-85.9,1
43.4,-85.9,1
43.4,-85.9,1
43.4,-85.9,1
43.4,-85.9,1
43.4,-85.9,1
43.4,-85.9,1
43.4,-85.9,1
43.4,-85.9,1
43.4,-85.9,1
43.4,-85.9,1
43.4,-85.9,1
43.4,-85.9,1
43.4,-85.9,1
43.4,-85.9,1
43.4,-85.9,1
43.4,-85.9,1
43.4,-85.9,1
43.4,-85.9,1
43.4,-85.9,1
43.4,-85.9,1
43.4,-85.9,1
43.4,-85.9,1
43.4,-85.9,1
43.4,-85.9,1
43.4,-85.9,1
43.4,-85.9,1
43.4,-85.9,1
43.4,-85.9,1
43.4,-85.9,1
43.4,-85.9,1
43.4,-85.9,1
43.4,-85.9,1
43.4,-85.9,1
43.4,-85.9,1
43.4,-85.9,1
43.4,-85.9,1
43.4,-85.9,1
43.4,-85.9,1
43.4,-85.9,1
43.4,-85.9,1
43.4,-85.9,1
43.4,-85.9,1
43.4,-85.9,1
43.4,-85.9,1
43.4,-85.9,1
43.4,-85.9,1
43.4,-85.9,1
43.4,-85.9,1
43.4,-85.9,1
43.4,-85.9,1
43.4,-85.9,1
43.4,-85.9,1
43.4,-85.9,1
43.4,-85.9,1
43.4,-85.9,1
43.4,-85.9,1
43.4,-85.9,1
43.4,-85.9,1
43.4,-85.9,1
43.4,-85.9,1
43.4,-85.9,1
43.4,-85.9,1
43.4,-85.9,1
43.4,-85.9,1
43.4,-85.9,1
43.4,-85.9,1
43.4,-85.9,1
43.4,-85.9,1
43.4,-85.9,1
43.4,-85.9,1
43.4,-85.9,1
43.4,-85.9,1
43.4,-85.9,1
43.4,-85.9,1
43.4,-85.9,1
43.4,-85.9,1
43.4,-85.9,1
43.4,-85.9,1
43.4,-85.9,1
43.4,-85.9,1
43.4,-85.9,1
43.4,-85.9,1
43.4,-85.9,1
43.4,-85.9,1
43.4,-85.9,1
43.4,-85.9,1
43.4,-85.9,1
43.4,-85.9,1
43.4,-85.9,1
43.4,-85.9,1
43.4,-85.9,1
43.4,-85.9,1
43.4,-85.9,1
43.4,-85.9,1
43.4,-85.9,1
43.4,-85.9,1
43.4,-85.9,1
43.4,-85.9,1
43.4,-85.9,1
43.4,-85.9,1
43.4,-85.9,1
43.4,-85.9,1
43.4,-85.9,1
43.4,-85.9,1
43.4,-85.9,1
43.4,-85.9,1
43.4,-85.9,1
43.4,-85.9,1
43.4,-85.9,1
43.4,-85.9,1
43.4,-85.9,1
43.4,-85.9,1
43.4,-85.9,1
43.4,-85.9,1
43.4,-85.9,1
43.4,-85.9,1
43.4,-85.9,1
43.4,-85.9,1
43.4,-85.9,1
43.4,-85.9,1
43.4,-85.9,1
43.4,-85.9,1
43.4,-85.9,1
43.4,-85.9,1
43.4,-85.9,1
43.4,-85.9,1
43.4,-85.9,1
43.4,-85.9,1
43.4,-85.9,1
43.4,-85.9,1
43.4,-85.9,1
43.4,-85.9,1
43.4,-85.9,1
43.4,-85.9,1
43.4,-85.9,1
43.4,-85.9,1
43.4,-85.9,1
43.4,-85.9,1
43.4,-85.9,1
43.4,-85.9,1
43.4,-85.9,1
43.4,-85.9,1
43.4,-85.9,1
43.4,-85.9,1
43.4,-85.9,1
43.4,-85.9,1
43.4,-85.9,1
43.4,-85.9,1
43.4,-85.9,1
43.4,-85.9,1
43.4,-85.9,1
43.4,-85.9,1
43.4,-85.9,1
43.4,-85.9,1
43.4,-85.9,1
43.4,-85.9,1
43.4,-85.9,1
43.4,-85.9,1
43.4,-85.9,1
43.4,-85.9,1
43.4,-85.9,1
43.4,-85.9,1
43.4,-85.9,1
43.4,-85.9,1
43.4,-85.9,1
43.4,-85.9,1
43.4,-85.9,1
43.4,-85.9,1
43.4,-85.9,1
43.4,-85.9,1
43.4,-85.9,1
43.4,-85.9,1
43.4,-85.9,1
43.4,-85.9,1
43.4,-85.9,1
43.4,-85.9,1
43.4,-85.9,1
43.4,-85.9,1
43.4,-85.9,1
43.4,-85.9,1
43.4,-85.9,1
43.4,-85.9,1
43.4,-85.9,1
43.4,-85.9,1
43.4,-85.9,1
43.4,-85.9,1
43.4,-85.9,1
43.4,-85.9,1
43.4,-85.9,1
43.4,-85.9,1
43.4,-85.9,1
43.4,-85.9,1
43.4,-85.9,1
43.4,-85.9,1
43.4,-85.9,1
43.4,-85.9,1
43.4,-85.9,1
43.4,-85.9,1
43.4,-85.9,1
43.4,-85.9,1
43.4,-85.9,1
43.4,-85.9,1
43.4,-85.9,1
43.4,-85.9,1
43.4,-85.9,1
43.4,-85.9,1
43.4,-85.9,1
43.4,-85.9,1
43.4,-85.9,1
43.4,-85.9,1
43.4,-85.9,1
43.4,-85.9,1
43.4,-85.9,1
43.4,-85.9,1
43.4,-85.9,1
43.4,-85.9,1
43.4,-85.9,1
43.4,-85.9,1
43.4,-85.9,1
43.4,-85.9,1
43.4,-85.9,1
43.4,-85.9,1
43.4,-85.9,1
43.4,-85.9,1
43.4,-85.9,1
43.4,-85.9,1
43.4,-85.9,1
43.4,-85.9,1
43.4,-85.9,1
43.4,-85.9,1
43.4,-85.9,1
43.4,-85.9,1
43.4,-85.9,1
43.4,-85.9,1
43.4,-85.9,1
43.4,-85.9,1
43.4,-85.9,1
43.4,-85.9,1
43.4,-85.9,1
43.4,-85.9,1
43.4,-85.9,1
43.4,-85.9,1
43.4,-85.9,1
43.4,-85.9,1
43.4,-85.9,1
43.4,-85.9,1
43.4,-85.9,1
43.4,-85.9,1
43.4,-85.9,1
43.4,-85.9,1
43.4,-85.9,1
43.4,-85.9,1
43.4,-85.9,1
43.4,-85.9,1
43.4,-85.9,1
43.4,-85.9,1
43.4,-85.9,1
43.4,-85.9,1
43.4,-85.9,1
43.4,-85.9,1
43.4,-85.9,1
43.4,-85.9,1
43.4,-85.9,1
43.4,-85.9,1
43.4,-85.9,1
43.4,-85.9,1
43.4,-85.9,1
43.4,-85.9,1
43.4,-85.9,1
43.4,-85.9,1
43.4,-85.9,1
43.4,-85.9,1
43.4,-85.9,1
43.4,-85.9,1
43.4,-85.9,1
43.4,-85.9,1
43.4,-85.9,1
43.4,-85.9,1
43.4,-85.9,1
43.4,-85.9,1
43.4,-85.9,1
43.4,-85.9,1
43.4,-85.9,1
43.4,-85.9,1
43.4,-85.9,1
43.4,-85.9,1
43.4,-85.9,1
43.4,-85.9,1
43.4,-85.9,1
43.4,-85.9,1
43.4,-85.9,1
43.4,-85.9,1
43.4,-85.9,1
43.4,-85.9,1
43.4,-85.9,1
43.4,-85.9,1
43.4,-85.9,1
43.4,-85.9,1
43.4,-85.9,1
43.4,-85.9,1
43.4,-85.9,1
43.4,-85.9,1
43.4,-85.9,1
43.4,-85.9,1
43.4,-85.9,1
43.4,-85.9,1
43.4,-85.9,1
43.4,-85.9,1
43.4,-85.9,1
43.4,-85.9,1
43.4,-85.9,1
43.4,-85.9,1
43.4,-85.9,1
43.4,-85.9,1
43.4,-85.9,1
43.4,-85.9,1
43.4,-85.9,1
43.4,-85.9,1
43.4,-85.9,1
43.4,-85.9,1
43.4,-85.9,1
43.4,-85.9,1
43.4,-85.9,1
43.4,-85.9,1
43.4,-85.9,1
43.4,-85.9,1
43.4,-85.9,1
43.4,-85.9,1
43.4,-85.9,1
43.4,-85.9,1
43.4,-85.9,1
43.4,-85.9,1
43.4,-85.9,1
43.4,-85.9,1
43.4,-85.9,1
43.4,-85.9,1
43.4,-85.9,1
43.4,-85.9,1
43.4,-85.9,1
43.4,-85.9,1
43.4,-85.9,1
43.4,-85.9,1
43.4,-85.9,1
43.4,-85.9,1
43.4,-85.9,1
43.4,-85.9,1
43.4,-85.9,1
43.4,-85.9,1
43.4,-85.9,1
43.4,-85.9,1
43.4,-85.9,1
43.4,-85.9,1
43.4,-85.9,1
43.4,-85.9,1
43.4,-85.9,1
43.4,-85.9,1
43.4,-85.9,1
43.4,-85.9,1
43.4,-85.9,1
43.4,-85.9,1
43.4,-85.9,1
43.4,-85.9,1
43.4,-85.9,1
43.4,-85.9,1
43.4,-85.9,1
43.4,-85.9,1
43.4,-85.9,1
43.4,-85.9,1
43.4,-85.9,1
43.4,-85.9,1
43.4,-85.9,1
43.4,-85.9,1
43.4,-85.9,1
43.4,-85.9,1
43.4,-85.9,1
43.4,-85.9,1
43.4,-85.9,1
43.4,-85.9,1
43.4,-85.9,1
43.4,-85.9,1
43.4,-85.9,1
43.4,-85.9,1
43.4,-85.9,1
43.4,-85.9,1
43.4,-85.9,1
43.4,-85.9,1
43.4,-85.9,1
43.4,-85.9,1
43.4,-85.9,1
43.4,-85.9,1
43.4,-85.9,1
43.4,-85.9,1
43.4,-85.9,1
43.4,-85.9,1
43.4,-85.9,1
43.4,-85.9,1
43.4,-85.9,1
43.4,-85.9,1
43.4,-85.9,1
43.4,-85.9,1
43.4,-85.9,1
43.4,-85.9,1
43.4,-85.9,1
43.4,-85.9,1
43.4,-85.9,1
43.4,-85.9,1
43.4,-85.9,1
43.4,-85.9,1
43.4,-85.9,1
43.4,-85.9,1
43.4,-85.9,1
43.4,-85.9,1
43.4,-85.9,1
43.4,-85.9,1
43.4,-85.9,1
43.4,-85.9,1
43.4,-85.9,1
43.4,-85.9,1
43.4,-85.9,1
43.4,-85.9,1
43.4,-85.9,1
43.4,-85.9,1
43.4,-85.9,1
43.4,-85.9,1
43.4,-85.9,1
43.4,-85.9,1
43.4,-85.9,1
43.4,-85.9,1
43.4,-85.9,1
43.4,-85.9,1
43.4,-85.9,1
43.4,-85.9,1
43.4,-85.9,1
43.4,-85.9,1
43.4,-85.9,1
43.4,-85.9,1
43.4,-85.9,1
43.4,-85.9,1
43.4,-85.9,1
43.4,-85.9,1
43.4,-85.9,1
43.4,-85.9,1
43.4,-85.9,1
43.4,-85.9,1
43.4,-85.9,1
43.4,-85.9,1
43.4,-85.9,1
43.4,-85.9,1
43.4,-85.9,1
43.4,-85.9,1
43.4,-85.9,1
43.4,-85.9,1
43.4,-85.9,1
43.4,-85.9,1
43.4,-85.9,1
43.4,-85.9,1
43.4,-85.9,1
43.4,-85.9,1
43.4,-85.9,1
43.4,-85.9,1
43.4,-85.9,1
43.4,-85.9,1
43.4,-85.9,1
43.4,-85.9,1
43.4,-85.9,1
43.4,-85.9,1
43.4,-85.9,1
43.4,-85.9,1
43.4,-85.9,1
43.4,-85.9,1
43.4,-85.9,1
43.4,-85.9,1
43.4,-85.9,1
43.4,-85.9,1
43.4,-85.9,1
43.4,-85.9,1
43.4,-85.9,1
43.4,-85.9,1
43.4,-85.9,1
43.4,-85.9,1
43.4,-85.9,1
43.4,-85.9,1
43.4,-85.9,1
43.4,-85.9,1
43.4,-85.9,1
43.4,-85.9,1
43.4,-85.9,1
43.4,-85.9,1
43.4,-85.9,1
43.4,-85.9,1
43.4,-85.9,1
43.4,-85.9,1
43.4,-85.9,1
43.4,-85.9,1
43.4,-85.9,1
43.4,-85.9,1
43.4,-85.9,1
43.4,-85.9,1
43.4,-85.9,1
43.4,-85.9,1
43.4,-85.9,1
43.4,-85.9,1
43.4,-85.9,1
43.4,-85.9,1
43.4,-85.9,1
43.4,-85.9,1
43.4,-85.9,1
43.4,-85.9,1
43.4,-85.9,1
43.4,-85.9,1
43.4,-85.9,1
43.4,-85.9,1
43.4,-85.9,1
43.4,-85.9,1
43.4,-85.9,1
43.4,-85.9,1
43.4,-85.9,1
43.4,-85.9,1
43.4,-85.9,1
43.4,-85.9,1
43.4,-85.9,1
43.4,-85.9,1
43.4,-85.9,1
43.4,-85.9,1
43.4,-85.9,1
43.4,-85.9,1
43.4,-85.9,1
43.4,-85.9,1
43.4,-85.9,1
43.4,-85.9,1
43.4,-85.9,1
43.4,-85.9,1
43.4,-85.9,1
43.4,-85.9,1
43.4,-85.9,1
43.4,-85.9,1
43.4,-85.9,1
43.4,-85.9,1
43.4,-85.9,1
43.4,-85.9,1
43.4,-85.9,1
43.4,-85.9,1
43.4,-85.9,1
43.4,-85.9,1
43.4,-85.9,1
43.4,-85.9,1
43.4,-85.9,1
43.4,-85.9,1
43.4,-85.9,1
43.4,-85.9,1
43.4,-85.9,1
43.4,-85.9,1
43.4,-85.9,1
43.4,-85.9,1
43.4,-85.9,1
43.4,-85.9,1
43.4,-85.9,1
43.4,-85.9,1
43.4,-85.9,1
43.4,-85.9,1
43.4,-85.9,1
43.4,-85.9,1
43.4,-85.9,1
43.4,-85.9,1
43.4,-85.9,1
43.4,-85.9,1
43.4,-85.9,1
43.4,-85.9,1
43.4,-85.9,1
43.4,-85.9,1
43.4,-85.9,1
43.4,-85.9,1
43.4,-85.9,1
43.4,-85.9,1
43.4,-85.9,1
43.4,-85.9,1
43.4,-85.9,1
43.4,-85.9,1
43.4,-85.9,1
43.4,-85.9,1
43.4,-85.9,1
43.4,-85.9,1
43.4,-85.9,1
43.4,-85.9,1
43.4,-85.9,1
43.4,-85.9,1
43.4,-85.9,1
43.4,-85.9,1
43.4,-85.9,1
43.4,-85.9,1
43.4,-85.9,1
43.4,-85.9,1
43.4,-85.9,1
43.4,-85.9,1
43.4,-85.9,1
43.4,-85.9,1
43.4,-85.9,1
43.4,-85.9,1
43.4,-85.9,1
43.4,-85.9,1
43.4,-85.9,1
43.4,-85.9,1
43.4,-85.9,1
43.4,-85.9,1
43.4,-85.9,1
43.4,-85.9,1
43.4,-85.9,1
43.4,-85.9,1
43.4,-85.9,1
43.4,-85.9,1
43.4,-85.9,1
43.4,-85.9,1
43.4,-85.9,1
43.4,-85.9,1
43.4,-85.9,1
43.4,-85.9,1
43.4,-85.9,1
43.4,-85.9,1
43.4,-85.9,1
43.4,-85.9,1
43.4,-85.9,1
43.4,-85.9,1
43.4,-85.9,1
43.4,-85.9,1
43.4,-85.9,1
43.4,-85.9,1
43.4,-85.9,1
43.4,-85.9,1
43.4,-85.9,1
43.4,-85.9,1
43.4,-85.9,1
43.4,-85.9,1
43.4,-85.9,1
43.4,-85.9,1
43.4,-85.9,1
43.4,-85.9,1
43.4,-85.9,1
43.4,-85.9,1
43.4,-85.9,1
43.4,-85.9,1
43.4,-85.9,1
43.4,-85.9,1
43.4,-85.9,1
43.4,-85.9,1
43.4,-85.9,1
43.4,-85.9,1
43.4,-85.9,1
43.4,-85.9,1
43.4,-85.9,1
43.4,-85.9,1
43.4,-85.9,1
43.4,-85.9,1
43.4,-85.9,1
43.4,-85.9,1
43.4,-85.9,1
43.4,-85.9,1
43.4,-85.9,1
43.4,-85.9,1
43.4,-85.9,1
43.4,-85.9,1
43.4,-85.9,1
43.4,-85.9,1
43.4,-85.9,1
43.4,-85.9,1
43.4,-85.9,1
43.4,-85.9,1
43.4,-85.9,1
43.4,-85.9,1
43.4,-85.9,1
43.4,-85.9,1
43.4,-85.9,1
43.4,-85.9,1
43.4,-85.9,1
43.4,-85.9,1
43.4,-85.9,1
43.4,-85.9,1
43.4,-85.9,1
43.4,-85.9,1
43.4,-85.9,1
43.4,-85.9,1
43.4,-85.9,1
43.4,-85.9,1
43.4,-85.9,1
43.4,-85.9,1
43.4,-85.9,1
43.4,-85.9,1
43.4,-85.9,1
43.4,-85.9,1
43.4,-85.9,1
43.4,-85.9,1
43.4,-85.9,1
43.4,-85.9,1
43.4,-85.9,1
43.4,-85.9,1
43.4,-85.9,1
43.4,-85.9,1
43.4,-85.9,1
43.4,-85.9,1
43.4,-85.9,1
43.4,-85.9,1
43.4,-85.9,1
43.4,-85.9,1
43.4,-85.9,1
43.4,-85.9,1
43.4,-85.9,1
43.4,-85.9,1
43.4,-85.9,1
43.4,-85.9,1
43.4,-85.9,1
43.4,-85.9,1
43.4,-85.9,1
43.4,-85.9,1
43.4,-85.9,1
43.4,-85.9,1
43.4,-85.9,1
43.4,-85.9,1
43.4,-85.9,1
43.4,-85.9,1
43.4,-85.9,1
43.4,-85.9,1
43.4,-85.9,1
43.4,-85.9,1
43.4,-85.9,1
43.4,-85.9,1
43.4,-85.9,1
43.4,-85.9,1
43.4,-85.9,1
43.4,-85.9,1
43.4,-85.9,1
43.4,-85.9,1
43.4,-85.9,1
43.4,-85.9,1
43.4,-85.9,1
43.4,-85.9,1
43.4,-85.9,1
43.4,-85.9,1
43.4,-85.9,1
43.4,-85.9,1
43.4,-85.9,1
43.4,-85.9,1
43.4,-85.9,1
43.4,-85.9,1
43.4,-85.9,1
43.4,-85.9,1
43.4,-85.9,1
43.4,-85.9,1
43.4,-85.9,1
43.4,-85.9,1
43.4,-85.9,1
43.4,-85.9,1
43.4,-85.9,1
43.4,-85.9,1
43.4,-85.9,1
43.4,-85.9,1
43.4,-85.9,1
43.4,-85.9,1
43.4,-85.9,1
43.4,-85.9,1
43.4,-85.9,1
43.4,-85.9,1
43.4,-85.9,1
43.4,-85.9,1
43.4,-85.9,1
43.4,-85.9,1
43.4,-85.9,1
43.4,-85.9,1
43.4,-85.9,1
43.4,-85.9,1
43.4,-85.9,1
43.4,-85.9,1
43.4,-85.9,1
43.4,-85.9,1
43.4,-85.9,1
43.4,-85.9,1
43.4,-85.9,1
43.4,-85.9,1
43.4,-85.9,1
43.4,-85.9,1
43.4,-85.9,1
43.4,-85.9,1
43.4,-85.9,1
43.4,-85.9,1
43.4,-85.9,1
43.4,-85.9,1
43.4,-85.9,1
43.4,-85.9,1
43.4,-85.9,1
43.4,-85.9,1
43.4,-85.9,1
43.4,-85.9,1
43.4,-85.9,1
43.4,-85.9,1
43.4,-85.9,1
43.4,-85.9,1
43.4,-85.9,1
43.4,-85.9,1
43.4,-85.9,1
43.4,-85.9,1
43.4,-85.9,1
43.4,-85.9,1
43.4,-85.9,1
43.4,-85.9,1
43.4,-85.9,1
43.4,-85.9,1
43.4,-85.9,1
43.4,-85.9,1
43.4,-85.9,1
43.4,-85.9,1
43.4,-85.9,1
43.4,-85.9,1
43.4,-85.9,1
43.4,-85.9,1
43.4,-85.9,1
43.4,-85.9,1
43.4,-85.9,1
43.4,-85.9,1
43.4,-85.9,1
43.4,-85.9,1
43.4,-85.9,1
43.4,-85.9,1
43.4,-85.9,1
43.4,-85.9,1
43.4,-85.9,1
43.4,-85.9,1
43.4,-85.9,1
43.4,-85.9,1
43.4,-85.9,1
43.4,-85.9,1
43.4,-85.9,1
43.4,-85.9,1
43.4,-85.9,1
43.4,-85.9,1
43.4,-85.9,1
43.4,-85.9,1
43.4,-85.9,1
43.4,-85.9,1
43.4,-85.9,1
43.4,-85.9,1
43.4,-85.9,1
43.4,-85.9,1
43.4,-85.9,1
43.4,-85.9,1
43.4,-85.9,1
43.4,-85.9,1
43.4,-85.9,1
43.4,-85.9,1
43.4,-85.9,1
43.4,-85.9,1
43.4,-85.9,1
43.4,-85.9,1
43.4,-85.9,1
43.4,-85.9,1
43.4,-85.9,1
43.4,-85.9,1
43.4,-85.9,1
43.4,-85.9,1
43.4,-85.9,1
43.4,-85.9,1
43.4,-85.9,1
43.4,-85.9,1
43.4,-85.9,1
43.4,-85.9,1
43.4,-85.9,1
43.4,-85.9,1
43.4,-85.9,1
43.4,-85.9,1
43.4,-85.9,1
43.4,-85.9,1
43.4,-85.9,1
43.4,-85.9,1
43.4,-85.9,1
43.4,-85.9,1
43.4,-85.9,1
43.4,-85.9,1
43.4,-85.9,1
43.4,-85.9,1
43.4,-85.9,1
43.4,-85.9,1
43.4,-85.9,1
43.4,-85.9,1
43.4,-85.9,1
43.4,-85.9,1
43.4,-85.9,1
43.4,-85.9,1
43.4,-85.9,1
43.4,-85.9,1
43.4,-85.9,1
43.4,-85.9,1
43.4,-85.9,1
43.4,-85.9,1
43.4,-85.9,1
43.4,-85.9,1
43.4,-85.9,1
43.4,-85.9,1
43.4,-85.9,1
43.4,-85.9,1
43.4,-85.9,1
43.4,-85.9,1
43.4,-85.9,1
43.4,-85.9,1
43.4,-85.9,1
43.4,-85.9,1
43.4,-85.9,1
43.4,-85.9,1
43.4,-85.9,1
43.4,-85.9,1
43.4,-85.9,1
43.4,-85.9,1
43.4,-85.9,1
43.4,-85.9,1
43.4,-85.9,1
43.4,-85.9,1
43.4,-85.9,1
43.4,-85.9,1
43.4,-85.9,1
43.4,-85.9,1
43.4,-85.9,1
43.4,-85.9,1
43.4,-85.9,1
43.4,-85.9,1
43.4,-85.9,1
43.4,-85.9,1
43.4,-85.9,1
43.4,-85.9,1
43.4,-85.9,1
43.4,-85.9,1
43.4,-85.9,1
43.4,-85.9,1
43.4,-85.9,1
43.4,-85.9,1
43.4,-85.9,1
43.4,-85.9,1
43.4,-85.9,1
43.4,-85.9,1
43.4,-85.9,1
43.4,-85.9,1
43.4,-85.9,1
43.4,-85.9,1
43.4,-85.9,1
43.4,-85.9,1
43.4,-85.9,1
43.4,-85.9,1
43.4,-85.9,1
43.4,-85.9,1
43.4,-85.9,1
43.4,-85.9,1
43.4,-85.9,1
43.4,-85.9,1
43.4,-85.9,1
43.4,-85.9,1
43.4,-85.9,1
43.4,-85.9,1
43.4,-85.9,1
43.4,-85.9,1
43.4,-85.9,1
43.4,-85.9,1
43.4,-85.9,1
43.4,-85.9,1
43.4,-85.9,1
43.4,-85.9,1
43.4,-85.9,1
43.4,-85.9,1
43.4,-85.9,1
43.4,-85.9,1
43.4,-85.9,1
43.4,-85.9,1
43.4,-85.9,1
43.4,-85.9,1
43.4,-85.9,1
43.4,-85.9,1
43.4,-85.9,1
43.4,-85.9,1
43.4,-85.9,1
43.4,-85.9,1
43.4,-85.9,1
43.4,-85.9,1
43.4,-85.9,1
43.4,-85.9,1
43.4,-85.9,1
43.4,-85.9,1
43.4,-85.9,1
43.4,-85.9,1
43.4,-85.9,1
43.4,-85.9,1
43.4,-85.9,1
43.4,-85.9,1
43.4,-85.9,1
43.4,-85.9,1
43.4,-85.9,1
43.4,-85.9,1
43.4,-85.9,1
43.4,-85.9,1
43.4,-85.9,1
43.4,-85.9,1
43.4,-85.9,1
43.4,-85.9,1
43.4,-85.9,1
43.4,-85.9,1
43.4,-85.9,1
43.4,-85.9,1
43.4,-85.9,1
43.4,-85.9,1
43.4,-85.9,1
43.4,-85.9,1
43.4,-85.9,1
43.4,-85.9,1
43.4,-85.9,1
43.4,-85.9,1
43.4,-85.9,1
43.4,-85.9,1
43.4,-85.9,1
43.4,-85.9,1
43.4,-85.9,1
43.4,-85.9,1
43.4,-85.9,1
43.4,-85.9,1
43.4,-85.9,1
43.4,-85.9,1
43.4,-85.9,1
43.4,-85.9,1
43.4,-85.9,1
43.4,-85.9,1
43.4,-85.9,1
43.4,-85.9,1
43.4,-85.9,1
43.4,-85.9,1
43.4,-85.9,1
43.4,-85.9,1
43.4,-85.9,1
43.4,-85.9,1
43.4,-85.9,1
43.4,-85.9,1
43.4,-85.9,1
43.4,-85.9,1
43.4,-85.9,1
43.4,-85.9,1
43.4,-85.9,1
43.4,-85.9,1
43.4,-85.9,1
43.4,-85.9,1
43.4,-85.9,1
43.4,-85.9,1
43.4,-85.9,1
43.4,-85.9,1
43.4,-85.9,1
43.4,-85.9,1
43.4,-85.9,1
43.4,-85.9,1
43.4,-85.9,1
43.4,-85.9,1
43.4,-85.9,1
43.4,-85.9,1
43.4,-85.9,1
43.4,-85.9,1
43.4,-85.9,1
43.4,-85.9,1
43.4,-85.9,1
43.4,-85.9,1
43.4,-85.9,1
43.4,-85.9,1
43.4,-85.9,1
43.4,-85.9,1
43.4,-85.9,1
43.4,-85.9,1
43.4,-85.9,1
43.4,-85.9,1
43.4,-85.9,1
43.4,-85.9,1
43.4,-85.9,1
43.4,-85.9,1
43.4,-85.9,1
43.4,-85.9,1
43.4,-85.9,1
43.4,-85.9,1
43.4,-85.9,1
43.4,-85.9,1
43.4,-85.9,1
43.4,-85.9,1
43.4,-85.9,1
43.4,-85.9,1
43.4,-85.9,1
43.4,-85.9,1
43.4,-85.9,1
43.4,-85.9,1
43.4,-85.9,1
43.4,-85.9,1
43.4,-85.9,1
43.4,-85.9,1
43.4,-85.9,1
43.4,-85.9,1
43.4,-85.9,1
43.4,-85.9,1
43.4,-85.9,1
43.4,-85.9,1
43.4,-85.9,1
43.4,-85.9,1
43.4,-85.9,1
43.4,-85.9,1
43.4,-85.9,1
43.4,-85.9,1
43.4,-85.9,1
43.4,-85.9,1
43.4,-85.9,1
43.4,-85.9,1
43.4,-85.9,1
43.4,-85.9,1
43.4,-85.9,1
43.4,-85.9,1
43.4,-85.9,1
43.4,-85.9,1
43.4,-85.9,1
43.4,-85.9,1
43.4,-85.9,1
43.4,-85.9,1
43.4,-85.9,1
43.4,-85.9,1
43.4,-85.9,1
43.4,-85.9,1
43.4,-85.9,1
43.4,-85.9,1
43.4,-85.9,1
43.4,-85.9,1
43.4,-85.9,1
43.4,-85.9,1
43.4,-85.9,1
43.4,-85.9,1
43.4,-85.9,1
43.4,-85.9,1
43.4,-85.9,1
43.4,-85.9,1
43.4,-85.9,1
43.4,-85.9,1
43.4,-85.9,1
43.4,-85.9,1
43.4,-85.9,1
43.4,-85.9,1
43.4,-85.9,1
43.4,-85.9,1
43.4,-85.9,1
43.4,-85.9,1
43.4,-85.9,1
43.4,-85.9,1
43.4,-85.9,1
43.4,-85.9,1
43.4,-85.9,1
43.4,-85.9,1
43.4,-85.9,1
43.4,-85.9,1
43.4,-85.9,1
43.4,-85.9,1
43.4,-85.9,1
43.4,-85.9,1
43.4,-85.9,1
43.4,-85.9,1
43.4,-85.9,1
43.4,-85.9,1
43.4,-85.9,1
43.4,-85.9,1
43.4,-85.9,1
43.4,-85.9,1
43.4,-85.9,1
43.4,-85.9,1
43.4,-85.9,1
43.4,-85.9,1
43.4,-85.9,1
43.4,-85.9,1
43.4,-85.9,1
43.4,-85.9,1
43.4,-85.9,1
43.4,-85.9,1
43.4,-85.9,1
43.4,-85.9,1
43.4,-85.9,1
43.4,-85.9,1
43.4,-85.9,1
43.4,-85.9,1
43.4,-85.9,1
43.4,-85.9,1
43.4,-85.9,1
43.4,-85.9,1
43.4,-85.9,1
43.4,-85.9,1
43.4,-85.9,1
43.4,-85.9,1
43.4,-85.9,1
43.4,-85.9,1
43.4,-85.9,1
43.4,-85.9,1
43.4,-85.9,1
43.4,-85.9,1
43.4,-85.9,1
43.4,-85.9,1
43.4,-85.9,1
43.4,-85.9,1
43.4,-85.9,1
43.4,-85.9,1
43.4,-85.9,1
43.4,-85.9,1
43.4,-85.9,1
43.4,-85.9,1
43.4,-85.9,1
43.4,-85.9,1
43.4,-85.9,1
43.4,-85.9,1
43.4,-85.9,1
43.4,-85.9,1
43.4,-85.9,1
43.4,-85.9,1
43.4,-85.9,1
43.4,-85.9,1
43.4,-85.9,1
43.4,-85.9,1
43.4,-85.9,1
43.4,-85.9,1
43.4,-85.9,1
43.4,-85.9,1
43.4,-85.9,1
43.4,-85.9,1
43.4,-85.9,1
43.4,-85.9,1
43.4,-85.9,1
43.4,-85.9,1
43.4,-85.9,1
43.4,-85.9,1
43.4,-85.9,1
43.4,-85.9,1
43.4,-85.9,1
43.4,-85.9,1
43.4,-85.9,1
43.4,-85.9,1
43.4,-85.9,1
43.4,-85.9,1
43.4,-85.9,1
43.4,-85.9,1
43.4,-85.9,1
43.4,-85.9,1
43.4,-85.9,1
43.4,-85.9,1
43.4,-85.9,1
43.4,-85.9,1
43.4,-85.9,1
43.4,-85.9,1
43.4,-85.9,1
43.4,-85.9,1
43.4,-85.9,1
43.4,-85.9,1
43.4,-85.9,1
43.4,-85.9,1
43.4,-85.9,1
43.4,-85.9,1
43.4,-85.9,1
43.4,-85.9,1
43.4,-85.9,1
43.4,-85.9,1
43.4,-85.9,1
43.4,-85.9,1
43.4,-85.9,1
43.4,-85.9,1
43.4,-85.9,1
43.4,-85.9,1
43.4,-85.9,1
43.4,-85.9,1
43.4,-85.9,1
43.4,-85.9,1
43.4,-85.9,1
43.4,-85.9,1
43.4,-85.9,1
43.4,-85.9,1
43.4,-85.9,1
43.4,-85.9,1
43.4,-85.9,1
43.4,-85.9,1
43.4,-85.9,1
43.4,-85.9,1
43.4,-85.9,1
43.4,-85.9,1
43.4,-85.9,1
43.4,-85.9,1
43.4,-85.9,1
43.4,-85.9,1
43.4,-85.9,1
43.4,-85.9,1
43.4,-85.9,1
43.4,-85.9,1
43.4,-85.9,1
43.4,-85.9,1
43.4,-85.9,1
43.4,-85.9,1
43.4,-85.9,1
43.4,-85.9,1
43.4,-85.9,1
43.4,-85.9,1
43.4,-85.9,1
43.4,-85.9,1
43.4,-85.9,1
43.4,-85.9,1
43.4,-85.9,1
43.4,-85.9,1
43.4,-85.9,1
43.4,-85.9,1
43.4,-85.9,1
43.4,-85.9,1
43.4,-85.9,1
43.4,-85.9,1
43.4,-85.9,1
43.4,-85.9,1
43.4,-85.9,1
43.4,-85.9,1
43.4,-85.9,1
43.4,-85.9,1
43.4,-85.9,1
43.4,-85.9,1
43.4,-85.9,1
43.4,-85.9,1
43.4,-85.9,1
43.4,-85.9,1
43.4,-85.9,1
43.4,-85.9,1
43.4,-85.9,1
43.4,-85.9,1
43.4,-85.9,1
43.4,-85.9,1
43.4,-85.9,1
43.4,-85.9,1
43.4,-85.9,1
43.4,-85.9,1
43.4,-85.9,1
43.4,-85.9,1
43.4,-85.9,1
43.4,-85.9,1
43.4,-85.9,1
43.4,-85.9,1
43.4,-85.9,1
43.4,-85.9,1
43.4,-85.9,1
43.4,-85.9,1
43.4,-85.9,1
43.4,-85.9,1
43.4,-85.9,1
43.4,-85.9,1
43.4,-85.9,1
43.4,-85.9,1
43.4,-85.9,1
43.4,-85.9,1
43.4,-85.9,1
43.4,-85.9,1
43.4,-85.9,1
43.4,-85.9,1
43.4,-85.9,1
43.4,-85.9,1
43.4,-85.9,1
43.4,-85.9,1
43.4,-85.9,1
43.4,-85.9,1
43.4,-85.9,1
43.4,-85.9,1
43.4,-85.9,1
43.4,-85.9,1
43.4,-85.9,1
43.4,-85.9,1
43.4,-85.9,1
43.4,-85.9,1
43.4,-85.9,1
43.4,-85.9,1
43.4,-85.9,1
43.4,-85.9,1
43.4,-85.9,1
43.4,-85.9,1
43.4,-85.9,1
43.4,-85.9,1
43.4,-85.9,1
43.4,-85.9,1
43.4,-85.9,1
43.4,-85.9,1
43.4,-85.9,1
43.4,-85.9,1
43.4,-85.9,1
43.4,-85.9,1
43.4,-85.9,1
43.4,-85.9,1
43.4,-85.9,1
43.4,-85.9,1
43.4,-85.9,1
43.4,-85.9,1
43.4,-85.9,1
43.4,-85.9,1
43.4,-85.9,1
43.4,-85.9,1
43.4,-85.9,1
43.4,-85.9,1
43.4,-85.9,1
43.4,-85.9,1
43.4,-85.9,1
43.4,-85.9,1
43.4,-85.9,1
43.4,-85.9,1
43.4,-85.9,1
43.4,-85.9,1
43.4,-85.9,1
43.4,-85.9,1
43.4,-85.9,1
43.4,-85.9,1
43.4,-85.9,1
43.4,-85.9,1
43.4,-85.9,1
43.4,-85.9,1
43.4,-85.9,1
43.4,-85.9,1
43.4,-85.9,1
43.4,-85.9,1
43.4,-85.9,1
43.4,-85.9,1
43.4,-85.9,1
43.4,-85.9,1
43.4,-85.9,1
43.4,-85.9,1
43.4,-85.9,1
43.4,-85.9,1
43.4,-85.9,1
43.4,-85.9,1
43.4,-85.9,1
43.4,-85.9,1
43.4,-85.9,1
43.4,-85.9,1
43.4,-85.9,1
43.4,-85.9,1
43.4,-85.9,1
43.4,-85.9,1
43.4,-85.9,1
43.4,-85.9,1
43.4,-85.9,1
43.4,-85.9,1
43.4,-85.9,1
43.4,-85.9,1
43.4,-85.9,1
43.4,-85.9,1
43.4,-85.9,1
43.4,-85.9,1
43.4,-85.9,1
43.4,-85.9,1
43.4,-85.9,1
43.4,-85.9,1
43.4,-85.9,1
43.4,-85.9,1
43.4,-85.9,1
43.4,-85.9,1
43.4,-85.9,1
43.4,-85.9,1
43.4,-85.9,1
43.4,-85.9,1
43.4,-85.9,1
43.4,-85.9,1
43.4,-85.9,1
43.4,-85.9,1
43.4,-85.9,1
43.4,-85.9,1
43.4,-85.9,1
43.4,-85.9,1
43.4,-85.9,1
43.4,-85.9,1
43.4,-85.9,1
43.4,-85.9,1
43.4,-85.9,1
43.4,-85.9,1
43.4,-85.9,1
43.4,-85.9,1
43.4,-85.9,1
43.4,-85.9,1
43.4,-85.9,1
43.4,-85.9,1
43.4,-85.9,1
43.4,-85.9,1
43.4,-85.9,1
43.4,-85.9,1
43.4,-85.9,1
43.4,-85.9,1
43.4,-85.9,1
43.4,-85.9,1
43.4,-85.9,1
43.4,-85.9,1
43.4,-85.9,1
43.4,-85.9,1
43.4,-85.9,1
43.4,-85.9,1
43.4,-85.9,1
43.4,-85.9,1
43.4,-85.9,1
43.4,-85.9,1
43.4,-85.9,1
43.4,-85.9,1
43.4,-85.9,1
43.4,-85.9,1
43.4,-85.9,1
43.4,-85.9,1
43.4,-85.9,1
43.4,-85.9,1
43.4,-85.9,1
43.4,-85.9,1
43.4,-85.9,1
43.4,-85.9,1
43.4,-85.9,1
43.4,-85.9,1
43.4,-85.9,1
43.4,-85.9,1
43.4,-85.9,1
43.4,-85.9,1
43.4,-85.9,1
43.4,-85.9,1
43.4,-85.9,1
43.4,-85.9,1
43.4,-85.9,1
43.4,-85.9,1
43.4,-85.9,1
43.4,-85.9,1
43.4,-85.9,1
43.4,-85.9,1
43.4,-85.9,1
43.4,-85.9,1
43.4,-85.9,1
43.4,-85.9,1
43.4,-85.9,1
43.4,-85.9,1
43.4,-85.9,1
43.4,-85.9,1
43.4,-85.9,1
43.4,-85.9,1
43.4,-85.9,1
43.4,-85.9,1
43.4,-85.9,1
43.4,-85.9,1
43.4,-85.9,1
43.4,-85.9,1
43.4,-85.9,1
43.4,-85.9,1
43.4,-85.9,1
43.4,-85.9,1
43.4,-85.9,1
43.4,-85.9,1
43.4,-85.9,1
43.4,-85.9,1
43.4,-85.9,1
43.4,-85.9,1
43.4,-85.9,1
43.4,-85.9,1
43.4,-85.9,1
43.4,-85.9,1
43.4,-85.9,1
43.4,-85.9,1
43.4,-85.9,1
43.4,-85.9,1
43.4,-85.9,1
43.4,-85.9,1
43.4,-85.9,1
43.4,-85.9,1
43.4,-85.9,1
43.4,-85.9,1
43.4,-85.9,1
43.4,-85.9,1
43.4,-85.9,1
43.4,-85.9,1
43.4,-85.9,1
43.4,-85.9,1
43.4,-85.9,1
43.4,-85.9,1
43.4,-85.9,1
43.4,-85.9,1
43.4,-85.9,1
43.4,-85.9,1
43.4,-85.9,1
43.4,-85.9,1
43.4,-85.9,1
43.4,-85.9,1
43.4,-85.9,1
43.4,-85.9,1
43.4,-85.9,1
43.4,-85.9,1
43.4,-85.9,1
43.4,-85.9,1
43.4,-85.9,1
43.4,-85.9,1
43.4,-85.9,1
43.4,-85.9,1
43.4,-85.9,1
43.4,-85.9,1
43.4,-85.9,1
43.4,-85.9,1
43.4,-85.9,1
43.4,-85.9,1
43.4,-85.9,1
43.4,-85.9,1
43.4,-85.9,1
43.4,-85.9,1
43.4,-85.9,1
43.4,-85.9,1
43.4,-85.9,1
43.4,-85.9,1
43.4,-85.9,1
43.4,-85.9,1
43.4,-85.9,1
43.4,-85.9,1
43.4,-85.9,1
43.4,-85.9,1
43.4,-85.9,1
43.4,-85.9,1
43.4,-85.9,1
43.4,-85.9,1
43.4,-85.9,1
43.4,-85.9,1
43.4,-85.9,1
43.4,-85.9,1
43.4,-85.9,1
43.4,-85.9,1
43.4,-85.9,1
43.4,-85.9,1
43.4,-85.9,1
43.4,-85.9,1
43.4,-85.9,1
43.4,-85.9,1
43.4,-85.9,1
43.4,-85.9,1
43.4,-85.9,1
43.4,-85.9,1
43.4,-85.9,1
43.4,-85.9,1
43.4,-85.9,1
43.4,-85.9,1
43.4,-85.9,1
43.4,-85.9,1
43.4,-85.9,1
43.4,-85.9,1
43.4,-85.9,1
43.4,-85.9,1
43.4,-85.9,1
43.4,-85.9,1
43.4,-85.9,1
43.4,-85.9,1
43.4,-85.9,1
43.4,-85.9,1
43.4,-85.9,1
43.4,-85.9,1
43.4,-85.9,1
43.4,-85.9,1
43.4,-85.9,1
43.4,-85.9,1
43.4,-85.9,1
43.4,-85.9,1
43.4,-85.9,1
43.4,-85.9,1
43.4,-85.9,1
43.4,-85.9,1
43.4,-85.9,1
43.4,-85.9,1
43.4,-85.9,1
43.4,-85.9,1
43.4,-85.9,1
43.4,-85.9,1
43.4,-85.9,1
43.4,-85.9,1
43.4,-85.9,1
43.4,-85.9,1
43.4,-85.9,1
43.4,-85.9,1
43.4,-85.9,1
43.4,-85.9,1
43.4,-85.9,1
43.4,-85.9,1
43.4,-85.9,1
43.4,-85.9,1
43.4,-85.9,1
43.4,-85.9,1
43.4,-85.9,1
43.4,-85.9,1
43.4,-85.9,1
43.4,-85.9,1
43.4,-85.9,1
43.4,-85.9,1
43.4,-85.9,1
43.4,-85.9,1
43.4,-85.9,1
43.4,-85.9,1
43.4,-85.9,1
43.4,-85.9,1
43.4,-85.9,1
43.4,-85.9,1
43.4,-85.9,1
43.4,-85.9,1
43.4,-85.9,1
43.4,-85.9,1
43.4,-85.9,1
43.4,-85.9,1
43.4,-85.9,1
43.4,-85.9,1
43.4,-85.9,1
43.4,-85.9,1
43.4,-85.9,1
43.4,-85.9,1
43.4,-85.9,1
43.4,-85.9,1
43.4,-85.9,1
43.4,-85.9,1
43.4,-85.9,1
43.4,-85.9,1
43.4,-85.9,1
43.4,-85.9,1
43.4,-85.9,1
43.4,-85.9,1
43.4,-85.9,1
43.4,-85.9,1
43.4,-85.9,1
43.4,-85.9,1
43.4,-85.9,1
43.4,-85.9,1
43.4,-85.9,1
43.4,-85.9,1
43.4,-85.9,1
43.4,-85.9,1
43.4,-85.9,1
43.4,-85.9,1
43.4,-85.9,1
43.4,-85.9,1
43.4,-85.9,1
43.4,-85.9,1
43.4,-85.9,1
43.4,-85.9,1
43.4,-85.9,1
43.4,-85.9,1
43.4,-85.9,1
43.4,-85.9,1
43.4,-85.9,1
43.4,-85.9,1
43.4,-85.9,1
43.4,-85.9,1
43.4,-85.9,1
43.4,-85.9,1
43.4,-85.9,1
43.4,-85.9,1
43.4,-85.9,1
43.4,-85.9,1
43.4,-85.9,1
43.4,-85.9,1
43.4,-85.9,1
43.4,-85.9,1
43.4,-85.9,1
43.4,-85.9,1
43.4,-85.9,1
43.4,-85.9,1
43.4,-85.9,1
43.4,-85.9,1
43.4,-85.9,1
43.4,-85.9,1
43.4,-85.9,1
43.4,-85.9,1
43.4,-85.9,1
43.4,-85.9,1
43.4,-85.9,1
43.4,-85.9,1
43.4,-85.9,1
43.4,-85.9,1
43.4,-85.9,1
43.4,-85.9,1
43.4,-85.9,1
43.4,-85.9,1
43.4,-85.9,1
43.4,-85.9,1
43.4,-85.9,1
43.4,-85.9,1
43.4,-85.9,1
43.4,-85.9,1
43.4,-85.9,1
43.4,-85.9,1
43.4,-85.9,1
43.4,-85.9,1
43.4,-85.9,1
43.4,-85.9,1
43.4,-85.9,1
43.4,-85.9,1
43.4,-85.9,1
43.4,-85.9,1
43.4,-85.9,1
43.4,-85.9,1
43.4,-85.9,1
43.4,-85.9,1
43.4,-85.9,1
43.4,-85.9,1
43.4,-85.9,1
43.4,-85.9,1
43.4,-85.9,1
43.4,-85.9,1
43.4,-85.9,1
43.4,-85.9,1
43.4,-85.9,1
43.4,-85.9,1
43.4,-85.9,1
43.4,-85.9,1
43.4,-85.9,1
43.4,-85.9,1
43.4,-85.9,1
43.4,-85.9,1
43.4,-85.9,1
43.4,-85.9,1
43.4,-85.9,1
43.4,-85.9,1
43.4,-85.9,1
43.4,-85.9,1
43.4,-85.9,1
43.4,-85.9,1
43.4,-85.9,1
43.4,-85.9,1
43.4,-85.9,1
43.4,-85.9,1
43.4,-85.9,1
43.4,-85.9,1
43.4,-85.9,1
43.4,-85.9,1
43.4,-85.9,1
43.4,-85.9,1
43.4,-85.9,1
43.4,-85.9,1
43.4,-85.9,1
43.4,-85.9,1
43.4,-85.9,1
43.4,-85.9,1
43.4,-85.9,1
43.4,-85.9,1
43.4,-85.9,1
43.4,-85.9,1
43.4,-85.9,1
43.4,-85.9,1
43.4,-85.9,1
43.4,-85.9,1
43.4,-85.9,1
43.4,-85.9,1
43.4,-85.9,1
43.4,-85.9,1
43.4,-85.9,1
43.4,-85.9,1
43.4,-85.9,1
43.4,-85.9,1
43.4,-85.9,1
43.4,-85.9,1
43.4,-85.9,1
43.4,-85.9,1
43.4,-85.9,1
43.4,-85.9,1
43.4,-85.9,1
43.4,-85.9,1
43.4,-85.9,1
43.4,-85.9,1
43.4,-85.9,1
43.4,-85.9,1
43.4,-85.9,1
43.4,-85.9,1
43.4,-85.9,1
43.4,-85.9,1
43.4,-85.9,1
43.4,-85.9,1
43.4,-85.9,1
43.4,-85.9,1
43.4,-85.9,1
43.4,-85.9,1
43.4,-85.9,1
43.4,-85.9,1
43.4,-85.9,1
43.4,-85.9,1
43.4,-85.9,1
43.4,-85.9,1
43.4,-85.9,1
43.4,-85.9,1
43.4,-85.9,1
43.4,-85.9,1
43.4,-85.9,1
43.4,-85.9,1
43.4,-85.9,1
43.4,-85.9,1
43.4,-85.9,1
43.4,-85.9,1
43.4,-85.9,1
43.4,-85.9,1
43.4,-85.9,1
43.4,-85.9,1
43.4,-85.9,1
43.4,-85.9,1
43.4,-85.9,1
43.4,-85.9,1
43.4,-85.9,1
43.4,-85.9,1
43.4,-85.9,1
43.4,-85.9,1
43.4,-85.9,1
43.4,-85.9,1
43.4,-85.9,1
43.4,-85.9,1
43.4,-85.9,1
43.4,-85.9,1
43.4,-85.9,1
43.4,-85.9,1
43.4,-85.9,1
43.4,-85.9,1
43.4,-85.9,1
43.4,-85.9,1
43.4,-85.9,1
43.4,-85.9,1
43.4,-85.9,1
43.4,-85.9,1
43.4,-85.9,1
43.4,-85.9,1
43.4,-85.9,1
43.4,-85.9,1
43.4,-85.9,1
43.4,-85.9,1
43.4,-85.9,1
43.4,-85.9,1
43.4,-85.9,1
43.4,-85.9,1
43.4,-85.9,1
43.4,-85.9,1
43.4,-85.9,1
43.4,-85.9,1
43.4,-85.9,1
43.4,-85.9,1
43.4,-85.9,1
43.4,-85.9,1
43.4,-85.9,1
43.4,-85.9,1
43.4,-85.9,1
43.4,-85.9,1
43.4,-85.9,1
43.4,-85.9,1
43.4,-85.9,1
43.4,-85.9,1
43.4,-85.9,1
43.4,-85.9,1
43.4,-85.9,1
43.4,-85.9,1
43.4,-85.9,1
43.4,-85.9,1
43.4,-85.9,1
43.4,-85.9,1
43.4,-85.9,1
43.4,-85.9,1
43.4,-85.9,1
43.4,-85.9,1
43.4,-85.9,1
43.4,-85.9,1
43.4,-85.9,1
43.4,-85.9,1
43.4,-85.9,1
43.4,-85.9,1
43.4,-85.9,1
43.4,-85.9,1
43.4,-85.9,1
43.4,-85.9,1
43.4,-85.9,1
43.4,-85.9,1
43.4,-85.9,1
43.4,-85.9,1
43.4,-85.9,1
43.4,-85.9,1
43.4,-85.9,1
43.4,-85.9,1
43.4,-85.9,1
43.4,-85.9,1
43.4,-85.9,1
43.4,-85.9,1
43.4,-85.9,1
43.4,-85.9,1
43.4,-85.9,1
43.4,-85.9,1
43.4,-85.9,1
43.4,-85.9,1
43.4,-85.9,1
43.4,-85.9,1
43.4,-85.9,1
43.4,-85.9,1
43.4,-85.9,1
43.4,-85.9,1
43.4,-85.9,1
43.4,-85.9,1
43.4,-85.9,1
43.4,-85.9,1
43.4,-85.9,1
43.4,-85.9,1
43.4,-85.9,1
43.4,-85.9,1
43.4,-85.9,1
43.4,-85.9,1
43.4,-85.9,1
43.4,-85.9,1
43.4,-85.9,1
43.4,-85.9,1
43.4,-85.9,1
43.4,-85.9,1
43.4,-85.9,1
43.4,-85.9,1
43.4,-85.9,1
43.4,-85.9,1
43.4,-85.9,1
43.4,-85.9,1
43.4,-85.9,1
43.4,-85.9,1
43.4,-85.9,1
43.4,-85.9,1
43.4,-85.9,1
43.4,-85.9,1
43.4,-85.9,1
43.4,-85.9,1
43.4,-85.9,1
43.4,-85.9,1
43.4,-85.9,1
43.4,-85.9,1
43.4,-85.9,1
43.4,-85.9,1
43.4,-85.9,1
43.4,-85.9,1
43.4,-85.9,1
43.4,-85.9,1
43.4,-85.9,1
43.4,-85.9,1
43.4,-85.9,1
43.4,-85.9,1
43.4,-85.9,1
43.4,-85.9,1
43.4,-85.9,1
43.4,-85.9,1
43.4,-85.9,1
43.4,-85.9,1
43.4,-85.9,1
43.4,-85.9,1
43.4,-85.9,1
43.4,-85.9,1
43.4,-85.9,1
43.4,-85.9,1
43.4,-85.9,1
43.4,-85.9,1
43.4,-85.9,1
43.4,-85.9,1
43.4,-85.9,1
43.4,-85.9,1
43.4,-85.9,1
43.4,-85.9,1
43.4,-85.9,1
43.4,-85.9,1
43.4,-85.9,1
43.4,-85.9,1
43.4,-85.9,1
43.4,-85.9,1
43.4,-85.9,1
43.4,-85.9,1
43.4,-85.9,1
43.4,-85.9,1
43.4,-85.9,1
43.4,-85.9,1
43.4,-85.9,1
43.4,-85.9,1
43.4,-85.9,1
43.4,-85.9,1
43.4,-85.9,1
43.4,-85.9,1
43.4,-85.9,1
43.4,-85.9,1
43.4,-85.9,1
43.4,-85.9,1
43.4,-85.9,1
43.4,-85.9,1
43.4,-85.9,1
43.4,-85.9,1
43.4,-85.9,1
43.4,-85.9,1
43.4,-85.9,1
43.4,-85.9,1
43.4,-85.9,1
43.4,-85.9,1
43.4,-85.9,1
43.4,-85.9,1
43.4,-85.9,1
43.4,-85.9,1
43.4,-85.9,1
43.4,-85.9,1
43.4,-85.9,1
43.4,-85.9,1
43.4,-85.9,1
43.4,-85.9,1
43.4,-85.9,1
43.4,-85.9,1
43.4,-85.9,1
43.4,-85.9,1
43.4,-85.9,1
43.4,-85.9,1
43.4,-85.9,1
43.4,-85.9,1
43.4,-85.9,1
43.4,-85.9,1
43.4,-85.9,1
43.4,-85.9,1
43.4,-85.9,1
43.4,-85.9,1
43.4,-85.9,1
43.4,-85.9,1
43.4,-85.9,1
43.4,-85.9,1
43.4,-85.9,1
43.4,-85.9,1
43.4,-85.9,1
43.4,-85.9,1
43.4,-85.9,1
43.4,-85.9,1
43.4,-85.9,1
43.4,-85.9,1
43.4,-85.9,1
43.4,-85.9,1
43.4,-85.9,1
43.4,-85.9,1
43.4,-85.9,1
43.4,-85.9,1
43.4,-85.9,1
43.4,-85.9,1
43.4,-85.9,1
43.4,-85.9,1
43.4,-85.9,1
43.4,-85.9,1
43.4,-85.9,1
43.4,-85.9,1
43.4,-85.9,1
43.4,-85.9,1
43.4,-85.9,1
43.4,-85.9,1
43.4,-85.9,1
43.4,-85.9,1
43.4,-85.9,1
43.4,-85.9,1
43.4,-85.9,1
43.4,-85.9,1
43.4,-85.9,1
43.4,-85.9,1
43.4,-85.9,1
43.4,-85.9,1
43.4,-85.9,1
43.4,-85.9,1
43.4,-85.9,1
43.4,-85.9,1
43.4,-85.9,1
43.4,-85.9,1
43.4,-85.9,1
43.4,-85.9,1
43.4,-85.9,1
43.4,-85.9,1
43.4,-85.9,1
43.4,-85.9,1
43.4,-85.9,1
43.4,-85.9,1
43.4,-85.9,1
43.4,-85.9,1
43.4,-85.9,1
43.4,-85.9,1
43.4,-85.9,1
43.4,-85.9,1
43.4,-85.9,1
43.4,-85.9,1
43.4,-85.9,1
43.4,-85.9,1
43.4,-85.9,1
43.4,-85.9,1
43.4,-85.9,1
43.4,-85.9,1
43.4,-85.9,1
43.4,-85.9,1
43.4,-85.9,1
43.4,-85.9,1
43.4,-85.9,1
43.4,-85.9,1
43.4,-85.9,1
43.4,-85.9,1
43.4,-85.9,1
43.4,-85.9,1
43.4,-85.9,1
43.4,-85.9,1
43.4,-85.9,1
43.4,-85.9,1
43.4,-85.9,1
43.4,-85.9,1
43.4,-85.9,1
43.4,-85.9,1
43.4,-85.9,1
43.4,-85.9,1
43.4,-85.9,1
43.4,-85.9,1
43.4,-85.9,1
43.4,-85.9,1
43.4,-85.9,1
43.4,-85.9,1
43.4,-85.9,1
43.4,-85.9,1
43.4,-85.9,1
43.4,-85.9,1
43.4,-85.9,1
43.4,-85.9,1
43.4,-85.9,1
43.4,-85.9,1
43.4,-85.9,1
43.4,-85.9,1
43.4,-85.9,1
43.4,-85.9,1
43.4,-85.9,1
43.4,-85.9,1
43.4,-85.9,1
43.4,-85.9,1
43.4,-85.9,1
43.4,-85.9,1
43.4,-85.9,1
43.4,-85.9,1
43.4,-85.9,1
43.4,-85.9,1
43.4,-85.9,1
43.4,-85.9,1
43.4,-85.9,1
43.4,-85.9,1
43.4,-85.9,1
43.4,-85.9,1
43.4,-85.9,1
43.4,-85.9,1
43.4,-85.9,1
43.4,-85.9,1
43.4,-85.9,1
43.4,-85.9,1
43.4,-85.9,1
43.4,-85.9,1
43.4,-85.9,1
43.4,-85.9,1
43.4,-85.9,1
43.4,-85.9,1
43.4,-85.9,1
43.4,-85.9,1
43.4,-85.9,1
43.4,-85.9,1
43.4,-85.9,1
43.4,-85.9,1
43.4,-85.9,1
43.4,-85.9,1
43.4,-85.9,1
43.4,-85.9,1
43.4,-85.9,1
43.4,-85.9,1
43.4,-85.9,1
43.4,-85.9,1
43.4,-85.9,1
43.4,-85.9,1
43.4,-85.9,1
43.4,-85.9,1
43.4,-85.9,1
43.4,-85.9,1
43.4,-85.9,1
43.4,-85.9,1
43.4,-85.9,1
43.4,-85.9,1
43.4,-85.9,1
43.4,-85.9,1
43.4,-85.9,1
43.4,-85.9,1
43.4,-85.9,1
43.4,-85.9,1
43.4,-85.9,1
43.4,-85.9,1
43.4,-85.9,1
43.4,-85.9,1
43.4,-85.9,1
43.4,-85.9,1
43.4,-85.9,1
43.4,-85.9,1
43.4,-85.9,1
43.4,-85.9,1
43.4,-85.9,1
43.4,-85.9,1
43.4,-85.9,1
43.4,-85.9,1
43.4,-85.9,1
43.4,-85.9,1
43.4,-85.9,1
43.4,-85.9,1
43.4,-85.9,1
43.4,-85.9,1
43.4,-85.9,1
43.4,-85.9,1
43.4,-85.9,1
43.4,-85.9,1
43.4,-85.9,1
43.4,-85.9,1
43.4,-85.9,1
43.4,-85.9,1
43.4,-85.9,1
43.4,-85.9,1
43.4,-85.9,1
43.4,-85.9,1
43.4,-85.9,1
43.4,-85.9,1
43.4,-85.9,1
43.4,-85.9,1
43.4,-85.9,1
43.4,-85.9,1
43.4,-85.9,1
43.4,-85.9,1
43.4,-85.9,1
43.4,-85.9,1
43.4,-85.9,1
43.4,-85.9,1
43.4,-85.9,1
43.4,-85.9,1
43.4,-85.9,1
43.4,-85.9,1
43.4,-85.9,1
43.4,-85.9,1
43.4,-85.9,1
43.4,-85.9,1
43.4,-85.9,1
43.4,-85.9,1
43.4,-85.9,1
43.4,-85.9,1
43.4,-85.9,1
43.4,-85.9,1
43.4,-85.9,1
43.4,-85.9,1
43.4,-85.9,1
43.4,-85.9,1
43.4,-85.9,1
43.4,-85.9,1
43.4,-85.9,1
43.4,-85.9,1
43.4,-85.9,1
43.4,-85.9,1
43.4,-85.9,1
43.4,-85.9,1
43.4,-85.9,1
43.4,-85.9,1
43.4,-85.9,1
43.4,-85.9,1
43.4,-85.9,1
43.4,-85.9,1
43.4,-85.9,1
43.4,-85.9,1
43.4,-85.9,1
43.4,-85.9,1
43.4,-85.9,1
43.4,-85.9,1
43.4,-85.9,1
43.4,-85.9,1
43.4,-85.9,1
43.4,-85.9,1
43.4,-85.9,1
43.4,-85.9,1
43.4,-85.9,1
43.4,-85.9,1
43.4,-85.9,1
43.4,-85.9,1
43.4,-85.9,1
43.4,-85.9,1
43.4,-85.9,1
43.4,-85.9,1
43.4,-85.9,1
43.4,-85.9,1
43.4,-85.9,1
43.4,-85.9,1
43.4,-85.9,1
43.4,-85.9,1
43.4,-85.9,1
43.4,-85.9,1
43.4,-85.9,1
43.4,-85.9,1
43.4,-85.9,1
43.4,-85.9,1
43.4,-85.9,1
43.4,-85.9,1
43.4,-85.9,1
43.4,-85.9,1
43.4,-85.9,1
43.4,-85.9,1
43.4,-85.9,1
43.4,-85.9,1
43.4,-85.9,1
43.4,-85.9,1
43.4,-85.9,1
43.4,-85.9,1
43.4,-85.9,1
43.4,-85.9,1
43.4,-85.9,1
43.4,-85.9,1
43.4,-85.9,1
43.4,-85.9,1
43.4,-85.9,1
43.4,-85.9,1
43.4,-85.9,1
43.4,-85.9,1
43.4,-85.9,1
43.4,-85.9,1
43.4,-85.9,1
43.4,-85.9,1
43.4,-85.9,1
43.4,-85.9,1
43.4,-85.9,1
43.4,-85.9,1
43.4,-85.9,1
43.4,-85.9,1
43.4,-85.9,1
43.4,-85.9,1
43.4,-85.9,1
43.4,-85.9,1
43.4,-85.9,1
43.4,-85.9,1
43.4,-85.9,1
43.4,-85.9,1
43.4,-85.9,1
43.4,-85.9,1
43.4,-85.9,1
43.4,-85.9,1
43.4,-85.9,1
43.4,-85.9,1
43.4,-85.9,1
43.4,-85.9,1
43.4,-85.9,1
43.4,-85.9,1
43.4,-85.9,1
43.4,-85.9,1
43.4,-85.9,1
43.4,-85.9,1
43.4,-85.9,1
43.4,-85.9,1
43.4,-85.9,1
43.4,-85.9,1
43.4,-85.9,1
43.4,-85.9,1
43.4,-85.9,1
43.4,-85.9,1
43.4,-85.9,1
43.4,-85.9,1
43.4,-85.9,1
43.4,-85.9,1
43.4,-85.9,1
43.4,-85.9,1
43.4,-85.9,1
43.4,-85.9,1
43.4,-85.9,1
43.4,-85.9,1
43.4,-85.9,1
43.4,-85.9,1
43.4,-85.9,1
43.4,-85.9,1
43.4,-85.9,1
43.4,-85.9,1
43.4,-85.9,1
43.4,-85.9,1
43.4,-85.9,1
43.4,-85.9,1
43.4,-85.9,1
43.4,-85.9,1
43.4,-85.9,1
43.4,-85.9,1
43.4,-85.9,1
43.4,-85.9,1
43.4,-85.9,1
43.4,-85.9,1
43.4,-85.9,1
43.4,-85.9,1
43.4,-85.9,1
43.4,-85.9,1
43.4,-85.9,1
43.4,-85.9,1
43.4,-85.9,1
43.4,-85.9,1
43.4,-85.9,1
43.4,-85.9,1
43.4,-85.9,1
43.4,-85.9,1
43.4,-85.9,1
43.4,-85.9,1
43.4,-85.9,1
43.4,-85.9,1
43.4,-85.9,1
43.4,-85.9,1
43.4,-85.9,1
43.4,-85.9,1
43.4,-85.9,1
43.4,-85.9,1
43.4,-85.9,1
43.4,-85.9,1
43.4,-85.9,1
43.4,-85.9,1
43.4,-85.9,1
43.4,-85.9,1
43.4,-85.9,1
43.4,-85.9,1
43.4,-85.9,1
43.4,-85.9,1
43.4,-85.9,1
43.4,-85.9,1
43.4,-85.9,1
43.4,-85.9,1
43.4,-85.9,1
43.4,-85.9,1
43.4,-85.9,1
43.4,-85.9,1
43.4,-85.9,1
43.4,-85.9,1
43.4,-85.9,1
43.4,-85.9,1
43.4,-85.9,1
43.4,-85.9,1
43.4,-85.9,1
43.4,-85.9,1
43.4,-85.9,1
43.4,-85.9,1
43.4,-85.9,1
43.4,-85.9,1
43.4,-85.9,1
43.4,-85.9,1
43.4,-85.9,1
43.4,-85.9,1
43.4,-85.9,1
43.4,-85.9,1
43.4,-85.9,1
43.4,-85.9,1
43.4,-85.9,1
43.4,-85.9,1
43.4,-85.9,1
43.4,-85.9,1
43.4,-85.9,1
43.4,-85.9,1
43.4,-85.9,1
43.4,-85.9,1
43.4,-85.9,1
43.4,-85.9,1
43.4,-85.9,1
43.4,-85.9,1
43.4,-85.9,1
43.4,-85.9,1
43.4,-85.9,1
43.4,-85.9,1
43.4,-85.9,1
43.4,-85.9,1
43.4,-85.9,1
43.4,-85.9,1
43.4,-85.9,1
43.4,-85.9,1
43.4,-85.9,1
43.4,-85.9,1
43.4,-85.9,1
43.4,-85.9,1
43.4,-85.9,1
43.4,-85.9,1
43.4,-85.9,1
43.4,-85.9,1
43.4,-85.9,1
43.4,-85.9,1
43.4,-85.9,1
43.4,-85.9,1
43.4,-85.9,1
43.4,-85.9,1
43.4,-85.9,1
43.4,-85.9,1
43.4,-85.9,1
43.4,-85.9,1
43.4,-85.9,1
43.4,-85.9,1
43.4,-85.9,1
43.4,-85.9,1
43.4,-85.9,1
43.4,-85.9,1
43.4,-85.9,1
43.4,-85.9,1
43.4,-85.9,1
43.4,-85.9,1
43.4,-85.9,1
43.4,-85.9,1
43.4,-85.9,1
43.4,-85.9,1
43.4,-85.9,1
43.4,-85.9,1
43.4,-85.9,1
43.4,-85.9,1
43.4,-85.9,1
43.4,-85.9,1
43.4,-85.9,1
43.4,-85.9,1
43.4,-85.9,1
43.4,-85.9,1
43.4,-85.9,1
43.4,-85.9,1
43.4,-85.9,1
43.4,-85.9,1
43.4,-85.9,1
43.4,-85.9,1
43.4,-85.9,1
43.4,-85.9,1
43.4,-85.9,1
43.4,-85.9,1
43.4,-85.9,1
43.4,-85.9,1
43.4,-85.9,1
43.4,-85.9,1
43.4,-85.9,1
43.4,-85.9,1
43.4,-85.9,1
43.4,-85.9,1
43.4,-85.9,1
43.4,-85.9,1
43.4,-85.9,1
43.4,-85.9,1
43.4,-85.9,1
43.4,-85.9,1
43.4,-85.9,1
43.4,-85.9,1
43.4,-85.9,1
43.4,-85.9,1
43.4,-85.9,1
43.4,-85.9,1
43.4,-85.9,1
43.4,-85.9,1
43.4,-85.9,1
43.4,-85.9,1
43.4,-85.9,1
43.4,-85.9,1
43.4,-85.9,1
43.4,-85.9,1
43.4,-85.9,1
43.4,-85.9,1
43.4,-85.9,1
43.4,-85.9,1
43.4,-85.9,1
43.4,-85.9,1
43.4,-85.9,1
43.4,-85.9,1
43.4,-85.9,1
43.4,-85.9,1
43.4,-85.9,1
43.4,-85.9,1
43.4,-85.9,1
43.4,-85.9,1
43.4,-85.9,1
43.4,-85.9,1
43.4,-85.9,1
43.4,-85.9,1
43.4,-85.9,1
43.4,-85.9,1
43.4,-85.9,1
43.4,-85.9,1
43.4,-85.9,1
43.4,-85.9,1
43.4,-85.9,1
43.4,-85.9,1
43.4,-85.9,1
43.4,-85.9,1
43.4,-85.9,1
43.4,-85.9,1
43.4,-85.9,1
43.4,-85.9,1
43.4,-85.9,1
43.4,-85.9,1
43.4,-85.9,1
43.4,-85.9,1
43.4,-85.9,1
43.4,-85.9,1
43.4,-85.9,1
43.4,-85.9,1
43.4,-85.9,1
43.4,-85.9,1
43.4,-85.9,1
43.4,-85.9,1
43.4,-85.9,1
43.4,-85.9,1
43.4,-85.9,1
43.4,-85.9,1
43.4,-85.9,1
43.4,-85.9,1
43.4,-85.9,1
43.4,-85.9,1
43.4,-85.9,1
43.4,-85.9,1
43.4,-85.9,1
43.4,-85.9,1
43.4,-85.9,1
43.4,-85.9,1
43.4,-85.9,1
43.4,-85.9,1
43.4,-85.9,1
43.4,-85.9,1
43.4,-85.9,1
43.4,-85.9,1
43.4,-85.9,1
43.4,-85.9,1
43.4,-85.9,1
43.4,-85.9,1
43.4,-85.9,1
43.4,-85.9,1
43.4,-85.9,1
43.4,-85.9,1
43.4,-85.9,1
43.4,-85.9,1
43.4,-85.9,1
43.4,-85.9,1
43.4,-85.9,1
43.4,-85.9,1
43.4,-85.9,1
43.4,-85.9,1
43.4,-85.9,1
43.4,-85.9,1
43.4,-85.9,1
43.4,-85.9,1
43.4,-85.9,1
43.4,-85.9,1
43.4,-85.9,1
43.4,-85.9,1
43.4,-85.9,1
43.4,-85.9,1
43.4,-85.9,1
43.4,-85.9,1
43.4,-85.9,1
43.4,-85.9,1
43.4,-85.9,1
43.4,-85.9,1
43.4,-85.9,1
43.4,-85.9,1
43.4,-85.9,1
43.4,-85.9,1
43.4,-85.9,1
43.4,-85.9,1
43.4,-85.9,1
43.4,-85.9,1
43.4,-85.9,1
43.4,-85.9,1
43.4,-85.9,1
43.4,-85.9,1
43.4,-85.9,1
43.4,-85.9,1
43.4,-85.9,1
43.4,-85.9,1
43.4,-85.9,1
43.4,-85.9,1
43.4,-85.9,1
43.4,-85.9,1
43.4,-85.9,1
43.4,-85.9,1
43.4,-85.9,1
43.4,-85.9,1
43.4,-85.9,1
43.4,-85.9,1
43.4,-85.9,1
43.4,-85.9,1
43.4,-85.9,1
43.4,-85.9,1
43.4,-85.9,1
43.4,-85.9,1
43.4,-85.9,1
43.4,-85.9,1
43.4,-85.9,1
43.4,-85.9,1
43.4,-85.9,1
43.4,-85.9,1
43.4,-85.9,1
43.4,-85.9,1
43.4,-85.9,1
43.4,-85.9,1
43.4,-85.9,1
43.4,-85.9,1
43.4,-85.9,1
43.4,-85.9,1
43.4,-85.9,1
43.4,-85.9,1
43.4,-85.9,1
43.4,-85.9,1
43.4,-85.9,1
43.4,-85.9,1
43.4,-85.9,1
43.4,-85.9,1
43.4,-85.9,1
43.4,-85.9,1
43.4,-85.9,1
43.4,-85.9,1
43.4,-85.9,1
43.4,-85.9,1
43.4,-85.9,1
43.4,-85.9,1
43.4,-85.9,1
43.4,-85.9,1
43.4,-85.9,1
43.4,-85.9,1
43.4,-85.9,1
43.4,-85.9,1
43.4,-85.9,1
43.4,-85.9,1
43.4,-85.9,1
43.4,-85.9,1
43.4,-85.9,1
43.4,-85.9,1
43.4,-85.9,1
43.4,-85.9,1
43.4,-85.9,1
43.4,-85.9,1
43.4,-85.9,1
43.4,-85.9,1
43.4,-85.9,1
43.4,-85.9,1
43.4,-85.9,1
43.4,-85.9,1
43.4,-85.9,1
43.4,-85.9,1
43.4,-85.9,1
43.4,-85.9,1
43.4,-85.9,1
43.4,-85.9,1
43.4,-85.9,1
43.4,-85.9,1
43.4,-85.9,1
43.4,-85.9,1
43.4,-85.9,1
43.4,-85.9,1
43.4,-85.9,1
43.4,-85.9,1
43.4,-85.9,1
43.4,-85.9,1
43.4,-85.9,1
43.4,-85.9,1
43.4,-85.9,1
43.4,-85.9,1
43.4,-85.9,1
43.4,-85.9,1
43.4,-85.9,1
43.4,-85.9,1
43.4,-85.9,1
43.4,-85.9,1
43.4,-85.9,1
43.4,-85.9,1
43.4,-85.9,1
43.4,-85.9,1
43.4,-85.9,1
43.4,-85.9,1
43.4,-85.9,1
43.4,-85.9,1
43.4,-85.9,1
43.4,-85.9,1
43.4,-85.9,1
43.4,-85.9,1
43.4,-85.9,1
43.4,-85.9,1
43.4,-85.9,1
43.4,-85.9,1
43.4,-85.9,1
43.4,-85.9,1
43.4,-85.9,1
43.4,-85.9,1
43.4,-85.9,1
43.4,-85.9,1
43.4,-85.9,1
43.4,-85.9,1
43.4,-85.9,1
43.4,-85.9,1
43.4,-85.9,1
43.4,-85.9,1
43.4,-85.9,1
43.4,-85.9,1
43.4,-85.9,1
43.4,-85.9,1
43.4,-85.9,1
43.4,-85.9,1
43.4,-85.9,1
43.4,-85.9,1
43.4,-85.9,1
43.4,-85.9,1
43.4,-85.9,1
43.4,-85.9,1
43.4,-85.9,1
43.4,-85.9,1
43.4,-85.9,1
43.4,-85.9,1
43.4,-85.9,1
43.4,-85.9,1
43.4,-85.9,1
43.4,-85.9,1
43.4,-85.9,1
43.4,-85.9,1
43.4,-85.9,1
43.4,-85.9,1
43.4,-85.9,1
43.4,-85.9,1
43.4,-85.9,1
43.4,-85.9,1
43.4,-85.9,1
43.4,-85.9,1
43.4,-85.9,1
43.4,-85.9,1
43.4,-85.9,1
43.4,-85.9,1
43.4,-85.9,1
43.4,-85.9,1
43.4,-85.9,1
43.4,-85.9,1
43.4,-85.9,1
43.4,-85.9,1
43.4,-85.9,1
43.4,-85.9,1
43.4,-85.9,1
43.4,-85.9,1
43.4,-85.9,1
43.4,-85.9,1
43.4,-85.9,1
43.4,-85.9,1
43.4,-85.9,1
43.4,-85.9,1
43.4,-85.9,1
43.4,-85.9,1
43.4,-85.9,1
43.4,-85.9,1
43.4,-85.9,1
43.4,-85.9,1
43.4,-85.9,1
43.4,-85.9,1
43.4,-85.9,1
43.4,-85.9,1
43.4,-85.9,1
43.4,-85.9,1
43.4,-85.9,1
43.4,-85.9,1
43.4,-85.9,1
43.4,-85.9,1
43.4,-85.9,1
43.4,-85.9,1
43.4,-85.9,1
43.4,-85.9,1
43.4,-85.9,1
43.4,-85.9,1
43.4,-85.9,1
43.4,-85.9,1
43.4,-85.9,1
43.4,-85.9,1
43.4,-85.9,1
43.4,-85.9,1
43.4,-85.9,1
43.4,-85.9,1
43.4,-85.9,1
43.4,-85.9,1
43.4,-85.9,1
43.4,-85.9,1
43.4,-85.9,1
43.4,-85.9,1
43.4,-85.9,1
43.4,-85.9,1
43.4,-85.9,1
43.4,-85.9,1
43.4,-85.9,1
43.4,-85.9,1
43.4,-85.9,1
43.4,-85.9,1
43.4,-85.9,1
43.4,-85.9,1
43.4,-85.9,1
43.4,-85.9,1
43.4,-85.9,1
43.4,-85.9,1
43.4,-85.9,1
43.4,-85.9,1
43.4,-85.9,1
43.4,-85.9,1
43.4,-85.9,1
43.4,-85.9,1
43.4,-85.9,1
43.4,-85.9,1
43.4,-85.9,1
43.4,-85.9,1
43.4,-85.9,1
43.4,-85.9,1
43.4,-85.9,1
43.4,-85.9,1
43.4,-85.9,1
43.4,-85.9,1
43.4,-85.9,1
43.4,-85.9,1
43.4,-85.9,1
43.4,-85.9,1
43.4,-85.9,1
43.4,-85.9,1
43.4,-85.9,1
43.4,-85.9,1
43.4,-85.9,1
43.4,-85.9,1
43.4,-85.9,1
43.4,-85.9,1
43.4,-85.9,1
43.4,-85.9,1
43.4,-85.9,1
43.4,-85.9,1
43.4,-85.9,1
43.4,-85.9,1
43.4,-85.9,1
43.4,-85.9,1
43.4,-85.9,1
43.4,-85.9,1
43.4,-85.9,1
43.4,-85.9,1
43.4,-85.9,1
43.4,-85.9,1
43.4,-85.9,1
43.4,-85.9,1
43.4,-85.9,1
43.4,-85.9,1
43.4,-85.9,1
43.4,-85.9,1
43.4,-85.9,1
43.4,-85.9,1
43.4,-85.9,1
43.4,-85.9,1
43.4,-85.9,1
43.4,-85.9,1
43.4,-85.9,1
43.4,-85.9,1
43.4,-85.9,1
43.4,-85.9,1
43.4,-85.9,1
43.4,-85.9,1
43.4,-85.9,1
43.4,-85.9,1
43.4,-85.9,1
43.4,-85.9,1
43.4,-85.9,1
43.4,-85.9,1
43.4,-85.9,1
43.4,-85.9,1
43.4,-85.9,1
43.4,-85.9,1
43.4,-85.9,1
43.4,-85.9,1
43.4,-85.9,1
43.4,-85.9,1
43.4,-85.9,1
43.4,-85.9,1
43.4,-85.9,1
43.4,-85.9,1
43.4,-85.9,1
43.4,-85.9,1
43.4,-85.9,1
43.4,-85.9,1
43.4,-85.9,1
43.4,-85.9,1
43.4,-85.9,1
43.4,-85.9,1
43.4,-85.9,1
43.4,-85.9,1
43.4,-85.9,1
43.4,-85.9,1
43.4,-85.9,1
43.4,-85.9,1
43.4,-85.9,1
43.4,-85.9,1
43.4,-85.9,1
43.4,-85.9,1
43.4,-85.9,1
43.4,-85.9,1
43.4,-85.9,1
43.4,-85.9,1
43.4,-85.9,1
43.4,-85.9,1
43.4,-85.9,1
43.4,-85.9,1
43.4,-85.9,1
43.4,-85.9,1
43.4,-85.9,1
43.4,-85.9,1
43.4,-85.9,1
43.4,-85.9,1
43.4,-85.9,1
43.4,-85.9,1
43.4,-85.9,1
43.4,-85.9,1
43.4,-85.9,1
43.4,-85.9,1
43.4,-85.9,1
43.4,-85.9,1
43.4,-85.9,1
43.4,-85.9,1
43.4,-85.9,1
43.4,-85.9,1
43.4,-85.9,1
43.4,-85.9,1
43.4,-85.9,1
43.4,-85.9,1
43.4,-85.9,1
43.4,-85.9,1
43.4,-85.9,1
43.4,-85.9,1
43.4,-85.9,1
43.4,-85.9,1
43.4,-85.9,1
43.4,-85.9,1
43.4,-85.9,1
43.4,-85.9,1
43.4,-85.9,1
43.4,-85.9,1
43.4,-85.9,1
43.4,-85.9,1
43.4,-85.9,1
43.4,-85.9,1
43.4,-85.9,1
43.4,-85.9,1
43.4,-85.9,1
43.4,-85.9,1
43.4,-85.9,1
43.4,-85.9,1
43.4,-85.9,1
43.4,-85.9,1
43.4,-85.9,1
43.4,-85.9,1
43.4,-85.9,1
43.4,-85.9,1
43.4,-85.9,1
43.4,-85.9,1
43.4,-85.9,1
43.4,-85.9,1
43.4,-85.9,1
43.4,-85.9,1
43.4,-85.9,1
43.4,-85.9,1
43.4,-85.9,1
43.4,-85.9,1
43.4,-85.9,1
43.4,-85.9,1
43.4,-85.9,1
43.4,-85.9,1
43.4,-85.9,1
43.4,-85.9,1
43.4,-85.9,1
43.4,-85.9,1
43.4,-85.9,1
43.4,-85.9,1
43.4,-85.9,1
43.4,-85.9,1
43.4,-85.9,1
43.4,-85.9,1
43.4,-85.9,1
43.4,-85.9,1
43.4,-85.9,1
43.4,-85.9,1
43.4,-85.9,1
43.4,-85.9,1
43.4,-85.9,1
43.4,-85.9,1
43.4,-85.9,1
43.4,-85.9,1
43.4,-85.9,1
43.4,-85.9,1
43.4,-85.9,1
43.4,-85.9,1
43.4,-85.9,1
43.4,-85.9,1
43.4,-85.9,1
43.4,-85.9,1
43.4,-85.9,1
43.4,-85.9,1
43.4,-85.9,1
43.4,-85.9,1
43.4,-85.9,1
43.4,-85.9,1
43.4,-85.9,1
43.4,-85.9,1
43.4,-85.9,1
43.4,-85.9,1
43.4,-85.9,1
43.4,-85.9,1
43.4,-85.9,1
43.4,-85.9,1
43.4,-85.9,1
43.4,-85.9,1
43.4,-85.9,1
43.4,-85.9,1
43.4,-85.9,1
43.4,-85.9,1
43.4,-85.9,1
43.4,-85.9,1
43.4,-85.9,1
43.4,-85.9,1
43.4,-85.9,1
43.4,-85.9,1
43.4,-85.9,1
43.4,-85.9,1
43.4,-85.9,1
43.4,-85.9,1
43.4,-85.9,1
43.4,-85.9,1
43.4,-85.9,1
43.4,-85.9,1
43.4,-85.9,1
43.4,-85.9,1
43.4,-85.9,1
43.4,-85.9,1
43.4,-85.9,1
43.4,-85.9,1
43.4,-85.9,1
43.4,-85.9,1
43.4,-85.9,1
43.4,-85.9,1
43.4,-85.9,1
43.4,-85.9,1
43.4,-85.9,1
43.4,-85.9,1
43.4,-85.9,1
43.4,-85.9,1
43.4,-85.9,1
43.4,-85.9,1
43.4,-85.9,1
43.4,-85.9,1
43.4,-85.9,1
43.4,-85.9,1
43.4,-85.9,1
43.4,-85.9,1
43.4,-85.9,1
43.4,-85.9,1
43.4,-85.9,1
43.4,-85.9,1
43.4,-85.9,1
43.4,-85.9,1
43.4,-85.9,1
43.4,-85.9,1
43.4,-85.9,1
43.4,-85.9,1
43.4,-85.9,1
43.4,-85.9,1
43.4,-85.9,1
43.4,-85.9,1
43.4,-85.9,1
43.4,-85.9,1
43.4,-85.9,1
43.4,-85.9,1
43.4,-85.9,1
43.4,-85.9,1
43.4,-85.9,1
43.4,-85.9,1
43.4,-85.9,1
43.4,-85.9,1
43.4,-85.9,1
43.4,-85.9,1
43.4,-85.9,1
43.4,-85.9,1
43.4,-85.9,1
43.4,-85.9,1
43.4,-85.9,1
43.4,-85.9,1
43.4,-85.9,1
43.4,-85.9,1
43.4,-85.9,1
43.4,-85.9,1
43.4,-85.9,1
43.4,-85.9,1
43.4,-85.9,1
43.4,-85.9,1
43.4,-85.9,1
43.4,-85.9,1
43.4,-85.9,1
43.4,-85.9,1
43.4,-85.9,1
43.4,-85.9,1
43.4,-85.9,1
43.4,-85.9,1
43.4,-85.9,1
43.4,-85.9,1
43.4,-85.9,1
43.4,-85.9,1
43.4,-85.9,1
43.4,-85.9,1
43.4,-85.9,1
43.4,-85.9,1
43.4,-85.9,1
43.4,-85.9,1
43.4,-85.9,1
43.4,-85.9,1
43.4,-85.9,1
43.4,-85.9,1
43.4,-85.9,1
43.4,-85.9,1
43.4,-85.9,1
43.4,-85.9,1
43.4,-85.9,1
43.4,-85.9,1
43.4,-85.9,1
43.4,-85.9,1
43.4,-85.9,1
43.4,-85.9,1
43.4,-85.9,1
43.4,-85.9,1
43.4,-85.9,1
43.4,-85.9,1
43.4,-85.9,1
43.4,-85.9,1
43.4,-85.9,1
43.4,-85.9,1
43.4,-85.9,1
43.4,-85.9,1
43.4,-85.9,1
43.4,-85.9,1
43.4,-85.9,1
43.4,-85.9,1
43.4,-85.9,1
43.4,-85.9,1
43.4,-85.9,1
43.4,-85.9,1
43.4,-85.9,1
43.4,-85.9,1
43.4,-85.9,1
43.4,-85.9,1
43.4,-85.9,1
43.4,-85.9,1
43.4,-85.9,1
43.4,-85.9,1
43.4,-85.9,1
43.4,-85.9,1
43.4,-85.9,1
43.4,-85.9,1
43.4,-85.9,1
43.4,-85.9,1
43.4,-85.9,1
43.4,-85.9,1
43.4,-85.9,1
43.4,-85.9,1
43.4,-85.9,1
43.4,-85.9,1
43.4,-85.9,1
43.4,-85.9,1
43.4,-85.9,1
43.4,-85.9,1
43.4,-85.9,1
43.4,-85.9,1
43.4,-85.9,1
43.4,-85.9,1
43.4,-85.9,1
43.4,-85.9,1
43.4,-85.9,1
43.4,-85.9,1
43.4,-85.9,1
43.4,-85.9,1
43.4,-85.9,1
43.4,-85.9,1
43.4,-85.9,1
43.4,-85.9,1
43.4,-85.9,1
43.4,-85.9,1
43.4,-85.9,1
43.4,-85.9,1
43.4,-85.9,1
43.4,-85.9,1
43.4,-85.9,1
43.4,-85.9,1
43.4,-85.9,1
43.4,-85.9,1
43.4,-85.9,1
43.4,-85.9,1
43.4,-85.9,1
43.4,-85.9,1
43.4,-85.9,1
43.4,-85.9,1
43.4,-85.9,1
43.4,-85.9,1
43.4,-85.9,1
43.4,-85.9,1
43.4,-85.9,1
43.4,-85.9,1
43.4,-85.9,1
43.4,-85.9,1
43.4,-85.9,1
43.4,-85.9,1
43.4,-85.9,1
43.4,-85.9,1
43.4,-85.9,1
43.4,-85.9,1
43.4,-85.9,1
43.4,-85.9,1
43.4,-85.9,1
43.4,-85.9,1
43.4,-85.9,1
43.4,-85.9,1
43.4,-85.9,1
43.4,-85.9,1
43.4,-85.9,1
43.4,-85.9,1
43.4,-85.9,1
43.4,-85.9,1
43.4,-85.9,1
43.4,-85.9,1
43.4,-85.9,1
43.4,-85.9,1
43.4,-85.9,1
43.4,-85.9,1
43.4,-85.9,1
43.4,-85.9,1
43.4,-85.9,1
43.4,-85.9,1
43.4,-85.9,1
43.4,-85.9,1
43.4,-85.9,1
43.4,-85.9,1
43.4,-85.9,1
43.4,-85.9,1
43.4,-85.9,1
43.4,-85.9,1
43.4,-85.9,1
43.4,-85.9,1
43.4,-85.9,1
43.4,-85.9,1
43.4,-85.9,1
43.4,-85.9,1
43.4,-85.9,1
43.4,-85.9,1
43.4,-85.9,1
43.4,-85.9,1
43.4,-85.9,1
43.4,-85.9,1
43.4,-85.9,1
43.4,-85.9,1
43.4,-85.9,1
43.4,-85.9,1
43.4,-85.9,1
43.4,-85.9,1
43.4,-85.9,1
43.4,-85.9,1
43.4,-85.9,1
43.4,-85.9,1
43.4,-85.9,1
43.4,-85.9,1
43.4,-85.9,1
43.4,-85.9,1
43.4,-85.9,1
43.4,-85.9,1
43.4,-85.9,1
43.4,-85.9,1
43.4,-85.9,1
43.4,-85.9,1
43.4,-85.9,1
43.4,-85.9,1
43.4,-85.9,1
43.4,-85.9,1
43.4,-85.9,1
43.4,-85.9,1
43.4,-85.9,1
43.4,-85.9,1
43.4,-85.9,1
43.4,-85.9,1
43.4,-85.9,1
43.4,-85.9,1
43.4,-85.9,1
43.4,-85.9,1
43.4,-85.9,1
43.4,-85.9,1
43.4,-85.9,1
43.4,-85.9,1
43.4,-85.9,1
43.4,-85.9,1
43.4,-85.9,1
43.4,-85.9,1
43.4,-85.9,1
43.4,-85.9,1
43.4,-85.9,1
43.4,-85.9,1
43.4,-85.9,1
43.4,-85.9,1
43.4,-85.9,1
43.4,-85.9,1
43.4,-85.9,1
43.4,-85.9,1
43.4,-85.9,1
43.4,-85.9,1
43.4,-85.9,1
43.4,-85.9,1
43.4,-85.9,1
43.4,-85.9,1
43.4,-85.9,1
43.4,-85.9,1
43.4,-85.9,1
43.4,-85.9,1
43.4,-85.9,1
43.4,-85.9,1
43.4,-85.9,1
43.4,-85.9,1
43.4,-85.9,1
43.4,-85.9,1
43.4,-85.9,1
43.4,-85.9,1
43.4,-85.9,1
43.4,-85.9,1
43.4,-85.9,1
43.4,-85.9,1
43.4,-85.9,1
43.4,-85.9,1
43.4,-85.9,1
43.4,-85.9,1
43.4,-85.9,1
43.4,-85.9,1
43.4,-85.9,1
43.4,-85.9,1
43.4,-85.9,1
43.4,-85.9,1
43.4,-85.9,1
43.4,-85.9,1
43.4,-85.9,1
43.4,-85.9,1
43.4,-85.9,1
43.4,-85.9,1
43.4,-85.9,1
43.4,-85.9,1
43.4,-85.9,1
43.4,-85.9,1
43.4,-85.9,1
43.4,-85.9,1
43.4,-85.9,1
43.4,-85.9,1
43.4,-85.9,1
43.4,-85.9,1
43.4,-85.9,1
43.4,-85.9,1
43.4,-85.9,1
43.4,-85.9,1
43.4,-85.9,1
43.4,-85.9,1
43.4,-85.9,1
43.4,-85.9,1
43.4,-85.9,1
43.4,-85.9,1
43.4,-85.9,1
43.4,-85.9,1
43.4,-85.9,1
43.4,-85.9,1
43.4,-85.9,1
43.4,-85.9,1
43.4,-85.9,1
43.4,-85.9,1
43.4,-85.9,1
43.4,-85.9,1
43.4,-85.9,1
43.4,-85.9,1
43.4,-85.9,1
43.4,-85.9,1
43.4,-85.9,1
43.4,-85.9,1
43.4,-85.9,1
43.4,-85.9,1
43.4,-85.9,1
43.4,-85.9,1
43.4,-85.9,1
43.4,-85.9,1
43.4,-85.9,1
43.4,-85.9,1
43.4,-85.9,1
43.4,-85.9,1
43.4,-85.9,1
43.4,-85.9,1
43.4,-85.9,1
43.4,-85.9,1
43.4,-85.9,1
43.4,-85.9,1
43.4,-85.9,1
43.4,-85.9,1
43.4,-85.9,1
43.4,-85.9,1
43.4,-85.9,1
43.4,-85.9,1
43.4,-85.9,1
43.4,-85.9,1
43.4,-85.9,1
43.4,-85.9,1
43.4,-85.9,1
43.4,-85.9,1
43.4,-85.9,1
43.4,-85.9,1
43.4,-85.9,1
43.4,-85.9,1
43.4,-85.9,1
43.4,-85.9,1
43.4,-85.9,1
43.4,-85.9,1
43.4,-85.9,1
43.4,-85.9,1
43.4,-85.9,1
43.4,-85.9,1
43.4,-85.9,1
43.4,-85.9,1
43.4,-85.9,1
43.4,-85.9,1
43.4,-85.9,1
43.4,-85.9,1
43.4,-85.9,1
43.4,-85.9,1
43.4,-85.9,1
43.4,-85.9,1
43.4,-85.9,1
43.4,-85.9,1
43.4,-85.9,1
43.4,-85.9,1
43.4,-85.9,1
43.4,-85.9,1
43.4,-85.9,1
43.4,-85.9,1
43.4,-85.9,1
43.4,-85.9,1
43.4,-85.9,1
43.4,-85.9,1
43.4,-85.9,1
43.4,-85.9,1
43.4,-85.9,1
43.4,-85.9,1
43.4,-85.9,1
43.4,-85.9,1
43.4,-85.9,1
43.4,-85.9,1
43.4,-85.9,1
43.4,-85.9,1
43.4,-85.9,1
43.4,-85.9,1
43.4,-85.9,1
43.4,-85.9,1
43.4,-85.9,1
43.4,-85.9,1
43.4,-85.9,1
43.4,-85.9,1
43.4,-85.9,1
43.4,-85.9,1
43.4,-85.9,1
43.4,-85.9,1
43.4,-85.9,1
43.4,-85.9,1
43.4,-85.9,1
43.4,-85.9,1
43.4,-85.9,1
43.4,-85.9,1
43.4,-85.9,1
43.4,-85.9,1
43.4,-85.9,1
43.4,-85.9,1
43.4,-85.9,1
43.4,-85.9,1
43.4,-85.9,1
43.4,-85.9,1
43.4,-85.9,1
43.4,-85.9,1
43.4,-85.9,1
43.4,-85.9,1
43.4,-85.9,1
43.4,-85.9,1
43.4,-85.9,1
43.4,-85.9,1
43.4,-85.9,1
43.4,-85.9,1
43.4,-85.9,1
43.4,-85.9,1
43.4,-85.9,1
43.4,-85.9,1
43.4,-85.9,1
43.4,-85.9,1
43.4,-85.9,1
43.4,-85.9,1
43.4,-85.9,1
43.4,-85.9,1
43.4,-85.9,1
43.4,-85.9,1
43.4,-85.9,1
43.4,-85.9,1
43.4,-85.9,1
43.4,-85.9,1
43.4,-85.9,1
43.4,-85.9,1
43.4,-85.9,1
43.4,-85.9,1
43.4,-85.9,1
43.4,-85.9,1
43.4,-85.9,1
43.4,-85.9,1
43.4,-85.9,1
43.4,-85.9,1
43.4,-85.9,1
43.4,-85.9,1
43.4,-85.9,1
43.4,-85.9,1
43.4,-85.9,1
43.4,-85.9,1
43.4,-85.9,1
43.4,-85.9,1
43.4,-85.9,1
43.4,-85.9,1
43.4,-85.9,1
43.4,-85.9,1
43.4,-85.9,1
43.4,-85.9,1
43.4,-85.9,1
43.4,-85.9,1
43.4,-85.9,1
43.4,-85.9,1
43.4,-85.9,1
43.4,-85.9,1
43.4,-85.9,1
43.4,-85.9,1
43.4,-85.9,1
43.4,-85.9,1
43.4,-85.9,1
43.4,-85.9,1
43.4,-85.9,1
43.4,-85.9,1
43.4,-85.9,1
43.4,-85.9,1
43.4,-85.9,1
43.4,-85.9,1
43.4,-85.9,1
43.4,-85.9,1
43.4,-85.9,1
43.4,-85.9,1
43.4,-85.9,1
43.4,-85.9,1
43.4,-85.9,1
43.4,-85.9,1
43.4,-85.9,1
43.4,-85.9,1
43.4,-85.9,1
43.4,-85.9,1
43.4,-85.9,1
43.4,-85.9,1
43.4,-85.9,1
43.4,-85.9,1
43.4,-85.9,1
43.4,-85.9,1
43.4,-85.9,1
43.4,-85.9,1
43.4,-85.9,1
43.4,-85.9,1
43.4,-85.9,1
43.4,-85.9,1
43.4,-85.9,1
43.4,-85.9,1
43.4,-85.9,1
43.4,-85.9,1
43.4,-85.9,1
43.4,-85.9,1
43.4,-85.9,1
43.4,-85.9,1
43.4,-85.9,1
43.4,-85.9,1
43.4,-85.9,1
43.4,-85.9,1
43.4,-85.9,1
43.4,-85.9,1
43.4,-85.9,1
43.4,-85.9,1
43.4,-85.9,1
43.4,-85.9,1
43.4,-85.9,1
43.4,-85.9,1
43.4,-85.9,1
43.4,-85.9,1
43.4,-85.9,1
43.4,-85.9,1
43.4,-85.9,1
43.4,-85.9,1
43.4,-85.9,1
43.4,-85.9,1
43.4,-85.9,1
43.4,-85.9,1
43.4,-85.9,1
43.4,-85.9,1
43.4,-85.9,1
43.4,-85.9,1
43.4,-85.9,1
43.4,-85.9,1
43.4,-85.9,1
43.4,-85.9,1
43.4,-85.9,1
43.4,-85.9,1
43.4,-85.9,1
43.4,-85.9,1
43.4,-85.9,1
43.4,-85.9,1
43.4,-85.9,1
43.4,-85.9,1
43.4,-85.9,1
43.4,-85.9,1
43.4,-85.9,1
43.4,-85.9,1
43.4,-85.9,1
43.4,-85.9,1
43.4,-85.9,1
43.4,-85.9,1
43.4,-85.9,1
43.4,-85.9,1
43.4,-85.9,1
43.4,-85.9,1
43.4,-85.9,1
43.4,-85.9,1
43.4,-85.9,1
43.4,-85.9,1
43.4,-85.9,1
43.4,-85.9,1
43.4,-85.9,1
43.4,-85.9,1
43.4,-85.9,1
43.4,-85.9,1
43.4,-85.9,1
43.4,-85.9,1
43.4,-85.9,1
43.4,-85.9,1
43.4,-85.9,1
43.4,-85.9,1
43.4,-85.9,1
43.4,-85.9,1
43.4,-85.9,1
43.4,-85.9,1
43.4,-85.9,1
43.4,-85.9,1
43.4,-85.9,1
43.4,-85.9,1
43.4,-85.9,1
43.4,-85.9,1
43.4,-85.9,1
43.4,-85.9,1
43.4,-85.9,1
43.4,-85.9,1
43.4,-85.9,1
43.4,-85.9,1
43.4,-85.9,1
43.4,-85.9,1
43.4,-85.9,1
43.4,-85.9,1
43.4,-85.9,1
43.4,-85.9,1
43.4,-85.9,1
43.4,-85.9,1
43.4,-85.9,1
43.4,-85.9,1
43.4,-85.9,1
43.4,-85.9,1
43.4,-85.9,1
43.4,-85.9,1
43.4,-85.9,1
43.4,-85.9,1
43.4,-85.9,1
43.4,-85.9,1
43.4,-85.9,1
43.4,-85.9,1
43.4,-85.9,1
43.4,-85.9,1
43.4,-85.9,1
43.4,-85.9,1
43.4,-85.9,1
43.4,-85.9,1
43.4,-85.9,1
43.4,-85.9,1
43.4,-85.9,1
43.4,-85.9,1
43.4,-85.9,1
43.4,-85.9,1
43.4,-85.9,1
43.4,-85.9,1
43.4,-85.9,1
43.4,-85.9,1
43.4,-85.9,1
43.4,-85.9,1
43.4,-85.9,1
43.4,-85.9,1
43.4,-85.9,1
43.4,-85.9,1
43.4,-85.9,1
43.4,-85.9,1
43.4,-85.9,1
43.4,-85.9,1
43.4,-85.9,1
43.4,-85.9,1
43.4,-85.9,1
43.4,-85.9,1
43.4,-85.9,1
43.4,-85.9,1
43.4,-85.9,1
43.4,-85.9,1
43.4,-85.9,1
43.4,-85.9,1
43.4,-85.9,1
43.4,-85.9,1
43.4,-85.9,1
43.4,-85.9,1
43.4,-85.9,1
43.4,-85.9,1
43.4,-85.9,1
43.4,-85.9,1
43.4,-85.9,1
43.4,-85.9,1
43.4,-85.9,1
43.4,-85.9,1
43.4,-85.9,1
43.4,-85.9,1
43.4,-85.9,1
43.4,-85.9,1
43.4,-85.9,1
43.4,-85.9,1
43.4,-85.9,1
43.4,-85.9,1
43.4,-85.9,1
43.4,-85.9,1
43.4,-85.9,1
43.4,-85.9,1
43.4,-85.9,1
43.4,-85.9,1
43.4,-85.9,1
43.4,-85.9,1
43.4,-85.9,1
43.4,-85.9,1
43.4,-85.9,1
43.4,-85.9,1
43.4,-85.9,1
43.4,-85.9,1
43.4,-85.9,1
43.4,-85.9,1
43.4,-85.9,1
43.4,-85.9,1
43.4,-85.9,1
43.4,-85.9,1
43.4,-85.9,1
43.4,-85.9,1
43.4,-85.9,1
43.4,-85.9,1
43.4,-85.9,1
43.4,-85.9,1
43.4,-85.9,1
43.4,-85.9,1
43.4,-85.9,1
43.4,-85.9,1
43.4,-85.9,1
43.4,-85.9,1
43.4,-85.9,1
43.4,-85.9,1
43.4,-85.9,1
43.4,-85.9,1
43.4,-85.9,1
43.4,-85.9,1
43.4,-85.9,1
43.4,-85.9,1
43.4,-85.9,1
43.4,-85.9,1
43.4,-85.9,1
43.4,-85.9,1
43.4,-85.9,1
43.4,-85.9,1
43.4,-85.9,1
43.4,-85.9,1
43.4,-85.9,1
43.4,-85.9,1
43.4,-85.9,1
43.4,-85.9,1
43.4,-85.9,1
43.4,-85.9,1
43.4,-85.9,1
43.4,-85.9,1
43.4,-85.9,1
43.4,-85.9,1
43.4,-85.9,1
43.4,-85.9,1
43.4,-85.9,1
43.4,-85.9,1
43.4,-85.9,1
43.4,-85.9,1
43.4,-85.9,1
43.4,-85.9,1
43.4,-85.9,1
43.4,-85.9,1
43.4,-85.9,1
43.4,-85.9,1
43.4,-85.9,1
43.4,-85.9,1
43.4,-85.9,1
43.4,-85.9,1
43.4,-85.9,1
43.4,-85.9,1
43.4,-85.9,1
43.4,-85.9,1
43.4,-85.9,1
43.4,-85.9,1
43.4,-85.9,1
43.4,-85.9,1
43.4,-85.9,1
43.4,-85.9,1
43.4,-85.9,1
43.4,-85.9,1
43.4,-85.9,1
43.4,-85.9,1
43.4,-85.9,1
43.4,-85.9,1
43.4,-85.9,1
43.4,-85.9,1
43.4,-85.9,1
43.4,-85.9,1
43.4,-85.9,1
43.4,-85.9,1
43.4,-85.9,1
43.4,-85.9,1
43.4,-85.9,1
43.4,-85.9,1
43.4,-85.9,1
43.4,-85.9,1
43.4,-85.9,1
43.4,-85.9,1
43.4,-85.9,1
43.4,-85.9,1
43.4,-85.9,1
43.4,-85.9,1
43.4,-85.9,1
43.4,-85.9,1
43.4,-85.9,1
43.4,-85.9,1
43.4,-85.9,1
43.4,-85.9,1
43.4,-85.9,1
43.4,-85.9,1
43.4,-85.9,1
43.4,-85.9,1
43.4,-85.9,1
43.4,-85.9,1
43.4,-85.9,1
43.4,-85.9,1
43.4,-85.9,1
43.4,-85.9,1
43.4,-85.9,1
43.4,-85.9,1
43.4,-85.9,1
43.4,-85.9,1
43.4,-85.9,1
43.4,-85.9,1
43.4,-85.9,1
43.4,-85.9,1
43.4,-85.9,1
43.4,-85.9,1
43.4,-85.9,1
43.4,-85.9,1
43.4,-85.9,1
43.4,-85.9,1
43.4,-85.9,1
43.4,-85.9,1
43.4,-85.9,1
43.4,-85.9,1
43.4,-85.9,1
43.4,-85.9,1
43.4,-85.9,1
43.4,-85.9,1
43.4,-85.9,1
43.4,-85.9,1
43.4,-85.9,1
43.4,-85.9,1
43.4,-85.9,1
43.4,-85.9,1
43.4,-85.9,1
43.4,-85.9,1
43.4,-85.9,1
43.4,-85.9,1
43.4,-85.9,1
43.4,-85.9,1
43.4,-85.9,1
43.4,-85.9,1
43.4,-85.9,1
43.4,-85.9,1
43.4,-85.9,1
43.4,-85.9,1
43.4,-85.9,1
43.4,-85.9,1
43.4,-85.9,1
43.4,-85.9,1
43.4,-85.9,1
43.4,-85.9,1
43.4,-85.9,1
43.4,-85.9,1
43.4,-85.9,1
43.4,-85.9,1
43.4,-85.9,1
43.4,-85.9,1
43.4,-85.9,1
43.4,-85.9,1
43.4,-85.9,1
43.4,-85.9,1
43.4,-85.9,1
43.4,-85.9,1
43.4,-85.9,1
43.4,-85.9,1
43.4,-85.9,1
43.4,-85.9,1
43.4,-85.9,1
43.4,-85.9,1
43.4,-85.9,1
43.4,-85.9,1
43.4,-85.9,1
43.4,-85.9,1
43.4,-85.9,1
43.4,-85.9,1
43.4,-85.9,1
43.4,-85.9,1
43.4,-85.9,1
43.4,-85.9,1
43.4,-85.9,1
43.4,-85.9,1
43.4,-85.9,1
43.4,-85.9,1
43.4,-85.9,1
43.4,-85.9,1
43.4,-85.9,1
43.4,-85.9,1
43.4,-85.9,1
43.4,-85.9,1
43.4,-85.9,1
43.4,-85.9,1
43.4,-85.9,1
43.4,-85.9,1
43.4,-85.9,1
43.4,-85.9,1
43.4,-85.9,1
43.4,-85.9,1
43.4,-85.9,1
43.4,-85.9,1
43.4,-85.9,1
43.4,-85.9,1
43.4,-85.9,1
43.4,-85.9,1
43.4,-85.9,1
43.4,-85.9,1
43.4,-85.9,1
43.4,-85.9,1
43.4,-85.9,1
43.4,-85.9,1
43.4,-85.9,1
43.4,-85.9,1
43.4,-85.9,1
43.4,-85.9,1
43.4,-85.9,1
43.4,-85.9,1
43.4,-85.9,1
43.4,-85.9,1
43.4,-85.9,1
43.4,-85.9,1
43.4,-85.9,1
43.4,-85.9,1
43.4,-85.9,1
43.4,-85.9,1
43.4,-85.9,1
43.4,-85.9,1
43.4,-85.9,1
43.4,-85.9,1
43.4,-85.9,1
43.4,-85.9,1
43.4,-85.9,1
43.4,-85.9,1
43.4,-85.9,1
43.4,-85.9,1
43.4,-85.9,1
43.4,-85.9,1
43.4,-85.9,1
43.4,-85.9,1
43.4,-85.9,1
43.4,-85.9,1
43.4,-85.9,1
43.4,-85.9,1
43.4,-85.9,1
43.4,-85.9,1
43.4,-85.9,1
43.4,-85.9,1
43.4,-85.9,1
43.4,-85.9,1
43.4,-85.9,1
43.4,-85.9,1
43.4,-85.9,1
43.4,-85.9,1
43.4,-85.9,1
43.4,-85.9,1
43.4,-85.9,1
43.4,-85.9,1
43.4,-85.9,1
43.4,-85.9,1
43.4,-85.9,1
43.4,-85.9,1
43.4,-85.9,1
43.4,-85.9,1
43.4,-85.9,1
43.4,-85.9,1
43.4,-85.9,1
43.4,-85.9,1
43.4,-85.9,1
43.4,-85.9,1
43.4,-85.9,1
43.4,-85.9,1
43.4,-85.9,1
43.4,-85.9,1
43.4,-85.9,1
43.4,-85.9,1
43.4,-85.9,1
43.4,-85.9,1
43.4,-85.9,1
43.4,-85.9,1
43.4,-85.9,1
43.4,-85.9,1
43.4,-85.9,1
43.4,-85.9,1
43.4,-85.9,1
43.4,-85.9,1
43.4,-85.9,1
43.4,-85.9,1
43.4,-85.9,1
43.4,-85.9,1
43.4,-85.9,1
43.4,-85.9,1
43.4,-85.9,1
43.4,-85.9,1
43.4,-85.9,1
43.4,-85.9,1
43.4,-85.9,1
43.4,-85.9,1
43.4,-85.9,1
43.4,-85.9,1
43.4,-85.9,1
43.4,-85.9,1
43.4,-85.9,1
43.4,-85.9,1
43.4,-85.9,1
43.4,-85.9,1
43.4,-85.9,1
43.4,-85.9,1
43.4,-85.9,1
43.4,-85.9,1
43.4,-85.9,1
43.4,-85.9,1
43.4,-85.9,1
43.4,-85.9,1
43.4,-85.9,1
43.4,-85.9,1
43.4,-85.9,1
43.4,-85.9,1
43.4,-85.9,1
43.4,-85.9,1
43.4,-85.9,1
43.4,-85.9,1
43.4,-85.9,1
43.4,-85.9,1
43.4,-85.9,1
43.4,-85.9,1
43.4,-85.9,1
43.4,-85.9,1
43.4,-85.9,1
43.4,-85.9,1
43.4,-85.9,1
43.4,-85.9,1
43.4,-85.9,1
43.4,-85.9,1
43.4,-85.9,1
43.4,-85.9,1
43.4,-85.9,1
43.4,-85.9,1
43.4,-85.9,1
43.4,-85.9,1
43.4,-85.9,1
43.4,-85.9,1
43.4,-85.9,1
43.4,-85.9,1
43.4,-85.9,1
43.4,-85.9,1
43.4,-85.9,1
43.4,-85.9,1
43.4,-85.9,1
43.4,-85.9,1
43.4,-85.9,1
43.4,-85.9,1
43.4,-85.9,1
43.4,-85.9,1
43.4,-85.9,1
43.4,-85.9,1
43.4,-85.9,1
43.4,-85.9,1
43.4,-85.9,1
43.4,-85.9,1
43.4,-85.9,1
43.4,-85.9,1
43.4,-85.9,1
43.4,-85.9,1
43.4,-85.9,1
43.4,-85.9,1
43.4,-85.9,1
43.4,-85.9,1
43.4,-85.9,1
43.4,-85.9,1
43.4,-85.9,1
43.4,-85.9,1
43.4,-85.9,1
43.4,-85.9,1
43.4,-85.9,1
43.4,-85.9,1
43.4,-85.9,1
43.4,-85.9,1
43.4,-85.9,1
43.4,-85.9,1
43.4,-85.9,1
43.4,-85.9,1
43.4,-85.9,1
43.4,-85.9,1
43.4,-85.9,1
43.4,-85.9,1
43.4,-85.9,1
43.4,-85.9,1
43.4,-85.9,1
43.4,-85.9,1
43.4,-85.9,1
43.4,-85.9,1
43.4,-85.9,1
43.4,-85.9,1
43.4,-85.9,1
43.4,-85.9,1
43.4,-85.9,1
43.4,-85.9,1
43.4,-85.9,1
43.4,-85.9,1
43.4,-85.9,1
43.4,-85.9,1
43.4,-85.9,1
43.4,-85.9,1
43.4,-85.9,1
43.4,-85.9,1
43.4,-85.9,1
43.4,-85.9,1
43.4,-85.9,1
43.4,-85.9,1
43.4,-85.9,1
43.4,-85.9,1
43.4,-85.9,1
43.4,-85.9,1
43.4,-85.9,1
43.4,-85.9,1
43.4,-85.9,1
43.4,-85.9,1
43.4,-85.9,1
43.4,-85.9,1
43.4,-85.9,1
43.4,-85.9,1
43.4,-85.9,1
43.4,-85.9,1
43.4,-85.9,1
43.4,-85.9,1
43.4,-85.9,1
43.4,-85.9,1
43.4,-85.9,1
43.4,-85.9,1
43.4,-85.9,1
43.4,-85.9,1
43.4,-85.9,1
43.4,-85.9,1
43.4,-85.9,1
43.4,-85.9,1
43.4,-85.9,1
43.4,-85.9,1
43.4,-85.9,1
43.4,-85.9,1
43.4,-85.9,1
43.4,-85.9,1
43.4,-85.9,1
43.4,-85.9,1
43.4,-85.9,1
43.4,-85.9,1
43.4,-85.9,1
43.4,-85.9,1
43.4,-85.9,1
43.4,-85.9,1
43.4,-85.9,1
43.4,-85.9,1
43.4,-85.9,1
43.4,-85.9,1
43.4,-85.9,1
43.4,-85.9,1
43.4,-85.9,1
43.4,-85.9,1
43.4,-85.9,1
43.4,-85.9,1
43.4,-85.9,1
43.4,-85.9,1
43.4,-85.9,1
43.4,-85.9,1
43.4,-85.9,1
43.4,-85.9,1
43.4,-85.9,1
43.4,-85.9,1
43.4,-85.9,1
43.4,-85.9,1
43.4,-85.9,1
43.4,-85.9,1
43.4,-85.9,1
43.4,-85.9,1
43.4,-85.9,1
43.4,-85.9,1
43.4,-85.9,1
43.4,-85.9,1
43.4,-85.9,1
43.4,-85.9,1
43.4,-85.9,1
43.4,-85.9,1
43.4,-85.9,1
43.4,-85.9,1
43.4,-85.9,1
43.4,-85.9,1
43.4,-85.9,1
43.4,-85.9,1
43.4,-85.9,1
43.4,-85.9,1
43.4,-85.9,1
43.4,-85.9,1
43.4,-85.9,1
43.4,-85.9,1
43.4,-85.9,1
43.4,-85.9,1
43.4,-85.9,1
43.4,-85.9,1
43.4,-85.9,1
43.4,-85.9,1
43.4,-85.9,1
43.4,-85.9,1
43.4,-85.9,1
43.4,-85.9,1
43.4,-85.9,1
43.4,-85.9,1
43.4,-85.9,1
43.4,-85.9,1
43.4,-85.9,1
43.4,-85.9,1
43.4,-85.9,1
43.4,-85.9,1
43.4,-85.9,1
43.4,-85.9,1
43.4,-85.9,1
43.4,-85.9,1
43.4,-85.9,1
43.4,-85.9,1
43.4,-85.9,1
43.4,-85.9,1
43.4,-85.9,1
43.4,-85.9,1
43.4,-85.9,1
43.4,-85.9,1
43.4,-85.9,1
43.4,-85.9,1
43.4,-85.9,1
43.4,-85.9,1
43.4,-85.9,1
43.4,-85.9,1
43.4,-85.9,1
43.4,-85.9,1
43.4,-85.9,1
43.4,-85.9,1
43.4,-85.9,1
43.4,-85.9,1
43.4,-85.9,1
43.4,-85.9,1
43.4,-85.9,1
43.4,-85.9,1
43.4,-85.9,1
43.4,-85.9,1
43.4,-85.9,1
43.4,-85.9,1
43.4,-85.9,1
43.4,-85.9,1
43.4,-85.9,1
43.4,-85.9,1
43.4,-85.9,1
43.4,-85.9,1
43.4,-85.9,1
43.4,-85.9,1
43.4,-85.9,1
43.4,-85.9,1
43.4,-85.9,1
43.4,-85.9,1
43.4,-85.9,1
43.4,-85.9,1
43.4,-85.9,1
43.4,-85.9,1
43.4,-85.9,1
43.4,-85.9,1
43.4,-85.9,1
43.4,-85.9,1
43.4,-85.9,1
43.4,-85.9,1
43.4,-85.9,1
43.4,-85.9,1
43.4,-85.9,1
43.4,-85.9,1
43.4,-85.9,1
43.4,-85.9,1
43.4,-85.9,1
43.4,-85.9,1
43.4,-85.9,1
43.4,-85.9,1
43.4,-85.9,1
43.4,-85.9,1
43.4,-85.9,1
43.4,-85.9,1
43.4,-85.9,1
43.4,-85.9,1
43.4,-85.9,1
43.4,-85.9,1
43.4,-85.9,1
43.4,-85.9,1
43.4,-85.9,1
43.4,-85.9,1
43.4,-85.9,1
43.4,-85.9,1
43.4,-85.9,1
43.4,-85.9,1
43.4,-85.9,1
43.4,-85.9,1
43.4,-85.9,1
43.4,-85.9,1
43.4,-85.9,1
43.4,-85.9,1
43.4,-85.9,1
43.4,-85.9,1
43.4,-85.9,1
43.4,-85.9,1
43.4,-85.9,1
43.4,-85.9,1
43.4,-85.9,1
43.4,-85.9,1
43.4,-85.9,1
43.4,-85.9,1
43.4,-85.9,1
43.4,-85.9,1
43.4,-85.9,1
43.4,-85.9,1
43.4,-85.9,1
43.4,-85.9,1
43.4,-85.9,1
43.4,-85.9,1
43.4,-85.9,1
43.4,-85.9,1
43.4,-85.9,1
43.4,-85.9,1
43.4,-85.9,1
43.4,-85.9,1
43.4,-85.9,1
43.4,-85.9,1
43.4,-85.9,1
43.4,-85.9,1
43.4,-85.9,1
43.4,-85.9,1
43.4,-85.9,1
43.4,-85.9,1
43.4,-85.9,1
43.4,-85.9,1
43.4,-85.9,1
43.4,-85.9,1
43.4,-85.9,1
43.4,-85.9,1
43.4,-85.9,1
43.4,-85.9,1
43.4,-85.9,1
43.4,-85.9,1
43.4,-85.9,1
43.4,-85.9,1
43.4,-85.9,1
43.4,-85.9,1
43.4,-85.9,1
43.4,-85.9,1
43.4,-85.9,1
43.4,-85.9,1
43.4,-85.9,1
43.4,-85.9,1
43.4,-85.9,1
43.4,-85.9,1
43.4,-85.9,1
43.4,-85.9,1
43.4,-85.9,1
43.4,-85.9,1
43.4,-85.9,1
43.4,-85.9,1
43.4,-85.9,1
43.4,-85.9,1
43.4,-85.9,1
43.4,-85.9,1
43.4,-85.9,1
43.4,-85.9,1
43.4,-85.9,1
43.4,-85.9,1
43.4,-85.9,1
43.4,-85.9,1
43.4,-85.9,1
43.4,-85.9,1
43.4,-85.9,1
43.4,-85.9,1
43.4,-85.9,1
43.4,-85.9,1
43.4,-85.9,1
43.4,-85.9,1
43.4,-85.9,1
43.4,-85.9,1
43.4,-85.9,1
43.4,-85.9,1
43.4,-85.9,1
43.4,-85.9,1
43.4,-85.9,1
43.4,-85.9,1
43.4,-85.9,1
43.4,-85.9,1
43.4,-85.9,1
43.4,-85.9,1
43.4,-85.9,1
43.4,-85.9,1
43.4,-85.9,1
43.4,-85.9,1
43.4,-85.9,1
43.4,-85.9,1
43.4,-85.9,1
43.4,-85.9,1
43.4,-85.9,1
43.4,-85.9,1
43.4,-85.9,1
43.4,-85.9,1
43.4,-85.9,1
43.4,-85.9,1
43.4,-85.9,1
43.4,-85.9,1
43.4,-85.9,1
43.4,-85.9,1
43.4,-85.9,1
43.4,-85.9,1
43.4,-85.9,1
43.4,-85.9,1
43.4,-85.9,1
43.4,-85.9,1
43.4,-85.9,1
43.4,-85.9,1
43.4,-85.9,1
43.4,-85.9,1
43.4,-85.9,1
43.4,-85.9,1
43.4,-85.9,1
43.4,-85.9,1
43.4,-85.9,1
43.4,-85.9,1
43.4,-85.9,1
43.4,-85.9,1
43.4,-85.9,1
43.4,-85.9,1
43.4,-85.9,1
43.4,-85.9,1
43.4,-85.9,1
43.4,-85.9,1
43.4,-85.9,1
43.4,-85.9,1
43.4,-85.9,1
43.4,-85.9,1
43.4,-85.9,1
43.4,-85.9,1
43.4,-85.9,1
43.4,-85.9,1
43.4,-85.9,1
43.4,-85.9,1
43.4,-85.9,1
43.4,-85.9,1
43.4,-85.9,1
43.4,-85.9,1
43.4,-85.9,1
43.4,-85.9,1
43.4,-85.9,1
43.4,-85.9,1
43.4,-85.9,1
43.4,-85.9,1
43.4,-85.9,1
43.4,-85.9,1
43.4,-85.9,1
43.4,-85.9,1
43.4,-85.9,1
43.4,-85.9,1
43.4,-85.9,1
43.4,-85.9,1
43.4,-85.9,1
43.4,-85.9,1
43.4,-85.9,1
43.4,-85.9,1
43.4,-85.9,1
43.4,-85.9,1
43.4,-85.9,1
43.4,-85.9,1
43.4,-85.9,1
43.4,-85.9,1
43.4,-85.9,1
43.4,-85.9,1
43.4,-85.9,1
43.4,-85.9,1
43.4,-85.9,1
43.4,-85.9,1
43.4,-85.9,1
43.4,-85.9,1
43.4,-85.9,1
43.4,-85.9,1
43.4,-85.9,1
43.4,-85.9,1
43.4,-85.9,1
43.4,-85.9,1
43.4,-85.9,1
43.4,-85.9,1
43.4,-85.9,1
43.4,-85.9,1
43.4,-85.9,1
43.4,-85.9,1
43.4,-85.9,1
43.4,-85.9,1
43.4,-85.9,1
43.4,-85.9,1
43.4,-85.9,1
43.4,-85.9,1
43.4,-85.9,1
43.4,-85.9,1
43.4,-85.9,1
43.4,-85.9,1
43.4,-85.9,1
43.4,-85.9,1
43.4,-85.9,1
43.4,-85.9,1
43.4,-85.9,1
43.4,-85.9,1
43.4,-85.9,1
43.4,-85.9,1
43.4,-85.9,1
43.4,-85.9,1
43.4,-85.9,1
43.4,-85.9,1
43.4,-85.9,1
43.4,-85.9,1
43.4,-85.9,1
43.4,-85.9,1
43.4,-85.9,1
43.4,-85.9,1
43.4,-85.9,1
43.4,-85.9,1
43.4,-85.9,1
43.4,-85.9,1
43.4,-85.9,1
43.4,-85.9,1
43.4,-85.9,1
43.4,-85.9,1
43.4,-85.9,1
43.4,-85.9,1
43.4,-85.9,1
43.4,-85.9,1
43.4,-85.9,1
43.4,-85.9,1
43.4,-85.9,1
43.4,-85.9,1
43.4,-85.9,1
43.4,-85.9,1
43.4,-85.9,1
43.4,-85.9,1
43.4,-85.9,1
43.4,-85.9,1
43.4,-85.9,1
43.4,-85.9,1
43.4,-85.9,1
43.4,-85.9,1
43.4,-85.9,1
43.4,-85.9,1
43.4,-85.9,1
43.4,-85.9,1
43.4,-85.9,1
43.4,-85.9,1
43.4,-85.9,1
43.4,-85.9,1
43.4,-85.9,1
43.4,-85.9,1
43.4,-85.9,1
43.4,-85.9,1
43.4,-85.9,1
43.4,-85.9,1
43.4,-85.9,1
43.4,-85.9,1
43.4,-85.9,1
43.4,-85.9,1
43.4,-85.9,1
43.4,-85.9,1
43.4,-85.9,1
43.4,-85.9,1
43.4,-85.9,1
43.4,-85.9,1
43.4,-85.9,1
43.4,-85.9,1
43.4,-85.9,1
43.4,-85.9,1
43.4,-85.9,1
43.4,-85.9,1
43.4,-85.9,1
43.4,-85.9,1
43.4,-85.9,1
43.4,-85.9,1
43.4,-85.9,1
43.4,-85.9,1
43.4,-85.9,1
43.4,-85.9,1
43.4,-85.9,1
43.4,-85.9,1
43.4,-85.9,1
43.4,-85.9,1
43.4,-85.9,1
43.4,-85.9,1
43.4,-85.9,1
43.4,-85.9,1
43.4,-85.9,1
43.4,-85.9,1
43.4,-85.9,1
43.4,-85.9,1
43.4,-85.9,1
43.4,-85.9,1
43.4,-85.9,1
43.4,-85.9,1
43.4,-85.9,1
43.4,-85.9,1
43.4,-85.9,1
43.4,-85.9,1
43.4,-85.9,1
43.4,-85.9,1
43.4,-85.9,1
43.4,-85.9,1
43.4,-85.9,1
43.4,-85.9,1
43.4,-85.9,1
43.4,-85.9,1
43.4,-85.9,1
43.4,-85.9,1
43.4,-85.9,1
43.4,-85.9,1
43.4,-85.9,1
43.4,-85.9,1
43.4,-85.9,1
43.4,-85.9,1
43.4,-85.9,1
43.4,-85.9,1
43.4,-85.9,1
43.4,-85.9,1
43.4,-85.9,1
43.4,-85.9,1
43.4,-85.9,1
43.4,-85.9,1
43.4,-85.9,1
43.4,-85.9,1
43.4,-85.9,1
43.4,-85.9,1
43.4,-85.9,1
43.4,-85.9,1
43.4,-85.9,1
43.4,-85.9,1
43.4,-85.9,1
43.4,-85.9,1
43.4,-85.9,1
43.4,-85.9,1
43.4,-85.9,1
43.4,-85.9,1
43.4,-85.9,1
43.4,-85.9,1
43.4,-85.9,1
43.4,-85.9,1
43.4,-85.9,1
43.4,-85.9,1
43.4,-85.9,1
43.4,-85.9,1
43.4,-85.9,1
43.4,-85.9,1
43.4,-85.9,1
43.4,-85.9,1
43.4,-85.9,1
43.4,-85.9,1
43.4,-85.9,1
43.4,-85.9,1
43.4,-85.9,1
43.4,-85.9,1
43.4,-85.9,1
43.4,-85.9,1
43.4,-85.9,1
43.4,-85.9,1
43.4,-85.9,1
43.4,-85.9,1
43.4,-85.9,1
43.4,-85.9,1
43.4,-85.9,1
43.4,-85.9,1
43.4,-85.9,1
43.4,-85.9,1
43.4,-85.9,1
43.4,-85.9,1
43.4,-85.9,1
43.4,-85.9,1
43.4,-85.9,1
43.4,-85.9,1
43.4,-85.9,1
43.4,-85.9,1
43.4,-85.9,1
43.4,-85.9,1
43.4,-85.9,1
43.4,-85.9,1
43.4,-85.9,1
43.4,-85.9,1
43.4,-85.9,1
43.4,-85.9,1
43.4,-85.9,1
43.4,-85.9,1
43.4,-85.9,1
43.4,-85.9,1
43.4,-85.9,1
43.4,-85.9,1
43.4,-85.9,1
43.4,-85.9,1
43.4,-85.9,1
43.4,-85.9,1
43.4,-85.9,1
43.4,-85.9,1
43.4,-85.9,1
43.4,-85.9,1
43.4,-85.9,1
43.4,-85.9,1
43.4,-85.9,1
43.4,-85.9,1
43.4,-85.9,1
43.4,-85.9,1
43.4,-85.9,1
43.4,-85.9,1
43.4,-85.9,1
43.4,-85.9,1
43.4,-85.9,1
43.4,-85.9,1
43.4,-85.9,1
43.4,-85.9,1
43.4,-85.9,1
43.4,-85.9,1
43.4,-85.9,1
43.4,-85.9,1
43.4,-85.9,1
43.4,-85.9,1
43.4,-85.9,1
43.4,-85.9,1
43.4,-85.9,1
43.4,-85.9,1
43.4,-85.9,1
43.4,-85.9,1
43.4,-85.9,1
43.4,-85.9,1
43.4,-85.9,1
43.4,-85.9,1
43.4,-85.9,1
43.4,-85.9,1
43.4,-85.9,1
43.4,-85.9,1
43.4,-85.9,1
43.4,-85.9,1
43.4,-85.9,1
43.4,-85.9,1
43.4,-85.9,1
43.4,-85.9,1
43.4,-85.9,1
43.4,-85.9,1
43.4,-85.9,1
43.4,-85.9,1
43.4,-85.9,1
43.4,-85.9,1
43.4,-85.9,1
43.4,-85.9,1
43.4,-85.9,1
43.4,-85.9,1
43.4,-85.9,1
43.4,-85.9,1
43.4,-85.9,1
43.4,-85.9,1
43.4,-85.9,1
43.4,-85.9,1
43.4,-85.9,1
43.4,-85.9,1
43.4,-85.9,1
43.4,-85.9,1
43.4,-85.9,1
43.4,-85.9,1
43.4,-85.9,1
43.4,-85.9,1
43.4,-85.9,1
43.4,-85.9,1
43.4,-85.9,1
43.4,-85.9,1
43.4,-85.9,1
43.4,-85.9,1
43.4,-85.9,1
43.4,-85.9,1
43.4,-85.9,1
43.4,-85.9,1
43.4,-85.9,1
43.4,-85.9,1
43.4,-85.9,1
43.4,-85.9,1
43.4,-85.9,1
43.4,-85.9,1
43.4,-85.9,1
43.4,-85.9,1
43.4,-85.9,1
43.4,-85.9,1
43.4,-85.9,1
43.4,-85.9,1
43.4,-85.9,1
43.4,-85.9,1
43.4,-85.9,1
43.4,-85.9,1
43.4,-85.9,1
43.4,-85.9,1
43.4,-85.9,1
43.4,-85.9,1
43.4,-85.9,1
43.4,-85.9,1
43.4,-85.9,1
43.4,-85.9,1
43.4,-85.9,1
43.4,-85.9,1
43.4,-85.9,1
43.4,-85.9,1
43.4,-85.9,1
43.4,-85.9,1
43.4,-85.9,1
43.4,-85.9,1
43.4,-85.9,1
43.4,-85.9,1
43.4,-85.9,1
43.4,-85.9,1
43.4,-85.9,1
43.4,-85.9,1
43.4,-85.9,1
43.4,-85.9,1
43.4,-85.9,1
43.4,-85.9,1
43.4,-85.9,1
43.4,-85.9,1
43.4,-85.9,1
43.4,-85.9,1
43.4,-85.9,1
43.4,-85.9,1
43.4,-85.9,1
43.4,-85.9,1
43.4,-85.9,1
43.4,-85.9,1
43.4,-85.9,1
43.4,-85.9,1
43.4,-85.9,1
43.4,-85.9,1
43.4,-85.9,1
43.4,-85.9,1
43.4,-85.9,1
43.4,-85.9,1
43.4,-85.9,1
43.4,-85.9,1
43.4,-85.9,1
43.4,-85.9,1
43.4,-85.9,1
43.4,-85.9,1
43.4,-85.9,1
43.4,-85.9,1
43.4,-85.9,1
43.4,-85.9,1
43.4,-85.9,1
43.4,-85.9,1
43.4,-85.9,1
43.4,-85.9,1
43.4,-85.9,1
43.4,-85.9,1
43.4,-85.9,1
43.4,-85.9,1
43.4,-85.9,1
43.4,-85.9,1
43.4,-85.9,1
43.4,-85.9,1
43.4,-85.9,1
43.4,-85.9,1
43.4,-85.9,1
43.4,-85.9,1
43.4,-85.9,1
43.4,-85.9,1
43.4,-85.9,1
43.4,-85.9,1
43.4,-85.9,1
43.4,-85.9,1
43.4,-85.9,1
43.4,-85.9,1
43.4,-85.9,1
43.4,-85.9,1
43.4,-85.9,1
43.4,-85.9,1
43.4,-85.9,1
43.4,-85.9,1
43.4,-85.9,1
43.4,-85.9,1
43.4,-85.9,1
43.4,-85.9,1
43.4,-85.9,1
43.4,-85.9,1
43.4,-85.9,1
43.4,-85.9,1
43.4,-85.9,1
43.4,-85.9,1
43.4,-85.9,1
43.4,-85.9,1
43.4,-85.9,1
43.4,-85.9,1
43.4,-85.9,1
43.4,-85.9,1
43.4,-85.9,1
43.4,-85.9,1
43.4,-85.9,1
43.4,-85.9,1
43.4,-85.9,1
43.4,-85.9,1
43.4,-85.9,1
43.4,-85.9,1
43.4,-85.9,1
43.4,-85.9,1
43.4,-85.9,1
43.4,-85.9,1
43.4,-85.9,1
43.4,-85.9,1
43.4,-85.9,1
43.4,-85.9,1
43.4,-85.9,1
43.4,-85.9,1
43.4,-85.9,1
43.4,-85.9,1
43.4,-85.9,1
43.4,-85.9,1
43.4,-85.9,1
43.4,-85.9,1
43.4,-85.9,1
43.4,-85.9,1
43.4,-85.9,1
43.4,-85.9,1
43.4,-85.9,1
43.4,-85.9,1
43.4,-85.9,1
43.4,-85.9,1
43.4,-85.9,1
43.4,-85.9,1
43.4,-85.9,1
43.4,-85.9,1
43.4,-85.9,1
43.4,-85.9,1
43.4,-85.9,1
43.4,-85.9,1
43.4,-85.9,1
43.4,-85.9,1
43.4,-85.9,1
43.4,-85.9,1
43.4,-85.9,1
43.4,-85.9,1
43.4,-85.9,1
43.4,-85.9,1
43.4,-85.9,1
43.4,-85.9,1
43.4,-85.9,1
43.4,-85.9,1
43.4,-85.9,1
43.4,-85.9,1
43.4,-85.9,1
43.4,-85.9,1
43.4,-85.9,1
43.4,-85.9,1
43.4,-85.9,1
43.4,-85.9,1
43.4,-85.9,1
43.4,-85.9,1
43.4,-85.9,1
43.4,-85.9,1
43.4,-85.9,1
43.4,-85.9,1
43.4,-85.9,1
43.4,-85.9,1
43.4,-85.9,1
43.4,-85.9,1
43.4,-85.9,1
43.4,-85.9,1
43.4,-85.9,1
43.4,-85.9,1
43.4,-85.9,1
43.4,-85.9,1
43.4,-85.9,1
43.4,-85.9,1
43.4,-85.9,1
43.4,-85.9,1
43.4,-85.9,1
43.4,-85.9,1
43.4,-85.9,1
43.4,-85.9,1
43.4,-85.9,1
43.4,-85.9,1
43.4,-85.9,1
43.4,-85.9,1
43.4,-85.9,1
43.4,-85.9,1
43.4,-85.9,1
43.4,-85.9,1
43.4,-85.9,1
43.4,-85.9,1
43.4,-85.9,1
43.4,-85.9,1
43.4,-85.9,1
43.4,-85.9,1
43.4,-85.9,1
43.4,-85.9,1
43.4,-85.9,1
43.4,-85.9,1
43.4,-85.9,1
43.4,-85.9,1
43.4,-85.9,1
43.4,-85.9,1
43.4,-85.9,1
43.4,-85.9,1
43.4,-85.9,1
43.4,-85.9,1
43.4,-85.9,1
43.4,-85.9,1
43.4,-85.9,1
43.4,-85.9,1
43.4,-85.9,1
43.4,-85.9,1
43.4,-85.9,1
43.4,-85.9,1
43.4,-85.9,1
43.4,-85.9,1
43.4,-85.9,1
43.4,-85.9,1
43.4,-85.9,1
43.4,-85.9,1
43.4,-85.9,1
43.4,-85.9,1
43.4,-85.9,1
43.4,-85.9,1
43.4,-85.9,1
43.4,-85.9,1
43.4,-85.9,1
43.4,-85.9,1
43.4,-85.9,1
43.4,-85.9,1
43.4,-85.9,1
43.4,-85.9,1
43.4,-85.9,1
43.4,-85.9,1
43.4,-85.9,1
43.4,-85.9,1
43.4,-85.9,1
43.4,-85.9,1
43.4,-85.9,1
43.4,-85.9,1
43.4,-85.9,1
43.4,-85.9,1
43.4,-85.9,1
43.4,-85.9,1
43.4,-85.9,1
43.4,-85.9,1
43.4,-85.9,1
43.4,-85.9,1
43.4,-85.9,1
43.4,-85.9,1
43.4,-85.9,1
43.4,-85.9,1
43.4,-85.9,1
43.4,-85.9,1
43.4,-85.9,1
43.4,-85.9,1
43.4,-85.9,1
43.4,-85.9,1
43.4,-85.9,1
43.4,-85.9,1
43.4,-85.9,1
43.4,-85.9,1
43.4,-85.9,1
43.4,-85.9,1
43.4,-85.9,1
43.4,-85.9,1
43.4,-85.9,1
43.4,-85.9,1
43.4,-85.9,1
43.4,-85.9,1
43.4,-85.9,1
43.4,-85.9,1
43.4,-85.9,1
43.4,-85.9,1
43.4,-85.9,1
43.4,-85.9,1
43.4,-85.9,1
43.4,-85.9,1
43.4,-85.9,1
43.4,-85.9,1
43.4,-85.9,1
43.4,-85.9,1
43.4,-85.9,1
43.4,-85.9,1
43.4,-85.9,1
43.4,-85.9,1
43.4,-85.9,1
43.4,-85.9,1
43.4,-85.9,1
43.4,-85.9,1
43.4,-85.9,1
43.4,-85.9,1
43.4,-85.9,1
43.4,-85.9,1
43.4,-85.9,1
43.4,-85.9,1
43.4,-85.9,1
43.4,-85.9,1
43.4,-85.9,1
43.4,-85.9,1
43.4,-85.9,1
43.4,-85.9,1
43.4,-85.9,1
43.4,-85.9,1
43.4,-85.9,1
43.4,-85.9,1
43.4,-85.9,1
43.4,-85.9,1
43.4,-85.9,1
43.4,-85.9,1
43.4,-85.9,1
43.4,-85.9,1
43.4,-85.9,1
43.4,-85.9,1
43.4,-85.9,1
43.4,-85.9,1
43.4,-85.9,1
43.4,-85.9,1
43.4,-85.9,1
43.4,-85.9,1
43.4,-85.9,1
43.4,-85.9,1
43.4,-85.9,1
43.4,-85.9,1
43.4,-85.9,1
43.4,-85.9,1
43.4,-85.9,1
43.4,-85.9,1
43.4,-85.9,1
43.4,-85.9,1
43.4,-85.9,1
43.4,-85.9,1
43.4,-85.9,1
43.4,-85.9,1
43.4,-85.9,1
43.4,-85.9,1
43.4,-85.9,1
43.4,-85.9,1
43.4,-85.9,1
43.4,-85.9,1
43.4,-85.9,1
43.4,-85.9,1
43.4,-85.9,1
43.4,-85.9,1
43.4,-85.9,1
43.4,-85.9,1
43.4,-85.9,1
43.4,-85.9,1
43.4,-85.9,1
43.4,-85.9,1
43.4,-85.9,1
43.4,-85.9,1
43.4,-85.9,1
43.4,-85.9,1
43.4,-85.9,1
43.4,-85.9,1
43.4,-85.9,1
43.4,-85.9,1
43.4,-85.9,1
43.4,-85.9,1
43.4,-85.9,1
43.4,-85.9,1
43.4,-85.9,1
43.4,-85.9,1
43.4,-85.9,1
43.4,-85.9,1
43.4,-85.9,1
43.4,-85.9,1
43.4,-85.9,1
43.4,-85.9,1
43.4,-85.9,1
43.4,-85.9,1
43.4,-85.9,1
43.4,-85.9,1
43.4,-85.9,1
43.4,-85.9,1
43.4,-85.9,1
43.4,-85.9,1
43.4,-85.9,1
43.4,-85.9,1
43.4,-85.9,1
43.4,-85.9,1
43.4,-85.9,1
43.4,-85.9,1
43.4,-85.9,1
43.4,-85.9,1
43.4,-85.9,1
43.4,-85.9,1
43.4,-85.9,1
43.4,-85.9,1
43.4,-85.9,1
43.4,-85.9,1
43.4,-85.9,1
43.4,-85.9,1
43.4,-85.9,1
43.4,-85.9,1
43.4,-85.9,1
43.4,-85.9,1
43.4,-85.9,1
43.4,-85.9,1
43.4,-85.9,1
43.4,-85.9,1
43.4,-85.9,1
43.4,-85.9,1
43.4,-85.9,1
43.4,-85.9,1
43.4,-85.9,1
43.4,-85.9,1
43.4,-85.9,1
43.4,-85.9,1
43.4,-85.9,1
43.4,-85.9,1
43.4,-85.9,1
43.4,-85.9,1
43.4,-85.9,1
43.4,-85.9,1
43.4,-85.9,1
43.4,-85.9,1
43.4,-85.9,1
43.4,-85.9,1
43.4,-85.9,1
43.4,-85.9,1
43.4,-85.9,1
43.4,-85.9,1
43.4,-85.9,1
43.4,-85.9,1
43.4,-85.9,1
43.4,-85.9,1
43.4,-85.9,1
43.4,-85.9,1
43.4,-85.9,1
43.4,-85.9,1
43.4,-85.9,1
43.4,-85.9,1
43.4,-85.9,1
43.4,-85.9,1
43.4,-85.9,1
43.4,-85.9,1
43.4,-85.9,1
43.4,-85.9,1
43.4,-85.9,1
43.4,-85.9,1
43.4,-85.9,1
43.4,-85.9,1
43.4,-85.9,1
43.4,-85.9,1
43.4,-85.9,1
43.4,-85.9,1
43.4,-85.9,1
43.4,-85.9,1
43.4,-85.9,1
43.4,-85.9,1
43.4,-85.9,1
43.4,-85.9,1
43.4,-85.9,1
43.4,-85.9,1
43.4,-85.9,1
43.4,-85.9,1
43.4,-85.9,1
43.4,-85.9,1
43.4,-85.9,1
43.4,-85.9,1
43.4,-85.9,1
43.4,-85.9,1
43.4,-85.9,1
43.4,-85.9,1
43.4,-85.9,1
43.4,-85.9,1
43.4,-85.9,1
43.4,-85.9,1
43.4,-85.9,1
43.4,-85.9,1
43.4,-85.9,1
43.4,-85.9,1
43.4,-85.9,1
43.4,-85.9,1
43.4,-85.9,1
43.4,-85.9,1
43.4,-85.9,1
43.4,-85.9,1
43.4,-85.9,1
43.4,-85.9,1
43.4,-85.9,1
43.4,-85.9,1
43.4,-85.9,1
43.4,-85.9,1
43.4,-85.9,1
43.4,-85.9,1
43.4,-85.9,1
43.4,-85.9,1
43.4,-85.9,1
43.4,-85.9,1
43.4,-85.9,1
43.4,-85.9,1
43.4,-85.9,1
43.4,-85.9,1
43.4,-85.9,1
43.4,-85.9,1
43.4,-85.9,1
43.4,-85.9,1
43.4,-85.9,1
43.4,-85.9,1
43.4,-85.9,1
43.4,-85.9,1
43.4,-85.9,1
43.4,-85.9,1
43.4,-85.9,1
43.4,-85.9,1
43.4,-85.9,1
43.4,-85.9,1
43.4,-85.9,1
43.4,-85.9,1
43.4,-85.9,1
43.4,-85.9,1
43.4,-85.9,1
43.4,-85.9,1
43.4,-85.9,1
43.4,-85.9,1
43.4,-85.9,1
43.4,-85.9,1
43.4,-85.9,1
43.4,-85.9,1
43.4,-85.9,1
43.4,-85.9,1
43.4,-85.9,1
43.4,-85.9,1
43.4,-85.9,1
43.4,-85.9,1
43.4,-85.9,1
43.4,-85.9,1
43.4,-85.9,1
43.4,-85.9,1
43.4,-85.9,1
43.4,-85.9,1
43.4,-85.9,1
43.4,-85.9,1
43.4,-85.9,1
43.4,-85.9,1
43.4,-85.9,1
43.4,-85.9,1
43.4,-85.9,1
43.4,-85.9,1
43.4,-85.9,1
43.4,-85.9,1
43.4,-85.9,1
43.4,-85.9,1
43.4,-85.9,1
43.4,-85.9,1
43.4,-85.9,1
43.4,-85.9,1
43.4,-85.9,1
43.4,-85.9,1
43.4,-85.9,1
43.4,-85.9,1
43.4,-85.9,1
43.4,-85.9,1
43.4,-85.9,1
43.4,-85.9,1
43.4,-85.9,1
43.4,-85.9,1
43.4,-85.9,1
43.4,-85.9,1
43.4,-85.9,1
43.4,-85.9,1
43.4,-85.9,1
43.4,-85.9,1
43.4,-85.9,1
43.4,-85.9,1
43.4,-85.9,1
43.4,-85.9,1
43.4,-85.9,1
43.4,-85.9,1
43.4,-85.9,1
43.4,-85.9,1
43.4,-85.9,1
43.4,-85.9,1
43.4,-85.9,1
43.4,-85.9,1
43.4,-85.9,1
43.4,-85.9,1
43.4,-85.9,1
43.4,-85.9,1
43.4,-85.9,1
43.4,-85.9,1
43.4,-85.9,1
43.4,-85.9,1
43.4,-85.9,1
43.4,-85.9,1
43.4,-85.9,1
43.4,-85.9,1
43.4,-85.9,1
43.4,-85.9,1
43.4,-85.9,1
43.4,-85.9,1
43.4,-85.9,1
43.4,-85.9,1
43.4,-85.9,1
43.4,-85.9,1
43.4,-85.9,1
43.4,-85.9,1
43.4,-85.9,1
43.4,-85.9,1
43.4,-85.9,1
43.4,-85.9,1
43.4,-85.9,1
43.4,-85.9,1
43.4,-85.9,1
43.4,-85.9,1
43.4,-85.9,1
43.4,-85.9,1
43.4,-85.9,1
43.4,-85.9,1
43.4,-85.9,1
43.4,-85.9,1
43.4,-85.9,1
43.4,-85.9,1
43.4,-85.9,1
43.4,-85.9,1
43.4,-85.9,1
43.4,-85.9,1
43.4,-85.9,1
43.4,-85.9,1
43.4,-85.9,1
43.4,-85.9,1
43.4,-85.9,1
43.4,-85.9,1
43.4,-85.9,1
43.4,-85.9,1
43.4,-85.9,1
43.4,-85.9,1
43.4,-85.9,1
43.4,-85.9,1
43.4,-85.9,1
43.4,-85.9,1
43.4,-85.9,1
43.4,-85.9,1
43.4,-85.9,1
43.4,-85.9,1
43.4,-85.9,1
43.4,-85.9,1
43.4,-85.9,1
43.4,-85.9,1
43.4,-85.9,1
43.4,-85.9,1
43.4,-85.9,1
43.4,-85.9,1
43.4,-85.9,1
43.4,-85.9,1
43.4,-85.9,1
43.4,-85.9,1
43.4,-85.9,1
43.4,-85.9,1
43.4,-85.9,1
43.4,-85.9,1
43.4,-85.9,1
43.4,-85.9,1
43.4,-85.9,1
43.4,-85.9,1
43.4,-85.9,1
43.4,-85.9,1
43.4,-85.9,1
43.4,-85.9,1
43.4,-85.9,1
43.4,-85.9,1
43.4,-85.9,1
43.4,-85.9,1
43.4,-85.9,1
43.4,-85.9,1
43.4,-85.9,1
43.4,-85.9,1
43.4,-85.9,1
43.4,-85.9,1
43.4,-85.9,1
43.4,-85.9,1
43.4,-85.9,1
43.4,-85.9,1
43.4,-85.9,1
43.4,-85.9,1
43.4,-85.9,1
43.4,-85.9,1
43.4,-85.9,1
43.4,-85.9,1
43.4,-85.9,1
43.4,-85.9,1
43.4,-85.9,1
43.4,-85.9,1
43.4,-85.9,1
43.4,-85.9,1
43.4,-85.9,1
43.4,-85.9,1
43.4,-85.9,1
43.4,-85.9,1
43.4,-85.9,1
43.4,-85.9,1
43.4,-85.9,1
43.4,-85.9,1
43.4,-85.9,1
43.4,-85.9,1
43.4,-85.9,1
43.4,-85.9,1
43.4,-85.9,1
43.4,-85.9,1
43.4,-85.9,1
43.4,-85.9,1
43.4,-85.9,1
43.4,-85.9,1
43.4,-85.9,1
43.4,-85.9,1
43.4,-85.9,1
43.4,-85.9,1
43.4,-85.9,1
43.4,-85.9,1
43.4,-85.9,1
43.4,-85.9,1
43.4,-85.9,1
43.4,-85.9,1
43.4,-85.9,1
43.4,-85.9,1
43.4,-85.9,1
43.4,-85.9,1
43.4,-85.9,1
43.4,-85.9,1
43.4,-85.9,1
43.4,-85.9,1
43.4,-85.9,1
43.4,-85.9,1
43.4,-85.9,1
43.4,-85.9,1
43.4,-85.9,1
43.4,-85.9,1
43.4,-85.9,1
43.4,-85.9,1
43.4,-85.9,1
43.4,-85.9,1
43.4,-85.9,1
43.4,-85.9,1
43.4,-85.9,1
43.4,-85.9,1
43.4,-85.9,1
43.4,-85.9,1
43.4,-85.9,1
43.4,-85.9,1
43.4,-85.9,1
43.4,-85.9,1
43.4,-85.9,1
43.4,-85.9,1
43.4,-85.9,1
43.4,-85.9,1
43.4,-85.9,1
43.4,-85.9,1
43.4,-85.9,1
43.4,-85.9,1
43.4,-85.9,1
43.4,-85.9,1
43.4,-85.9,1
43.4,-85.9,1
43.4,-85.9,1
43.4,-85.9,1
43.4,-85.9,1
43.4,-85.9,1
43.4,-85.9,1
43.4,-85.9,1
43.4,-85.9,1
43.4,-85.9,1
43.4,-85.9,1
43.4,-85.9,1
43.4,-85.9,1
43.4,-85.9,1
43.4,-85.9,1
43.4,-85.9,1
43.4,-85.9,1
43.4,-85.9,1
43.4,-85.9,1
43.4,-85.9,1
43.4,-85.9,1
43.4,-85.9,1
43.4,-85.9,1
43.4,-85.9,1
43.4,-85.9,1
43.4,-85.9,1
43.4,-85.9,1
43.4,-85.9,1
43.4,-85.9,1
43.4,-85.9,1
43.4,-85.9,1
43.4,-85.9,1
43.4,-85.9,1
43.4,-85.9,1
43.4,-85.9,1
43.4,-85.9,1
43.4,-85.9,1
43.4,-85.9,1
43.4,-85.9,1
43.4,-85.9,1
43.4,-85.9,1
43.4,-85.9,1
43.4,-85.9,1
43.4,-85.9,1
43.4,-85.9,1
43.4,-85.9,1
43.4,-85.9,1
43.4,-85.9,1
43.4,-85.9,1
43.4,-85.9,1
43.4,-85.9,1
43.4,-85.9,1
43.4,-85.9,1
43.4,-85.9,1
43.4,-85.9,1
43.4,-85.9,1
43.4,-85.9,1
43.4,-85.9,1
43.4,-85.9,1
43.4,-85.9,1
43.4,-85.9,1
43.4,-85.9,1
43.4,-85.9,1
43.4,-85.9,1
43.4,-85.9,1
43.4,-85.9,1
43.4,-85.9,1
43.4,-85.9,1
43.4,-85.9,1
43.4,-85.9,1
43.4,-85.9,1
43.4,-85.9,1
43.4,-85.9,1
43.4,-85.9,1
43.4,-85.9,1
43.4,-85.9,1
43.4,-85.9,1
43.4,-85.9,1
43.4,-85.9,1
43.4,-85.9,1
43.4,-85.9,1
43.4,-85.9,1
43.4,-85.9,1
43.4,-85.9,1
43.4,-85.9,1
43.4,-85.9,1
43.4,-85.9,1
43.4,-85.9,1
43.4,-85.9,1
43.4,-85.9,1
43.4,-85.9,1
43.4,-85.9,1
43.4,-85.9,1
43.4,-85.9,1
43.4,-85.9,1
43.4,-85.9,1
43.4,-85.9,1
43.4,-85.9,1
43.4,-85.9,1
43.4,-85.9,1
43.4,-85.9,1
43.4,-85.9,1
43.4,-85.9,1
43.4,-85.9,1
43.4,-85.9,1
43.4,-85.9,1
43.4,-85.9,1
43.4,-85.9,1
43.4,-85.9,1
43.4,-85.9,1
43.4,-85.9,1
43.4,-85.9,1
43.4,-85.9,1
43.4,-85.9,1
43.4,-85.9,1
43.4,-85.9,1
43.4,-85.9,1
43.4,-85.9,1
43.4,-85.9,1
43.4,-85.9,1
43.4,-85.9,1
43.4,-85.9,1
43.4,-85.9,1
43.4,-85.9,1
43.4,-85.9,1
43.4,-85.9,1
43.4,-85.9,1
43.4,-85.9,1
43.4,-85.9,1
43.4,-85.9,1
43.4,-85.9,1
43.4,-85.9,1
43.4,-85.9,1
43.4,-85.9,1
43.4,-85.9,1
43.4,-85.9,1
43.4,-85.9,1
43.4,-85.9,1
43.4,-85.9,1
43.4,-85.9,1
43.4,-85.9,1
43.4,-85.9,1
43.4,-85.9,1
43.4,-85.9,1
43.4,-85.9,1
43.4,-85.9,1
43.4,-85.9,1
43.4,-85.9,1
43.4,-85.9,1
43.4,-85.9,1
43.4,-85.9,1
43.4,-85.9,1
43.4,-85.9,1
43.4,-85.9,1
43.4,-85.9,1
43.4,-85.9,1
43.4,-85.9,1
43.4,-85.9,1
43.4,-85.9,1
43.4,-85.9,1
43.4,-85.9,1
43.4,-85.9,1
43.4,-85.9,1
43.4,-85.9,1
43.4,-85.9,1
43.4,-85.9,1
43.4,-85.9,1
43.4,-85.9,1
43.4,-85.9,1
43.4,-85.9,1
43.4,-85.9,1
43.4,-85.9,1
43.4,-85.9,1
43.4,-85.9,1
43.4,-85.9,1
43.4,-85.9,1
43.4,-85.9,1
43.4,-85.9,1
43.4,-85.9,1
43.4,-85.9,1
43.4,-85.9,1
43.4,-85.9,1
43.4,-85.9,1
43.4,-85.9,1
43.4,-85.9,1
43.4,-85.9,1
43.4,-85.9,1
43.4,-85.9,1
43.4,-85.9,1
43.4,-85.9,1
43.4,-85.9,1
43.4,-85.9,1
43.4,-85.9,1
43.4,-85.9,1
43.4,-85.9,1
43.4,-85.9,1
43.4,-85.9,1
43.4,-85.9,1
43.4,-85.9,1
43.4,-85.9,1
43.4,-85.9,1
43.4,-85.9,1
43.4,-85.9,1
43.4,-85.9,1
43.4,-85.9,1
43.4,-85.9,1
43.4,-85.9,1
43.4,-85.9,1
43.4,-85.9,1
43.4,-85.9,1
43.4,-85.9,1
43.4,-85.9,1
43.4,-85.9,1
43.4,-85.9,1
43.4,-85.9,1
43.4,-85.9,1
43.4,-85.9,1
43.4,-85.9,1
43.4,-85.9,1
43.4,-85.9,1
43.4,-85.9,1
43.4,-85.9,1
43.4,-85.9,1
43.4,-85.9,1
43.4,-85.9,1
43.4,-85.9,1
43.4,-85.9,1
43.4,-85.9,1
43.4,-85.9,1
43.4,-85.9,1
43.4,-85.9,1
43.4,-85.9,1
43.4,-85.9,1
43.4,-85.9,1
43.4,-85.9,1
43.4,-85.9,1
43.4,-85.9,1
43.4,-85.9,1
43.4,-85.9,1
43.4,-85.9,1
43.4,-85.9,1
43.4,-85.9,1
43.4,-85.9,1
43.4,-85.9,1
43.4,-85.9,1
43.4,-85.9,1
43.4,-85.9,1
43.4,-85.9,1
43.4,-85.9,1
43.4,-85.9,1
43.4,-85.9,1
43.4,-85.9,1
43.4,-85.9,1
43.4,-85.9,1
43.4,-85.9,1
43.4,-85.9,1
43.4,-85.9,1
43.4,-85.9,1
43.4,-85.9,1
43.4,-85.9,1
43.4,-85.9,1
43.4,-85.9,1
43.4,-85.9,1
43.4,-85.9,1
43.4,-85.9,1
43.4,-85.9,1
43.4,-85.9,1
43.4,-85.9,1
43.4,-85.9,1
43.4,-85.9,1
43.4,-85.9,1
43.4,-85.9,1
43.4,-85.9,1
43.4,-85.9,1
43.4,-85.9,1
43.4,-85.9,1
43.4,-85.9,1
43.4,-85.9,1
43.4,-85.9,1
43.4,-85.9,1
43.4,-85.9,1
43.4,-85.9,1
43.4,-85.9,1
43.4,-85.9,1
43.4,-85.9,1
43.4,-85.9,1
43.4,-85.9,1
43.4,-85.9,1
43.4,-85.9,1
43.4,-85.9,1
43.4,-85.9,1
43.4,-85.9,1
43.4,-85.9,1
43.4,-85.9,1
43.4,-85.9,1
43.4,-85.9,1
43.4,-85.9,1
43.4,-85.9,1
43.4,-85.9,1
43.4,-85.9,1
43.4,-85.9,1
43.4,-85.9,1
43.4,-85.9,1
43.4,-85.9,1
43.4,-85.9,1
43.4,-85.9,1
43.4,-85.9,1
43.4,-85.9,1
43.4,-85.9,1
43.4,-85.9,1
43.4,-85.9,1
43.4,-85.9,1
43.4,-85.9,1
43.4,-85.9,1
43.4,-85.9,1
43.4,-85.9,1
43.4,-85.9,1
43.4,-85.9,1
43.4,-85.9,1
43.4,-85.9,1
43.4,-85.9,1
43.4,-85.9,1
43.4,-85.9,1
43.4,-85.9,1
43.4,-85.9,1
43.4,-85.9,1
43.4,-85.9,1
43.4,-85.9,1
43.4,-85.9,1
43.4,-85.9,1
43.4,-85.9,1
43.4,-85.9,1
43.4,-85.9,1
43.4,-85.9,1
43.4,-85.9,1
43.4,-85.9,1
43.4,-85.9,1
43.4,-85.9,1
43.4,-85.9,1
43.4,-85.9,1
43.4,-85.9,1
43.4,-85.9,1
43.4,-85.9,1
43.4,-85.9,1
43.4,-85.9,1
43.4,-85.9,1
43.4,-85.9,1
43.4,-85.9,1
43.4,-85.9,1
43.4,-85.9,1
43.4,-85.9,1
43.4,-85.9,1
43.4,-85.9,1
43.4,-85.9,1
43.4,-85.9,1
43.4,-85.9,1
43.4,-85.9,1
43.4,-85.9,1
43.4,-85.9,1
43.4,-85.9,1
43.4,-85.9,1
43.4,-85.9,1
43.4,-85.9,1
43.4,-85.9,1
43.4,-85.9,1
43.4,-85.9,1
43.4,-85.9,1
43.4,-85.9,1
43.4,-85.9,1
43.4,-85.9,1
43.4,-85.9,1
43.4,-85.9,1
43.4,-85.9,1
43.4,-85.9,1
43.4,-85.9,1
43.4,-85.9,1
43.4,-85.9,1
43.4,-85.9,1
43.4,-85.9,1
43.4,-85.9,1
43.4,-85.9,1
43.4,-85.9,1
43.4,-85.9,1
43.4,-85.9,1
43.4,-85.9,1
43.4,-85.9,1
43.4,-85.9,1
43.4,-85.9,1
43.4,-85.9,1
43.4,-85.9,1
43.4,-85.9,1
43.4,-85.9,1
43.4,-85.9,1
43.4,-85.9,1
43.4,-85.9,1
43.4,-85.9,1
43.4,-85.9,1
43.4,-85.9,1
43.4,-85.9,1
43.4,-85.9,1
43.4,-85.9,1
43.4,-85.9,1
43.4,-85.9,1
43.4,-85.9,1
43.4,-85.9,1
43.4,-85.9,1
43.4,-85.9,1
43.4,-85.9,1
43.4,-85.9,1
43.4,-85.9,1
43.4,-85.9,1
43.4,-85.9,1
43.4,-85.9,1
43.4,-85.9,1
43.4,-85.9,1
43.4,-85.9,1
43.4,-85.9,1
43.4,-85.9,1
43.4,-85.9,1
43.4,-85.9,1
43.4,-85.9,1
43.4,-85.9,1
43.4,-85.9,1
43.4,-85.9,1
43.4,-85.9,1
43.4,-85.9,1
43.4,-85.9,1
43.4,-85.9,1
43.4,-85.9,1
43.4,-85.9,1
43.4,-85.9,1
43.4,-85.9,1
43.4,-85.9,1
43.4,-85.9,1
43.4,-85.9,1
43.4,-85.9,1
43.4,-85.9,1
43.4,-85.9,1
43.4,-85.9,1
43.4,-85.9,1
43.4,-85.9,1
43.4,-85.9,1
43.4,-85.9,1
43.4,-85.9,1
43.4,-85.9,1
43.4,-85.9,1
43.4,-85.9,1
43.4,-85.9,1
43.4,-85.9,1
43.4,-85.9,1
43.4,-85.9,1
43.4,-85.9,1
43.4,-85.9,1
43.4,-85.9,1
43.4,-85.9,1
43.4,-85.9,1
43.4,-85.9,1
43.4,-85.9,1
43.4,-85.9,1
43.4,-85.9,1
43.4,-85.9,1
43.4,-85.9,1
43.4,-85.9,1
43.4,-85.9,1
43.4,-85.9,1
43.4,-85.9,1
43.4,-85.9,1
43.4,-85.9,1
43.4,-85.9,1
43.4,-85.9,1
43.4,-85.9,1
43.4,-85.9,1
43.4,-85.9,1
43.4,-85.9,1
43.4,-85.9,1
43.4,-85.9,1
43.4,-85.9,1
43.4,-85.9,1
43.4,-85.9,1
43.4,-85.9,1
43.4,-85.9,1
43.4,-85.9,1
43.4,-85.9,1
43.4,-85.9,1
43.4,-85.9,1
43.4,-85.9,1
43.4,-85.9,1
43.4,-85.9,1
43.4,-85.9,1
43.4,-85.9,1
43.4,-85.9,1
43.4,-85.9,1
43.4,-85.9,1
43.4,-85.9,1
43.4,-85.9,1
43.4,-85.9,1
43.4,-85.9,1
43.4,-85.9,1
43.4,-85.9,1
43.4,-85.9,1
43.4,-85.9,1
43.4,-85.9,1
43.4,-85.9,1
43.4,-85.9,1
43.4,-85.9,1
43.4,-85.9,1
43.4,-85.9,1
43.4,-85.9,1
43.4,-85.9,1
43.4,-85.9,1
43.4,-85.9,1
43.4,-85.9,1
43.4,-85.9,1
43.4,-85.9,1
43.4,-85.9,1
43.4,-85.9,1
43.4,-85.9,1
43.4,-85.9,1
43.4,-85.9,1
43.4,-85.9,1
43.4,-85.9,1
43.4,-85.9,1
43.4,-85.9,1
43.4,-85.9,1
43.4,-85.9,1
43.4,-85.9,1
43.4,-85.9,1
43.4,-85.9,1
43.4,-85.9,1
43.4,-85.9,1
43.4,-85.9,1
43.4,-85.9,1
43.4,-85.9,1
43.4,-85.9,1
43.4,-85.9,1
43.4,-85.9,1
43.4,-85.9,1
43.4,-85.9,1
43.4,-85.9,1
43.4,-85.9,1
43.4,-85.9,1
43.4,-85.9,1
43.4,-85.9,1
43.4,-85.9,1
43.4,-85.9,1
43.4,-85.9,1
43.4,-85.9,1
43.4,-85.9,1
43.4,-85.9,1
43.4,-85.9,1
43.4,-85.9,1
43.4,-85.9,1
43.4,-85.9,1
43.4,-85.9,1
43.4,-85.9,1
43.4,-85.9,1
43.4,-85.9,1
43.4,-85.9,1
43.4,-85.9,1
43.4,-85.9,1
43.4,-85.9,1
43.4,-85.9,1
43.4,-85.9,1
43.4,-85.9,1
43.4,-85.9,1
43.4,-85.9,1
43.4,-85.9,1
43.4,-85.9,1
43.4,-85.9,1
43.4,-85.9,1
43.4,-85.9,1
43.4,-85.9,1
43.4,-85.9,1
43.4,-85.9,1
43.4,-85.9,1
43.4,-85.9,1
43.4,-85.9,1
43.4,-85.9,1
43.4,-85.9,1
43.4,-85.9,1
43.4,-85.9,1
43.4,-85.9,1
43.4,-85.9,1
43.4,-85.9,1
43.4,-85.9,1
43.4,-85.9,1
43.4,-85.9,1
43.4,-85.9,1
43.4,-85.9,1
43.4,-85.9,1
43.4,-85.9,1
43.4,-85.9,1
43.4,-85.9,1
43.4,-85.9,1
43.4,-85.9,1
43.4,-85.9,1
43.4,-85.9,1
43.4,-85.9,1
43.4,-85.9,1
43.4,-85.9,1
43.4,-85.9,1
43.4,-85.9,1
43.4,-85.9,1
43.4,-85.9,1
43.4,-85.9,1
43.4,-85.9,1
43.4,-85.9,1
43.4,-85.9,1
43.4,-85.9,1
43.4,-85.9,1
43.4,-85.9,1
43.4,-85.9,1
43.4,-85.9,1
43.4,-85.9,1
43.4,-85.9,1
43.4,-85.9,1
43.4,-85.9,1
43.4,-85.9,1
43.4,-85.9,1
43.4,-85.9,1
43.4,-85.9,1
43.4,-85.9,1
43.4,-85.9,1
43.4,-85.9,1
43.4,-85.9,1
43.4,-85.9,1
43.4,-85.9,1
43.4,-85.9,1
43.4,-85.9,1
43.4,-85.9,1
43.4,-85.9,1
43.4,-85.9,1
43.4,-85.9,1
43.4,-85.9,1
43.4,-85.9,1
43.4,-85.9,1
43.4,-85.9,1
43.4,-85.9,1
43.4,-85.9,1
43.4,-85.9,1
43.4,-85.9,1
43.4,-85.9,1
43.4,-85.9,1
43.4,-85.9,1
43.4,-85.9,1
43.4,-85.9,1
43.4,-85.9,1
43.4,-85.9,1
43.4,-85.9,1
43.4,-85.9,1
43.4,-85.9,1
43.4,-85.9,1
43.4,-85.9,1
43.4,-85.9,1
43.4,-85.9,1
43.4,-85.9,1
43.4,-85.9,1
43.4,-85.9,1
43.4,-85.9,1
43.4,-85.9,1
43.4,-85.9,1
43.4,-85.9,1
43.4,-85.9,1
43.4,-85.9,1
43.4,-85.9,1
43.4,-85.9,1
43.4,-85.9,1
43.4,-85.9,1
43.4,-85.9,1
43.4,-85.9,1
43.4,-85.9,1
43.4,-85.9,1
43.4,-85.9,1
43.4,-85.9,1
43.4,-85.9,1
43.4,-85.9,1
43.4,-85.9,1
43.4,-85.9,1
43.4,-85.9,1
43.4,-85.9,1
43.4,-85.9,1
43.4,-85.9,1
43.4,-85.9,1
43.4,-85.9,1
43.4,-85.9,1
43.4,-85.9,1
43.4,-85.9,1
43.4,-85.9,1
43.4,-85.9,1
43.4,-85.9,1
43.4,-85.9,1
43.4,-85.9,1
43.4,-85.9,1
43.4,-85.9,1
43.4,-85.9,1
43.4,-85.9,1
43.4,-85.9,1
43.4,-85.9,1
43.4,-85.9,1
43.4,-85.9,1
43.4,-85.9,1
43.4,-85.9,1
43.4,-85.9,1
43.4,-85.9,1
43.4,-85.9,1
43.4,-85.9,1
43.4,-85.9,1
43.4,-85.9,1
43.4,-85.9,1
43.4,-85.9,1
43.4,-85.9,1
43.4,-85.9,1
43.4,-85.9,1
43.4,-85.9,1
43.4,-85.9,1
43.4,-85.9,1
43.4,-85.9,1
43.4,-85.9,1
43.4,-85.9,1
43.4,-85.9,1
43.4,-85.9,1
43.4,-85.9,1
43.4,-85.9,1
43.4,-85.9,1
43.4,-85.9,1
43.4,-85.9,1
43.4,-85.9,1
43.4,-85.9,1
43.4,-85.9,1
43.4,-85.9,1
43.4,-85.9,1
43.4,-85.9,1
43.4,-85.9,1
43.4,-85.9,1
43.4,-85.9,1
43.4,-85.9,1
43.4,-85.9,1
43.4,-85.9,1
43.4,-85.9,1
43.4,-85.9,1
43.4,-85.9,1
43.4,-85.9,1
43.4,-85.9,1
43.4,-85.9,1
43.4,-85.9,1
43.4,-85.9,1
43.4,-85.9,1
43.4,-85.9,1
43.4,-85.9,1
43.4,-85.9,1
43.4,-85.9,1
43.4,-85.9,1
43.4,-85.9,1
43.4,-85.9,1
43.4,-85.9,1
43.4,-85.9,1
43.4,-85.9,1
43.4,-85.9,1
43.4,-85.9,1
43.4,-85.9,1
43.4,-85.9,1
43.4,-85.9,1
43.4,-85.9,1
43.4,-85.9,1
43.4,-85.9,1
43.4,-85.9,1
43.4,-85.9,1
43.4,-85.9,1
43.4,-85.9,1
43.4,-85.9,1
43.4,-85.9,1
43.4,-85.9,1
43.4,-85.9,1
43.4,-85.9,1
43.4,-85.9,1
43.4,-85.9,1
43.4,-85.9,1
43.4,-85.9,1
43.4,-85.9,1
43.4,-85.9,1
43.4,-85.9,1
43.4,-85.9,1
43.4,-85.9,1
43.4,-85.9,1
43.4,-85.9,1
43.4,-85.9,1
43.4,-85.9,1
43.4,-85.9,1
43.4,-85.9,1
43.4,-85.9,1
43.4,-85.9,1
43.4,-85.9,1
43.4,-85.9,1
43.4,-85.9,1
43.4,-85.9,1
43.4,-85.9,1
43.4,-85.9,1
43.4,-85.9,1
43.4,-85.9,1
43.4,-85.9,1
43.4,-85.9,1
43.4,-85.9,1
43.4,-85.9,1
43.4,-85.9,1
43.4,-85.9,1
43.4,-85.9,1
43.4,-85.9,1
43.4,-85.9,1
43.4,-85.9,1
43.4,-85.9,1
43.4,-85.9,1
43.4,-85.9,1
43.4,-85.9,1
43.4,-85.9,1
43.4,-85.9,1
43.4,-85.9,1
43.4,-85.9,1
43.4,-85.9,1
43.4,-85.9,1
43.4,-85.9,1
43.4,-85.9,1
43.4,-85.9,1
43.4,-85.9,1
43.4,-85.9,1
43.4,-85.9,1
43.4,-85.9,1
43.4,-85.9,1
43.4,-85.9,1
43.4,-85.9,1
43.4,-85.9,1
43.4,-85.9,1
43.4,-85.9,1
43.4,-85.9,1
43.4,-85.9,1
43.4,-85.9,1
43.4,-85.9,1
43.4,-85.9,1
43.4,-85.9,1
43.4,-85.9,1
43.4,-85.9,1
43.4,-85.9,1
43.4,-85.9,1
43.4,-85.9,1
43.4,-85.9,1
43.4,-85.9,1
43.4,-85.9,1
43.4,-85.9,1
43.4,-85.9,1
43.4,-85.9,1
43.4,-85.9,1
43.4,-85.9,1
43.4,-85.9,1
43.4,-85.9,1
43.4,-85.9,1
43.4,-85.9,1
43.4,-85.9,1
43.4,-85.9,1
43.4,-85.9,1
43.4,-85.9,1
43.4,-85.9,1
43.4,-85.9,1
43.4,-85.9,1
43.4,-85.9,1
43.4,-85.9,1
43.4,-85.9,1
43.4,-85.9,1
43.4,-85.9,1
43.4,-85.9,1
43.4,-85.9,1
43.4,-85.9,1
43.4,-85.9,1
43.4,-85.9,1
43.4,-85.9,1
43.4,-85.9,1
43.4,-85.9,1
43.4,-85.9,1
43.4,-85.9,1
43.4,-85.9,1
43.4,-85.9,1
43.4,-85.9,1
43.4,-85.9,1
43.4,-85.9,1
43.4,-85.9,1
43.4,-85.9,1
43.4,-85.9,1
43.4,-85.9,1
43.4,-85.9,1
43.4,-85.9,1
43.4,-85.9,1
43.4,-85.9,1
43.4,-85.9,1
43.4,-85.9,1
43.4,-85.9,1
43.4,-85.9,1
43.4,-85.9,1
43.4,-85.9,1
43.4,-85.9,1
43.4,-85.9,1
43.4,-85.9,1
43.4,-85.9,1
43.4,-85.9,1
43.4,-85.9,1
43.4,-85.9,1
43.4,-85.9,1
43.4,-85.9,1
43.4,-85.9,1
43.4,-85.9,1
43.4,-85.9,1
43.4,-85.9,1
43.4,-85.9,1
43.4,-85.9,1
43.4,-85.9,1
43.4,-85.9,1
43.4,-85.9,1
43.4,-85.9,1
43.4,-85.9,1
43.4,-85.9,1
43.4,-85.9,1
43.4,-85.9,1
43.4,-85.9,1
43.4,-85.9,1
43.4,-85.9,1
43.4,-85.9,1
43.4,-85.9,1
43.4,-85.9,1
43.4,-85.9,1
43.4,-85.9,1
43.4,-85.9,1
43.4,-85.9,1
43.4,-85.9,1
43.4,-85.9,1
43.4,-85.9,1
43.4,-85.9,1
43.4,-85.9,1
43.4,-85.9,1
43.4,-85.9,1
43.4,-85.9,1
43.4,-85.9,1
43.4,-85.9,1
43.4,-85.9,1
43.4,-85.9,1
43.4,-85.9,1
43.4,-85.9,1
43.4,-85.9,1
43.4,-85.9,1
43.4,-85.9,1
43.4,-85.9,1
43.4,-85.9,1
43.4,-85.9,1
43.4,-85.9,1
43.4,-85.9,1
43.4,-85.9,1
43.4,-85.9,1
43.4,-85.9,1
43.4,-85.9,1
43.4,-85.9,1
43.4,-85.9,1
43.4,-85.9,1
43.4,-85.9,1
43.4,-85.9,1
43.4,-85.9,1
43.4,-85.9,1
43.4,-85.9,1
43.4,-85.9,1
43.4,-85.9,1
43.4,-85.9,1
43.4,-85.9,1
43.4,-85.9,1
43.4,-85.9,1
43.4,-85.9,1
43.4,-85.9,1
43.4,-85.9,1
43.4,-85.9,1
43.4,-85.9,1
43.4,-85.9,1
43.4,-85.9,1
43.4,-85.9,1
43.4,-85.9,1
43.4,-85.9,1
43.4,-85.9,1
43.4,-85.9,1
43.4,-85.9,1
43.4,-85.9,1
43.4,-85.9,1
43.4,-85.9,1
43.4,-85.9,1
43.4,-85.9,1
43.4,-85.9,1
43.4,-85.9,1
43.4,-85.9,1
43.4,-85.9,1
43.4,-85.9,1
43.4,-85.9,1
43.4,-85.9,1
43.4,-85.9,1
43.4,-85.9,1
43.4,-85.9,1
43.4,-85.9,1
43.4,-85.9,1
43.4,-85.9,1
43.4,-85.9,1
43.4,-85.9,1
43.4,-85.9,1
43.4,-85.9,1
43.4,-85.9,1
43.4,-85.9,1
43.4,-85.9,1
43.4,-85.9,1
43.4,-85.9,1
43.4,-85.9,1
43.4,-85.9,1
43.4,-85.9,1
43.4,-85.9,1
43.4,-85.9,1
43.4,-85.9,1
43.4,-85.9,1
43.4,-85.9,1
43.4,-85.9,1
43.4,-85.9,1
43.4,-85.9,1
43.4,-85.9,1
43.4,-85.9,1
43.4,-85.9,1
43.4,-85.9,1
43.4,-85.9,1
43.4,-85.9,1
43.4,-85.9,1
43.4,-85.9,1
43.4,-85.9,1
43.4,-85.9,1
43.4,-85.9,1
43.4,-85.9,1
43.4,-85.9,1
43.4,-85.9,1
43.4,-85.9,1
43.4,-85.9,1
43.4,-85.9,1
43.4,-85.9,1
43.4,-85.9,1
43.4,-85.9,1
43.4,-85.9,1
43.4,-85.9,1
43.4,-85.9,1
43.4,-85.9,1
43.4,-85.9,1
43.4,-85.9,1
43.4,-85.9,1
43.4,-85.9,1
43.4,-85.9,1
43.4,-85.9,1
43.4,-85.9,1
43.4,-85.9,1
43.4,-85.9,1
43.4,-85.9,1
43.4,-85.9,1
43.4,-85.9,1
43.4,-85.9,1
43.4,-85.9,1
43.4,-85.9,1
43.4,-85.9,1
43.4,-85.9,1
43.4,-85.9,1
43.4,-85.9,1
43.4,-85.9,1
43.4,-85.9,1
43.4,-85.9,1
43.4,-85.9,1
43.4,-85.9,1
43.4,-85.9,1
43.4,-85.9,1
43.4,-85.9,1
43.4,-85.9,1
43.4,-85.9,1
43.4,-85.9,1
43.4,-85.9,1
43.4,-85.9,1
43.4,-85.9,1
43.4,-85.9,1
43.4,-85.9,1
43.4,-85.9,1
43.4,-85.9,1
43.4,-85.9,1
43.4,-85.9,1
43.4,-85.9,1
43.4,-85.9,1
43.4,-85.9,1
43.4,-85.9,1
43.4,-85.9,1
43.4,-85.9,1
43.4,-85.9,1
43.4,-85.9,1
43.4,-85.9,1
43.4,-85.9,1
43.4,-85.9,1
43.4,-85.9,1
43.4,-85.9,1
43.4,-85.9,1
43.4,-85.9,1
43.4,-85.9,1
43.4,-85.9,1
43.4,-85.9,1
43.4,-85.9,1
43.4,-85.9,1
43.4,-85.9,1
43.4,-85.9,1
43.4,-85.9,1
43.4,-85.9,1
43.4,-85.9,1
43.4,-85.9,1
43.4,-85.9,1
43.4,-85.9,1
43.4,-85.9,1
43.4,-85.9,1
43.4,-85.9,1
43.4,-85.9,1
43.4,-85.9,1
43.4,-85.9,1
43.4,-85.9,1
43.4,-85.9,1
43.4,-85.9,1
43.4,-85.9,1
43.4,-85.9,1
43.4,-85.9,1
43.4,-85.9,1
43.4,-85.9,1
43.4,-85.9,1
43.4,-85.9,1
43.4,-85.9,1
43.4,-85.9,1
43.4,-85.9,1
43.4,-85.9,1
43.4,-85.9,1
43.4,-85.9,1
43.4,-85.9,1
43.4,-85.9,1
43.4,-85.9,1
43.4,-85.9,1
43.4,-85.9,1
43.4,-85.9,1
43.4,-85.9,1
43.4,-85.9,1
43.4,-85.9,1
43.4,-85.9,1
43.4,-85.9,1
43.4,-85.9,1
43.4,-85.9,1
43.4,-85.9,1
43.4,-85.9,1
43.4,-85.9,1
43.4,-85.9,1
43.4,-85.9,1
43.4,-85.9,1
43.4,-85.9,1
43.4,-85.9,1
43.4,-85.9,1
43.4,-85.9,1
43.4,-85.9,1
43.4,-85.9,1
43.4,-85.9,1
43.4,-85.9,1
43.4,-85.9,1
43.4,-85.9,1
43.4,-85.9,1
43.4,-85.9,1
43.4,-85.9,1
43.4,-85.9,1
43.4,-85.9,1
43.4,-85.9,1
43.4,-85.9,1
43.4,-85.9,1
43.4,-85.9,1
43.4,-85.9,1
43.4,-85.9,1
43.4,-85.9,1
43.4,-85.9,1
43.4,-85.9,1
43.4,-85.9,1
43.4,-85.9,1
43.4,-85.9,1
43.4,-85.9,1
43.4,-85.9,1
43.4,-85.9,1
43.4,-85.9,1
43.4,-85.9,1
43.4,-85.9,1
43.4,-85.9,1
43.4,-85.9,1
43.4,-85.9,1
43.4,-85.9,1
43.4,-85.9,1
43.4,-85.9,1
43.4,-85.9,1
43.4,-85.9,1
43.4,-85.9,1
43.4,-85.9,1
43.4,-85.9,1
43.4,-85.9,1
43.4,-85.9,1
43.4,-85.9,1
43.4,-85.9,1
43.4,-85.9,1
43.4,-85.9,1
43.4,-85.9,1
43.4,-85.9,1
43.4,-85.9,1
43.4,-85.9,1
43.4,-85.9,1
43.4,-85.9,1
43.4,-85.9,1
43.4,-85.9,1
43.4,-85.9,1
43.4,-85.9,1
43.4,-85.9,1
43.4,-85.9,1
43.4,-85.9,1
43.4,-85.9,1
43.4,-85.9,1
43.4,-85.9,1
43.4,-85.9,1
43.4,-85.9,1
43.4,-85.9,1
43.4,-85.9,1
43.4,-85.9,1
43.4,-85.9,1
43.4,-85.9,1
43.4,-85.9,1
43.4,-85.9,1
43.4,-85.9,1
43.4,-85.9,1
43.4,-85.9,1
43.4,-85.9,1
43.4,-85.9,1
43.4,-85.9,1
43.4,-85.9,1
43.4,-85.9,1
43.4,-85.9,1
43.4,-85.9,1
43.4,-85.9,1
43.4,-85.9,1
43.4,-85.9,1
43.4,-85.9,1
43.4,-85.9,1
43.4,-85.9,1
43.4,-85.9,1
43.4,-85.9,1
43.4,-85.9,1
43.4,-85.9,1
43.4,-85.9,1
43.4,-85.9,1
43.4,-85.9,1
43.4,-85.9,1
43.4,-85.9,1
43.4,-85.9,1
43.4,-85.9,1
43.4,-85.9,1
43.4,-85.9,1
43.4,-85.9,1
43.4,-85.9,1
43.4,-85.9,1
43.4,-85.9,1
43.4,-85.9,1
43.4,-85.9,1
43.4,-85.9,1
43.4,-85.9,1
43.4,-85.9,1
43.4,-85.9,1
43.4,-85.9,1
43.4,-85.9,1
43.4,-85.9,1
43.4,-85.9,1
43.4,-85.9,1
43.4,-85.9,1
43.4,-85.9,1
43.4,-85.9,1
43.4,-85.9,1
43.4,-85.9,1
43.4,-85.9,1
43.4,-85.9,1
43.4,-85.9,1
43.4,-85.9,1
43.4,-85.9,1
43.4,-85.9,1
43.4,-85.9,1
43.4,-85.9,1
43.4,-85.9,1
43.4,-85.9,1
43.4,-85.9,1
43.4,-85.9,1
43.4,-85.9,1
43.4,-85.9,1
43.4,-85.9,1
43.4,-85.9,1
43.4,-85.9,1
43.4,-85.9,1
43.4,-85.9,1
43.4,-85.9,1
43.4,-85.9,1
43.4,-85.9,1
43.4,-85.9,1
43.4,-85.9,1
43.4,-85.9,1
43.4,-85.9,1
43.4,-85.9,1
43.4,-85.9,1
43.4,-85.9,1
43.4,-85.9,1
43.4,-85.9,1
43.4,-85.9,1
43.4,-85.9,1
43.4,-85.9,1
43.4,-85.9,1
43.4,-85.9,1
43.4,-85.9,1
43.4,-85.9,1
43.4,-85.9,1
43.4,-85.9,1
43.4,-85.9,1
43.4,-85.9,1
43.4,-85.9,1
43.4,-85.9,1
43.4,-85.9,1
43.4,-85.9,1
43.4,-85.9,1
43.4,-85.9,1
43.4,-85.9,1
43.4,-85.9,1
43.4,-85.9,1
43.4,-85.9,1
43.4,-85.9,1
43.4,-85.9,1
43.4,-85.9,1
43.4,-85.9,1
43.4,-85.9,1
43.4,-85.9,1
43.4,-85.9,1
43.4,-85.9,1
43.4,-85.9,1
43.4,-85.9,1
43.4,-85.9,1
43.4,-85.9,1
43.4,-85.9,1
43.4,-85.9,1
43.4,-85.9,1
43.4,-85.9,1
43.4,-85.9,1
43.4,-85.9,1
43.4,-85.9,1
43.4,-85.9,1
43.4,-85.9,1
43.4,-85.9,1
43.4,-85.9,1
43.4,-85.9,1
43.4,-85.9,1
43.4,-85.9,1
43.4,-85.9,1
43.4,-85.9,1
43.4,-85.9,1
43.4,-85.9,1
43.4,-85.9,1
43.4,-85.9,1
43.4,-85.9,1
43.4,-85.9,1
43.4,-85.9,1
43.4,-85.9,1
43.4,-85.9,1
43.4,-85.9,1
43.4,-85.9,1
43.4,-85.9,1
43.4,-85.9,1
43.4,-85.9,1
43.4,-85.9,1
43.4,-85.9,1
43.4,-85.9,1
43.4,-85.9,1
43.4,-85.9,1
43.4,-85.9,1
43.4,-85.9,1
43.4,-85.9,1
43.4,-85.9,1
43.4,-85.9,1
43.4,-85.9,1
43.4,-85.9,1
43.4,-85.9,1
43.4,-85.9,1
43.4,-85.9,1
43.4,-85.9,1
43.4,-85.9,1
43.4,-85.9,1
43.4,-85.9,1
43.4,-85.9,1
43.4,-85.9,1
43.4,-85.9,1
43.4,-85.9,1
43.4,-85.9,1
43.4,-85.9,1
43.4,-85.9,1
43.4,-85.9,1
43.4,-85.9,1
43.4,-85.9,1
43.4,-85.9,1
43.4,-85.9,1
43.4,-85.9,1
43.4,-85.9,1
43.4,-85.9,1
43.4,-85.9,1
43.4,-85.9,1
43.4,-85.9,1
43.4,-85.9,1
43.4,-85.9,1
43.4,-85.9,1
43.4,-85.9,1
43.4,-85.9,1
43.4,-85.9,1
43.4,-85.9,1
43.4,-85.9,1
43.4,-85.9,1
43.4,-85.9,1
43.4,-85.9,1
43.4,-85.9,1
43.4,-85.9,1
43.4,-85.9,1
43.4,-85.9,1
43.4,-85.9,1
43.4,-85.9,1
43.4,-85.9,1
43.4,-85.9,1
43.4,-85.9,1
43.4,-85.9,1
43.4,-85.9,1
43.4,-85.9,1
43.4,-85.9,1
43.4,-85.9,1
43.4,-85.9,1
43.4,-85.9,1
43.4,-85.9,1
43.4,-85.9,1
43.4,-85.9,1
43.4,-85.9,1
43.4,-85.9,1
43.4,-85.9,1
43.4,-85.9,1
43.4,-85.9,1
43.4,-85.9,1
43.4,-85.9,1
43.4,-85.9,1
43.4,-85.9,1
43.4,-85.9,1
43.4,-85.9,1
43.4,-85.9,1
43.4,-85.9,1
43.4,-85.9,1
43.4,-85.9,1
43.4,-85.9,1
43.4,-85.9,1
43.4,-85.9,1
43.4,-85.9,1
43.4,-85.9,1
43.4,-85.9,1
43.4,-85.9,1
43.4,-85.9,1
43.4,-85.9,1
43.4,-85.9,1
43.4,-85.9,1
43.4,-85.9,1
43.4,-85.9,1
43.4,-85.9,1
43.4,-85.9,1
43.4,-85.9,1
43.4,-85.9,1
43.4,-85.9,1
43.4,-85.9,1
43.4,-85.9,1
43.4,-85.9,1
43.4,-85.9,1
43.4,-85.9,1
43.4,-85.9,1
43.4,-85.9,1
43.4,-85.9,1
43.4,-85.9,1
43.4,-85.9,1
43.4,-85.9,1
43.4,-85.9,1
43.4,-85.9,1
43.4,-85.9,1
43.4,-85.9,1
43.4,-85.9,1
43.4,-85.9,1
43.4,-85.9,1
43.4,-85.9,1
43.4,-85.9,1
43.4,-85.9,1
43.4,-85.9,1
43.4,-85.9,1
43.4,-85.9,1
43.4,-85.9,1
43.4,-85.9,1
43.4,-85.9,1
43.4,-85.9,1
43.4,-85.9,1
43.4,-85.9,1
43.4,-85.9,1
43.4,-85.9,1
43.4,-85.9,1
43.4,-85.9,1
43.4,-85.9,1
43.4,-85.9,1
43.4,-85.9,1
43.4,-85.9,1
43.4,-85.9,1
43.4,-85.9,1
43.4,-85.9,1
43.4,-85.9,1
43.4,-85.9,1
43.4,-85.9,1
43.4,-85.9,1
43.4,-85.9,1
43.4,-85.9,1
43.4,-85.9,1
43.4,-85.9,1
43.4,-85.9,1
43.4,-85.9,1
43.4,-85.9,1
43.4,-85.9,1
43.4,-85.9,1
43.4,-85.9,1
43.4,-85.9,1
43.4,-85.9,1
43.4,-85.9,1
43.4,-85.9,1
43.4,-85.9,1
43.4,-85.9,1
43.4,-85.9,1
43.4,-85.9,1
43.4,-85.9,1
43.4,-85.9,1
43.4,-85.9,1
43.4,-85.9,1
43.4,-85.9,1
43.4,-85.9,1
43.4,-85.9,1
43.4,-85.9,1
43.4,-85.9,1
43.4,-85.9,1
43.4,-85.9,1
43.4,-85.9,1
43.4,-85.9,1
43.4,-85.9,1
43.4,-85.9,1
43.4,-85.9,1
43.4,-85.9,1
43.4,-85.9,1
43.4,-85.9,1
43.4,-85.9,1
43.4,-85.9,1
43.4,-85.9,1
43.4,-85.9,1
43.4,-85.9,1
43.4,-85.9,1
43.4,-85.9,1
43.4,-85.9,1
43.4,-85.9,1
43.4,-85.9,1
43.4,-85.9,1
43.4,-85.9,1
43.4,-85.9,1
43.4,-85.9,1
43.4,-85.9,1
43.4,-85.9,1
43.4,-85.9,1
43.4,-85.9,1
43.4,-85.9,1
43.4,-85.9,1
43.4,-85.9,1
43.4,-85.9,1
43.4,-85.9,1
43.4,-85.9,1
43.4,-85.9,1
43.4,-85.9,1
43.4,-85.9,1
43.4,-85.9,1
43.4,-85.9,1
43.4,-85.9,1
43.4,-85.9,1
43.4,-85.9,1
43.4,-85.9,1
43.4,-85.9,1
43.4,-85.9,1
43.4,-85.9,1
43.4,-85.9,1
43.4,-85.9,1
43.4,-85.9,1
43.4,-85.9,1
43.4,-85.9,1
43.4,-85.9,1
43.4,-85.9,1
43.4,-85.9,1
43.4,-85.9,1
43.4,-85.9,1
43.4,-85.9,1
43.4,-85.9,1
43.4,-85.9,1
43.4,-85.9,1
43.4,-85.9,1
43.4,-85.9,1
43.4,-85.9,1
43.4,-85.9,1
43.4,-85.9,1
43.4,-85.9,1
43.4,-85.9,1
43.4,-85.9,1
43.4,-85.9,1
43.4,-85.9,1
43.4,-85.9,1
43.4,-85.9,1
43.4,-85.9,1
43.4,-85.9,1
43.4,-85.9,1
43.4,-85.9,1
43.4,-85.9,1
43.4,-85.9,1
43.4,-85.9,1
43.4,-85.9,1
43.4,-85.9,1
43.4,-85.9,1
43.4,-85.9,1
43.4,-85.9,1
43.4,-85.9,1
43.4,-85.9,1
43.4,-85.9,1
43.4,-85.9,1
43.4,-85.9,1
43.4,-85.9,1
43.4,-85.9,1
43.4,-85.9,1
43.4,-85.9,1
43.4,-85.9,1
43.4,-85.9,1
43.4,-85.9,1
43.4,-85.9,1
43.4,-85.9,1
43.4,-85.9,1
43.4,-85.9,1
43.4,-85.9,1
43.4,-85.9,1
43.4,-85.9,1
43.4,-85.9,1
43.4,-85.9,1
43.4,-85.9,1
43.4,-85.9,1
43.4,-85.9,1
43.4,-85.9,1
43.4,-85.9,1
43.4,-85.9,1
43.4,-85.9,1
43.4,-85.9,1
43.4,-85.9,1
43.4,-85.9,1
43.4,-85.9,1
43.4,-85.9,1
43.4,-85.9,1
43.4,-85.9,1
43.4,-85.9,1
43.4,-85.9,1
43.4,-85.9,1
43.4,-85.9,1
43.4,-85.9,1
43.4,-85.9,1
43.4,-85.9,1
43.4,-85.9,1
43.4,-85.9,1
43.4,-85.9,1
43.4,-85.9,1
43.4,-85.9,1
43.4,-85.9,1
43.4,-85.9,1
43.4,-85.9,1
43.4,-85.9,1
43.4,-85.9,1
43.4,-85.9,1
43.4,-85.9,1
43.4,-85.9,1
43.4,-85.9,1
43.4,-85.9,1
43.4,-85.9,1
43.4,-85.9,1
43.4,-85.9,1
43.4,-85.9,1
43.4,-85.9,1
43.4,-85.9,1
43.4,-85.9,1
43.4,-85.9,1
43.4,-85.9,1
43.4,-85.9,1
43.4,-85.9,1
43.4,-85.9,1
43.4,-85.9,1
43.4,-85.9,1
43.4,-85.9,1
43.4,-85.9,1
43.4,-85.9,1
43.4,-85.9,1
43.4,-85.9,1
43.4,-85.9,1
43.4,-85.9,1
43.4,-85.9,1
43.4,-85.9,1
43.4,-85.9,1
43.4,-85.9,1
43.4,-85.9,1
43.4,-85.9,1
43.4,-85.9,1
43.4,-85.9,1
43.4,-85.9,1
43.4,-85.9,1
43.4,-85.9,1
43.4,-85.9,1
43.4,-85.9,1
43.4,-85.9,1
43.4,-85.9,1
43.4,-85.9,1
43.4,-85.9,1
43.4,-85.9,1
43.4,-85.9,1
43.4,-85.9,1
43.4,-85.9,1
43.4,-85.9,1
43.4,-85.9,1
43.4,-85.9,1
43.4,-85.9,1
43.4,-85.9,1
43.4,-85.9,1
43.4,-85.9,1
43.4,-85.9,1
43.4,-85.9,1
43.4,-85.9,1
43.4,-85.9,1
43.4,-85.9,1
43.4,-85.9,1
43.4,-85.9,1
43.4,-85.9,1
43.4,-85.9,1
43.4,-85.9,1
43.4,-85.9,1
43.4,-85.9,1
43.4,-85.9,1
43.4,-85.9,1
43.4,-85.9,1
43.4,-85.9,1
43.4,-85.9,1
43.4,-85.9,1
43.4,-85.9,1
43.4,-85.9,1
43.4,-85.9,1
43.4,-85.9,1
43.4,-85.9,1
43.4,-85.9,1
43.4,-85.9,1
43.4,-85.9,1
43.4,-85.9,1
43.4,-85.9,1
43.4,-85.9,1
43.4,-85.9,1
43.4,-85.9,1
43.4,-85.9,1
43.4,-85.9,1
43.4,-85.9,1
43.4,-85.9,1
43.4,-85.9,1
43.4,-85.9,1
43.4,-85.9,1
43.4,-85.9,1
43.4,-85.9,1
43.4,-85.9,1
43.4,-85.9,1
43.4,-85.9,1
43.4,-85.9,1
43.4,-85.9,1
43.4,-85.9,1
43.4,-85.9,1
43.4,-85.9,1
43.4,-85.9,1
43.4,-85.9,1
43.4,-85.9,1
43.4,-85.9,1
43.4,-85.9,1
43.4,-85.9,1
43.4,-85.9,1
43.4,-85.9,1
43.4,-85.9,1
43.4,-85.9,1
43.4,-85.9,1
43.4,-85.9,1
43.4,-85.9,1
43.4,-85.9,1
43.4,-85.9,1
43.4,-85.9,1
43.4,-85.9,1
43.4,-85.9,1
43.4,-85.9,1
43.4,-85.9,1
43.4,-85.9,1
43.4,-85.9,1
43.4,-85.9,1
43.4,-85.9,1
43.4,-85.9,1
43.4,-85.9,1
43.4,-85.9,1
43.4,-85.9,1
43.4,-85.9,1
43.4,-85.9,1
43.4,-85.9,1
43.4,-85.9,1
43.4,-85.9,1
43.4,-85.9,1
43.4,-85.9,1
43.4,-85.9,1
43.4,-85.9,1
43.4,-85.9,1
43.4,-85.9,1
43.4,-85.9,1
43.4,-85.9,1
43.4,-85.9,1
43.4,-85.9,1
43.4,-85.9,1
43.4,-85.9,1
43.4,-85.9,1
43.4,-85.9,1
43.4,-85.9,1
43.4,-85.9,1
43.4,-85.9,1
43.4,-85.9,1
43.4,-85.9,1
43.4,-85.9,1
43.4,-85.9,1
43.4,-85.9,1
43.4,-85.9,1
43.4,-85.9,1
43.4,-85.9,1
43.4,-85.9,1
43.4,-85.9,1
43.4,-85.9,1
43.4,-85.9,1
43.4,-85.9,1
43.4,-85.9,1
43.4,-85.9,1
43.4,-85.9,1
43.4,-85.9,1
43.4,-85.9,1
43.4,-85.9,1
43.4,-85.9,1
43.4,-85.9,1
43.4,-85.9,1
43.4,-85.9,1
43.4,-85.9,1
43.4,-85.9,1
43.4,-85.9,1
43.4,-85.9,1
43.4,-85.9,1
43.4,-85.9,1
43.4,-85.9,1
43.4,-85.9,1
43.4,-85.9,1
43.4,-85.9,1
43.4,-85.9,1
43.4,-85.9,1
43.4,-85.9,1
43.4,-85.9,1
43.4,-85.9,1
43.4,-85.9,1
43.4,-85.9,1
43.4,-85.9,1
43.4,-85.9,1
43.4,-85.9,1
43.4,-85.9,1
43.4,-85.9,1
43.4,-85.9,1
43.4,-85.9,1
43.4,-85.9,1
43.4,-85.9,1
43.4,-85.9,1
43.4,-85.9,1
43.4,-85.9,1
43.4,-85.9,1
43.4,-85.9,1
43.4,-85.9,1
43.4,-85.9,1
43.4,-85.9,1
43.4,-85.9,1
43.4,-85.9,1
43.4,-85.9,1
43.4,-85.9,1
43.4,-85.9,1
43.4,-85.9,1
43.4,-85.9,1
43.4,-85.9,1
43.4,-85.9,1
43.4,-85.9,1
43.4,-85.9,1
43.4,-85.9,1
43.4,-85.9,1
43.4,-85.9,1
43.4,-85.9,1
43.4,-85.9,1
43.4,-85.9,1
43.4,-85.9,1
43.4,-85.9,1
43.4,-85.9,1
43.4,-85.9,1
43.4,-85.9,1
43.4,-85.9,1
43.4,-85.9,1
43.4,-85.9,1
43.4,-85.9,1
43.4,-85.9,1
43.4,-85.9,1
43.4,-85.9,1
43.4,-85.9,1
43.4,-85.9,1
43.4,-85.9,1
43.4,-85.9,1
43.4,-85.9,1
43.4,-85.9,1
43.4,-85.9,1
43.4,-85.9,1
43.4,-85.9,1
43.4,-85.9,1
43.4,-85.9,1
43.4,-85.9,1
43.4,-85.9,1
43.4,-85.9,1
43.4,-85.9,1
43.4,-85.9,1
43.4,-85.9,1
43.4,-85.9,1
43.4,-85.9,1
43.4,-85.9,1
43.4,-85.9,1
43.4,-85.9,1
43.4,-85.9,1
43.4,-85.9,1
43.4,-85.9,1
43.4,-85.9,1
43.4,-85.9,1
43.4,-85.9,1
43.4,-85.9,1
43.4,-85.9,1
43.4,-85.9,1
43.4,-85.9,1
43.4,-85.9,1
43.4,-85.9,1
43.4,-85.9,1
43.4,-85.9,1
43.4,-85.9,1
43.4,-85.9,1
43.4,-85.9,1
43.4,-85.9,1
43.4,-85.9,1
43.4,-85.9,1
43.4,-85.9,1
43.4,-85.9,1
43.4,-85.9,1
43.4,-85.9,1
43.4,-85.9,1
43.4,-85.9,1
43.4,-85.9,1
43.4,-85.9,1
43.4,-85.9,1
43.4,-85.9,1
43.4,-85.9,1
43.4,-85.9,1
43.4,-85.9,1
43.4,-85.9,1
43.4,-85.9,1
43.4,-85.9,1
43.4,-85.9,1
43.4,-85.9,1
43.4,-85.9,1
43.4,-85.9,1
43.4,-85.9,1
43.4,-85.9,1
43.4,-85.9,1
43.4,-85.9,1
43.4,-85.9,1
43.4,-85.9,1
43.4,-85.9,1
43.4,-85.9,1
43.4,-85.9,1
43.4,-85.9,1
43.4,-85.9,1
43.4,-85.9,1
43.4,-85.9,1
43.4,-85.9,1
43.4,-85.9,1
43.4,-85.9,1
43.4,-85.9,1
43.4,-85.9,1
43.4,-85.9,1
43.4,-85.9,1
43.4,-85.9,1
43.4,-85.9,1
43.4,-85.9,1
43.4,-85.9,1
43.4,-85.9,1
43.4,-85.9,1
43.4,-85.9,1
43.4,-85.9,1
43.4,-85.9,1
43.4,-85.9,1
43.4,-85.9,1
43.4,-85.9,1
43.4,-85.9,1
43.4,-85.9,1
43.4,-85.9,1
43.4,-85.9,1
43.4,-85.9,1
43.4,-85.9,1
43.4,-85.9,1
43.4,-85.9,1
43.4,-85.9,1
43.4,-85.9,1
43.4,-85.9,1
43.4,-85.9,1
43.4,-85.9,1
43.4,-85.9,1
43.4,-85.9,1
43.4,-85.9,1
43.4,-85.9,1
43.4,-85.9,1
43.4,-85.9,1
43.4,-85.9,1
43.4,-85.9,1
43.4,-85.9,1
43.4,-85.9,1
43.4,-85.9,1
43.4,-85.9,1
43.4,-85.9,1
43.4,-85.9,1
43.4,-85.9,1
43.4,-85.9,1
43.4,-85.9,1
43.4,-85.9,1
43.4,-85.9,1
43.4,-85.9,1
43.4,-85.9,1
43.4,-85.9,1
43.4,-85.9,1
43.4,-85.9,1
43.4,-85.9,1
43.4,-85.9,1
43.4,-85.9,1
43.4,-85.9,1
43.4,-85.9,1
43.4,-85.9,1
43.4,-85.9,1
43.4,-85.9,1
43.4,-85.9,1
43.4,-85.9,1
43.4,-85.9,1
43.4,-85.9,1
43.4,-85.9,1
43.4,-85.9,1
43.4,-85.9,1
43.4,-85.9,1
43.4,-85.9,1
43.4,-85.9,1
43.4,-85.9,1
43.4,-85.9,1
43.4,-85.9,1
43.4,-85.9,1
43.4,-85.9,1
43.4,-85.9,1
43.4,-85.9,1
43.4,-85.9,1
43.4,-85.9,1
43.4,-85.9,1
43.4,-85.9,1
43.4,-85.9,1
43.4,-85.9,1
43.4,-85.9,1
43.4,-85.9,1
43.4,-85.9,1
43.4,-85.9,1
43.4,-85.9,1
43.4,-85.9,1
43.4,-85.9,1
43.4,-85.9,1
43.4,-85.9,1
43.4,-85.9,1
43.4,-85.9,1
43.4,-85.9,1
43.4,-85.9,1
43.4,-85.9,1
43.4,-85.9,1
43.4,-85.9,1
43.4,-85.9,1
43.4,-85.9,1
43.4,-85.9,1
43.4,-85.9,1
43.4,-85.9,1
43.4,-85.9,1
43.4,-85.9,1
43.4,-85.9,1
43.4,-85.9,1
43.4,-85.9,1
43.4,-85.9,1
43.4,-85.9,1
43.4,-85.9,1
43.4,-85.9,1
43.4,-85.9,1
43.4,-85.9,1
43.4,-85.9,1
43.4,-85.9,1
43.4,-85.9,1
43.4,-85.9,1
43.4,-85.9,1
43.4,-85.9,1
43.4,-85.9,1
43.4,-85.9,1
43.4,-85.9,1
43.4,-85.9,1
43.4,-85.9,1
43.4,-85.9,1
43.4,-85.9,1
43.4,-85.9,1
43.4,-85.9,1
43.4,-85.9,1
43.4,-85.9,1
43.4,-85.9,1
43.4,-85.9,1
43.4,-85.9,1
43.4,-85.9,1
43.4,-85.9,1
43.4,-85.9,1
43.4,-85.9,1
43.4,-85.9,1
43.4,-85.9,1
43.4,-85.9,1
43.4,-85.9,1
43.4,-85.9,1
43.4,-85.9,1
43.4,-85.9,1
43.4,-85.9,1
43.4,-85.9,1
43.4,-85.9,1
43.4,-85.9,1
43.4,-85.9,1
43.4,-85.9,1
43.4,-85.9,1
43.4,-85.9,1
43.4,-85.9,1
43.4,-85.9,1
43.4,-85.9,1
43.4,-85.9,1
43.4,-85.9,1
43.4,-85.9,1
43.4,-85.9,1
43.4,-85.9,1
43.4,-85.9,1
43.4,-85.9,1
43.4,-85.9,1
43.4,-85.9,1
43.4,-85.9,1
43.4,-85.9,1
43.4,-85.9,1
43.4,-85.9,1
43.4,-85.9,1
43.4,-85.9,1
43.4,-85.9,1
43.4,-85.9,1
43.4,-85.9,1
43.4,-85.9,1
43.4,-85.9,1
43.4,-85.9,1
43.4,-85.9,1
43.4,-85.9,1
43.4,-85.9,1
43.4,-85.9,1
43.4,-85.9,1
43.4,-85.9,1
43.4,-85.9,1
43.4,-85.9,1
43.4,-85.9,1
43.4,-85.9,1
43.4,-85.9,1
43.4,-85.9,1
43.4,-85.9,1
43.4,-85.9,1
43.4,-85.9,1
43.4,-85.9,1
43.4,-85.9,1
43.4,-85.9,1
43.4,-85.9,1
43.4,-85.9,1
43.4,-85.9,1
43.4,-85.9,1
43.4,-85.9,1
43.4,-85.9,1
43.4,-85.9,1
43.4,-85.9,1
43.4,-85.9,1
43.4,-85.9,1
43.4,-85.9,1
43.4,-85.9,1
43.4,-85.9,1
43.4,-85.9,1
43.4,-85.9,1
43.4,-85.9,1
43.4,-85.9,1
43.4,-85.9,1
43.4,-85.9,1
43.4,-85.9,1
43.4,-85.9,1
43.4,-85.9,1
43.4,-85.9,1
43.4,-85.9,1
43.4,-85.9,1
43.4,-85.9,1
43.4,-85.9,1
43.4,-85.9,1
43.4,-85.9,1
43.4,-85.9,1
43.4,-85.9,1
43.4,-85.9,1
43.4,-85.9,1
43.4,-85.9,1
43.4,-85.9,1
43.4,-85.9,1
43.4,-85.9,1
43.4,-85.9,1
43.4,-85.9,1
43.4,-85.9,1
43.4,-85.9,1
43.4,-85.9,1
43.4,-85.9,1
43.4,-85.9,1
43.4,-85.9,1
43.4,-85.9,1
43.4,-85.9,1
43.4,-85.9,1
43.4,-85.9,1
43.4,-85.9,1
43.4,-85.9,1
43.4,-85.9,1
43.4,-85.9,1
43.4,-85.9,1
43.4,-85.9,1
43.4,-85.9,1
43.4,-85.9,1
43.4,-85.9,1
43.4,-85.9,1
43.4,-85.9,1
43.4,-85.9,1
43.4,-85.9,1
43.4,-85.9,1
43.4,-85.9,1
43.4,-85.9,1
43.4,-85.9,1
43.4,-85.9,1
43.4,-85.9,1
43.4,-85.9,1
43.4,-85.9,1
43.4,-85.9,1
43.4,-85.9,1
43.4,-85.9,1
43.4,-85.9,1
43.4,-85.9,1
43.4,-85.9,1
43.4,-85.9,1
43.4,-85.9,1
43.4,-85.9,1
43.4,-85.9,1
43.4,-85.9,1
43.4,-85.9,1
43.4,-85.9,1
43.4,-85.9,1
43.4,-85.9,1
43.4,-85.9,1
43.4,-85.9,1
43.4,-85.9,1
43.4,-85.9,1
43.4,-85.9,1
43.4,-85.9,1
43.4,-85.9,1
43.4,-85.9,1
43.4,-85.9,1
43.4,-85.9,1
43.4,-85.9,1
43.4,-85.9,1
43.4,-85.9,1
43.4,-85.9,1
43.4,-85.9,1
43.4,-85.9,1
43.4,-85.9,1
43.4,-85.9,1
43.4,-85.9,1
43.4,-85.9,1
43.4,-85.9,1
43.4,-85.9,1
43.4,-85.9,1
43.4,-85.9,1
43.4,-85.9,1
43.4,-85.9,1
43.4,-85.9,1
43.4,-85.9,1
43.4,-85.9,1
43.4,-85.9,1
43.4,-85.9,1
43.4,-85.9,1
43.4,-85.9,1
43.4,-85.9,1
43.4,-85.9,1
43.4,-85.9,1
43.4,-85.9,1
43.4,-85.9,1
43.4,-85.9,1
43.4,-85.9,1
43.4,-85.9,1
43.4,-85.9,1
43.4,-85.9,1
43.4,-85.9,1
43.4,-85.9,1
43.4,-85.9,1
43.4,-85.9,1
43.4,-85.9,1
43.4,-85.9,1
43.4,-85.9,1
43.4,-85.9,1
43.4,-85.9,1
43.4,-85.9,1
43.4,-85.9,1
43.4,-85.9,1
43.4,-85.9,1
43.4,-85.9,1
43.4,-85.9,1
43.4,-85.9,1
43.4,-85.9,1
43.4,-85.9,1
43.4,-85.9,1
43.4,-85.9,1
43.4,-85.9,1
43.4,-85.9,1
43.4,-85.9,1
43.4,-85.9,1
43.4,-85.9,1
43.4,-85.9,1
43.4,-85.9,1
43.4,-85.9,1
43.4,-85.9,1
43.4,-85.9,1
43.4,-85.9,1
43.4,-85.9,1
43.4,-85.9,1
43.4,-85.9,1
43.4,-85.9,1
43.4,-85.9,1
43.4,-85.9,1
43.4,-85.9,1
43.4,-85.9,1
43.4,-85.9,1
43.4,-85.9,1
43.4,-85.9,1
43.4,-85.9,1
43.4,-85.9,1
43.4,-85.9,1
43.4,-85.9,1
43.4,-85.9,1
43.4,-85.9,1
43.4,-85.9,1
43.4,-85.9,1
43.4,-85.9,1
43.4,-85.9,1
43.4,-85.9,1
43.4,-85.9,1
43.4,-85.9,1
43.4,-85.9,1
43.4,-85.9,1
43.4,-85.9,1
43.4,-85.9,1
43.4,-85.9,1
43.4,-85.9,1
43.4,-85.9,1
43.4,-85.9,1
43.4,-85.9,1
43.4,-85.9,1
43.4,-85.9,1
43.4,-85.9,1
43.4,-85.9,1
43.4,-85.9,1
43.4,-85.9,1
43.4,-85.9,1
43.4,-85.9,1
43.4,-85.9,1
43.4,-85.9,1
43.4,-85.9,1
43.4,-85.9,1
43.4,-85.9,1
43.4,-85.9,1
43.4,-85.9,1
43.4,-85.9,1
43.4,-85.9,1
43.4,-85.9,1
43.4,-85.9,1
43.4,-85.9,1
43.4,-85.9,1
43.4,-85.9,1
43.4,-85.9,1
43.4,-85.9,1
43.4,-85.9,1
43.4,-85.9,1
43.4,-85.9,1
43.4,-85.9,1
43.4,-85.9,1
43.4,-85.9,1
43.4,-85.9,1
43.4,-85.9,1
43.4,-85.9,1
43.4,-85.9,1
43.4,-85.9,1
43.4,-85.9,1
43.4,-85.9,1
43.4,-85.9,1
43.4,-85.9,1
43.4,-85.9,1
43.4,-85.9,1
43.4,-85.9,1
43.4,-85.9,1
43.4,-85.9,1
43.4,-85.9,1
43.4,-85.9,1
43.4,-85.9,1
43.4,-85.9,1
43.4,-85.9,1
43.4,-85.9,1
43.4,-85.9,1
43.4,-85.9,1
43.4,-85.9,1
43.4,-85.9,1
43.4,-85.9,1
43.4,-85.9,1
43.4,-85.9,1
43.4,-85.9,1
43.4,-85.9,1
43.4,-85.9,1
43.4,-85.9,1
43.4,-85.9,1
43.4,-85.9,1
43.4,-85.9,1
43.4,-85.9,1
43.4,-85.9,1
43.4,-85.9,1
43.4,-85.9,1
43.4,-85.9,1
43.4,-85.9,1
43.4,-85.9,1
43.4,-85.9,1
43.4,-85.9,1
43.4,-85.9,1
43.4,-85.9,1
43.4,-85.9,1
43.4,-85.9,1
43.4,-85.9,1
43.4,-85.9,1
43.4,-85.9,1
43.4,-85.9,1
43.4,-85.9,1
43.4,-85.9,1
43.4,-85.9,1
43.4,-85.9,1
43.4,-85.9,1
43.4,-85.9,1
43.4,-85.9,1
43.4,-85.9,1
43.4,-85.9,1
43.4,-85.9,1
43.4,-85.9,1
43.4,-85.9,1
43.4,-85.9,1
43.4,-85.9,1
43.4,-85.9,1
43.4,-85.9,1
43.4,-85.9,1
43.4,-85.9,1
43.4,-85.9,1
43.4,-85.9,1
43.4,-85.9,1
43.4,-85.9,1
43.4,-85.9,1
43.4,-85.9,1
43.4,-85.9,1
43.4,-85.9,1
43.4,-85.9,1
43.4,-85.9,1
43.4,-85.9,1
43.4,-85.9,1
43.4,-85.9,1
43.4,-85.9,1
43.4,-85.9,1
43.4,-85.9,1
43.4,-85.9,1
43.4,-85.9,1
43.4,-85.9,1
43.4,-85.9,1
43.4,-85.9,1
43.4,-85.9,1
43.4,-85.9,1
43.4,-85.9,1
43.4,-85.9,1
43.4,-85.9,1
43.4,-85.9,1
43.4,-85.9,1
43.4,-85.9,1
43.4,-85.9,1
43.4,-85.9,1
43.4,-85.9,1
43.4,-85.9,1
43.4,-85.9,1
43.4,-85.9,1
43.4,-85.9,1
43.4,-85.9,1
43.4,-85.9,1
43.4,-85.9,1
43.4,-85.9,1
43.4,-85.9,1
43.4,-85.9,1
43.4,-85.9,1
43.4,-85.9,1
43.4,-85.9,1
43.4,-85.9,1
43.4,-85.9,1
43.4,-85.9,1
43.4,-85.9,1
43.4,-85.9,1
43.4,-85.9,1
43.4,-85.9,1
43.4,-85.9,1
43.4,-85.9,1
43.4,-85.9,1
43.4,-85.9,1
43.4,-85.9,1
43.4,-85.9,1
43.4,-85.9,1
43.4,-85.9,1
43.4,-85.9,1
43.4,-85.9,1
43.4,-85.9,1
43.4,-85.9,1
43.4,-85.9,1
43.4,-85.9,1
43.4,-85.9,1
43.4,-85.9,1
43.4,-85.9,1
43.4,-85.9,1
43.4,-85.9,1
43.4,-85.9,1
43.4,-85.9,1
43.4,-85.9,1
43.4,-85.9,1
43.4,-85.9,1
43.4,-85.9,1
43.4,-85.9,1
43.4,-85.9,1
43.4,-85.9,1
43.4,-85.9,1
43.4,-85.9,1
43.4,-85.9,1
43.4,-85.9,1
43.4,-85.9,1
43.4,-85.9,1
43.4,-85.9,1
43.4,-85.9,1
43.4,-85.9,1
43.4,-85.9,1
43.4,-85.9,1
43.4,-85.9,1
43.4,-85.9,1
43.4,-85.9,1
43.4,-85.9,1
43.4,-85.9,1
43.4,-85.9,1
43.4,-85.9,1
43.4,-85.9,1
43.4,-85.9,1
43.4,-85.9,1
43.4,-85.9,1
43.4,-85.9,1
43.4,-85.9,1
43.4,-85.9,1
43.4,-85.9,1
43.4,-85.9,1
43.4,-85.9,1
43.4,-85.9,1
43.4,-85.9,1
43.4,-85.9,1
43.4,-85.9,1
43.4,-85.9,1
43.4,-85.9,1
43.4,-85.9,1
43.4,-85.9,1
43.4,-85.9,1
43.4,-85.9,1
43.4,-85.9,1
43.4,-85.9,1
43.4,-85.9,1
43.4,-85.9,1
43.4,-85.9,1
43.4,-85.9,1
43.4,-85.9,1
43.4,-85.9,1
43.4,-85.9,1
43.4,-85.9,1
43.4,-85.9,1
43.4,-85.9,1
43.4,-85.9,1
43.4,-85.9,1
43.4,-85.9,1
43.4,-85.9,1
43.4,-85.9,1
43.4,-85.9,1
43.4,-85.9,1
43.4,-85.9,1
43.4,-85.9,1
43.4,-85.9,1
43.4,-85.9,1
43.4,-85.9,1
43.4,-85.9,1
43.4,-85.9,1
43.4,-85.9,1
43.4,-85.9,1
43.4,-85.9,1
43.4,-85.9,1
43.4,-85.9,1
43.4,-85.9,1
43.4,-85.9,1
43.4,-85.9,1
43.4,-85.9,1
43.4,-85.9,1
43.4,-85.9,1
43.4,-85.9,1
43.4,-85.9,1
43.4,-85.9,1
43.4,-85.9,1
43.4,-85.9,1
43.4,-85.9,1
43.4,-85.9,1
43.4,-85.9,1
43.4,-85.9,1
43.4,-85.9,1
43.4,-85.9,1
43.4,-85.9,1
43.4,-85.9,1
43.4,-85.9,1
43.4,-85.9,1
43.4,-85.9,1
43.4,-85.9,1
43.4,-85.9,1
43.4,-85.9,1
43.4,-85.9,1
43.4,-85.9,1
43.4,-85.9,1
43.4,-85.9,1
43.4,-85.9,1
43.4,-85.9,1
43.4,-85.9,1
43.4,-85.9,1
43.4,-85.9,1
43.4,-85.9,1
43.4,-85.9,1
43.4,-85.9,1
43.4,-85.9,1
43.4,-85.9,1
43.4,-85.9,1
43.4,-85.9,1
43.4,-85.9,1
43.4,-85.9,1
43.4,-85.9,1
43.4,-85.9,1
43.4,-85.9,1
43.4,-85.9,1
43.4,-85.9,1
43.4,-85.9,1
43.4,-85.9,1
43.4,-85.9,1
43.4,-85.9,1
43.4,-85.9,1
43.4,-85.9,1
43.4,-85.9,1
43.4,-85.9,1
43.4,-85.9,1
43.4,-85.9,1
43.4,-85.9,1
43.4,-85.9,1
43.4,-85.9,1
43.4,-85.9,1
43.4,-85.9,1
43.4,-85.9,1
43.4,-85.9,1
43.4,-85.9,1
43.4,-85.9,1
43.4,-85.9,1
43.4,-85.9,1
43.4,-85.9,1
43.4,-85.9,1
43.4,-85.9,1
43.4,-85.9,1
43.4,-85.9,1
43.4,-85.9,1
43.4,-85.9,1
43.4,-85.9,1
43.4,-85.9,1
43.4,-85.9,1
43.4,-85.9,1
43.4,-85.9,1
43.4,-85.9,1
43.4,-85.9,1
43.4,-85.9,1
43.4,-85.9,1
43.4,-85.9,1
43.4,-85.9,1
43.4,-85.9,1
43.4,-85.9,1
43.4,-85.9,1
43.4,-85.9,1
43.4,-85.9,1
43.4,-85.9,1
43.4,-85.9,1
43.4,-85.9,1
43.4,-85.9,1
43.4,-85.9,1
43.4,-85.9,1
43.4,-85.9,1
43.4,-85.9,1
43.4,-85.9,1
43.4,-85.9,1
43.4,-85.9,1
43.4,-85.9,1
43.4,-85.9,1
43.4,-85.9,1
43.4,-85.9,1
43.4,-85.9,1
43.4,-85.9,1
43.4,-85.9,1
43.4,-85.9,1
43.4,-85.9,1
43.4,-85.9,1
43.4,-85.9,1
43.4,-85.9,1
43.4,-85.9,1
43.4,-85.9,1
43.4,-85.9,1
43.4,-85.9,1
43.4,-85.9,1
43.4,-85.9,1
43.4,-85.9,1
43.4,-85.9,1
43.4,-85.9,1
43.4,-85.9,1
43.4,-85.9,1
43.4,-85.9,1
43.4,-85.9,1
43.4,-85.9,1
43.4,-85.9,1
43.4,-85.9,1
43.4,-85.9,1
43.4,-85.9,1
43.4,-85.9,1
43.4,-85.9,1
43.4,-85.9,1
43.4,-85.9,1
43.4,-85.9,1
43.4,-85.9,1
43.4,-85.9,1
43.4,-85.9,1
43.4,-85.9,1
43.4,-85.9,1
43.4,-85.9,1
43.4,-85.9,1
43.4,-85.9,1
43.4,-85.9,1
43.4,-85.9,1
43.4,-85.9,1
43.4,-85.9,1
43.4,-85.9,1
43.4,-85.9,1
43.4,-85.9,1
43.4,-85.9,1
43.4,-85.9,1
43.4,-85.9,1
43.4,-85.9,1
43.4,-85.9,1
43.4,-85.9,1
43.4,-85.9,1
43.4,-85.9,1
43.4,-85.9,1
43.4,-85.9,1
43.4,-85.9,1
43.4,-85.9,1
43.4,-85.9,1
43.4,-85.9,1
43.4,-85.9,1
43.4,-85.9,1
43.4,-85.9,1
43.4,-85.9,1
43.4,-85.9,1
43.4,-85.9,1
43.4,-85.9,1
43.4,-85.9,1
43.4,-85.9,1
43.4,-85.9,1
43.4,-85.9,1
43.4,-85.9,1
43.4,-85.9,1
43.4,-85.9,1
43.4,-85.9,1
43.4,-85.9,1
43.4,-85.9,1
43.4,-85.9,1
43.4,-85.9,1
43.4,-85.9,1
43.4,-85.9,1
43.4,-85.9,1
43.4,-85.9,1
43.4,-85.9,1
43.4,-85.9,1
43.4,-85.9,1
43.4,-85.9,1
43.4,-85.9,1
43.4,-85.9,1
43.4,-85.9,1
43.4,-85.9,1
43.4,-85.9,1
43.4,-85.9,1
43.4,-85.9,1
43.4,-85.9,1
43.4,-85.9,1
43.4,-85.9,1
43.4,-85.9,1
43.4,-85.9,1
43.4,-85.9,1
43.4,-85.9,1
43.4,-85.9,1
43.4,-85.9,1
43.4,-85.9,1
43.4,-85.9,1
43.4,-85.9,1
43.4,-85.9,1
43.4,-85.9,1
43.4,-85.9,1
43.4,-85.9,1
43.4,-85.9,1
43.4,-85.9,1
43.4,-85.9,1
43.4,-85.9,1
43.4,-85.9,1
43.4,-85.9,1
43.4,-85.9,1
43.4,-85.9,1
43.4,-85.9,1
43.4,-85.9,1
43.4,-85.9,1
43.4,-85.9,1
43.4,-85.9,1
43.4,-85.9,1
43.4,-85.9,1
43.4,-85.9,1
43.4,-85.9,1
43.4,-85.9,1
43.4,-85.9,1
43.4,-85.9,1
43.4,-85.9,1
43.4,-85.9,1
43.4,-85.9,1
43.4,-85.9,1
43.4,-85.9,1
43.4,-85.9,1
43.4,-85.9,1
43.4,-85.9,1
43.4,-85.9,1
43.4,-85.9,1
43.4,-85.9,1
43.4,-85.9,1
43.4,-85.9,1
43.4,-85.9,1
43.4,-85.9,1
43.4,-85.9,1
43.4,-85.9,1
43.4,-85.9,1
43.4,-85.9,1
43.4,-85.9,1
43.4,-85.9,1
43.4,-85.9,1
43.4,-85.9,1
43.4,-85.9,1
43.4,-85.9,1
43.4,-85.9,1
43.4,-85.9,1
43.4,-85.9,1
43.4,-85.9,1
43.4,-85.9,1
43.4,-85.9,1
43.4,-85.9,1
43.4,-85.9,1
43.4,-85.9,1
43.4,-85.9,1
43.4,-85.9,1
43.4,-85.9,1
43.4,-85.9,1
43.4,-85.9,1
43.4,-85.9,1
43.4,-85.9,1
43.4,-85.9,1
43.4,-85.9,1
43.4,-85.9,1
43.4,-85.9,1
43.4,-85.9,1
43.4,-85.9,1
43.4,-85.9,1
43.4,-85.9,1
43.4,-85.9,1
43.4,-85.9,1
43.4,-85.9,1
43.4,-85.9,1
43.4,-85.9,1
43.4,-85.9,1
43.4,-85.9,1
43.4,-85.9,1
43.4,-85.9,1
43.4,-85.9,1
43.4,-85.9,1
43.4,-85.9,1
43.4,-85.9,1
43.4,-85.9,1
43.4,-85.9,1
43.4,-85.9,1
43.4,-85.9,1
43.4,-85.9,1
43.4,-85.9,1
43.4,-85.9,1
43.4,-85.9,1
43.4,-85.9,1
43.4,-85.9,1
43.4,-85.9,1
43.4,-85.9,1
43.4,-85.9,1
43.4,-85.9,1
43.4,-85.9,1
43.4,-85.9,1
43.4,-85.9,1
43.4,-85.9,1
43.4,-85.9,1
43.4,-85.9,1
43.4,-85.9,1
43.4,-85.9,1
43.4,-85.9,1
43.4,-85.9,1
43.4,-85.9,1
43.4,-85.9,1
43.4,-85.9,1
43.4,-85.9,1
43.4,-85.9,1
43.4,-85.9,1
43.4,-85.9,1
43.4,-85.9,1
43.4,-85.9,1
43.4,-85.9,1
43.4,-85.9,1
43.4,-85.9,1
43.4,-85.9,1
43.4,-85.9,1
43.4,-85.9,1
43.4,-85.9,1
43.4,-85.9,1
43.4,-85.9,1
43.4,-85.9,1
43.4,-85.9,1
43.4,-85.9,1
43.4,-85.9,1
43.4,-85.9,1
43.4,-85.9,1
43.4,-85.9,1
43.4,-85.9,1
43.4,-85.9,1
43.4,-85.9,1
43.4,-85.9,1
43.4,-85.9,1
43.4,-85.9,1
43.4,-85.9,1
43.4,-85.9,1
43.4,-85.9,1
43.4,-85.9,1
43.4,-85.9,1
43.4,-85.9,1
43.4,-85.9,1
43.4,-85.9,1
43.4,-85.9,1
43.4,-85.9,1
43.4,-85.9,1
43.4,-85.9,1
43.4,-85.9,1
43.4,-85.9,1
43.4,-85.9,1
43.4,-85.9,1
43.4,-85.9,1
43.4,-85.9,1
43.4,-85.9,1
43.4,-85.9,1
43.4,-85.9,1
43.4,-85.9,1
43.4,-85.9,1
43.4,-85.9,1
43.4,-85.9,1
43.4,-85.9,1
43.4,-85.9,1
43.4,-85.9,1
43.4,-85.9,1
43.4,-85.9,1
43.4,-85.9,1
43.4,-85.9,1
43.4,-85.9,1
43.4,-85.9,1
43.4,-85.9,1
43.4,-85.9,1
43.4,-85.9,1
43.4,-85.9,1
43.4,-85.9,1
43.4,-85.9,1
43.4,-85.9,1
43.4,-85.9,1
43.4,-85.9,1
43.4,-85.9,1
43.4,-85.9,1
43.4,-85.9,1
43.4,-85.9,1
43.4,-85.9,1
43.4,-85.9,1
43.4,-85.9,1
43.4,-85.9,1
43.4,-85.9,1
43.4,-85.9,1
43.4,-85.9,1
43.4,-85.9,1
43.4,-85.9,1
43.4,-85.9,1
43.4,-85.9,1
43.4,-85.9,1
43.4,-85.9,1
43.4,-85.9,1
43.4,-85.9,1
43.4,-85.9,1
43.4,-85.9,1
43.4,-85.9,1
43.4,-85.9,1
43.4,-85.9,1
43.4,-85.9,1
43.4,-85.9,1
43.4,-85.9,1
43.4,-85.9,1
43.4,-85.9,1
43.4,-85.9,1
43.4,-85.9,1
43.4,-85.9,1
43.4,-85.9,1
43.4,-85.9,1
43.4,-85.9,1
43.4,-85.9,1
43.4,-85.9,1
43.4,-85.9,1
43.4,-85.9,1
43.4,-85.9,1
43.4,-85.9,1
43.4,-85.9,1
43.4,-85.9,1
43.4,-85.9,1
43.4,-85.9,1
43.4,-85.9,1
43.4,-85.9,1
43.4,-85.9,1
43.4,-85.9,1
43.4,-85.9,1
43.4,-85.9,1
43.4,-85.9,1
43.4,-85.9,1
43.4,-85.9,1
43.4,-85.9,1
43.4,-85.9,1
43.4,-85.9,1
43.4,-85.9,1
43.4,-85.9,1
43.4,-85.9,1
43.4,-85.9,1
43.4,-85.9,1
43.4,-85.9,1
43.4,-85.9,1
43.4,-85.9,1
43.4,-85.9,1
43.4,-85.9,1
43.4,-85.9,1
43.4,-85.9,1
43.4,-85.9,1
43.4,-85.9,1
43.4,-85.9,1
43.4,-85.9,1
43.4,-85.9,1
43.4,-85.9,1
43.4,-85.9,1
43.4,-85.9,1
43.4,-85.9,1
43.4,-85.9,1
43.4,-85.9,1
43.4,-85.9,1
43.4,-85.9,1
43.4,-85.9,1
43.4,-85.9,1
43.4,-85.9,1
43.4,-85.9,1
43.4,-85.9,1
43.4,-85.9,1
43.4,-85.9,1
43.4,-85.9,1
43.4,-85.9,1
43.4,-85.9,1
43.4,-85.9,1
43.4,-85.9,1
43.4,-85.9,1
43.4,-85.9,1
43.4,-85.9,1
43.4,-85.9,1
43.4,-85.9,1
43.4,-85.9,1
43.4,-85.9,1
43.4,-85.9,1
43.4,-85.9,1
43.4,-85.9,1
43.4,-85.9,1
43.4,-85.9,1
43.4,-85.9,1
43.4,-85.9,1
43.4,-85.9,1
43.4,-85.9,1
43.4,-85.9,1
43.4,-85.9,1
43.4,-85.9,1
43.4,-85.9,1
43.4,-85.9,1
43.4,-85.9,1
43.4,-85.9,1
43.4,-85.9,1
43.4,-85.9,1
43.4,-85.9,1
43.4,-85.9,1
43.4,-85.9,1
43.4,-85.9,1
43.4,-85.9,1
43.4,-85.9,1
43.4,-85.9,1
43.4,-85.9,1
43.4,-85.9,1
43.4,-85.9,1
43.4,-85.9,1
43.4,-85.9,1
43.4,-85.9,1
43.4,-85.9,1
43.4,-85.9,1
43.4,-85.9,1
43.4,-85.9,1
43.4,-85.9,1
43.4,-85.9,1
43.4,-85.9,1
43.4,-85.9,1
43.4,-85.9,1
43.4,-85.9,1
43.4,-85.9,1
43.4,-85.9,1
43.4,-85.9,1
43.4,-85.9,1
43.4,-85.9,1
43.4,-85.9,1
43.4,-85.9,1
43.4,-85.9,1
43.4,-85.9,1
43.4,-85.9,1
43.4,-85.9,1
43.4,-85.9,1
43.4,-85.9,1
43.4,-85.9,1
43.4,-85.9,1
43.4,-85.9,1
43.4,-85.9,1
43.4,-85.9,1
43.4,-85.9,1
43.4,-85.9,1
43.4,-85.9,1
43.4,-85.9,1
43.4,-85.9,1
43.4,-85.9,1
43.4,-85.9,1
43.4,-85.9,1
43.4,-85.9,1
43.4,-85.9,1
43.4,-85.9,1
43.4,-85.9,1
43.4,-85.9,1
43.4,-85.9,1
43.4,-85.9,1
43.4,-85.9,1
43.4,-85.9,1
43.4,-85.9,1
43.4,-85.9,1
43.4,-85.9,1
43.4,-85.9,1
43.4,-85.9,1
43.4,-85.9,1
43.4,-85.9,1
43.4,-85.9,1
43.4,-85.9,1
43.4,-85.9,1
43.4,-85.9,1
43.4,-85.9,1
43.4,-85.9,1
43.4,-85.9,1
43.4,-85.9,1
43.4,-85.9,1
43.4,-85.9,1
43.4,-85.9,1
43.4,-85.9,1
43.4,-85.9,1
43.4,-85.9,1
43.4,-85.9,1
43.4,-85.9,1
43.4,-85.9,1
43.4,-85.9,1
43.4,-85.9,1
43.4,-85.9,1
43.4,-85.9,1
43.4,-85.9,1
43.4,-85.9,1
43.4,-85.9,1
43.4,-85.9,1
43.4,-85.9,1
43.4,-85.9,1
43.4,-85.9,1
43.4,-85.9,1
43.4,-85.9,1
43.4,-85.9,1
43.4,-85.9,1
43.4,-85.9,1
43.4,-85.9,1
43.4,-85.9,1
43.4,-85.9,1
43.4,-85.9,1
43.4,-85.9,1
43.4,-85.9,1
43.4,-85.9,1
43.4,-85.9,1
43.4,-85.9,1
43.4,-85.9,1
43.4,-85.9,1
43.4,-85.9,1
43.4,-85.9,1
43.4,-85.9,1
43.4,-85.9,1
43.4,-85.9,1
43.4,-85.9,1
43.4,-85.9,1
43.4,-85.9,1
43.4,-85.9,1
43.4,-85.9,1
43.4,-85.9,1
43.4,-85.9,1
43.4,-85.9,1
43.4,-85.9,1
43.4,-85.9,1
43.4,-85.9,1
43.4,-85.9,1
43.4,-85.9,1
43.4,-85.9,1
43.4,-85.9,1
43.4,-85.9,1
43.4,-85.9,1
43.4,-85.9,1
43.4,-85.9,1
43.4,-85.9,1
43.4,-85.9,1
43.4,-85.9,1
43.4,-85.9,1
43.4,-85.9,1
43.4,-85.9,1
43.4,-85.9,1
43.4,-85.9,1
43.4,-85.9,1
43.4,-85.9,1
43.4,-85.9,1
43.4,-85.9,1
43.4,-85.9,1
43.4,-85.9,1
43.4,-85.9,1
43.4,-85.9,1
43.4,-85.9,1
43.4,-85.9,1
43.4,-85.9,1
43.4,-85.9,1
43.4,-85.9,1
43.4,-85.9,1
43.4,-85.9,1
43.4,-85.9,1
43.4,-85.9,1
43.4,-85.9,1
43.4,-85.9,1
43.4,-85.9,1
43.4,-85.9,1
43.4,-85.9,1
43.4,-85.9,1
43.4,-85.9,1
43.4,-85.9,1
43.4,-85.9,1
43.4,-85.9,1
43.4,-85.9,1
43.4,-85.9,1
43.4,-85.9,1
43.4,-85.9,1
43.4,-85.9,1
43.4,-85.9,1
43.4,-85.9,1
43.4,-85.9,1
43.4,-85.9,1
43.4,-85.9,1
43.4,-85.9,1
43.4,-85.9,1
43.4,-85.9,1
43.4,-85.9,1
43.4,-85.9,1
43.4,-85.9,1
43.4,-85.9,1
43.4,-85.9,1
43.4,-85.9,1
43.4,-85.9,1
43.4,-85.9,1
43.4,-85.9,1
43.4,-85.9,1
43.4,-85.9,1
43.4,-85.9,1
43.4,-85.9,1
43.4,-85.9,1
43.4,-85.9,1
43.4,-85.9,1
43.4,-85.9,1
43.4,-85.9,1
43.4,-85.9,1
43.4,-85.9,1
43.4,-85.9,1
43.4,-85.9,1
43.4,-85.9,1
43.4,-85.9,1
43.4,-85.9,1
43.4,-85.9,1
43.4,-85.9,1
43.4,-85.9,1
43.4,-85.9,1
43.4,-85.9,1
43.4,-85.9,1
43.4,-85.9,1
43.4,-85.9,1
43.4,-85.9,1
43.4,-85.9,1
43.4,-85.9,1
43.4,-85.9,1
43.4,-85.9,1
43.4,-85.9,1
43.4,-85.9,1
43.4,-85.9,1
43.4,-85.9,1
43.4,-85.9,1
43.4,-85.9,1
43.4,-85.9,1
43.4,-85.9,1
43.4,-85.9,1
43.4,-85.9,1
43.4,-85.9,1
43.4,-85.9,1
43.4,-85.9,1
43.4,-85.9,1
43.4,-85.9,1
43.4,-85.9,1
43.4,-85.9,1
43.4,-85.9,1
43.4,-85.9,1
43.4,-85.9,1
43.4,-85.9,1
43.4,-85.9,1
43.4,-85.9,1
43.4,-85.9,1
43.4,-85.9,1
43.4,-85.9,1
43.4,-85.9,1
43.4,-85.9,1
43.4,-85.9,1
43.4,-85.9,1
43.4,-85.9,1
43.4,-85.9,1
43.4,-85.9,1
43.4,-85.9,1
43.4,-85.9,1
43.4,-85.9,1
43.4,-85.9,1
43.4,-85.9,1
43.4,-85.9,1
43.4,-85.9,1
43.4,-85.9,1
43.4,-85.9,1
43.4,-85.9,1
43.4,-85.9,1
43.4,-85.9,1
43.4,-85.9,1
43.4,-85.9,1
43.4,-85.9,1
43.4,-85.9,1
43.4,-85.9,1
43.4,-85.9,1
43.4,-85.9,1
43.4,-85.9,1
43.4,-85.9,1
43.4,-85.9,1
43.4,-85.9,1
43.4,-85.9,1
43.4,-85.9,1
43.4,-85.9,1
43.4,-85.9,1
43.4,-85.9,1
43.4,-85.9,1
43.4,-85.9,1
43.4,-85.9,1
43.4,-85.9,1
43.4,-85.9,1
43.4,-85.9,1
43.4,-85.9,1
43.4,-85.9,1
43.4,-85.9,1
43.4,-85.9,1
43.4,-85.9,1
43.4,-85.9,1
43.4,-85.9,1
43.4,-85.9,1
43.4,-85.9,1
43.4,-85.9,1
43.4,-85.9,1
43.4,-85.9,1
43.4,-85.9,1
43.4,-85.9,1
43.4,-85.9,1
43.4,-85.9,1
43.4,-85.9,1
43.4,-85.9,1
43.4,-85.9,1
43.4,-85.9,1
43.4,-85.9,1
43.4,-85.9,1
43.4,-85.9,1
43.4,-85.9,1
43.4,-85.9,1
43.4,-85.9,1
43.4,-85.9,1
43.4,-85.9,1
43.4,-85.9,1
43.4,-85.9,1
43.4,-85.9,1
43.4,-85.9,1
43.4,-85.9,1
43.4,-85.9,1
43.4,-85.9,1
43.4,-85.9,1
43.4,-85.9,1
43.4,-85.9,1
43.4,-85.9,1
43.4,-85.9,1
43.4,-85.9,1
43.4,-85.9,1
43.4,-85.9,1
43.4,-85.9,1
43.4,-85.9,1
43.4,-85.9,1
43.4,-85.9,1
43.4,-85.9,1
43.4,-85.9,1
43.4,-85.9,1
43.4,-85.9,1
43.4,-85.9,1
43.4,-85.9,1
43.4,-85.9,1
43.4,-85.9,1
43.4,-85.9,1
43.4,-85.9,1
43.4,-85.9,1
43.4,-85.9,1
43.4,-85.9,1
43.4,-85.9,1
43.4,-85.9,1
43.4,-85.9,1
43.4,-85.9,1
43.4,-85.9,1
43.4,-85.9,1
43.4,-85.9,1
43.4,-85.9,1
43.4,-85.9,1
43.4,-85.9,1
43.4,-85.9,1
43.4,-85.9,1
43.4,-85.9,1
43.4,-85.9,1
43.4,-85.9,1
43.4,-85.9,1
43.4,-85.9,1
43.4,-85.9,1
43.4,-85.9,1
43.4,-85.9,1
43.4,-85.9,1
43.4,-85.9,1
43.4,-85.9,1
43.4,-85.9,1
43.4,-85.9,1
43.4,-85.9,1
43.4,-85.9,1
43.4,-85.9,1
43.4,-85.9,1
43.4,-85.9,1
43.4,-85.9,1
43.4,-85.9,1
43.4,-85.9,1
43.4,-85.9,1
43.4,-85.9,1
43.4,-85.9,1
43.4,-85.9,1
43.4,-85.9,1
43.4,-85.9,1
43.4,-85.9,1
43.4,-85.9,1
43.4,-85.9,1
43.4,-85.9,1
43.4,-85.9,1
43.4,-85.9,1
43.4,-85.9,1
43.4,-85.9,1
43.4,-85.9,1
43.4,-85.9,1
43.4,-85.9,1
43.4,-85.9,1
43.4,-85.9,1
43.4,-85.9,1
43.4,-85.9,1
43.4,-85.9,1
43.4,-85.9,1
43.4,-85.9,1
43.4,-85.9,1
43.4,-85.9,1
43.4,-85.9,1
43.4,-85.9,1
43.4,-85.9,1
43.4,-85.9,1
43.4,-85.9,1
43.4,-85.9,1
43.4,-85.9,1
43.4,-85.9,1
43.4,-85.9,1
43.4,-85.9,1
43.4,-85.9,1
43.4,-85.9,1
43.4,-85.9,1
43.4,-85.9,1
43.4,-85.9,1
43.4,-85.9,1
43.4,-85.9,1
43.4,-85.9,1
43.4,-85.9,1
43.4,-85.9,1
43.4,-85.9,1
43.4,-85.9,1
43.4,-85.9,1
43.4,-85.9,1
43.4,-85.9,1
43.4,-85.9,1
43.4,-85.9,1
43.4,-85.9,1
43.4,-85.9,1
43.4,-85.9,1
43.4,-85.9,1
43.4,-85.9,1
43.4,-85.9,1
43.4,-85.9,1
43.4,-85.9,1
43.4,-85.9,1
43.4,-85.9,1
43.4,-85.9,1
43.4,-85.9,1
43.4,-85.9,1
43.4,-85.9,1
43.4,-85.9,1
43.4,-85.9,1
43.4,-85.9,1
43.4,-85.9,1
43.4,-85.9,1
43.4,-85.9,1
43.4,-85.9,1
43.4,-85.9,1
43.4,-85.9,1
43.4,-85.9,1
43.4,-85.9,1
43.4,-85.9,1
43.4,-85.9,1
43.4,-85.9,1
43.4,-85.9,1
43.4,-85.9,1
43.4,-85.9,1
43.4,-85.9,1
43.4,-85.9,1
43.4,-85.9,1
43.4,-85.9,1
43.4,-85.9,1
43.4,-85.9,1
43.4,-85.9,1
43.4,-85.9,1
43.4,-85.9,1
43.4,-85.9,1
43.4,-85.9,1
43.4,-85.9,1
43.4,-85.9,1
43.4,-85.9,1
43.4,-85.9,1
43.4,-85.9,1
43.4,-85.9,1
43.4,-85.9,1
43.4,-85.9,1
43.4,-85.9,1
43.4,-85.9,1
43.4,-85.9,1
43.4,-85.9,1
43.4,-85.9,1
43.4,-85.9,1
43.4,-85.9,1
43.4,-85.9,1
43.4,-85.9,1
43.4,-85.9,1
43.4,-85.9,1
43.4,-85.9,1
43.4,-85.9,1
43.4,-85.9,1
43.4,-85.9,1
43.4,-85.9,1
43.4,-85.9,1
43.4,-85.9,1
43.4,-85.9,1
43.4,-85.9,1
43.4,-85.9,1
43.4,-85.9,1
43.4,-85.9,1
43.4,-85.9,1
43.4,-85.9,1
43.4,-85.9,1
43.4,-85.9,1
43.4,-85.9,1
43.4,-85.9,1
43.4,-85.9,1
43.4,-85.9,1
43.4,-85.9,1
43.4,-85.9,1
43.4,-85.9,1
43.4,-85.9,1
43.4,-85.9,1
43.4,-85.9,1
43.4,-85.9,1
43.4,-85.9,1
43.4,-85.9,1
43.4,-85.9,1
43.4,-85.9,1
43.4,-85.9,1
43.4,-85.9,1
43.4,-85.9,1
43.4,-85.9,1
43.4,-85.9,1
43.4,-85.9,1
43.4,-85.9,1
43.4,-85.9,1
43.4,-85.9,1
43.4,-85.9,1
43.4,-85.9,1
43.4,-85.9,1
43.4,-85.9,1
43.4,-85.9,1
43.4,-85.9,1
43.4,-85.9,1
43.4,-85.9,1
43.4,-85.9,1
43.4,-85.9,1
43.4,-85.9,1
43.4,-85.9,1
43.4,-85.9,1
43.4,-85.9,1
43.4,-85.9,1
43.4,-85.9,1
43.4,-85.9,1
43.4,-85.9,1
43.4,-85.9,1
43.4,-85.9,1
43.4,-85.9,1
43.4,-85.9,1
43.4,-85.9,1
43.4,-85.9,1
43.4,-85.9,1
43.4,-85.9,1
43.4,-85.9,1
43.4,-85.9,1
43.4,-85.9,1
43.4,-85.9,1
43.4,-85.9,1
43.4,-85.9,1
43.4,-85.9,1
43.4,-85.9,1
43.4,-85.9,1
43.4,-85.9,1
43.4,-85.9,1
43.4,-85.9,1
43.4,-85.9,1
43.4,-85.9,1
43.4,-85.9,1
43.4,-85.9,1
43.4,-85.9,1
43.4,-85.9,1
43.4,-85.9,1
43.4,-85.9,1
43.4,-85.9,1
43.4,-85.9,1
43.4,-85.9,1
43.4,-85.9,1
43.4,-85.9,1
43.4,-85.9,1
43.4,-85.9,1
43.4,-85.9,1
43.4,-85.9,1
43.4,-85.9,1
43.4,-85.9,1
43.4,-85.9,1
43.4,-85.9,1
43.4,-85.9,1
43.4,-85.9,1
43.4,-85.9,1
43.4,-85.9,1
43.4,-85.9,1
43.4,-85.9,1
43.4,-85.9,1
43.4,-85.9,1
43.4,-85.9,1
43.4,-85.9,1
43.4,-85.9,1
43.4,-85.9,1
43.4,-85.9,1
43.4,-85.9,1
43.4,-85.9,1
43.4,-85.9,1
43.4,-85.9,1
43.4,-85.9,1
43.4,-85.9,1
43.4,-85.9,1
43.4,-85.9,1
43.4,-85.9,1
43.4,-85.9,1
43.4,-85.9,1
43.4,-85.9,1
43.4,-85.9,1
43.4,-85.9,1
43.4,-85.9,1
43.4,-85.9,1
43.4,-85.9,1
43.4,-85.9,1
43.4,-85.9,1
43.4,-85.9,1
43.4,-85.9,1
43.4,-85.9,1
43.4,-85.9,1
43.4,-85.9,1
43.4,-85.9,1
43.4,-85.9,1
43.4,-85.9,1
43.4,-85.9,1
43.4,-85.9,1
43.4,-85.9,1
43.4,-85.9,1
43.4,-85.9,1
43.4,-85.9,1
43.4,-85.9,1
43.4,-85.9,1
43.4,-85.9,1
43.4,-85.9,1
43.4,-85.9,1
43.4,-85.9,1
43.4,-85.9,1
43.4,-85.9,1
43.4,-85.9,1
43.4,-85.9,1
43.4,-85.9,1
43.4,-85.9,1
43.4,-85.9,1
43.4,-85.9,1
43.4,-85.9,1
43.4,-85.9,1
43.4,-85.9,1
43.4,-85.9,1
43.4,-85.9,1
43.4,-85.9,1
43.4,-85.9,1
43.4,-85.9,1
43.4,-85.9,1
43.4,-85.9,1
43.4,-85.9,1
43.4,-85.9,1
43.4,-85.9,1
43.4,-85.9,1
43.4,-85.9,1
43.4,-85.9,1
43.4,-85.9,1
43.4,-85.9,1
43.4,-85.9,1
43.4,-85.9,1
43.4,-85.9,1
43.4,-85.9,1
43.4,-85.9,1
43.4,-85.9,1
43.4,-85.9,1
43.4,-85.9,1
43.4,-85.9,1
43.4,-85.9,1
43.4,-85.9,1
43.4,-85.9,1
43.4,-85.9,1
43.4,-85.9,1
43.4,-85.9,1
43.4,-85.9,1
43.4,-85.9,1
43.4,-85.9,1
43.4,-85.9,1
43.4,-85.9,1
43.4,-85.9,1
43.4,-85.9,1
43.4,-85.9,1
43.4,-85.9,1
43.4,-85.9,1
43.4,-85.9,1
43.4,-85.9,1
43.4,-85.9,1
43.4,-85.9,1
43.4,-85.9,1
43.4,-85.9,1
43.4,-85.9,1
43.4,-85.9,1
43.4,-85.9,1
43.4,-85.9,1
43.4,-85.9,1
43.4,-85.9,1
43.4,-85.9,1
43.4,-85.9,1
43.4,-85.9,1
43.4,-85.9,1
43.4,-85.9,1
43.4,-85.9,1
43.4,-85.9,1
43.4,-85.9,1
43.4,-85.9,1
43.4,-85.9,1
43.4,-85.9,1
43.4,-85.9,1
43.4,-85.9,1
43.4,-85.9,1
43.4,-85.9,1
43.4,-85.9,1
43.4,-85.9,1
43.4,-85.9,1
43.4,-85.9,1
43.4,-85.9,1
43.4,-85.9,1
43.4,-85.9,1
43.4,-85.9,1
43.4,-85.9,1
43.4,-85.9,1
43.4,-85.9,1
43.4,-85.9,1
43.4,-85.9,1
43.4,-85.9,1
43.4,-85.9,1
43.4,-85.9,1
43.4,-85.9,1
43.4,-85.9,1
43.4,-85.9,1
43.4,-85.9,1
43.4,-85.9,1
43.4,-85.9,1
43.4,-85.9,1
43.4,-85.9,1
43.4,-85.9,1
43.4,-85.9,1
43.4,-85.9,1
43.4,-85.9,1
43.4,-85.9,1
43.4,-85.9,1
43.4,-85.9,1
43.4,-85.9,1
43.4,-85.9,1
43.4,-85.9,1
43.4,-85.9,1
43.4,-85.9,1
43.4,-85.9,1
43.4,-85.9,1
43.4,-85.9,1
43.4,-85.9,1
43.4,-85.9,1
43.4,-85.9,1
43.4,-85.9,1
43.4,-85.9,1
43.4,-85.9,1
43.4,-85.9,1
43.4,-85.9,1
43.4,-85.9,1
43.4,-85.9,1
43.4,-85.9,1
43.4,-85.9,1
43.4,-85.9,1
43.4,-85.9,1
43.4,-85.9,1
43.4,-85.9,1
43.4,-85.9,1
43.4,-85.9,1
43.4,-85.9,1
43.4,-85.9,1
43.4,-85.9,1
43.4,-85.9,1
43.4,-85.9,1
43.4,-85.9,1
43.4,-85.9,1
43.4,-85.9,1
43.4,-85.9,1
43.4,-85.9,1
43.4,-85.9,1
43.4,-85.9,1
43.4,-85.9,1
43.4,-85.9,1
43.4,-85.9,1
43.4,-85.9,1
43.4,-85.9,1
43.4,-85.9,1
43.4,-85.9,1
43.4,-85.9,1
43.4,-85.9,1
43.4,-85.9,1
43.4,-85.9,1
43.4,-85.9,1
43.4,-85.9,1
43.4,-85.9,1
43.4,-85.9,1
43.4,-85.9,1
43.4,-85.9,1
43.4,-85.9,1
43.4,-85.9,1
43.4,-85.9,1
43.4,-85.9,1
43.4,-85.9,1
43.4,-85.9,1
43.4,-85.9,1
43.4,-85.9,1
43.4,-85.9,1
43.4,-85.9,1
43.4,-85.9,1
43.4,-85.9,1
43.4,-85.9,1
43.4,-85.9,1
43.4,-85.9,1
43.4,-85.9,1
43.4,-85.9,1
43.4,-85.9,1
43.4,-85.9,1
43.4,-85.9,1
43.4,-85.9,1
43.4,-85.9,1
43.4,-85.9,1
43.4,-85.9,1
43.4,-85.9,1
43.4,-85.9,1
43.4,-85.9,1
43.4,-85.9,1
43.4,-85.9,1
43.4,-85.9,1
43.4,-85.9,1
43.4,-85.9,1
43.4,-85.9,1
43.4,-85.9,1
43.4,-85.9,1
43.4,-85.9,1
43.4,-85.9,1
43.4,-85.9,1
43.4,-85.9,1
43.4,-85.9,1
43.4,-85.9,1
43.4,-85.9,1
43.4,-85.9,1
43.4,-85.9,1
43.4,-85.9,1
43.4,-85.9,1
43.4,-85.9,1
43.4,-85.9,1
43.4,-85.9,1
43.4,-85.9,1
43.4,-85.9,1
43.4,-85.9,1
43.4,-85.9,1
43.4,-85.9,1
43.4,-85.9,1
43.4,-85.9,1
43.4,-85.9,1
43.4,-85.9,1
43.4,-85.9,1
43.4,-85.9,1
43.4,-85.9,1
43.4,-85.9,1
43.4,-85.9,1
43.4,-85.9,1
43.4,-85.9,1
43.4,-85.9,1
43.4,-85.9,1
43.4,-85.9,1
43.4,-85.9,1
43.4,-85.9,1
43.4,-85.9,1
43.4,-85.9,1
43.4,-85.9,1
43.4,-85.9,1
43.4,-85.9,1
43.4,-85.9,1
43.4,-85.9,1
43.4,-85.9,1
43.4,-85.9,1
43.4,-85.9,1
43.4,-85.9,1
43.4,-85.9,1
43.4,-85.9,1
43.4,-85.9,1
43.4,-85.9,1
43.4,-85.9,1
43.4,-85.9,1
43.4,-85.9,1
43.4,-85.9,1
43.4,-85.9,1
43.4,-85.9,1
43.4,-85.9,1
43.4,-85.9,1
43.4,-85.9,1
43.4,-85.9,1
43.4,-85.9,1
43.4,-85.9,1
43.4,-85.9,1
43.4,-85.9,1
43.4,-85.9,1
43.4,-85.9,1
43.4,-85.9,1
43.4,-85.9,1
43.4,-85.9,1
43.4,-85.9,1
43.4,-85.9,1
43.4,-85.9,1
43.4,-85.9,1
43.4,-85.9,1
43.4,-85.9,1
43.4,-85.9,1
43.4,-85.9,1
43.4,-85.9,1
43.4,-85.9,1
43.4,-85.9,1
43.4,-85.9,1
43.4,-85.9,1
43.4,-85.9,1
43.4,-85.9,1
43.4,-85.9,1
43.4,-85.9,1
43.4,-85.9,1
43.4,-85.9,1
43.4,-85.9,1
43.4,-85.9,1
43.4,-85.9,1
43.4,-85.9,1
43.4,-85.9,1
43.4,-85.9,1
43.4,-85.9,1
43.4,-85.9,1
43.4,-85.9,1
43.4,-85.9,1
43.4,-85.9,1
43.4,-85.9,1
43.4,-85.9,1
43.4,-85.9,1
43.4,-85.9,1
43.4,-85.9,1
43.4,-85.9,1
43.4,-85.9,1
43.4,-85.9,1
43.4,-85.9,1
43.4,-85.9,1
43.4,-85.9,1
43.4,-85.9,1
43.4,-85.9,1
43.4,-85.9,1
43.4,-85.9,1
43.4,-85.9,1
43.4,-85.9,1
43.4,-85.9,1
43.4,-85.9,1
43.4,-85.9,1
43.4,-85.9,1
43.4,-85.9,1
43.4,-85.9,1
43.4,-85.9,1
43.4,-85.9,1
43.4,-85.9,1
43.4,-85.9,1
43.4,-85.9,1
43.4,-85.9,1
43.4,-85.9,1
43.4,-85.9,1
43.4,-85.9,1
43.4,-85.9,1
43.4,-85.9,1
43.4,-85.9,1
43.4,-85.9,1
43.4,-85.9,1
43.4,-85.9,1
43.4,-85.9,1
43.4,-85.9,1
43.4,-85.9,1
43.4,-85.9,1
43.4,-85.9,1
43.4,-85.9,1
43.4,-85.9,1
43.4,-85.9,1
43.4,-85.9,1
43.4,-85.9,1
43.4,-85.9,1
43.4,-85.9,1
43.4,-85.9,1
43.4,-85.9,1
43.4,-85.9,1
43.4,-85.9,1
43.4,-85.9,1
43.4,-85.9,1
43.4,-85.9,1
43.4,-85.9,1
43.4,-85.9,1
43.4,-85.9,1
43.4,-85.9,1
43.4,-85.9,1
43.4,-85.9,1
43.4,-85.9,1
43.4,-85.9,1
43.4,-85.9,1
43.4,-85.9,1
43.4,-85.9,1
43.4,-85.9,1
43.4,-85.9,1
43.4,-85.9,1
43.4,-85.9,1
43.4,-85.9,1
43.4,-85.9,1
43.4,-85.9,1
43.4,-85.9,1
43.4,-85.9,1
43.4,-85.9,1
43.4,-85.9,1
43.4,-85.9,1
43.4,-85.9,1
43.4,-85.9,1
43.4,-85.9,1
43.4,-85.9,1
43.4,-85.9,1
43.4,-85.9,1
43.4,-85.9,1
43.4,-85.9,1
43.4,-85.9,1
43.4,-85.9,1
43.4,-85.9,1
43.4,-85.9,1
43.4,-85.9,1
43.4,-85.9,1
43.4,-85.9,1
43.4,-85.9,1
43.4,-85.9,1
43.4,-85.9,1
43.4,-85.9,1
43.4,-85.9,1
43.4,-85.9,1
43.4,-85.9,1
43.4,-85.9,1
43.4,-85.9,1
43.4,-85.9,1
43.4,-85.9,1
43.4,-85.9,1
43.4,-85.9,1
43.4,-85.9,1
43.4,-85.9,1
43.4,-85.9,1
43.4,-85.9,1
43.4,-85.9,1
43.4,-85.9,1
43.4,-85.9,1
43.4,-85.9,1
43.4,-85.9,1
43.4,-85.9,1
43.4,-85.9,1
43.4,-85.9,1
43.4,-85.9,1
43.4,-85.9,1
43.4,-85.9,1
43.4,-85.9,1
43.4,-85.9,1
43.4,-85.9,1
43.4,-85.9,1
43.4,-85.9,1
43.4,-85.9,1
43.4,-85.9,1
43.4,-85.9,1
43.4,-85.9,1
43.4,-85.9,1
43.4,-85.9,1
43.4,-85.9,1
43.4,-85.9,1
43.4,-85.9,1
43.4,-85.9,1
43.4,-85.9,1
43.4,-85.9,1
43.4,-85.9,1
43.4,-85.9,1
43.4,-85.9,1
43.4,-85.9,1
43.4,-85.9,1
43.4,-85.9,1
43.4,-85.9,1
43.4,-85.9,1
43.4,-85.9,1
43.4,-85.9,1
43.4,-85.9,1
43.4,-85.9,1
43.4,-85.9,1
43.4,-85.9,1
43.4,-85.9,1
43.4,-85.9,1
43.4,-85.9,1
43.4,-85.9,1
43.4,-85.9,1
43.4,-85.9,1
43.4,-85.9,1
43.4,-85.9,1
43.4,-85.9,1
43.4,-85.9,1
43.4,-85.9,1
43.4,-85.9,1
43.4,-85.9,1
43.4,-85.9,1
43.4,-85.9,1
43.4,-85.9,1
43.4,-85.9,1
43.4,-85.9,1
43.4,-85.9,1
43.4,-85.9,1
43.4,-85.9,1
43.4,-85.9,1
43.4,-85.9,1
43.4,-85.9,1
43.4,-85.9,1
43.4,-85.9,1
43.4,-85.9,1
43.4,-85.9,1
43.4,-85.9,1
43.4,-85.9,1
43.4,-85.9,1
43.4,-85.9,1
43.4,-85.9,1
43.4,-85.9,1
43.4,-85.9,1
43.4,-85.9,1
43.4,-85.9,1
43.4,-85.9,1
43.4,-85.9,1
43.4,-85.9,1
43.4,-85.9,1
43.4,-85.9,1
43.4,-85.9,1
43.4,-85.9,1
43.4,-85.9,1
43.4,-85.9,1
43.4,-85.9,1
43.4,-85.9,1
43.4,-85.9,1
43.4,-85.9,1
43.4,-85.9,1
43.4,-85.9,1
43.4,-85.9,1
43.4,-85.9,1
43.4,-85.9,1
43.4,-85.9,1
43.4,-85.9,1
43.4,-85.9,1
43.4,-85.9,1
43.4,-85.9,1
43.4,-85.9,1
43.4,-85.9,1
43.4,-85.9,1
43.4,-85.9,1
43.4,-85.9,1
43.4,-85.9,1
43.4,-85.9,1
43.4,-85.9,1
43.4,-85.9,1
43.4,-85.9,1
43.4,-85.9,1
43.4,-85.9,1
43.4,-85.9,1
43.4,-85.9,1
43.4,-85.9,1
43.4,-85.9,1
43.4,-85.9,1
43.4,-85.9,1
43.4,-85.9,1
43.4,-85.9,1
43.4,-85.9,1
43.4,-85.9,1
43.4,-85.9,1
43.4,-85.9,1
43.4,-85.9,1
43.4,-85.9,1
43.4,-85.9,1
43.4,-85.9,1
43.4,-85.9,1
43.4,-85.9,1
43.4,-85.9,1
43.4,-85.9,1
43.4,-85.9,1
43.4,-85.9,1
43.4,-85.9,1
43.4,-85.9,1
43.4,-85.9,1
43.4,-85.9,1
43.4,-85.9,1
43.4,-85.9,1
43.4,-85.9,1
43.4,-85.9,1
43.4,-85.9,1
43.4,-85.9,1
43.4,-85.9,1
43.4,-85.9,1
43.4,-85.9,1
43.4,-85.9,1
43.4,-85.9,1
43.4,-85.9,1
43.4,-85.9,1
43.4,-85.9,1
43.4,-85.9,1
43.4,-85.9,1
43.4,-85.9,1
43.4,-85.9,1
43.4,-85.9,1
43.4,-85.9,1
43.4,-85.9,1
43.4,-85.9,1
43.4,-85.9,1
43.4,-85.9,1
43.4,-85.9,1
43.4,-85.9,1
43.4,-85.9,1
43.4,-85.9,1
43.4,-85.9,1
43.4,-85.9,1
43.4,-85.9,1
43.4,-85.9,1
43.4,-85.9,1
43.4,-85.9,1
43.4,-85.9,1
43.4,-85.9,1
43.4,-85.9,1
43.4,-85.9,1
43.4,-85.9,1
43.4,-85.9,1
43.4,-85.9,1
43.4,-85.9,1
43.4,-85.9,1
43.4,-85.9,1
43.4,-85.9,1
43.4,-85.9,1
43.4,-85.9,1
43.4,-85.9,1
43.4,-85.9,1
43.4,-85.9,1
43.4,-85.9,1
43.4,-85.9,1
43.4,-85.9,1
43.4,-85.9,1
43.4,-85.9,1
43.4,-85.9,1
43.4,-85.9,1
43.4,-85.9,1
43.4,-85.9,1
43.4,-85.9,1
43.4,-85.9,1
43.4,-85.9,1
43.4,-85.9,1
43.4,-85.9,1
43.4,-85.9,1
43.4,-85.9,1
43.4,-85.9,1
43.4,-85.9,1
43.4,-85.9,1
43.4,-85.9,1
43.4,-85.9,1
43.4,-85.9,1
43.4,-85.9,1
43.4,-85.9,1
43.4,-85.9,1
43.4,-85.9,1
43.4,-85.9,1
43.4,-85.9,1
43.4,-85.9,1
43.4,-85.9,1
43.4,-85.9,1
43.4,-85.9,1
43.4,-85.9,1
43.4,-85.9,1
43.4,-85.9,1
43.4,-85.9,1
43.4,-85.9,1
43.4,-85.9,1
43.4,-85.9,1
43.4,-85.9,1
43.4,-85.9,1
43.4,-85.9,1
43.4,-85.9,1
43.4,-85.9,1
43.4,-85.9,1
43.4,-85.9,1
43.4,-85.9,1
43.4,-85.9,1
43.4,-85.9,1
43.4,-85.9,1
43.4,-85.9,1
43.4,-85.9,1
43.4,-85.9,1
43.4,-85.9,1
43.4,-85.9,1
43.4,-85.9,1
43.4,-85.9,1
43.4,-85.9,1
43.4,-85.9,1
43.4,-85.9,1
43.4,-85.9,1
43.4,-85.9,1
43.4,-85.9,1
43.4,-85.9,1
43.4,-85.9,1
43.4,-85.9,1
43.4,-85.9,1
43.4,-85.9,1
43.4,-85.9,1
43.4,-85.9,1
43.4,-85.9,1
43.4,-85.9,1
43.4,-85.9,1
43.4,-85.9,1
43.4,-85.9,1
43.4,-85.9,1
43.4,-85.9,1
43.4,-85.9,1
43.4,-85.9,1
43.4,-85.9,1
43.4,-85.9,1
43.4,-85.9,1
43.4,-85.9,1
43.4,-85.9,1
43.4,-85.9,1
43.4,-85.9,1
43.4,-85.9,1
43.4,-85.9,1
43.4,-85.9,1
43.4,-85.9,1
43.4,-85.9,1
43.4,-85.9,1
43.4,-85.9,1
43.4,-85.9,1
43.4,-85.9,1
43.4,-85.9,1
43.4,-85.9,1
43.4,-85.9,1
43.4,-85.9,1
43.4,-85.9,1
43.4,-85.9,1
43.4,-85.9,1
43.4,-85.9,1
43.4,-85.9,1
43.4,-85.9,1
43.4,-85.9,1
43.4,-85.9,1
43.4,-85.9,1
43.4,-85.9,1
43.4,-85.9,1
43.4,-85.9,1
43.4,-85.9,1
43.4,-85.9,1
43.4,-85.9,1
43.4,-85.9,1
43.4,-85.9,1
43.4,-85.9,1
43.4,-85.9,1
43.4,-85.9,1
43.4,-85.9,1
43.4,-85.9,1
43.4,-85.9,1
43.4,-85.9,1
43.4,-85.9,1
43.4,-85.9,1
43.4,-85.9,1
43.4,-85.9,1
43.4,-85.9,1
43.4,-85.9,1
43.4,-85.9,1
43.4,-85.9,1
43.4,-85.9,1
43.4,-85.9,1
43.4,-85.9,1
43.4,-85.9,1
43.4,-85.9,1
43.4,-85.9,1
43.4,-85.9,1
43.4,-85.9,1
43.4,-85.9,1
43.4,-85.9,1
43.4,-85.9,1
43.4,-85.9,1
43.4,-85.9,1
43.4,-85.9,1
43.4,-85.9,1
43.4,-85.9,1
43.4,-85.9,1
43.4,-85.9,1
43.4,-85.9,1
43.4,-85.9,1
43.4,-85.9,1
43.4,-85.9,1
43.4,-85.9,1
43.4,-85.9,1
43.4,-85.9,1
43.4,-85.9,1
43.4,-85.9,1
43.4,-85.9,1
43.4,-85.9,1
43.4,-85.9,1
43.4,-85.9,1
43.4,-85.9,1
43.4,-85.9,1
43.4,-85.9,1
43.4,-85.9,1
43.4,-85.9,1
43.4,-85.9,1
43.4,-85.9,1
43.4,-85.9,1
43.4,-85.9,1
43.4,-85.9,1
43.4,-85.9,1
43.4,-85.9,1
43.4,-85.9,1
43.4,-85.9,1
43.4,-85.9,1
43.4,-85.9,1
43.4,-85.9,1
43.4,-85.9,1
43.4,-85.9,1
43.4,-85.9,1
43.4,-85.9,1
43.4,-85.9,1
43.4,-85.9,1
43.4,-85.9,1
43.4,-85.9,1
43.4,-85.9,1
43.4,-85.9,1
43.4,-85.9,1
43.4,-85.9,1
43.4,-85.9,1
43.4,-85.9,1
43.4,-85.9,1
43.4,-85.9,1
43.4,-85.9,1
43.4,-85.9,1
43.4,-85.9,1
43.4,-85.9,1
43.4,-85.9,1
43.4,-85.9,1
43.4,-85.9,1
43.4,-85.9,1
43.4,-85.9,1
43.4,-85.9,1
43.4,-85.9,1
43.4,-85.9,1
43.4,-85.9,1
43.4,-85.9,1
43.4,-85.9,1
43.4,-85.9,1
43.4,-85.9,1
43.4,-85.9,1
43.4,-85.9,1
43.4,-85.9,1
43.4,-85.9,1
43.4,-85.9,1
43.4,-85.9,1
43.4,-85.9,1
43.4,-85.9,1
43.4,-85.9,1
43.4,-85.9,1
43.4,-85.9,1
43.4,-85.9,1
43.4,-85.9,1
43.4,-85.9,1
43.4,-85.9,1
43.4,-85.9,1
43.4,-85.9,1
43.4,-85.9,1
43.4,-85.9,1
43.4,-85.9,1
43.4,-85.9,1
43.4,-85.9,1
43.4,-85.9,1
43.4,-85.9,1
43.4,-85.9,1
43.4,-85.9,1
43.4,-85.9,1
43.4,-85.9,1
43.4,-85.9,1
43.4,-85.9,1
43.4,-85.9,1
43.4,-85.9,1
43.4,-85.9,1
43.4,-85.9,1
43.4,-85.9,1
43.4,-85.9,1
43.4,-85.9,1
43.4,-85.9,1
43.4,-85.9,1
43.4,-85.9,1
43.4,-85.9,1
43.4,-85.9,1
43.4,-85.9,1
43.4,-85.9,1
43.4,-85.9,1
43.4,-85.9,1
43.4,-85.9,1
43.4,-85.9,1
43.4,-85.9,1
43.4,-85.9,1
43.4,-85.9,1
43.4,-85.9,1
43.4,-85.9,1
43.4,-85.9,1
43.4,-85.9,1
43.4,-85.9,1
43.4,-85.9,1
43.4,-85.9,1
43.4,-85.9,1
43.4,-85.9,1
43.4,-85.9,1
43.4,-85.9,1
43.4,-85.9,1
43.4,-85.9,1
43.4,-85.9,1
43.4,-85.9,1
43.4,-85.9,1
43.4,-85.9,1
43.4,-85.9,1
43.4,-85.9,1
43.4,-85.9,1
43.4,-85.9,1
43.4,-85.9,1
43.4,-85.9,1
43.4,-85.9,1
43.4,-85.9,1
43.4,-85.9,1
43.4,-85.9,1
43.4,-85.9,1
43.4,-85.9,1
43.4,-85.9,1
43.4,-85.9,1
43.4,-85.9,1
43.4,-85.9,1
43.4,-85.9,1
43.4,-85.9,1
43.4,-85.9,1
43.4,-85.9,1
43.4,-85.9,1
43.4,-85.9,1
43.4,-85.9,1
43.4,-85.9,1
43.4,-85.9,1
43.4,-85.9,1
43.4,-85.9,1
43.4,-85.9,1
43.4,-85.9,1
43.4,-85.9,1
43.4,-85.9,1
43.4,-85.9,1
43.4,-85.9,1
43.4,-85.9,1
43.4,-85.9,1
43.4,-85.9,1
43.4,-85.9,1
43.4,-85.9,1
43.4,-85.9,1
43.4,-85.9,1
43.4,-85.9,1
43.4,-85.9,1
43.4,-85.9,1
43.4,-85.9,1
43.4,-85.9,1
43.4,-85.9,1
43.4,-85.9,1
43.4,-85.9,1
43.4,-85.9,1
43.4,-85.9,1
43.4,-85.9,1
43.4,-85.9,1
43.4,-85.9,1
43.4,-85.9,1
43.4,-85.9,1
43.4,-85.9,1
43.4,-85.9,1
43.4,-85.9,1
43.4,-85.9,1
43.4,-85.9,1
43.4,-85.9,1
43.4,-85.9,1
43.4,-85.9,1
43.4,-85.9,1
43.4,-85.9,1
43.4,-85.9,1
43.4,-85.9,1
43.4,-85.9,1
43.4,-85.9,1
43.4,-85.9,1
43.4,-85.9,1
43.4,-85.9,1
43.4,-85.9,1
43.4,-85.9,1
43.4,-85.9,1
43.4,-85.9,1
43.4,-85.9,1
43.4,-85.9,1
43.4,-85.9,1
43.4,-85.9,1
43.4,-85.9,1
43.4,-85.9,1
43.4,-85.9,1
43.4,-85.9,1
43.4,-85.9,1
43.4,-85.9,1
43.4,-85.9,1
43.4,-85.9,1
43.4,-85.9,1
43.4,-85.9,1
43.4,-85.9,1
43.4,-85.9,1
43.4,-85.9,1
43.4,-85.9,1
43.4,-85.9,1
43.4,-85.9,1
43.4,-85.9,1
43.4,-85.9,1
43.4,-85.9,1
43.4,-85.9,1
43.4,-85.9,1
43.4,-85.9,1
43.4,-85.9,1
43.4,-85.9,1
43.4,-85.9,1
43.4,-85.9,1
43.4,-85.9,1
43.4,-85.9,1
43.4,-85.9,1
43.4,-85.9,1
43.4,-85.9,1
43.4,-85.9,1
43.4,-85.9,1
43.4,-85.9,1
43.4,-85.9,1
43.4,-85.9,1
43.4,-85.9,1
43.4,-85.9,1
43.4,-85.9,1
43.4,-85.9,1
43.4,-85.9,1
43.4,-85.9,1
43.4,-85.9,1
43.4,-85.9,1
43.4,-85.9,1
43.4,-85.9,1
43.4,-85.9,1
43.4,-85.9,1
43.4,-85.9,1
43.4,-85.9,1
43.4,-85.9,1
43.4,-85.9,1
43.4,-85.9,1
43.4,-85.9,1
43.4,-85.9,1
43.4,-85.9,1
43.4,-85.9,1
43.4,-85.9,1
43.4,-85.9,1
43.4,-85.9,1
43.4,-85.9,1
43.4,-85.9,1
43.4,-85.9,1
43.4,-85.9,1
43.4,-85.9,1
43.4,-85.9,1
43.4,-85.9,1
43.4,-85.9,1
43.4,-85.9,1
43.4,-85.9,1
43.4,-85.9,1
43.4,-85.9,1
43.4,-85.9,1
43.4,-85.9,1
43.4,-85.9,1
43.4,-85.9,1
43.4,-85.9,1
43.4,-85.9,1
43.4,-85.9,1
43.4,-85.9,1
43.4,-85.9,1
43.4,-85.9,1
43.4,-85.9,1
43.4,-85.9,1
43.4,-85.9,1
43.4,-85.9,1
43.4,-85.9,1
43.4,-85.9,1
43.4,-85.9,1
43.4,-85.9,1
43.4,-85.9,1
43.4,-85.9,1
43.4,-85.9,1
43.4,-85.9,1
43.4,-85.9,1
43.4,-85.9,1
43.4,-85.9,1
43.4,-85.9,1
43.4,-85.9,1
43.4,-85.9,1
43.4,-85.9,1
43.4,-85.9,1
43.4,-85.9,1
43.4,-85.9,1
43.4,-85.9,1
43.4,-85.9,1
43.4,-85.9,1
43.4,-85.9,1
43.4,-85.9,1
43.4,-85.9,1
43.4,-85.9,1
43.4,-85.9,1
43.4,-85.9,1
43.4,-85.9,1
43.4,-85.9,1
43.4,-85.9,1
43.4,-85.9,1
43.4,-85.9,1
43.4,-85.9,1
43.4,-85.9,1
43.4,-85.9,1
43.4,-85.9,1
43.4,-85.9,1
43.4,-85.9,1
43.4,-85.9,1
43.4,-85.9,1
43.4,-85.9,1
43.4,-85.9,1
43.4,-85.9,1
43.4,-85.9,1
43.4,-85.9,1
43.4,-85.9,1
43.4,-85.9,1
43.4,-85.9,1
43.4,-85.9,1
43.4,-85.9,1
43.4,-85.9,1
43.4,-85.9,1
43.4,-85.9,1
43.4,-85.9,1
43.4,-85.9,1
43.4,-85.9,1
43.4,-85.9,1
43.4,-85.9,1
43.4,-85.9,1
43.4,-85.9,1
43.4,-85.9,1
43.4,-85.9,1
43.4,-85.9,1
43.4,-85.9,1
43.4,-85.9,1
43.4,-85.9,1
43.4,-85.9,1
43.4,-85.9,1
43.4,-85.9,1
43.4,-85.9,1
43.4,-85.9,1
43.4,-85.9,1
43.4,-85.9,1
43.4,-85.9,1
43.4,-85.9,1
43.4,-85.9,1
43.4,-85.9,1
43.4,-85.9,1
43.4,-85.9,1
43.4,-85.9,1
43.4,-85.9,1
43.4,-85.9,1
43.4,-85.9,1
43.4,-85.9,1
43.4,-85.9,1
43.4,-85.9,1
43.4,-85.9,1
43.4,-85.9,1
43.4,-85.9,1
43.4,-85.9,1
43.4,-85.9,1
43.4,-85.9,1
43.4,-85.9,1
43.4,-85.9,1
43.4,-85.9,1
43.4,-85.9,1
43.4,-85.9,1
43.4,-85.9,1
43.4,-85.9,1
43.4,-85.9,1
43.4,-85.9,1
43.4,-85.9,1
43.4,-85.9,1
43.4,-85.9,1
43.4,-85.9,1
43.4,-85.9,1
43.4,-85.9,1
43.4,-85.9,1
43.4,-85.9,1
43.4,-85.9,1
43.4,-85.9,1
43.4,-85.9,1
43.4,-85.9,1
43.4,-85.9,1
43.4,-85.9,1
43.4,-85.9,1
43.4,-85.9,1
43.4,-85.9,1
43.4,-85.9,1
43.4,-85.9,1
43.4,-85.9,1
43.4,-85.9,1
43.4,-85.9,1
43.4,-85.9,1
43.4,-85.9,1
43.4,-85.9,1
43.4,-85.9,1
43.4,-85.9,1
43.4,-85.9,1
43.4,-85.9,1
43.4,-85.9,1
43.4,-85.9,1
43.4,-85.9,1
43.4,-85.9,1
43.4,-85.9,1
43.4,-85.9,1
43.4,-85.9,1
43.4,-85.9,1
43.4,-85.9,1
43.4,-85.9,1
43.4,-85.9,1
43.4,-85.9,1
43.4,-85.9,1
43.4,-85.9,1
43.4,-85.9,1
43.4,-85.9,1
43.4,-85.9,1
43.4,-85.9,1
43.4,-85.9,1
43.4,-85.9,1
43.4,-85.9,1
43.4,-85.9,1
43.4,-85.9,1
43.4,-85.9,1
43.4,-85.9,1
43.4,-85.9,1
43.4,-85.9,1
43.4,-85.9,1
43.4,-85.9,1
43.4,-85.9,1
43.4,-85.9,1
43.4,-85.9,1
43.4,-85.9,1
43.4,-85.9,1
43.4,-85.9,1
43.4,-85.9,1
43.4,-85.9,1
43.4,-85.9,1
43.4,-85.9,1
43.4,-85.9,1
43.4,-85.9,1
43.4,-85.9,1
43.4,-85.9,1
43.4,-85.9,1
43.4,-85.9,1
43.4,-85.9,1
43.4,-85.9,1
43.4,-85.9,1
43.4,-85.9,1
43.4,-85.9,1
43.4,-85.9,1
43.4,-85.9,1
43.4,-85.9,1
43.4,-85.9,1
43.4,-85.9,1
43.4,-85.9,1
43.4,-85.9,1
43.4,-85.9,1
43.4,-85.9,1
43.4,-85.9,1
43.4,-85.9,1
43.4,-85.9,1
43.4,-85.9,1
43.4,-85.9,1
43.4,-85.9,1
43.4,-85.9,1
43.4,-85.9,1
43.4,-85.9,1
43.4,-85.9,1
43.4,-85.9,1
43.4,-85.9,1
43.4,-85.9,1
43.4,-85.9,1
43.4,-85.9,1
43.4,-85.9,1
43.4,-85.9,1
43.4,-85.9,1
43.4,-85.9,1
43.4,-85.9,1
43.4,-85.9,1
43.4,-85.9,1
43.4,-85.9,1
43.4,-85.9,1
43.4,-85.9,1
43.4,-85.9,1
43.4,-85.9,1
43.4,-85.9,1
43.4,-85.9,1
43.4,-85.9,1
43.4,-85.9,1
43.4,-85.9,1
43.4,-85.9,1
43.4,-85.9,1
43.4,-85.9,1
43.4,-85.9,1
43.4,-85.9,1
43.4,-85.9,1
43.4,-85.9,1
43.4,-85.9,1
43.4,-85.9,1
43.4,-85.9,1
43.4,-85.9,1
43.4,-85.9,1
43.4,-85.9,1
43.4,-85.9,1
43.4,-85.9,1
43.4,-85.9,1
43.4,-85.9,1
43.4,-85.9,1
43.4,-85.9,1
43.4,-85.9,1
43.4,-85.9,1
43.4,-85.9,1
43.4,-85.9,1
43.4,-85.9,1
43.4,-85.9,1
43.4,-85.9,1
43.4,-85.9,1
43.4,-85.9,1
43.4,-85.9,1
43.4,-85.9,1
43.4,-85.9,1
43.4,-85.9,1
43.4,-85.9,1
43.4,-85.9,1
43.4,-85.9,1
43.4,-85.9,1
43.4,-85.9,1
43.4,-85.9,1
43.4,-85.9,1
43.4,-85.9,1
43.4,-85.9,1
43.4,-85.9,1
43.4,-85.9,1
43.4,-85.9,1
43.4,-85.9,1
43.4,-85.9,1
43.4,-85.9,1
43.4,-85.9,1
43.4,-85.9,1
43.4,-85.9,1
43.4,-85.9,1
43.4,-85.9,1
43.4,-85.9,1
43.4,-85.9,1
43.4,-85.9,1
43.4,-85.9,1
43.4,-85.9,1
43.4,-85.9,1
43.4,-85.9,1
43.4,-85.9,1
43.4,-85.9,1
43.4,-85.9,1
43.4,-85.9,1
43.4,-85.9,1
43.4,-85.9,1
43.4,-85.9,1
43.4,-85.9,1
43.4,-85.9,1
43.4,-85.9,1
43.4,-85.9,1
43.4,-85.9,1
43.4,-85.9,1
43.4,-85.9,1
43.4,-85.9,1
43.4,-85.9,1
43.4,-85.9,1
43.4,-85.9,1
43.4,-85.9,1
43.4,-85.9,1
43.4,-85.9,1
43.4,-85.9,1
43.4,-85.9,1
43.4,-85.9,1
43.4,-85.9,1
43.4,-85.9,1
43.4,-85.9,1
43.4,-85.9,1
43.4,-85.9,1
43.4,-85.9,1
43.4,-85.9,1
43.4,-85.9,1
43.4,-85.9,1
43.4,-85.9,1
43.4,-85.9,1
43.4,-85.9,1
43.4,-85.9,1
43.4,-85.9,1
43.4,-85.9,1
43.4,-85.9,1
43.4,-85.9,1
43.4,-85.9,1
43.4,-85.9,1
43.4,-85.9,1
43.4,-85.9,1
43.4,-85.9,1
43.4,-85.9,1
43.4,-85.9,1
43.4,-85.9,1
43.4,-85.9,1
43.4,-85.9,1
43.4,-85.9,1
43.4,-85.9,1
43.4,-85.9,1
43.4,-85.9,1
43.4,-85.9,1
43.4,-85.9,1
43.4,-85.9,1
43.4,-85.9,1
43.4,-85.9,1
43.4,-85.9,1
43.4,-85.9,1
43.4,-85.9,1
43.4,-85.9,1
43.4,-85.9,1
43.4,-85.9,1
43.4,-85.9,1
43.4,-85.9,1
43.4,-85.9,1
43.4,-85.9,1
43.4,-85.9,1
43.4,-85.9,1
43.4,-85.9,1
43.4,-85.9,1
43.4,-85.9,1
43.4,-85.9,1
43.4,-85.9,1
43.4,-85.9,1
43.4,-85.9,1
43.4,-85.9,1
43.4,-85.9,1
43.4,-85.9,1
43.4,-85.9,1
43.4,-85.9,1
43.4,-85.9,1
43.4,-85.9,1
43.4,-85.9,1
43.4,-85.9,1
43.4,-85.9,1
43.4,-85.9,1
43.4,-85.9,1
43.4,-85.9,1
43.4,-85.9,1
43.4,-85.9,1
43.4,-85.9,1
43.4,-85.9,1
43.4,-85.9,1
43.4,-85.9,1
43.4,-85.9,1
43.4,-85.9,1
43.4,-85.9,1
43.4,-85.9,1
43.4,-85.9,1
43.4,-85.9,1
43.4,-85.9,1
43.4,-85.9,1
43.4,-85.9,1
43.4,-85.9,1
43.4,-85.9,1
43.4,-85.9,1
43.4,-85.9,1
43.4,-85.9,1
43.4,-85.9,1
43.4,-85.9,1
43.4,-85.9,1
43.4,-85.9,1
43.4,-85.9,1
43.4,-85.9,1
43.4,-85.9,1
43.4,-85.9,1
43.4,-85.9,1
43.4,-85.9,1
43.4,-85.9,1
43.4,-85.9,1
43.4,-85.9,1
43.4,-85.9,1
43.4,-85.9,1
43.4,-85.9,1
43.4,-85.9,1
43.4,-85.9,1
43.4,-85.9,1
43.4,-85.9,1
43.4,-85.9,1
43.4,-85.9,1
43.4,-85.9,1
43.4,-85.9,1
43.4,-85.9,1
43.4,-85.9,1
43.4,-85.9,1
43.4,-85.9,1
43.4,-85.9,1
43.4,-85.9,1
43.4,-85.9,1
43.4,-85.9,1
43.4,-85.9,1
43.4,-85.9,1
43.4,-85.9,1
43.4,-85.9,1
43.4,-85.9,1
43.4,-85.9,1
43.4,-85.9,1
43.4,-85.9,1
43.4,-85.9,1
43.4,-85.9,1
43.4,-85.9,1
43.4,-85.9,1
43.4,-85.9,1
43.4,-85.9,1
43.4,-85.9,1
43.4,-85.9,1
43.4,-85.9,1
43.4,-85.9,1
43.4,-85.9,1
43.4,-85.9,1
43.4,-85.9,1
43.4,-85.9,1
43.4,-85.9,1
43.4,-85.9,1
43.4,-85.9,1
43.4,-85.9,1
43.4,-85.9,1
43.4,-85.9,1
43.4,-85.9,1
43.4,-85.9,1
43.4,-85.9,1
43.4,-85.9,1
43.4,-85.9,1
43.4,-85.9,1
43.4,-85.9,1
43.4,-85.9,1
43.4,-85.9,1
43.4,-85.9,1
43.4,-85.9,1
43.4,-85.9,1
43.4,-85.9,1
43.4,-85.9,1
43.4,-85.9,1
43.4,-85.9,1
43.4,-85.9,1
43.4,-85.9,1
43.4,-85.9,1
43.4,-85.9,1
43.4,-85.9,1
43.4,-85.9,1
43.4,-85.9,1
43.4,-85.9,1
43.4,-85.9,1
43.4,-85.9,1
43.4,-85.9,1
43.4,-85.9,1
43.4,-85.9,1
43.4,-85.9,1
43.4,-85.9,1
43.4,-85.9,1
43.4,-85.9,1
43.4,-85.9,1
43.4,-85.9,1
43.4,-85.9,1
43.4,-85.9,1
43.4,-85.9,1
43.4,-85.9,1
43.4,-85.9,1
43.4,-85.9,1
43.4,-85.9,1
43.4,-85.9,1
43.4,-85.9,1
43.4,-85.9,1
43.4,-85.9,1
43.4,-85.9,1
43.4,-85.9,1
43.4,-85.9,1
43.4,-85.9,1
43.4,-85.9,1
43.4,-85.9,1
43.4,-85.9,1
43.4,-85.9,1
43.4,-85.9,1
43.4,-85.9,1
43.4,-85.9,1
43.4,-85.9,1
43.4,-85.9,1
43.4,-85.9,1
43.4,-85.9,1
43.4,-85.9,1
43.4,-85.9,1
43.4,-85.9,1
43.4,-85.9,1
43.4,-85.9,1
43.4,-85.9,1
43.4,-85.9,1
43.4,-85.9,1
43.4,-85.9,1
43.4,-85.9,1
43.4,-85.9,1
43.4,-85.9,1
43.4,-85.9,1
43.4,-85.9,1
43.4,-85.9,1
43.4,-85.9,1
43.4,-85.9,1
43.4,-85.9,1
43.4,-85.9,1
43.4,-85.9,1
43.4,-85.9,1
43.4,-85.9,1
43.4,-85.9,1
43.4,-85.9,1
43.4,-85.9,1
43.4,-85.9,1
43.4,-85.9,1
43.4,-85.9,1
43.4,-85.9,1
43.4,-85.9,1
43.4,-85.9,1
43.4,-85.9,1
43.4,-85.9,1
43.4,-85.9,1
43.4,-85.9,1
43.4,-85.9,1
43.4,-85.9,1
43.4,-85.9,1
43.4,-85.9,1
43.4,-85.9,1
43.4,-85.9,1
43.4,-85.9,1
43.4,-85.9,1
43.4,-85.9,1
43.4,-85.9,1
43.4,-85.9,1
43.4,-85.9,1
43.4,-85.9,1
43.4,-85.9,1
43.4,-85.9,1
43.4,-85.9,1
43.4,-85.9,1
43.4,-85.9,1
43.4,-85.9,1
43.4,-85.9,1
43.4,-85.9,1
43.4,-85.9,1
43.4,-85.9,1
43.4,-85.9,1
43.4,-85.9,1
43.4,-85.9,1
43.4,-85.9,1
43.4,-85.9,1
43.4,-85.9,1
43.4,-85.9,1
43.4,-85.9,1
43.4,-85.9,1
43.4,-85.9,1
43.4,-85.9,1
43.4,-85.9,1
43.4,-85.9,1
43.4,-85.9,1
43.4,-85.9,1
43.4,-85.9,1
43.4,-85.9,1
43.4,-85.9,1
43.4,-85.9,1
43.4,-85.9,1
43.4,-85.9,1
43.4,-85.9,1
43.4,-85.9,1
43.4,-85.9,1
43.4,-85.9,1
43.4,-85.9,1
43.4,-85.9,1
43.4,-85.9,1
43.4,-85.9,1
43.4,-85.9,1
43.4,-85.9,1
43.4,-85.9,1
43.4,-85.9,1
43.4,-85.9,1
43.4,-85.9,1
43.4,-85.9,1
43.4,-85.9,1
43.4,-85.9,1
43.4,-85.9,1
43.4,-85.9,1
43.4,-85.9,1
43.4,-85.9,1
43.4,-85.9,1
43.4,-85.9,1
43.4,-85.9,1
43.4,-85.9,1
43.4,-85.9,1
43.4,-85.9,1
43.4,-85.9,1
43.4,-85.9,1
43.4,-85.9,1
43.4,-85.9,1
43.4,-85.9,1
43.4,-85.9,1
43.4,-85.9,1
43.4,-85.9,1
43.4,-85.9,1
43.4,-85.9,1
43.4,-85.9,1
43.4,-85.9,1
43.4,-85.9,1
43.4,-85.9,1
43.4,-85.9,1
43.4,-85.9,1
43.4,-85.9,1
43.4,-85.9,1
43.4,-85.9,1
43.4,-85.9,1
43.4,-85.9,1
43.4,-85.9,1
43.4,-85.9,1
43.4,-85.9,1
43.4,-85.9,1
43.4,-85.9,1
43.4,-85.9,1
43.4,-85.9,1
43.4,-85.9,1
43.4,-85.9,1
43.4,-85.9,1
43.4,-85.9,1
43.4,-85.9,1
43.4,-85.9,1
43.4,-85.9,1
43.4,-85.9,1
43.4,-85.9,1
43.4,-85.9,1
43.4,-85.9,1
43.4,-85.9,1
43.4,-85.9,1
43.4,-85.9,1
43.4,-85.9,1
43.4,-85.9,1
43.4,-85.9,1
43.4,-85.9,1
43.4,-85.9,1
43.4,-85.9,1
43.4,-85.9,1
43.4,-85.9,1
43.4,-85.9,1
43.4,-85.9,1
43.4,-85.9,1
43.4,-85.9,1
43.4,-85.9,1
43.4,-85.9,1
43.4,-85.9,1
43.4,-85.9,1
43.4,-85.9,1
43.4,-85.9,1
43.4,-85.9,1
43.4,-85.9,1
43.4,-85.9,1
43.4,-85.9,1
43.4,-85.9,1
43.4,-85.9,1
43.4,-85.9,1
43.4,-85.9,1
43.4,-85.9,1
43.4,-85.9,1
43.4,-85.9,1
43.4,-85.9,1
43.4,-85.9,1
43.4,-85.9,1
43.4,-85.9,1
43.4,-85.9,1
43.4,-85.9,1
43.4,-85.9,1
43.4,-85.9,1
43.4,-85.9,1
43.4,-85.9,1
43.4,-85.9,1
43.4,-85.9,1
43.4,-85.9,1
43.4,-85.9,1
43.4,-85.9,1
43.4,-85.9,1
43.4,-85.9,1
43.4,-85.9,1
43.4,-85.9,1
43.4,-85.9,1
43.4,-85.9,1
43.4,-85.9,1
43.4,-85.9,1
43.4,-85.9,1
43.4,-85.9,1
43.4,-85.9,1
43.4,-85.9,1
43.4,-85.9,1
43.4,-85.9,1
43.4,-85.9,1
43.4,-85.9,1
43.4,-85.9,1
43.4,-85.9,1
43.4,-85.9,1
43.4,-85.9,1
43.4,-85.9,1
43.4,-85.9,1
43.4,-85.9,1
43.4,-85.9,1
43.4,-85.9,1
43.4,-85.9,1
43.4,-85.9,1
43.4,-85.9,1
43.4,-85.9,1
43.4,-85.9,1
43.4,-85.9,1
43.4,-85.9,1
43.4,-85.9,1
43.4,-85.9,1
43.4,-85.9,1
43.4,-85.9,1
43.4,-85.9,1
43.4,-85.9,1
43.4,-85.9,1
43.4,-85.9,1
43.4,-85.9,1
43.4,-85.9,1
43.4,-85.9,1
43.4,-85.9,1
43.4,-85.9,1
43.4,-85.9,1
43.4,-85.9,1
43.4,-85.9,1
43.4,-85.9,1
43.4,-85.9,1
43.4,-85.9,1
43.4,-85.9,1
43.4,-85.9,1
43.4,-85.9,1
43.4,-85.9,1
43.4,-85.9,1
43.4,-85.9,1
43.4,-85.9,1
43.4,-85.9,1
43.4,-85.9,1
43.4,-85.9,1
43.4,-85.9,1
43.4,-85.9,1
43.4,-85.9,1
43.4,-85.9,1
43.4,-85.9,1
43.4,-85.9,1
43.4,-85.9,1
43.4,-85.9,1
43.4,-85.9,1
43.4,-85.9,1
43.4,-85.9,1
43.4,-85.9,1
43.4,-85.9,1
43.4,-85.9,1
43.4,-85.9,1
43.4,-85.9,1
43.4,-85.9,1
43.4,-85.9,1
43.4,-85.9,1
43.4,-85.9,1
43.4,-85.9,1
43.4,-85.9,1
43.4,-85.9,1
43.4,-85.9,1
43.4,-85.9,1
43.4,-85.9,1
43.4,-85.9,1
43.4,-85.9,1
43.4,-85.9,1
43.4,-85.9,1
43.4,-85.9,1
43.4,-85.9,1
43.4,-85.9,1
43.4,-85.9,1
43.4,-85.9,1
43.4,-85.9,1
43.4,-85.9,1
43.4,-85.9,1
43.4,-85.9,1
43.4,-85.9,1
43.4,-85.9,1
43.4,-85.9,1
43.4,-85.9,1
43.4,-85.9,1
43.4,-85.9,1
43.4,-85.9,1
43.4,-85.9,1
43.4,-85.9,1
43.4,-85.9,1
43.4,-85.9,1
43.4,-85.9,1
43.4,-85.9,1
43.4,-85.9,1
43.4,-85.9,1
43.4,-85.9,1
43.4,-85.9,1
43.4,-85.9,1
43.4,-85.9,1
43.4,-85.9,1
43.4,-85.9,1
43.4,-85.9,1
43.4,-85.9,1
43.4,-85.9,1
43.4,-85.9,1
43.4,-85.9,1
43.4,-85.9,1
43.4,-85.9,1
43.4,-85.9,1
43.4,-85.9,1
43.4,-85.9,1
43.4,-85.9,1
43.4,-85.9,1
43.4,-85.9,1
43.4,-85.9,1
43.4,-85.9,1
